1.1155214309692383,8.21
2.3304898738861084,8.31
3.5642616748809814,8.31
4.765275001525879,8.31
9.363313674926758,2.48
10.707396268844604,2.41
12.119990348815918,16.17
13.522643566131592,30.14
14.93329668045044,46.66
16.344985723495483,59.59
17.693188428878784,73.76
19.10572361946106,88.97
20.515957832336426,105.86
21.8699951171875,110.83
23.275715112686157,115.66
24.610465049743652,116.9
26.035269737243652,118.31
27.44657850265503,122.86
28.857597827911377,119.9
30.269612312316895,119.1
31.681694984436035,121.97
33.08370804786682,119.48
34.424180030822754,122.14
35.773357629776,122.9
37.18586039543152,119.97
38.59595727920532,119.03
40.00983762741089,118.69
41.342036485672,122.66
42.76475405693054,119.55
44.16668725013733,118.41
45.57941246032715,118.59
46.99664855003357,119.03
48.39720296859741,119.14
49.81138825416565,118.97
51.23499870300293,119.66
52.647775411605835,119.28
54.04479098320007,119.48
55.466206550598145,119.79
56.88092494010925,119.41
58.285192251205444,123.1
59.70610737800598,120.72
61.10826802253723,120.14
62.520307302474976,119.41
63.932740688323975,119.14
65.34680581092834,119.07
66.68018078804016,119.59
68.10105228424072,119.28
69.44968295097351,119.62
70.84770059585571,119.45
72.20227789878845,119.38
73.61560893058777,123.07
74.95855808258057,124.07
76.2909562587738,120.55
77.7037627696991,122.97
85.00669980049133,1.93
86.30822777748108,1.86
87.65593791007996,1.9
88.97480130195618,1.86
90.28437352180481,1.93
91.58726072311401,2.0
92.90795421600342,2.1
94.21541380882263,1.93
98.8014452457428,2.0
100.21860098838806,2.0
101.63546776771545,2.03
103.05045533180237,13.21
104.46296072006226,17.1
105.86287188529968,23.55
107.27537131309509,29.59
108.69236874580383,31.76
110.10618305206299,36.34
111.52124834060669,37.62
112.93375635147095,37.76
114.27630352973938,37.72
115.6894166469574,41.48
117.09054780006409,38.69
118.50388312339783,41.76
119.92163467407227,42.31
121.3338737487793,42.21
122.7460880279541,42.34
124.15340781211853,42.14
125.56736898422241,42.31
126.98210620880127,42.14
128.3932945728302,38.83
129.80665397644043,41.14
131.2082314491272,41.66
132.62204241752625,38.66
134.0380654335022,41.1
135.43557739257812,41.48
136.86280584335327,41.72
138.2617461681366,38.52
139.67450714111328,37.59
141.0864336490631,40.69
142.49757885932922,41.69
143.91091513633728,41.55
145.32429242134094,38.21
146.73318028450012,37.72
148.14984321594238,40.24
149.56749629974365,41.31
150.97758436203003,41.28
152.3786334991455,41.48
153.79351663589478,41.62
155.20629978179932,41.52
156.61955571174622,41.48
158.0333821773529,38.24
159.43793535232544,37.52
160.7871959209442,40.34
162.19080066680908,41.34
163.60469031333923,41.24
164.95109391212463,38.1
172.25356817245483,1.86
173.57355952262878,1.86
174.87876796722412,1.83
176.1826629638672,1.83
177.48616075515747,1.9
178.7935631275177,1.86
180.14682698249817,1.86
181.45123934745789,1.86
186.04173803329468,8.1
187.451322555542,8.14
188.85808634757996,9.17
190.19981694221497,11.45
191.61379384994507,16.03
192.9654724597931,22.48
194.3775918483734,32.0
195.7920331954956,44.69
197.19238543510437,59.66
198.54249715805054,73.17
199.95805072784424,87.38
201.37112021446228,101.72
202.7831048965454,115.79
204.18895602226257,128.48
205.60120129585266,139.86
207.01639461517334,149.38
208.42226123809814,156.0
209.83523845672607,160.38
211.25367879867554,163.38
212.66487956047058,164.07
214.07773876190186,162.34
215.48923707008362,159.45
216.9001007080078,155.1
218.31111526489258,149.66
219.70983052253723,143.14
221.12165546417236,136.97
222.5337941646576,130.24
223.949077129364,123.69
225.3632595539093,118.0
226.776921749115,112.41
228.19517970085144,107.9
229.60185766220093,104.48
231.0110101699829,102.45
232.4223849773407,101.03
233.827410697937,100.69
235.24367499351501,100.86
236.65598583221436,102.31
238.06822657585144,104.03
239.48272705078125,106.38
240.88718342781067,109.24
242.31144452095032,112.07
243.7185661792755,115.41
245.12206387519836,118.1
246.54522848129272,121.45
247.94627475738525,123.55
249.36739873886108,125.79
250.76564264297485,127.45
252.1836588382721,128.34
253.59649658203125,128.79
255.01102828979492,128.79
262.31921911239624,8.1
263.6364164352417,8.0
264.98746371269226,8.14
266.3262836933136,8.24
267.63106298446655,8.21
268.9666051864624,8.24
270.2876298427582,8.21
271.5950186252594,8.21
272.8201472759247,8.21
274.07366156578064,8.17
275.28690457344055,8.21
276.51372933387756,8.28
277.73858880996704,8.28
278.96089935302734,8.17
280.1841456890106,8.21
281.39437317848206,8.28
282.6522624492645,8.24
283.87385416030884,8.24
285.08445858955383,8.24
286.30766701698303,8.28
287.5341651439667,8.24
288.7576403617859,8.28
289.97641611099243,8.31
291.2500205039978,8.24
292.4768636226654,8.24
293.7018644809723,8.34
294.928081035614,8.31
296.15870213508606,8.21
297.38761591911316,8.31
298.6160190105438,8.31
299.82900977134705,8.38
301.1070764064789,8.28
302.3143801689148,8.28
303.5427577495575,8.28
304.75524163246155,8.31
306.0008165836334,8.24
