1.1014797687530518,6.66
2.3493659496307373,6.62
3.556722402572632,6.59
4.7647316455841064,6.62
5.976684093475342,6.62
10.56746244430542,54.1
11.979065895080566,183.93
13.390908479690552,282.38
14.802086114883423,371.24
16.212507963180542,449.55
17.552926540374756,515.31
18.958670377731323,577.31
20.37529420852661,633.83
21.776474952697754,683.59
23.190208196640015,728.28
24.614142656326294,766.03
26.024826049804688,802.38
27.438183546066284,832.24
28.770203113555908,860.93
30.191564321517944,886.38
31.603933334350586,912.14
33.004143714904785,935.03
34.358322620391846,954.03
35.77035140991211,973.28
37.10091209411621,989.31
38.52302598953247,1004.07
39.85974597930908,1015.9
41.208895206451416,1030.72
42.55512356758118,1037.86
43.955294609069824,1047.03
45.29757595062256,1050.9
46.7221884727478,1059.72
48.1219961643219,1065.0
49.476624965667725,1069.34
50.80594825744629,1071.69
52.21865248680115,1076.55
53.643322467803955,1079.59
55.04660964012146,1080.03
56.39804530143738,1082.69
57.805779695510864,1085.52
59.22074604034424,1084.55
60.62838673591614,1086.79
62.03998398780823,1088.17
63.4494149684906,1089.31
64.85872292518616,1089.86
66.28208923339844,1091.48
67.62262630462646,1091.9
69.02525997161865,1092.34
70.4396276473999,1092.41
71.86057233810425,1093.28
73.20136761665344,1092.93
74.54044198989868,1093.21
81.85617017745972,7.0
83.16522336006165,7.14
84.47768187522888,7.03
85.77712512016296,7.21
87.1333909034729,7.24
88.43907189369202,7.24
89.75844407081604,7.31
91.0690085887909,7.31
92.28241205215454,7.38
93.49350690841675,7.41
94.69710063934326,7.31
95.93957090377808,7.48
97.15611600875854,7.41
98.36303901672363,7.48
99.57464170455933,7.41
100.77450394630432,7.38
102.00065064430237,7.52
103.22371578216553,7.52
104.43472743034363,7.38
105.68159747123718,7.52
106.89108967781067,7.45
108.09531950950623,7.45
109.31760048866272,7.48
110.52104711532593,7.41
111.7263412475586,7.45
112.9417290687561,7.45
114.15145587921143,7.48
115.40396094322205,7.55
116.6069278717041,7.45
117.82575249671936,7.41
119.0522530078888,7.45
120.26384830474854,7.41
121.4872682094574,7.45
122.70576214790344,7.45
123.93095564842224,7.41
125.19912791252136,7.48
126.4239776134491,7.41
127.64119291305542,7.52
128.86419296264648,7.41
130.07688927650452,7.38
131.285297870636,7.41
132.54963517189026,7.41
133.79550695419312,7.38
135.02175426483154,7.45
136.2453842163086,7.41
137.45384430885315,7.41
138.659761428833,7.48
139.86326360702515,7.45
141.07649564743042,7.38
142.28903889656067,7.38
143.5612609386444,7.52
144.77377462387085,7.41
146.00632166862488,7.38
147.21957278251648,7.45
148.43421578407288,7.48
149.6493434906006,7.52
150.86068153381348,7.41
152.1063106060028,7.34
153.32472109794617,7.45
154.54390788078308,7.41
155.75537538528442,7.48
156.97559523582458,7.38
158.1915340423584,7.45
159.40362668037415,7.41
160.61221146583557,7.41
161.84808945655823,7.34
163.04232740402222,7.38
164.24924993515015,7.38
165.454274892807,7.31
166.65304923057556,7.48
167.8646719455719,7.45
169.06655764579773,7.41
170.26450085639954,7.45
171.5023558139801,7.31
172.7006003856659,7.41
173.91976165771484,7.38
175.13147068023682,7.41
176.34816527366638,7.34
177.54251623153687,7.41
178.76738214492798,7.34
179.9674072265625,7.38
181.1633598804474,7.41
182.401752948761,7.34
183.61351323127747,7.38
184.80765056610107,7.41
186.01511526107788,7.41
187.22676634788513,7.41
188.4283983707428,7.48
189.646080493927,7.38
190.83722376823425,7.38
192.089985370636,7.45
193.30450749397278,7.41
194.51577806472778,7.34
195.71254873275757,7.41
196.9433901309967,7.38
198.14796233177185,7.41
199.3619613647461,7.34
200.56507968902588,7.41
201.80963802337646,7.41
203.01310753822327,7.34
204.22160530090332,7.52
205.42657327651978,7.38
206.64027571678162,7.41
207.84908890724182,7.38
209.0435495376587,7.48
210.26384210586548,7.52
211.49964666366577,7.45
212.71882367134094,7.45
213.92389822006226,7.45
215.1273581981659,7.41
216.34295296669006,7.48
217.5458881855011,7.38
218.7606599330902,7.48
219.99546480178833,7.48
221.20556831359863,7.38
222.43208646774292,7.41
223.63296508789062,7.38
224.8408863544464,7.31
226.04710936546326,7.45
227.27872037887573,7.34
228.48872065544128,7.38
229.72576236724854,7.41
230.9300093650818,7.38
232.13580799102783,7.41
233.3486659526825,7.45
234.5687654018402,7.45
235.77864360809326,7.41
236.9913694858551,7.31
238.20361995697021,7.31
239.45116448402405,7.41
240.66845273971558,7.38
241.8662610054016,7.38
243.07450795173645,7.38
244.29269790649414,7.38
245.50480008125305,7.45
246.71338772773743,7.34
247.93443942070007,7.41
249.19362425804138,7.38
250.38871932029724,7.38
251.61731147766113,7.38
252.84580302238464,7.34
254.05066633224487,7.41
255.26695489883423,7.41
256.48003816604614,7.48
257.6981472969055,7.34
258.9504065513611,7.41
260.159033536911,7.38
261.37544107437134,7.41
262.5929071903229,7.38
263.79397416114807,7.34
265.0098032951355,7.38
266.2309777736664,7.45
267.47561168670654,7.48
268.67462706565857,7.45
269.88839197158813,7.41
271.116459608078,7.34
272.3527410030365,7.31
273.55079531669617,7.41
274.76836228370667,7.45
275.96930718421936,7.34
277.21275877952576,7.48
278.4371874332428,7.38
279.6444265842438,7.38
280.85056829452515,7.31
282.0592522621155,7.45
283.2829706668854,7.38
284.47946310043335,7.38
285.70199179649353,7.45
286.9423506259918,7.34
288.163631439209,7.38
289.3897306919098,7.34
290.6054527759552,7.45
291.82647705078125,7.34
293.04249930381775,7.41
294.2453796863556,7.38
295.47934579849243,7.41
296.7259695529938,7.34
297.9309000968933,7.41
299.15266728401184,7.41
300.37341570854187,7.31
301.58408784866333,7.34
302.8042712211609,7.34
304.03276324272156,7.34
305.2686941623688,7.38
306.4758551120758,7.34
307.7037739753723,7.41
308.899071931839,7.34
310.12784028053284,7.45
311.33275389671326,7.41
312.5556778907776,7.38
313.78916120529175,7.38
315.00282883644104,7.38
316.2199327945709,7.41
317.43234753608704,7.45
318.64985966682434,7.34
319.851199388504,7.34
321.0581636428833,7.38
322.26532006263733,7.34
323.50406670570374,7.38
324.7291347980499,7.38
325.9307277202606,7.45
327.11934900283813,7.48
328.3238880634308,7.48
329.5394883155823,7.31
330.74247217178345,7.38
331.93723726272583,7.45
333.1862483024597,7.38
334.3972518444061,7.38
335.60008215904236,7.41
336.8126754760742,7.41
338.0151617527008,7.41
339.20593643188477,7.38
340.41639494895935,7.41
341.6313946247101,7.45
342.8259837627411,7.45
344.07852053642273,7.41
345.27015352249146,7.45
346.4789249897003,7.41
347.6745777130127,7.41
348.8966188430786,7.45
350.09841132164,7.48
351.3012025356293,7.38
352.5162179470062,7.41
353.7514045238495,7.41
354.946569442749,7.34
356.15077662467957,7.31
357.35264253616333,7.48
358.562296628952,7.41
359.7560532093048,7.34
360.9710421562195,7.48
362.19233083724976,7.31
363.38679027557373,7.41
364.63681721687317,7.45
365.83833599090576,7.45
367.04666090011597,7.45
368.2537899017334,7.45
369.4760355949402,7.41
370.6792140007019,7.38
371.87338280677795,7.31
373.1360981464386,7.41
374.38758420944214,7.45
375.58694863319397,7.41
376.7975928783417,7.41
378.0195035934448,7.38
379.2246448993683,7.38
380.440064907074,7.45
381.6452431678772,7.38
382.85497999191284,7.31
384.1139793395996,7.48
385.3146448135376,7.38
386.53957533836365,7.41
