1.1129326820373535,-1.69,0
2.3471531867980957,-1.76,0
3.5562965869903564,-1.76,0
4.761887073516846,-1.76,0
9.345542192459106,0.17,1
10.747151136398315,2.0,1
12.162205457687378,3.21,1
13.514065265655518,2.86,1
14.920893669128418,3.07,1
16.34023690223694,2.9,1
17.678401470184326,3.31,1
19.015381336212158,3.07,1
20.3680202960968,3.86,1
21.704853296279907,5.62,1
23.12090277671814,4.79,1
24.53737759590149,4.72,1
25.94088625907898,4.59,1
27.357173919677734,5.17,1
28.773358821868896,5.31,1
30.189433574676514,5.0,1
31.60338306427002,4.69,1
33.00582027435303,4.62,1
34.36108040809631,4.55,1
35.77485990524292,5.17,1
37.18523550033569,4.83,1
38.60008358955383,4.52,1
40.014673709869385,4.69,1
41.423444747924805,5.31,1
42.834574460983276,5.9,1
44.2517147064209,5.24,1
45.59075427055359,5.07,1
47.00559210777283,4.83,1
48.42154097557068,4.79,1
49.82463717460632,5.9,1
51.24114727973938,5.31,1
52.660494327545166,5.0,1
54.06468057632446,5.38,1
55.47818398475647,4.83,1
56.88711428642273,5.79,1
58.30119180679321,5.31,1
59.71754169464111,5.03,1
61.13545751571655,4.86,1
62.549004316329956,4.66,1
63.94893717765808,5.9,1
65.36884498596191,5.34,1
66.70750546455383,5.07,1
68.04904770851135,4.83,1
69.40231776237488,4.69,1
70.81416940689087,4.72,1
72.22915315628052,5.34,1
73.56873154640198,4.97,1
74.98645830154419,4.69,1
76.33351564407349,4.59,1
77.73378944396973,4.52,1
79.15419220924377,5.07,1
80.49263739585876,4.93,1
81.91590809822083,4.62,1
83.31683206558228,5.34,1
84.67179012298584,5.21,1
86.01193308830261,5.24,1
87.42316699028015,5.72,1
88.76181268692017,5.69,1
90.18033766746521,5.28,1
91.59080410003662,5.14,1
93.00797986984253,4.79,1
94.42138981819153,5.48,1
95.83542990684509,5.24,1
97.23901605606079,4.9,1
98.65633821487427,4.45,1
100.07373332977295,4.72,1
101.47548723220825,5.31,1
108.79114651679993,-0.9,0
110.11263108253479,-1.0,0
111.43162560462952,-1.03,0
112.7553219795227,-1.14,0
114.06106495857239,-1.24,0
115.3852891921997,-1.21,0
116.69833588600159,-1.17,0
118.05776023864746,-1.24,0
122.65092396736145,1.24,1
124.05790853500366,2.31,1
125.47336840629578,3.62,1
126.88704419136047,5.83,1
128.30171298980713,5.52,1
129.7026846408844,7.66,1
131.12403893470764,7.66,1
132.52723145484924,8.14,1
133.87953662872314,9.69,1
135.29634046554565,9.48,1
136.63575744628906,10.03,1
138.04813385009766,9.72,1
139.46263551712036,9.55,1
140.88019180297852,10.03,1
142.21600461006165,9.83,1
143.63263320922852,9.55,1
145.04780197143555,9.76,1
146.44965624809265,9.9,1
147.86644434928894,9.55,1
149.2819058895111,9.55,1
150.69696974754333,10.03,1
152.1101896762848,9.66,1
153.5248522758484,9.52,1
154.9333426952362,10.1,1
156.34924030303955,9.62,1
157.7598729133606,9.52,1
159.17326188087463,10.14,1
160.5172209739685,9.76,1
161.8523554801941,9.48,1
163.27462553977966,10.1,1
164.60978078842163,9.83,1
165.96527338027954,9.52,1
167.31090259552002,9.55,1
168.7132019996643,9.9,1
170.06519556045532,9.66,1
171.46650528907776,9.48,1
172.82255506515503,10.0,1
174.2381513118744,9.66,1
175.56822276115417,9.66,1
176.9199984073639,10.17,1
178.25771117210388,9.79,1
179.61218094825745,9.52,1
181.02686738967896,9.79,1
182.35986232757568,9.9,1
183.71260833740234,9.48,1
185.11514043807983,9.48,1
186.46580696105957,10.03,1
187.87925791740417,9.69,1
189.21863627433777,9.48,1
190.6362156867981,10.66,1
192.05373167991638,10.21,1
193.46464705467224,10.0,1
194.87069392204285,10.45,1
196.27553296089172,10.0,1
197.62833523750305,9.72,1
199.04328417778015,10.86,1
200.38675713539124,10.41,1
201.7991828918457,10.07,1
203.13503456115723,10.48,1
210.44761037826538,-1.14,0
211.7779576778412,-1.24,0
213.09069204330444,-1.28,0
214.39982676506042,-1.31,0
215.70796966552734,-1.34,0
217.02051830291748,-1.38,0
218.3271210193634,-1.38,0
219.63323855400085,-1.52,0
224.2393877506256,1.41,1
225.65717220306396,3.24,1
226.9920690059662,5.17,1
228.41058588027954,7.07,1
229.8263761997223,8.59,1
231.1724534034729,8.69,1
232.5061445236206,11.14,1
233.92561173439026,10.93,1
235.3272705078125,12.72,1
236.74266123771667,13.31,1
238.15661025047302,13.1,1
239.57272815704346,13.38,1
240.9884569644928,13.41,1
242.40557718276978,14.83,1
243.80928444862366,14.69,1
245.22698211669922,15.0,1
246.63782715797424,15.41,1
248.05400323867798,15.0,1
249.4699296951294,15.28,1
250.87037563323975,15.03,1
252.28715705871582,15.45,1
253.63887405395508,15.1,1
255.04337906837463,15.17,1
256.4590177536011,14.62,1
257.87472343444824,14.9,1
259.21289443969727,14.69,1
260.62718176841736,14.97,1
262.04328083992004,15.38,1
263.4611506462097,14.9,1
264.8018968105316,15.38,1
266.21799063682556,15.07,1
267.6228537559509,15.41,1
269.03122758865356,15.1,1
270.44664883613586,15.45,1
271.8699400424957,14.59,1
273.26951336860657,15.24,1
274.68335700035095,14.72,1
276.1071968078613,15.1,1
277.51806569099426,15.24,1
278.92192792892456,15.07,1
280.34070920944214,15.59,1
281.7496962547302,15.21,1
283.1646134853363,15.59,1
284.58190512657166,14.72,1
285.9971959590912,14.97,1
287.4103202819824,14.62,1
288.8084580898285,15.28,1
290.2231984138489,14.72,1
291.6401379108429,15.21,1
293.05783557891846,15.48,1
294.4616882801056,15.03,1
295.8776054382324,15.55,1
297.29376673698425,15.14,1
298.7124466896057,15.66,1
300.1158592700958,15.24,1
301.53114080429077,15.52,1
302.94402861595154,15.28,1
310.2430856227875,-1.38,0
311.56818652153015,-1.41,0
312.8761262893677,-1.45,0
314.1998612880707,-1.55,0
315.55439925193787,-1.55,0
316.8702082633972,-1.59,0
318.1909177303314,-1.55,0
319.5040476322174,-1.62,0
324.0921576023102,1.62,1
325.49250888824463,3.79,1
326.90688610076904,6.93,1
328.3248269557953,8.38,1
329.74319553375244,12.62,1
331.14709281921387,12.48,1
332.56781458854675,14.34,1
333.97129797935486,17.0,1
335.3258295059204,16.55,1
336.724449634552,17.07,1
338.14053559303284,18.59,1
339.5570595264435,18.93,1
340.97255539894104,18.45,1
342.3112828731537,18.93,1
343.65286564826965,18.69,1
345.0668752193451,19.03,1
346.4207355976105,19.14,1
347.82528805732727,19.0,1
349.1685359477997,21.41,1
350.51557779312134,20.34,1
351.85609555244446,20.38,1
353.2739953994751,19.79,1
354.6132130622864,20.0,1
355.95402479171753,19.93,1
357.29912424087524,19.76,1
358.71461844444275,20.0,1
360.0517404079437,19.41,1
361.4043345451355,20.03,1
362.82263350486755,19.38,1
364.226131439209,20.1,1
365.5651993751526,20.66,1
366.92125153541565,20.45,1
368.26644825935364,20.62,1
369.67622470855713,20.1,1
371.0130503177643,20.38,1
372.36205863952637,19.9,1
373.6979796886444,20.17,1
375.05325412750244,19.72,1
376.45480275154114,19.79,1
377.8080689907074,19.93,1
379.14707231521606,19.52,1
380.5685443878174,19.86,1
381.9057059288025,19.38,1
383.3223373889923,21.1,1
384.66151666641235,20.1,1
386.0805594921112,20.41,1
387.4894711971283,20.28,1
388.9053177833557,19.93,1
390.2444019317627,20.17,1
391.6633701324463,19.72,1
393.0099058151245,19.97,1
394.33921909332275,19.62,1
395.69960379600525,20.1,1
397.0983386039734,20.72,1
398.51430678367615,20.31,1
399.93109369277954,20.59,1
401.27238607406616,20.03,1
402.61784839630127,20.38,1
404.0335683822632,19.86,1
405.4462044239044,19.97,1
406.78119826316833,19.76,1
414.17750668525696,-1.03,0
415.46779322624207,-1.03,0
416.78356671333313,-1.14,0
418.09320163726807,-1.17,0
419.4043023586273,-1.24,0
420.709645986557,-1.24,0
422.01434683799744,-1.28,0
423.36866569519043,-1.34,0
427.9627778530121,1.38,1
429.2976002693176,3.45,1
430.71124243736267,8.97,1
432.1242356300354,12.76,1
433.54236102104187,14.72,1
434.8820552825928,17.31,1
436.2987906932831,18.93,1
437.71556997299194,21.28,1
439.1298713684082,20.97,1
440.4676032066345,21.41,1
441.8848354816437,23.03,1
443.28501772880554,23.21,1
444.7133047580719,23.21,1
446.18781423568726,22.9,1
447.7346124649048,24.86,1
449.21181058883667,25.28,1
450.6913342475891,25.1,1
452.18270230293274,24.66,1
453.60012316703796,24.97,1
455.0028164386749,25.21,1
456.4096748828888,24.62,1
457.83200454711914,24.76,1
459.2349524497986,24.97,1
460.65465450286865,24.31,1
462.0601692199707,24.55,1
463.4820363521576,24.72,1
464.88674902915955,24.55,1
466.30684542655945,24.55,1
467.71222400665283,24.86,1
469.13716435432434,24.79,1
470.5439147949219,24.38,1
471.8815565109253,24.59,1
473.29599046707153,24.76,1
474.65187406539917,24.24,1
475.9948134422302,24.55,1
477.331894159317,24.62,1
478.7503697872162,24.14,1
480.16705441474915,24.66,1
481.57014322280884,25.24,1
482.98878836631775,24.59,1
484.39208579063416,24.93,1
485.8125913143158,25.07,1
487.2287154197693,24.86,1
488.5650489330292,24.34,1
489.9829788208008,26.66,1
491.39869451522827,25.76,1
492.8057715892792,25.0,1
494.15844774246216,25.17,1
495.5581033229828,25.21,1
496.9079849720001,24.97,1
498.3253538608551,24.55,1
499.72800636291504,24.83,1
501.1431772708893,26.34,1
502.56573700904846,25.24,1
503.96982860565186,25.21,1
505.3768718242645,25.34,1
506.796413898468,25.31,1
508.2094624042511,24.76,1
509.6244606971741,24.76,1
511.0275995731354,24.93,1
512.4494910240173,24.66,1
513.8665099143982,24.62,1
515.277925491333,24.76,1
522.5811548233032,-1.41,0
523.9028162956238,-1.41,0
525.2117652893066,-1.48,0
526.5189564228058,-1.62,0
527.8403403759003,-1.52,0
529.1956460475922,-1.55,0
530.5022122859955,-1.59,0
531.8120102882385,-1.62,0
536.3923683166504,1.66,1
537.8184030056,4.62,1
539.2212574481964,10.03,1
540.6394023895264,13.62,1
542.0507702827454,18.07,1
543.4673748016357,19.55,1
544.8695197105408,22.07,1
546.2887794971466,23.86,1
547.6950898170471,25.55,1
549.1096639633179,25.76,1
550.5275781154633,27.72,1
551.9420578479767,27.48,1
553.3589856624603,27.03,1
554.7706475257874,27.62,1
556.1749331951141,29.03,1
557.5893604755402,28.97,1
559.0051131248474,28.9,1
560.4071044921875,28.79,1
561.8252129554749,28.48,1
563.2436134815216,28.59,1
564.6470561027527,28.62,1
566.0657753944397,30.52,1
567.4862792491913,30.59,1
568.8893857002258,30.62,1
570.3060555458069,30.66,1
571.7214300632477,30.55,1
573.1259191036224,29.66,1
574.5381841659546,29.52,1
575.9582643508911,29.38,1
577.3666002750397,30.28,1
578.7801065444946,30.45,1
580.1965532302856,30.48,1
581.6124367713928,30.66,1
583.013130903244,30.59,1
584.4302160739899,30.38,1
585.8482980728149,29.76,1
587.2603261470795,29.55,1
588.6690616607666,29.38,1
590.0888848304749,29.41,1
591.4976286888123,29.55,1
592.9113442897797,30.45,1
594.3267443180084,30.45,1
595.7244837284088,30.66,1
597.1430509090424,30.41,1
598.5602877140045,29.9,1
599.9766986370087,29.69,1
601.3767340183258,29.62,1
602.80468583107,29.55,1
604.2121617794037,30.24,1
605.6200065612793,30.31,1
607.0369305610657,30.48,1
608.438170671463,30.45,1
609.8557724952698,30.55,1
611.2743067741394,30.28,1
612.6863498687744,30.07,1
614.1044464111328,29.72,1
615.5058982372284,29.62,1
616.9223115444183,30.07,1
618.3387410640717,30.21,1
619.7551467418671,30.38,1
621.1568274497986,30.48,1
622.5716121196747,30.48,1
629.8694059848785,-1.38,0
631.1901319026947,-1.45,0
632.512487411499,-1.48,0
633.8710916042328,-1.45,0
635.1872692108154,-1.38,0
636.5220277309418,-1.48,0
637.8276841640472,-1.52,0
639.1486811637878,-1.52,0
643.7228558063507,13.86,1
645.1411809921265,197.41,1
646.5450563430786,272.34,1
647.9663333892822,275.69,1
649.3665499687195,280.24,1
650.7875304222107,279.41,1
652.1335163116455,278.24,1
653.5396137237549,277.86,1
654.950403213501,277.52,1
656.3546640872955,276.93,1
657.7093234062195,276.52,1
659.1097621917725,276.86,1
660.4618837833405,276.86,1
661.7993416786194,276.9,1
663.1423156261444,276.76,1
664.4836404323578,276.52,1
665.8250522613525,276.48,1
667.1779878139496,276.76,1
668.5135509967804,276.66,1
669.8669443130493,278.72,1
671.2714431285858,278.9,1
672.6199810504913,279.79,1
673.9587202072144,279.21,1
675.2977735996246,278.76,1
676.6362652778625,278.79,1
678.0520784854889,279.21,1
679.3929364681244,279.69,1
680.7456765174866,279.55,1
682.0880658626556,278.76,1
683.4876537322998,278.9,1
684.8333439826965,279.07,1
686.2560846805573,278.83,1
687.5971848964691,279.52,1
689.0002875328064,279.21,1
690.3550622463226,279.62,1
691.692268371582,279.28,1
693.0377638339996,279.17,1
694.4517405033112,279.38,1
695.8523738384247,278.97,1
697.2754621505737,279.34,1
698.6150743961334,278.9,1
699.9576215744019,279.52,1
701.3070142269135,279.41,1
702.7199041843414,279.24,1
704.0609447956085,279.17,1
705.4640624523163,279.55,1
706.808091878891,279.0,1
708.1614439487457,279.17,1
709.5009319782257,278.76,1
710.8446867465973,278.76,1
712.1871390342712,279.62,1
713.5905323028564,279.07,1
715.0073263645172,279.31,1
716.3479282855988,279.24,1
717.7583448886871,279.41,1
719.1098914146423,279.48,1
720.4418494701385,279.17,1
721.7977421283722,279.17,1
723.2061591148376,279.34,1
724.6070663928986,279.17,1
725.9598407745361,279.59,1
