1.1193387508392334,-1.76,0
2.3609235286712646,-1.83,0
3.567023992538452,-1.69,0
4.770063400268555,-1.76,0
9.349140644073486,1.38,1
10.694167852401733,-0.52,1
12.106690168380737,-0.59,1
13.515087604522705,-0.59,1
14.92389726638794,1.86,1
16.34046697616577,1.86,1
17.75677490234375,1.86,1
19.0947322845459,3.38,1
20.44283628463745,3.38,1
21.84328579902649,3.17,1
23.19881772994995,3.34,1
24.545257329940796,3.28,1
25.945685148239136,4.83,1
27.361305475234985,4.86,1
28.78216528892517,4.76,1
30.185709476470947,4.72,1
31.541164875030518,4.83,1
32.9454779624939,4.86,1
34.362566232681274,4.86,1
35.69708180427551,4.9,1
37.11520981788635,4.9,1
38.46847367286682,4.9,1
39.8058295249939,4.86,1
41.20895218849182,4.79,1
42.62652659416199,5.07,1
43.96869349479675,5.1,1
45.391170501708984,4.55,1
46.73001790046692,4.21,1
48.1486713886261,4.17,1
49.55535674095154,4.03,1
50.97259044647217,4.07,1
52.38819646835327,3.9,1
53.72142553329468,3.9,1
55.135611057281494,3.86,1
56.550018548965454,4.31,1
57.96732020378113,4.21,1
59.386192083358765,4.55,1
60.786702156066895,5.14,1
62.20728921890259,5.0,1
63.623085021972656,5.34,1
65.03370261192322,5.21,1
66.37172031402588,5.31,1
67.78522872924805,5.34,1
69.20031523704529,5.83,1
70.613516330719,5.66,1
71.95023512840271,5.52,1
73.30293941497803,5.28,1
74.71845817565918,5.24,1
76.1224377155304,5.9,1
77.47548818588257,5.59,1
78.87438178062439,5.28,1
80.22795963287354,5.03,1
81.64419531822205,5.07,1
83.04651165008545,5.62,1
84.38755226135254,5.38,1
85.74530386924744,5.21,1
87.14557361602783,4.93,1
88.50221991539001,4.86,1
89.9102246761322,5.59,1
91.32541823387146,5.24,1
92.74108052253723,4.97,1
94.15700936317444,4.83,1
95.49075031280518,4.72,1
96.90977025032043,5.55,1
98.32047176361084,5.21,1
99.73698616027832,4.83,1
101.1517231464386,4.62,1
102.55131578445435,4.52,1
103.96435952186584,5.24,1
105.3852219581604,5.1,1
106.80042481422424,4.72,1
108.19957661628723,4.48,1
115.5163950920105,-1.52,0
116.839923620224,-1.55,0
118.19532990455627,-1.52,0
119.5098226070404,-1.55,0
120.83262419700623,-1.62,0
122.14099550247192,-1.62,0
123.46414732933044,-1.59,0
124.77669310569763,-1.66,0
129.39711236953735,-0.03,1
130.8133556842804,-0.72,1
132.22375321388245,1.79,1
133.62858653068542,2.97,1
135.04685878753662,4.34,1
136.44946694374084,5.66,1
137.8639795780182,5.69,1
139.28127026557922,7.62,1
140.69410610198975,7.59,1
142.1109311580658,7.31,1
143.5260169506073,8.69,1
144.87398648262024,9.28,1
146.28673553466797,9.07,1
147.69139194488525,8.69,1
149.1057529449463,8.79,1
150.44149518013,9.34,1
151.85740637779236,9.07,1
153.28202152252197,8.79,1
154.6929407119751,9.45,1
156.1092653274536,9.1,1
157.51024293899536,9.03,1
158.92925572395325,9.69,1
160.3451030254364,9.72,1
161.75787162780762,9.52,1
163.1675386428833,9.17,1
164.51166415214539,9.83,1
165.8540906906128,9.45,1
167.27000761032104,9.59,1
168.61016178131104,10.21,1
169.94770860671997,9.76,1
171.2999496459961,9.48,1
172.63801431655884,11.0,1
174.05554580688477,10.72,1
175.39360427856445,10.34,1
176.81173300743103,10.48,1
178.22744941711426,10.62,1
179.63909721374512,10.31,1
180.9791989326477,10.17,1
182.31951522827148,10.62,1
183.67217111587524,10.24,1
185.08711552619934,9.93,1
186.42866945266724,10.52,1
187.8422989845276,10.03,1
189.18264937400818,9.76,1
190.5208523273468,10.38,1
191.93602466583252,9.93,1
193.35314750671387,9.55,1
194.6976568698883,10.28,1
196.10545301437378,9.93,1
197.5208022594452,9.55,1
198.93787479400635,10.1,1
200.27558374404907,9.9,1
201.6931459903717,9.41,1
203.1103959083557,9.21,1
204.52750420570374,9.93,1
205.9298598766327,9.48,1
207.34852027893066,9.03,1
208.74984455108643,9.83,1
210.17458653450012,9.41,1
211.51229119300842,10.62,1
212.93026900291443,10.97,1
220.22480869293213,-0.97,0
221.54633378982544,-1.07,0
222.8849503993988,-1.14,0
224.19586443901062,-1.14,0
225.50198197364807,-1.17,0
226.8004195690155,-1.21,0
228.10612535476685,-1.28,0
229.41404128074646,-1.24,0
234.0058469772339,0.17,1
235.41396379470825,1.86,1
236.83522868156433,2.45,1
238.2378854751587,6.21,1
239.6569528579712,7.38,1
241.0747389793396,8.59,1
242.4839804172516,8.52,1
243.88897323608398,10.79,1
245.30311918258667,10.52,1
246.72119092941284,11.72,1
248.13879442214966,12.38,1
249.54620957374573,13.34,1
250.95648860931396,13.59,1
252.37479090690613,13.69,1
253.7769913673401,13.17,1
255.20169258117676,13.93,1
256.6045837402344,14.9,1
258.02211713790894,15.41,1
259.4368100166321,15.38,1
260.85007977485657,15.38,1
262.2574324607849,15.1,1
263.6732187271118,15.17,1
265.0915870666504,14.93,1
266.4969234466553,14.83,1
267.90332865715027,14.83,1
269.3218653202057,14.72,1
270.73627614974976,14.69,1
272.152704000473,14.62,1
273.55304193496704,15.45,1
274.97033286094666,15.34,1
276.38610672950745,15.21,1
277.8003251552582,15.07,1
279.203245639801,15.07,1
280.61732006073,15.03,1
282.03552746772766,14.93,1
283.4540648460388,14.93,1
284.7916667461395,14.83,1
286.2086594104767,14.66,1
287.62404918670654,14.69,1
289.0240042209625,14.97,1
290.44015431404114,14.9,1
291.85382556915283,14.79,1
293.27081847190857,14.79,1
294.6739673614502,14.69,1
296.08745074272156,14.66,1
297.5108027458191,14.48,1
298.92258739471436,14.79,1
300.3378019332886,14.66,1
301.73970794677734,14.83,1
303.15802097320557,14.72,1
304.5743262767792,14.93,1
305.97632336616516,15.0,1
307.39326763153076,15.1,1
308.81119322776794,15.17,1
310.2218565940857,15.07,1
311.63735342025757,15.03,1
313.0406196117401,14.9,1
314.45484137535095,14.9,1
315.8709661960602,14.76,1
323.18350744247437,-0.72,0
324.4935097694397,-0.76,0
325.79092597961426,-0.97,0
327.1357822418213,-1.03,0
328.44560837745667,-1.0,0
329.7673602104187,-1.03,0
331.0755488872528,-1.1,0
332.3785536289215,-1.07,0
336.95809626579285,0.48,1
338.31027722358704,2.0,1
339.7273139953613,3.9,1
341.14145374298096,7.34,1
342.5416829586029,8.72,1
343.960964679718,10.14,1
345.3798494338989,11.48,1
346.7198247909546,13.41,1
348.12179017066956,14.45,1
349.47438955307007,15.14,1
350.8830032348633,16.21,1
352.29856753349304,16.83,1
353.70744132995605,17.66,1
355.05132007598877,18.21,1
356.39264392852783,17.79,1
357.7482535839081,18.14,1
359.0849645137787,19.21,1
360.43074560165405,19.83,1
361.84828448295593,19.72,1
363.18939113616943,19.79,1
364.6066858768463,19.83,1
365.9490261077881,20.0,1
367.28924894332886,19.97,1
368.6362204551697,19.93,1
369.9763853549957,19.79,1
371.31846737861633,19.83,1
372.6590950489044,19.69,1
374.01328229904175,19.76,1
375.41781735420227,19.9,1
376.7641324996948,19.72,1
378.18296909332275,19.86,1
379.52114605903625,19.83,1
380.8600330352783,19.72,1
382.21350145339966,19.86,1
383.62890625,19.76,1
384.95933532714844,19.9,1
386.3154833316803,19.79,1
387.7190580368042,19.86,1
389.14179849624634,19.83,1
390.47291564941406,19.76,1
391.8894567489624,19.76,1
393.2403836250305,19.9,1
394.64151787757874,19.69,1
396.0618505477905,19.69,1
397.41520404815674,19.76,1
398.8174171447754,19.76,1
400.22529911994934,19.83,1
401.64012575149536,19.83,1
402.995099067688,19.69,1
404.33560013771057,19.79,1
405.74583888053894,19.79,1
407.09198808670044,19.79,1
408.50422620773315,19.72,1
409.8506028652191,19.79,1
411.26574420928955,19.79,1
412.60765504837036,21.07,1
414.01137804985046,20.76,1
415.3545889854431,20.66,1
416.7706000804901,20.55,1
418.186936378479,20.34,1
419.5886745452881,20.34,1
421.0100529193878,20.31,1
422.4263348579407,20.14,1
429.71083998680115,-0.66,0
431.0392997264862,-0.66,0
432.34408235549927,-0.9,0
433.6640429496765,-0.9,0
435.0103540420532,-0.9,0
436.3330762386322,-0.9,0
437.62314105033875,-0.97,0
438.9409737586975,-1.07,0
443.53237986564636,0.59,1
444.93536734580994,2.41,1
446.288601398468,5.38,1
447.70454382896423,8.97,1
449.11026334762573,11.76,1
450.52720522880554,13.0,1
451.87228441238403,15.03,1
453.2738058567047,16.31,1
454.6890707015991,18.03,1
456.1036448478699,19.17,1
457.4573585987091,19.52,1
458.85821986198425,21.21,1
460.27490639686584,20.41,1
461.69573163986206,22.21,1
463.0355122089386,22.31,1
464.4533054828644,22.55,1
465.8566117286682,23.76,1
467.2760331630707,23.66,1
468.68722438812256,23.83,1
470.10411834716797,23.66,1
471.44297909736633,23.83,1
472.7830183506012,23.66,1
474.135568857193,23.79,1
475.5523159503937,25.31,1
476.95404624938965,25.45,1
478.3723509311676,25.41,1
479.79042053222656,25.34,1
481.19810342788696,25.1,1
482.6035170555115,24.93,1
484.0177779197693,24.9,1
485.4309093952179,24.76,1
486.84704208374023,24.62,1
488.26373839378357,25.41,1
489.6672441959381,25.31,1
491.07983350753784,25.07,1
492.4940462112427,25.38,1
493.91170740127563,25.07,1
495.3302409648895,25.0,1
496.7328100204468,24.97,1
498.1525707244873,25.21,1
499.5677661895752,25.07,1
500.97411489486694,25.0,1
502.3164117336273,24.79,1
503.7344961166382,24.79,1
505.14598655700684,25.14,1
506.5599672794342,25.14,1
507.97443771362305,25.14,1
509.3842263221741,25.17,1
510.7947566509247,25.24,1
512.2006876468658,25.14,1
513.5547194480896,24.9,1
514.9700810909271,24.9,1
516.3731327056885,24.79,1
517.7905933856964,24.76,1
519.1277253627777,24.62,1
520.4784960746765,24.62,1
521.8930385112762,24.34,1
523.3073561191559,24.62,1
524.7099928855896,24.62,1
526.1244678497314,25.14,1
527.5442550182343,25.17,1
528.9593477249146,24.93,1
530.3602306842804,25.24,1
531.7772164344788,25.17,1
533.1922957897186,25.17,1
540.5021615028381,-0.59,0
541.8084366321564,-0.62,0
543.1348519325256,-0.79,0
544.4556522369385,-0.76,0
545.7788419723511,-0.83,0
547.2109925746918,-0.93,0
548.6436476707458,-1.0,0
550.1090548038483,-1.03,0
554.8256494998932,0.76,1
556.3069190979004,3.55,1
557.7880535125732,8.07,1
559.2701573371887,13.21,1
560.7445914745331,15.86,1
562.220864534378,19.28,1
563.7013072967529,20.28,1
565.2601039409637,23.28,1
566.7394375801086,24.97,1
568.2207453250885,25.03,1
569.6974201202393,26.0,1
571.2536661624908,26.28,1
572.7357888221741,27.52,1
574.1385314464569,27.59,1
575.6348781585693,27.1,1
577.0327486991882,27.62,1
578.5261731147766,28.62,1
580.0699324607849,28.59,1
581.617479801178,28.52,1
583.0963292121887,28.52,1
584.5738549232483,28.76,1
586.0641267299652,28.97,1
587.6093587875366,29.72,1
589.0998742580414,29.48,1
590.5728962421417,29.41,1
592.0552043914795,29.45,1
593.5407242774963,29.45,1
595.0792038440704,29.31,1
596.5761392116547,29.28,1
598.0569448471069,29.24,1
599.5379023551941,29.21,1
601.0082125663757,29.28,1
602.5028162002563,29.24,1
604.0511317253113,29.31,1
605.4582064151764,30.55,1
606.9322228431702,30.1,1
608.4885799884796,29.93,1
610.030198097229,29.59,1
611.516322851181,29.93,1
612.9978156089783,29.66,1
614.4775016307831,29.76,1
615.9629578590393,29.62,1
617.4405336380005,30.24,1
618.9181921482086,30.45,1
620.4777204990387,30.17,1
622.0221214294434,30.17,1
623.4994931221008,30.21,1
624.9777264595032,29.97,1
626.4609093666077,30.38,1
627.9531891345978,30.17,1
629.4939610958099,30.21,1
631.0550878047943,30.03,1
632.5298373699188,29.93,1
634.0053577423096,29.76,1
635.569726228714,29.72,1
637.0520095825195,29.69,1
638.4518666267395,29.76,1
639.9452500343323,30.21,1
641.3453624248505,30.0,1
642.9009170532227,29.76,1
650.3407425880432,-0.66,0
651.7086460590363,-0.72,0
653.1227946281433,-0.66,0
654.5392923355103,-0.9,0
655.9409258365631,-0.79,0
657.3561851978302,-0.97,0
658.7249057292938,-0.97,0
660.0624716281891,-1.03,0
664.8071403503418,208.07,1
666.2974343299866,204.0,1
667.7745172977448,202.17,1
669.3164210319519,202.1,1
670.7939517498016,201.79,1
672.2799696922302,201.45,1
673.753579378128,200.97,1
675.2449505329132,200.72,1
676.7919166088104,200.62,1
678.2726013660431,200.86,1
679.753669500351,200.62,1
681.2366466522217,200.45,1
682.7169756889343,199.86,1
684.1993536949158,199.72,1
685.6082901954651,199.86,1
687.0161099433899,199.55,1
688.5648608207703,199.34,1
690.0466785430908,199.45,1
691.5273394584656,199.34,1
692.9441108703613,199.69,1
694.4248509407043,199.07,1
695.9030637741089,199.17,1
697.3848645687103,199.31,1
698.8634593486786,199.17,1
700.3370406627655,198.97,1
701.8945288658142,198.93,1
703.3602237701416,199.07,1
704.8405318260193,198.86,1
706.3339011669159,198.62,1
707.8162825107574,198.55,1
709.292875289917,198.48,1
710.7701988220215,198.52,1
712.2484083175659,198.31,1
713.7282462120056,198.31,1
715.2844524383545,198.59,1
716.7617712020874,198.52,1
718.238174200058,198.31,1
719.7186589241028,198.07,1
721.206782579422,198.24,1
722.6862864494324,198.38,1
724.1637814044952,198.38,1
725.6378798484802,198.59,1
727.1965637207031,198.34,1
728.6741967201233,198.52,1
730.0868134498596,199.1,1
731.4889678955078,198.86,1
732.9764032363892,198.83,1
734.457093000412,199.1,1
735.8582832813263,198.62,1
737.2095682621002,199.1,1
738.616649389267,198.79,1
739.9623689651489,199.1,1
741.2997262477875,198.97,1
742.6420872211456,199.24,1
744.0622341632843,199.48,1
745.4032981395721,199.76,1
746.7437307834625,199.28,1
748.084460735321,199.59,1
749.5038995742798,199.69,1
750.9093930721283,199.45,1
752.324188709259,199.69,1
753.6740200519562,199.48,1
755.073558807373,199.48,1
756.4275822639465,199.59,1
757.7644321918488,199.76,1
759.1001195907593,199.59,1
760.4543974399567,199.69,1
761.8683862686157,199.69,1
763.2093796730042,199.62,1
764.5466198921204,199.72,1
765.965190410614,199.9,1
767.3037278652191,199.66,1
768.7184863090515,200.1,1
770.0591099262238,199.69,1
771.4778480529785,199.97,1
772.8785772323608,199.83,1
774.2953763008118,199.79,1
