1.1098475456237793,-2.0,0
2.3552141189575195,-2.0,0
3.5663082599639893,-2.03,0
4.765685081481934,-2.0,0
9.351169347763062,41.83,1
10.759144306182861,31.45,1
12.178033590316772,28.03,1
13.581348419189453,27.66,1
14.996570348739624,27.79,1
16.40780282020569,27.86,1
17.747012853622437,27.93,1
19.167913675308228,27.9,1
20.5734281539917,27.86,1
21.918789625167847,27.66,1
23.338354110717773,27.9,1
24.67915987968445,27.72,1
26.09336018562317,28.0,1
27.49648928642273,27.9,1
28.916436195373535,27.76,1
30.325060844421387,27.79,1
31.743263959884644,27.72,1
33.16153287887573,27.93,1
34.563897132873535,27.79,1
35.92071866989136,27.86,1
37.32320237159729,27.69,1
38.74680685997009,27.76,1
40.15809154510498,27.9,1
41.55889940261841,27.72,1
42.98384881019592,28.1,1
44.3924605846405,27.03,1
45.805280447006226,27.24,1
47.2218120098114,27.1,1
48.62907528877258,27.24,1
50.03623700141907,27.07,1
51.45466160774231,27.07,1
52.8713173866272,27.28,1
54.288281202316284,26.97,1
55.69892978668213,26.93,1
57.10117745399475,26.45,1
58.51681351661682,26.14,1
59.93740177154541,25.34,1
61.33935856819153,25.03,1
62.75657558441162,24.93,1
64.17385864257812,24.38,1
65.5842080116272,24.0,1
66.93132257461548,23.76,1
68.33511090278625,23.1,1
69.68840646743774,22.83,1
71.0978684425354,22.52,1
72.43401098251343,22.03,1
73.78988075256348,21.79,1
75.13199615478516,21.55,1
76.5424735546112,21.07,1
77.9576768875122,20.52,1
79.3671362400055,20.38,1
80.78394436836243,19.9,1
82.19127917289734,19.52,1
83.60433650016785,19.24,1
85.0121521949768,19.14,1
86.43767929077148,18.69,1
87.76898097991943,18.0,1
89.19599938392639,18.28,1
90.59802722930908,17.93,1
92.01792788505554,17.66,1
93.4189887046814,17.34,1
94.8360915184021,17.21,1
96.25323152542114,15.59,1
97.66762733459473,15.93,1
99.07276916503906,15.69,1
100.4864251613617,15.38,1
101.90444564819336,15.14,1
103.30979418754578,15.03,1
104.7261528968811,14.69,1
106.14298391342163,14.38,1
107.54543900489807,13.97,1
108.9642653465271,13.86,1
110.38363909721375,13.52,1
111.78556823730469,13.07,1
113.20214009284973,13.03,1
114.61942553520203,12.9,1
116.03553175926208,12.86,1
117.44556474685669,12.21,1
118.86277532577515,12.17,1
120.25980591773987,12.03,1
121.67297220230103,11.97,1
123.09077906608582,11.72,1
124.50541591644287,11.62,1
125.92488861083984,11.72,1
127.32957530021667,11.07,1
128.67098784446716,11.21,1
130.09210634231567,10.9,1
131.5097541809082,11.1,1
132.90907883644104,10.86,1
134.33542203903198,10.45,1
135.74837732315063,10.24,1
137.09093165397644,10.52,1
138.49679970741272,10.38,1
139.91515827178955,10.52,1
141.3311095237732,10.0,1
142.66892075538635,10.24,1
144.08886575698853,9.52,1
145.4988989830017,9.45,1
146.91030430793762,9.59,1
148.3156189918518,9.31,1
149.73770833015442,9.41,1
151.14034342765808,9.21,1
152.55789709091187,9.14,1
153.9744007587433,9.17,1
155.38966250419617,9.24,1
156.80351567268372,8.97,1
158.2037570476532,9.03,1
159.62257838249207,8.9,1
161.03950309753418,8.93,1
162.37250471115112,8.76,1
163.79191493988037,8.72,1
165.13071417808533,8.38,1
166.47333693504333,8.52,1
167.89012956619263,8.59,1
169.23220992088318,8.38,1
170.572936296463,8.31,1
171.93053460121155,8.34,1
173.2710304260254,8.24,1
174.67778086662292,8.21,1
176.02207827568054,8.1,1
177.4461715221405,7.79,1
178.84366488456726,7.86,1
180.26244735717773,7.93,1
181.66923809051514,7.83,1
183.01399731636047,7.76,1
184.36933207511902,7.86,1
185.7090141773224,7.72,1
187.049898147583,7.79,1
188.46788358688354,7.69,1
189.80945706367493,7.55,1
191.21460103988647,7.41,1
192.57200002670288,7.45,1
193.91194200515747,7.21,1
195.26022481918335,7.17,1
196.67362427711487,7.34,1
198.01481866836548,7.24,1
199.4161458015442,6.1,1
200.77331161499023,6.24,1
202.1873869895935,6.34,1
203.5321774482727,6.41,1
204.87431120872498,6.69,1
206.21208477020264,6.62,1
207.63296222686768,6.45,1
209.0509650707245,6.55,1
210.45205545425415,6.14,1
211.86755895614624,6.21,1
213.28163886070251,6.24,1
214.6991171836853,6.24,1
216.10085153579712,6.38,1
217.51853275299072,6.24,1
218.9361560344696,6.14,1
220.35100555419922,6.34,1
221.7494876384735,5.86,1
223.16766166687012,5.86,1
224.51683855056763,5.9,1
225.85444855690002,5.93,1
227.20640230178833,6.03,1
228.55048656463623,6.07,1
229.95209383964539,5.86,1
231.37011647224426,6.1,1
232.71972060203552,6.03,1
234.12644791603088,5.59,1
235.46665716171265,5.31,1
236.8777735233307,5.52,1
238.29550123214722,5.66,1
239.7132124900818,5.72,1
241.11830687522888,5.72,1
242.5401794910431,5.76,1
243.9449553489685,5.62,1
245.37012219429016,5.76,1
246.77965474128723,5.72,1
248.18367338180542,5.34,1
249.6065549850464,5.17,1
251.00697469711304,5.41,1
252.42573308944702,5.41,1
253.84449982643127,5.66,1
255.24701857566833,5.59,1
256.67184352874756,5.55,1
258.08124923706055,5.59,1
259.48301672935486,5.59,1
260.90550923347473,5.17,1
262.24074721336365,4.97,1
263.66035056114197,5.14,1
265.0801293849945,5.07,1
266.4844822883606,5.21,1
267.9035930633545,5.28,1
269.31523752212524,5.34,1
270.72351717948914,5.38,1
272.1362843513489,5.28,1
273.5487570762634,5.28,1
274.9583570957184,4.93,1
276.37465739250183,4.9,1
277.7836334705353,5.0,1
279.1996726989746,5.03,1
280.6187973022461,5.03,1
281.9614374637604,5.14,1
283.37598752975464,5.17,1
284.78190326690674,5.24,1
286.20429015159607,5.28,1
287.6026589870453,5.1,1
289.02189803123474,5.17,1
290.44066190719604,5.1,1
291.8424298763275,4.76,1
293.26304602622986,4.69,1
294.6694746017456,4.76,1
296.0167315006256,4.62,1
297.43509554862976,5.0,1
298.8471693992615,4.93,1
300.2559263706207,5.0,1
301.67253518104553,4.86,1
303.0733394622803,4.97,1
304.4969403743744,4.97,1
305.90290808677673,4.86,1
307.3285882472992,4.93,1
308.73189759254456,4.9,1
310.1423454284668,4.83,1
311.5502943992615,5.0,1
312.97032928466797,4.66,1
314.3879928588867,4.31,1
315.7934720516205,4.38,1
317.2155296802521,4.55,1
318.6276364326477,4.59,1
320.0299355983734,4.52,1
321.38061356544495,4.69,1
322.79147124290466,4.59,1
324.1301016807556,4.76,1
325.5568878650665,4.69,1
326.89555835723877,4.76,1
328.29850602149963,4.79,1
329.71870040893555,4.83,1
331.1390006542206,4.86,1
332.46931529045105,4.86,1
333.82347083091736,4.97,1
335.1626121997833,4.93,1
336.50856590270996,4.83,1
337.85701727867126,4.97,1
339.2004609107971,4.41,1
340.6143503189087,4.38,1
342.0170078277588,4.83,1
343.3659689426422,4.86,1
344.78558564186096,5.03,1
346.12917137145996,4.97,1
347.4645006656647,4.97,1
348.80432057380676,4.97,1
350.15790009498596,5.03,1
351.56907200813293,5.14,1
352.9742500782013,5.17,1
354.32087230682373,5.14,1
355.6625418663025,5.07,1
357.0196342468262,5.07,1
358.4246201515198,5.28,1
359.842973947525,5.21,1
361.2601034641266,5.17,1
362.6630117893219,5.14,1
364.0049843788147,5.28,1
365.4282512664795,5.34,1
366.8339502811432,5.34,1
368.2515857219696,5.28,1
369.6702950000763,5.31,1
371.0089647769928,5.21,1
372.42659091949463,5.17,1
373.8319044113159,5.14,1
375.25090885162354,5.1,1
376.5961594581604,5.24,1
377.9374623298645,5.21,1
379.27376770973206,5.21,1
380.6212923526764,5.14,1
382.0450630187988,5.24,1
383.45485520362854,5.14,1
384.8581774234772,5.14,1
386.26726055145264,5.1,1
387.6908869743347,5.17,1
389.10509419441223,5.1,1
390.52067613601685,5.17,1
391.9335250854492,5.0,1
393.33878660202026,5.07,1
394.75970435142517,5.17,1
396.1645333766937,5.03,1
397.51588559150696,5.03,1
398.91800236701965,5.0,1
400.3349688053131,5.17,1
401.74462842941284,5.24,1
403.15518021583557,4.93,1
404.5720999240875,5.0,1
405.9904658794403,5.14,1
407.3301959037781,5.24,1
408.747517824173,5.14,1
410.1565103530884,5.17,1
411.56438541412354,5.17,1
412.97689175605774,5.28,1
414.39357352256775,5.17,1
415.8103337287903,5.24,1
417.22495436668396,5.21,1
418.57003712654114,5.14,1
419.9719521999359,4.55,1
421.3945014476776,4.41,1
422.7960298061371,4.52,1
424.1443717479706,4.72,1
425.5612952709198,4.9,1
426.90086007118225,4.76,1
428.31824946403503,4.69,1
429.72432827949524,4.93,1
431.14789938926697,4.93,1
432.55467987060547,4.93,1
433.9727520942688,4.55,1
435.3776412010193,4.62,1
436.79723358154297,4.72,1
438.14086174964905,4.76,1
439.54336380958557,4.83,1
440.9611988067627,4.76,1
442.3671123981476,4.66,1
443.71284675598145,5.14,1
445.1329391002655,4.93,1
446.5448167324066,4.97,1
447.9654366970062,4.76,1
449.3075439929962,4.59,1
450.717675447464,4.59,1
452.129851102829,4.72,1
453.5467348098755,5.31,1
454.94943618774414,5.28,1
456.3754425048828,5.21,1
457.7754907608032,5.31,1
459.19063448905945,5.31,1
460.5305070877075,5.21,1
461.950989484787,5.21,1
463.36806893348694,4.72,1
464.78731417655945,4.72,1
466.188796043396,4.93,1
467.6095678806305,5.0,1
469.0111258029938,4.93,1
470.4311537742615,5.03,1
471.8377363681793,4.93,1
473.26022958755493,5.41,1
474.66192626953125,5.34,1
476.0822470188141,5.34,1
477.4929893016815,5.24,1
478.9085156917572,5.28,1
480.31268787384033,4.76,1
481.73403334617615,5.17,1
483.13792300224304,5.14,1
484.5493562221527,5.14,1
485.96563029289246,5.28,1
487.3850462436676,5.14,1
488.7932331562042,5.34,1
490.2111876010895,5.17,1
491.6146442890167,5.31,1
493.03722739219666,5.31,1
494.4401535987854,5.17,1
495.8561677932739,5.21,1
497.2733426094055,5.21,1
498.67428159713745,5.28,1
500.03299856185913,5.1,1
501.44176483154297,5.1,1
502.84567403793335,5.03,1
504.2677140235901,4.66,1
511.56439781188965,-2.1,0
512.889806509018,-2.24,0
514.2296721935272,-2.21,0
515.5590386390686,-2.1,0
516.8673775196075,-2.21,0
518.1734998226166,-2.17,0
519.4987416267395,-2.28,0
520.8199245929718,-2.24,0
525.4110677242279,39.86,1
526.8271088600159,29.83,1
528.2339859008789,26.62,1
529.6389501094818,26.0,1
530.9973866939545,26.14,1
532.3987748622894,25.93,1
533.8229925632477,25.86,1
535.1612639427185,25.93,1
536.5673928260803,26.14,1
537.9860782623291,26.03,1
539.3962852954865,25.93,1
540.8144862651825,25.86,1
542.230569601059,26.0,1
543.6410911083221,26.1,1
545.0523610115051,26.14,1
546.45778465271,26.1,1
547.8824195861816,26.31,1
549.2859055995941,26.24,1
550.7017257213593,26.21,1
552.1206564903259,26.28,1
553.5225141048431,26.21,1
554.941942691803,26.38,1
556.3466985225677,26.24,1
557.7585844993591,26.41,1
559.1806063652039,26.21,1
560.5906882286072,26.0,1
562.0088896751404,26.1,1
563.4233722686768,25.93,1
564.8265459537506,26.24,1
566.2439255714417,26.31,1
567.6475639343262,26.34,1
569.0621135234833,26.21,1
570.4785964488983,26.41,1
571.8954405784607,26.59,1
573.2979321479797,26.59,1
574.723370552063,26.28,1
576.1267807483673,26.48,1
577.5429785251617,26.62,1
578.9638621807098,26.66,1
580.3669114112854,26.66,1
581.7751319408417,26.38,1
583.1913270950317,26.62,1
584.6110656261444,26.69,1
586.0295190811157,26.76,1
587.4290227890015,26.72,1
588.8480746746063,26.21,1
590.2653334140778,26.24,1
591.6721801757812,25.79,1
593.0890810489655,25.76,1
594.5022482872009,25.31,1
595.9068775177002,25.21,1
597.3243398666382,24.79,1
598.7286899089813,24.62,1
600.14661860466,24.03,1
601.5665788650513,23.79,1
602.9767513275146,23.48,1
604.386904001236,23.45,1
605.8067033290863,23.38,1
607.2140097618103,22.97,1
608.6210386753082,22.72,1
610.0401356220245,21.97,1
611.4444370269775,21.38,1
612.8612635135651,21.41,1
614.2827551364899,21.0,1
615.6939573287964,21.28,1
617.1081714630127,20.76,1
618.5101273059845,20.24,1
619.9310865402222,20.55,1
621.3346993923187,20.38,1
622.747145652771,20.07,1
624.1673276424408,19.9,1
625.5813512802124,19.28,1
626.9875555038452,19.28,1
628.4034767150879,19.48,1
629.8239045143127,19.21,1
631.2256383895874,18.83,1
632.6457531452179,18.69,1
634.0570878982544,18.07,1
635.4630260467529,18.17,1
636.8820645809174,18.14,1
638.2292029857635,17.79,1
639.6311025619507,17.93,1
641.0504183769226,17.79,1
642.4571704864502,17.69,1
643.8028740882874,17.31,1
645.1570789813995,17.17,1
646.5588073730469,17.03,1
647.9769315719604,17.03,1
649.3156242370605,16.83,1
650.7369966506958,16.93,1
652.0807151794434,16.83,1
653.4866464138031,16.55,1
654.8271996974945,15.86,1
656.2419989109039,15.97,1
657.6610314846039,16.1,1
659.0646903514862,15.93,1
660.4136033058167,16.07,1
661.8306815624237,15.66,1
663.176417350769,15.41,1
664.5821950435638,15.62,1
665.9221839904785,15.52,1
667.3388867378235,15.34,1
668.750598192215,15.52,1
670.1647412776947,15.03,1
671.5718414783478,15.07,1
672.9255228042603,15.14,1
674.2691593170166,14.9,1
675.6769163608551,14.9,1
677.0959460735321,14.72,1
678.437168598175,14.79,1
679.8438022136688,14.41,1
681.2636528015137,14.52,1
682.6728119850159,14.48,1
684.0257804393768,14.38,1
685.3636288642883,14.45,1
686.7817928791046,14.24,1
688.1208975315094,14.24,1
689.5257577896118,13.59,1
690.9492979049683,13.1,1
692.3523952960968,13.24,1
693.7091121673584,13.48,1
695.0494890213013,13.31,1
696.4682612419128,12.93,1
697.8719074726105,13.17,1
699.2897486686707,13.24,1
700.6321108341217,13.28,1
702.03883934021,12.9,1
703.3954133987427,13.1,1
704.7944242954254,13.24,1
706.2201082706451,12.76,1
707.5567259788513,12.76,1
708.9744071960449,12.9,1
710.3793852329254,12.79,1
711.7332923412323,12.9,1
713.1403090953827,12.86,1
714.5608830451965,12.76,1
715.8992922306061,12.76,1
717.2451958656311,12.72,1
718.6561741828918,11.93,1
720.0742094516754,12.1,1
721.4129164218903,12.21,1
722.8312165737152,12.21,1
724.2469975948334,12.24,1
725.6468870639801,12.07,1
727.0739850997925,12.31,1
728.4721567630768,12.17,1
729.8299405574799,12.24,1
731.2329151630402,12.21,1
732.5752868652344,11.9,1
733.932302236557,11.76,1
735.3367869853973,11.9,1
736.7477774620056,11.79,1
738.1032004356384,11.83,1
739.4460737705231,11.76,1
740.7842440605164,11.69,1
742.1365418434143,11.66,1
743.5454030036926,11.72,1
744.8906686306,11.66,1
746.3040726184845,11.76,1
747.7085230350494,11.31,1
749.0637853145599,11.24,1
750.4768195152283,11.24,1
751.8092119693756,11.34,1
753.2278778553009,11.38,1
754.5661137104034,11.34,1
755.9860587120056,11.34,1
757.3912858963013,11.31,1
758.8157966136932,11.31,1
760.1586050987244,11.24,1
761.5636637210846,11.28,1
762.918214559555,11.21,1
764.330310344696,11.14,1
765.7358956336975,11.03,1
767.1491236686707,11.14,1
768.5695378780365,11.14,1
769.9728169441223,11.1,1
771.3944344520569,11.17,1
772.7997760772705,11.07,1
774.2226312160492,11.1,1
775.6289565563202,11.14,1
777.0327718257904,11.07,1
778.4589374065399,11.07,1
779.872106552124,11.0,1
781.282436132431,11.1,1
782.6893494129181,10.93,1
784.1043632030487,10.97,1
785.5204086303711,10.97,1
786.9295189380646,10.86,1
788.3488516807556,10.21,1
789.7495036125183,10.48,1
791.1669940948486,10.69,1
792.576099395752,10.45,1
793.9999029636383,10.83,1
801.2940220832825,0.24,0
802.6027023792267,-0.62,0
803.9115600585938,-1.31,0
805.2689685821533,-1.66,0
806.5781371593475,-1.79,0
807.8861038684845,-1.76,0
809.1949577331543,-1.79,0
810.5040979385376,-1.86,0
815.1145889759064,39.97,1
816.5189294815063,31.48,1
817.9399600028992,28.59,1
819.3412532806396,27.79,1
820.6948750019073,27.55,1
822.1092596054077,27.41,1
823.5131256580353,27.38,1
824.925369977951,27.24,1
826.334885597229,27.24,1
827.7540812492371,27.14,1
829.1726381778717,27.14,1
830.581912279129,27.03,1
831.9858281612396,26.9,1
833.404422044754,27.0,1
834.8247103691101,26.72,1
836.2326498031616,26.9,1
837.6378424167633,26.9,1
839.055032491684,26.86,1
840.4725770950317,27.03,1
841.8815643787384,26.93,1
843.2998929023743,26.93,1
844.7147464752197,26.9,1
846.115804195404,26.97,1
847.5330293178558,27.1,1
848.9382066726685,27.21,1
850.3591461181641,27.24,1
851.7722136974335,27.24,1
853.1762447357178,27.17,1
854.5989854335785,27.28,1
856.0130186080933,27.21,1
857.4162952899933,27.0,1
858.771772146225,27.21,1
860.1765093803406,27.03,1
861.6004776954651,27.21,1
863.0148916244507,27.07,1
864.4150478839874,27.14,1
865.8336384296417,27.1,1
867.2382218837738,27.03,1
868.6582477092743,27.1,1
870.063719034195,27.0,1
871.482296705246,27.07,1
872.9008402824402,26.9,1
874.3065183162689,26.93,1
875.7228798866272,27.0,1
877.1290247440338,26.9,1
878.5451557636261,26.86,1
879.9532628059387,27.07,1
881.3697068691254,27.17,1
882.7815897464752,26.86,1
884.1901271343231,27.07,1
885.6087999343872,27.03,1
887.0184805393219,27.03,1
888.3680305480957,27.14,1
889.7193424701691,27.0,1
891.1256332397461,27.0,1
892.4661273956299,27.03,1
893.8845753669739,26.79,1
895.2868266105652,26.9,1
896.6994063854218,27.03,1
898.0538008213043,27.0,1
899.4583268165588,26.83,1
900.8746292591095,26.86,1
902.2776372432709,26.69,1
903.7018132209778,26.62,1
905.1152882575989,26.0,1
906.4572896957397,26.28,1
907.7985980510712,26.17,1
909.2157084941864,26.03,1
910.6221823692322,25.38,1
912.0446588993073,24.97,1
913.453946352005,25.07,1
914.8592751026154,24.69,1
916.2823007106781,24.69,1
917.6921362876892,24.21,1
919.0978879928589,23.9,1
920.4423630237579,23.86,1
921.7949638366699,24.03,1
923.1993317604065,23.52,1
924.6072778701782,23.41,1
925.9644412994385,23.14,1
927.3657257556915,22.55,1
928.7839148044586,22.76,1
930.2024321556091,22.62,1
931.5456800460815,22.62,1
932.9528737068176,22.66,1
934.3705551624298,22.48,1
935.7757332324982,21.86,1
937.1940631866455,22.0,1
938.6009659767151,21.66,1
940.0076985359192,21.62,1
941.4320046901703,21.31,1
942.8426432609558,21.34,1
944.2535181045532,21.14,1
945.6071448326111,21.03,1
947.0137708187103,20.83,1
948.425300359726,20.86,1
949.8423409461975,20.24,1
951.2461409568787,20.28,1
952.6007564067841,20.24,1
953.9998705387115,20.31,1
955.421679019928,20.03,1
956.8418197631836,20.03,1
958.2510805130005,19.38,1
959.653881072998,19.59,1
961.0794851779938,19.52,1
962.4811446666718,19.52,1
963.8971376419067,19.45,1
965.3139610290527,19.21,1
966.7177984714508,19.21,1
968.1346909999847,19.1,1
969.5545516014099,19.03,1
970.9558515548706,18.9,1
972.380871295929,18.93,1
973.7900576591492,18.38,1
975.1996121406555,18.45,1
976.6124610900879,18.34,1
978.0297243595123,18.34,1
979.4404857158661,18.31,1
980.8537335395813,18.41,1
982.2578015327454,18.24,1
983.6805605888367,18.17,1
985.0831978321075,17.93,1
986.5046827793121,17.93,1
987.9075441360474,17.93,1
989.333220243454,17.79,1
990.7380006313324,17.9,1
992.1477770805359,17.52,1
993.4903516769409,17.55,1
994.9103739261627,17.45,1
996.3156187534332,17.41,1
997.73996758461,17.45,1
999.1434750556946,17.21,1
1000.5639562606812,17.17,1
1001.9676167964935,17.03,1
1003.3886210918427,17.14,1
1004.7974834442139,16.97,1
1006.2138738632202,17.03,1
1007.6170682907104,16.93,1
1009.0349867343903,16.97,1
1010.4413411617279,16.86,1
1011.8611013889313,16.72,1
1013.2668817043304,16.59,1
1014.6859500408173,16.59,1
1016.1048822402954,16.69,1
1017.5116953849792,16.55,1
1018.9313342571259,16.52,1
1020.3450243473053,16.38,1
1021.7544162273407,16.34,1
1023.1591045856476,16.24,1
1030.4864020347595,-2.24,0
1031.8053715229034,-2.17,0
1033.1123888492584,-2.17,0
1034.4219930171967,-2.17,0
1035.7292122840881,-2.07,0
1037.0631203651428,-2.14,0
1038.375718832016,-2.1,0
1039.7252252101898,-2.0,0
1044.3138935565948,39.69,1
1045.7351732254028,30.83,1
1047.1444318294525,27.34,1
1048.4819972515106,26.59,1
1049.9021661281586,26.14,1
1051.3095648288727,26.34,1
1052.7213571071625,26.17,1
1054.1439049243927,25.34,1
1055.5427565574646,25.86,1
1056.9604589939117,26.0,1
1058.3814053535461,26.07,1
1059.7829887866974,26.17,1
1061.2080974578857,26.17,1
1062.6133375167847,26.28,1
1064.0310745239258,26.31,1
1065.438625574112,26.45,1
1066.8576946258545,26.41,1
1068.2672038078308,26.52,1
1069.6836330890656,26.38,1
1071.0958185195923,26.59,1
1072.5098598003387,26.55,1
1073.913471698761,26.52,1
1075.32972073555,26.55,1
1076.737540960312,26.66,1
1078.1594953536987,26.69,1
1079.5609755516052,26.55,1
1080.9764437675476,26.66,1
1082.3943462371826,26.62,1
1083.8107492923737,26.62,1
1085.224535226822,26.66,1
1086.6291489601135,26.52,1
1088.0451593399048,26.59,1
1089.4633166790009,26.41,1
1090.8622839450836,26.48,1
1092.2894711494446,26.45,1
1093.6998765468597,26.48,1
1095.1015164852142,26.52,1
1096.5261855125427,26.34,1
1097.9371724128723,26.45,1
1099.3391163349152,26.41,1
1100.7600111961365,26.59,1
1102.1660146713257,26.45,1
1103.591240644455,26.41,1
1105.0040426254272,26.52,1
1106.4061307907104,26.48,1
1107.8250217437744,26.45,1
1109.2289490699768,26.52,1
1110.6446647644043,26.41,1
1112.0571587085724,26.41,1
1113.4684898853302,26.41,1
1114.8860132694244,26.55,1
1116.303435087204,26.45,1
1117.7071590423584,26.48,1
1119.1266849040985,26.59,1
1120.5328946113586,26.45,1
1121.9509522914886,26.38,1
1123.3670983314514,26.48,1
1124.7700321674347,26.34,1
1126.1840159893036,26.48,1
1127.6026594638824,26.55,1
1129.0216822624207,26.83,1
1130.4210035800934,26.69,1
1131.8463304042816,26.76,1
1133.2497344017029,26.72,1
1134.6685600280762,26.72,1
1136.0717713832855,26.59,1
1137.486810684204,26.69,1
1138.9055831432343,26.55,1
1140.321827173233,26.62,1
1141.732215166092,26.62,1
1143.1346507072449,26.69,1
1144.5495240688324,26.55,1
1145.9649245738983,26.59,1
1147.3836665153503,26.62,1
1148.788762807846,26.66,1
1150.2079491615295,26.52,1
1151.6121492385864,26.48,1
1153.028068304062,26.48,1
1154.446376800537,26.48,1
1155.8574657440186,26.48,1
1157.2745423316956,26.52,1
1158.6762828826904,26.59,1
1160.0923404693604,26.48,1
1161.5121910572052,26.48,1
1162.9189393520355,26.55,1
1164.337700843811,26.48,1
1165.753143787384,26.48,1
1167.1581242084503,26.48,1
1168.5739934444427,26.34,1
1169.9914038181305,26.41,1
1171.3977167606354,26.41,1
1172.8147871494293,26.45,1
1174.2173292636871,26.41,1
1175.6341137886047,26.48,1
1177.0454511642456,26.31,1
1178.4621751308441,26.34,1
1179.8661069869995,26.21,1
1181.2854783535004,26.31,1
1182.6939578056335,26.21,1
1184.1120672225952,26.24,1
1185.5250701904297,26.03,1
1186.9381580352783,26.17,1
1188.3406291007996,26.24,1
1189.7648248672485,26.03,1
1191.1670219898224,26.1,1
1192.5855629444122,26.14,1
1194.0007996559143,26.07,1
1195.4191508293152,25.97,1
1196.8331670761108,25.93,1
1198.2359273433685,25.93,1
1199.6552801132202,25.79,1
1201.0671479701996,25.69,1
1202.4706032276154,25.45,1
1203.8887348175049,25.31,1
1205.3069016933441,25.24,1
1206.7094087600708,25.03,1
1208.1336801052094,25.0,1
1209.539565563202,24.93,1
1210.9592430591583,24.83,1
1212.3621942996979,24.72,1
1213.7805726528168,24.55,1
1215.1869115829468,24.45,1
1216.6084849834442,24.45,1
1218.014309167862,24.38,1
1219.428020477295,24.31,1
1220.8486258983612,24.31,1
1222.2506053447723,24.03,1
1223.668775320053,24.0,1
1225.0857112407684,24.0,1
1226.4882261753082,23.86,1
1227.9019029140472,23.79,1
1229.320381641388,23.76,1
1230.741022825241,23.62,1
1232.1539561748505,23.59,1
1233.5671224594116,23.55,1
1234.977328300476,23.48,1
1236.4576025009155,23.38,1
1237.874435186386,23.34,1
1239.2753043174744,23.21,1
1240.6964402198792,23.21,1
1242.1021466255188,23.1,1
1243.5114529132843,23.07,1
1244.9335327148438,23.1,1
1246.3492617607117,23.0,1
1247.7628121376038,22.97,1
1249.1632459163666,22.76,1
1250.5825681686401,22.76,1
1252.0029652118683,22.72,1
1253.412329673767,22.66,1
1254.8219254016876,22.62,1
1256.225251197815,22.55,1
1257.6496922969818,22.48,1
1259.052665233612,22.34,1
1260.4728298187256,22.34,1
1261.8908324241638,22.24,1
1263.2962572574615,22.24,1
1264.714070558548,22.1,1
1266.1200649738312,22.03,1
1267.5294663906097,22.0,1
1268.9482078552246,22.03,1
1270.3598217964172,21.9,1
1271.7778165340424,21.79,1
1273.1839785575867,21.83,1
1274.6057047843933,21.69,1
1276.010460138321,21.55,1
1277.425996541977,21.59,1
1278.8439936637878,21.48,1
1280.2469251155853,21.45,1
1281.66796541214,21.41,1
1288.948959827423,-2.34,0
1290.2811498641968,-2.28,0
1291.5973443984985,-2.24,0
1292.905701160431,-2.17,0
1294.2643826007843,-2.17,0
1295.5898008346558,-2.17,0
1296.9005646705627,-2.14,0
1298.2254903316498,-2.28,0
1302.8133118152618,37.59,1
1304.2178571224213,29.86,1
1305.6417603492737,26.28,1
1307.051630973816,25.52,1
1308.4666793346405,25.48,1
1309.8749902248383,25.55,1
1311.2865481376648,25.41,1
1312.7029418945312,25.48,1
1314.1081280708313,25.34,1
1315.5272827148438,25.24,1
1316.9311919212341,25.14,1
1318.3506994247437,24.76,1
1319.7688739299774,24.62,1
1321.170011997223,24.69,1
1322.591873407364,24.59,1
1324.0070524215698,24.62,1
1325.4202001094818,24.66,1
1326.8237352371216,24.66,1
1328.2343487739563,24.62,1
1329.653574705124,24.72,1
1331.0727679729462,24.76,1
1332.4751935005188,24.79,1
1333.829419851303,24.72,1
1335.230173110962,24.79,1
1336.6513457298279,24.83,1
1338.067685842514,24.79,1
1339.4705681800842,24.86,1
1340.890798330307,25.07,1
1342.298237323761,24.86,1
1343.716159105301,24.93,1
1345.124591588974,24.93,1
1346.5276839733124,24.97,1
1347.941365480423,24.93,1
1349.3602538108826,25.0,1
1350.7733948230743,24.93,1
1352.1920802593231,25.03,1
1353.5938267707825,25.03,1
1355.0091371536255,25.0,1
1356.427479982376,24.93,1
1357.8291492462158,25.07,1
1359.24556183815,25.07,1
1360.6637592315674,25.21,1
1362.0777254104614,25.28,1
1363.479421377182,25.24,1
1364.8988647460938,25.17,1
1366.3180539608002,25.17,1
1367.7250173091888,25.07,1
1369.1371474266052,25.21,1
1370.5478432178497,25.21,1
1371.967397928238,25.1,1
1373.3679513931274,25.31,1
1374.783011674881,25.28,1
1376.1980307102203,25.1,1
1377.6144318580627,25.14,1
1379.0301430225372,25.24,1
1380.4308128356934,25.38,1
1381.8484418392181,25.31,1
1383.2628092765808,25.21,1
1384.6806704998016,25.28,1
1386.0872576236725,25.21,1
1387.5052528381348,25.21,1
1388.9232003688812,25.34,1
1390.322565317154,25.17,1
1391.7433507442474,25.21,1
1393.1597821712494,25.14,1
1394.5672430992126,25.28,1
1395.9704010486603,25.17,1
1397.3907074928284,25.24,1
1398.7952661514282,25.28,1
1400.2237522602081,25.34,1
1401.6302042007446,25.31,1
1403.0471704006195,25.31,1
1404.4595415592194,25.34,1
1405.8642039299011,25.41,1
1407.2858293056488,25.52,1
1408.6869547367096,25.41,1
1410.1060647964478,25.38,1
1411.5234079360962,25.31,1
1412.9352667331696,25.31,1
1414.3497123718262,25.24,1
1415.752963066101,25.28,1
1417.1708781719208,25.31,1
1418.5853097438812,25.28,1
1419.9974365234375,25.28,1
1421.4018156528473,25.28,1
1422.8233728408813,25.28,1
1424.2337868213654,25.17,1
1425.6508176326752,25.41,1
1427.0519297122955,25.24,1
1428.4675459861755,25.21,1
1429.8871140480042,25.21,1
1431.2907600402832,25.31,1
1432.7146940231323,25.28,1
1434.1179962158203,25.21,1
1435.536007642746,25.31,1
1436.9409368038177,25.28,1
1438.3616571426392,25.21,1
1439.766492843628,25.17,1
1441.1875076293945,25.31,1
1442.5929672718048,25.28,1
1444.0109758377075,25.34,1
1445.4156918525696,25.28,1
1446.8359344005585,25.34,1
1448.2511157989502,25.24,1
1449.6595327854156,25.24,1
1451.0778591632843,25.17,1
1452.4850010871887,25.28,1
1453.900485754013,25.21,1
1455.3079957962036,25.21,1
1456.7249014377594,25.21,1
1458.1288905143738,25.28,1
1459.5499355793,25.24,1
1460.9658832550049,25.21,1
1462.3793687820435,25.31,1
1463.782469034195,25.24,1
1465.2039904594421,25.28,1
1466.6054708957672,25.17,1
1468.0309355258942,25.14,1
1469.4467148780823,25.21,1
1470.8520081043243,25.17,1
1472.2678217887878,25.14,1
1473.6729929447174,25.14,1
1475.096619606018,25.21,1
1476.4945950508118,25.17,1
1477.9169335365295,25.17,1
1479.3342127799988,25.14,1
1480.7416932582855,25.21,1
1482.1465992927551,25.28,1
1483.5654292106628,25.28,1
1484.984593629837,25.28,1
1486.3862144947052,25.21,1
1487.7952289581299,25.31,1
1489.2182490825653,25.17,1
1490.635150194168,25.21,1
1492.0402135849,25.28,1
1493.4576923847198,25.24,1
1494.8644456863403,25.17,1
1496.2856075763702,25.24,1
1497.6907370090485,25.31,1
1499.1127531528473,25.14,1
1500.517403125763,25.24,1
1501.936917066574,25.28,1
1503.3367793560028,25.21,1
1504.7525622844696,25.38,1
1506.1715133190155,25.21,1
1507.5861694812775,25.24,1
1508.9912979602814,25.34,1
1510.413182258606,25.45,1
1511.8165225982666,25.21,1
1513.237467765808,25.31,1
1514.6415581703186,25.28,1
1516.0548901557922,25.28,1
1517.4763357639313,25.38,1
1518.8818743228912,25.34,1
1520.3669867515564,25.41,1
1521.7857058048248,25.31,1
1523.1874415874481,25.41,1
1524.604166507721,25.21,1
1526.0195791721344,25.38,1
1527.4349298477173,25.38,1
1528.8384075164795,25.52,1
1530.2552709579468,25.38,1
1531.6731984615326,25.28,1
1533.0852630138397,25.45,1
1534.4997460842133,25.38,1
1535.9015083312988,25.34,1
1537.3274519443512,25.34,1
1538.7289600372314,25.48,1
1540.1424322128296,25.45,1
1541.559527873993,25.34,1
1548.86403799057,-2.48,0
1550.2024173736572,-2.41,0
1551.5071868896484,-2.41,0
1552.8269217014313,-2.34,0
1554.1467056274414,-2.24,0
1555.4705138206482,-2.21,0
1556.7960925102234,-2.24,0
1558.142041683197,-2.21,0
1562.7519211769104,37.66,1
1564.1557035446167,30.03,1
1565.573492050171,26.62,1
1566.9913375377655,25.69,1
1568.3953001499176,25.62,1
1569.8130841255188,25.66,1
1571.21391415596,25.72,1
1572.627647638321,25.55,1
1574.0431716442108,25.45,1
1575.46036362648,25.48,1
1576.8681058883667,25.62,1
1578.2937686443329,25.48,1
1579.6987314224243,25.45,1
1581.1175527572632,25.41,1
1582.5289471149445,25.45,1
1583.9426255226135,25.55,1
1585.3505527973175,25.41,1
1586.7534201145172,25.38,1
1588.1722087860107,25.59,1
1589.5944018363953,25.55,1
1590.9940421581268,25.55,1
1592.415676355362,25.38,1
1593.7621273994446,25.34,1
1595.1739888191223,25.45,1
1596.5903248786926,25.34,1
1597.9912464618683,25.52,1
1599.4089455604553,25.48,1
1600.8163726329803,25.59,1
1602.1636209487915,25.52,1
1603.5831773281097,25.41,1
1604.9236936569214,25.52,1
1606.3302640914917,25.59,1
1607.7487213611603,25.41,1
1609.1661829948425,25.48,1
1610.5104668140411,25.62,1
1611.9235422611237,25.59,1
1613.3276047706604,25.48,1
1614.7443461418152,25.62,1
1616.078676700592,25.62,1
1617.4987206459045,25.59,1
1618.9074003696442,25.62,1
1620.3214678764343,25.66,1
1621.6644232273102,25.66,1
1623.0820033550262,25.62,1
1624.4963672161102,25.66,1
1625.912808418274,25.59,1
1627.315022468567,25.59,1
1628.7295565605164,25.62,1
1630.1476798057556,25.72,1
1631.5579340457916,25.83,1
1632.9715733528137,25.59,1
1634.3085222244263,25.66,1
1635.7233426570892,25.66,1
1637.1388580799103,25.66,1
1638.5522711277008,25.72,1
1639.9535765647888,25.72,1
1641.371458530426,25.69,1
1642.718722820282,25.62,1
1644.1242015361786,25.59,1
1645.5414414405823,25.66,1
1646.9589488506317,25.72,1
1648.3596632480621,25.86,1
1649.7798948287964,25.76,1
1651.1980862617493,25.66,1
1652.6069133281708,25.66,1
1654.0231368541718,25.76,1
1655.42999958992,25.69,1
1656.8382103443146,25.97,1
1658.2532999515533,25.79,1
1659.6668491363525,25.86,1
1661.073565006256,25.9,1
1662.4916033744812,25.86,1
1663.9085817337036,25.9,1
1665.3119428157806,25.97,1
1666.6660737991333,25.83,1
1668.0793414115906,25.79,1
1669.4245455265045,25.79,1
1670.836580991745,26.0,1
1672.2520356178284,25.83,1
1673.650398492813,25.83,1
1675.005441904068,25.93,1
1676.3444650173187,25.86,1
1677.7488873004913,25.79,1
1679.166230916977,25.97,1
1680.583245754242,25.9,1
1681.9904289245605,25.86,1
1683.4121313095093,25.97,1
1684.75221824646,25.9,1
1686.0947930812836,25.86,1
1687.4998545646667,25.76,1
1688.9167189598083,25.83,1
1690.3361785411835,25.93,1
1691.7404618263245,25.83,1
1693.159985780716,25.83,1
1694.4993560314178,25.83,1
1695.8423790931702,25.83,1
1697.1803312301636,25.83,1
1698.5979526042938,25.86,1
1700.0140435695648,25.86,1
1701.432361125946,26.0,1
1702.7665359973907,25.9,1
1704.1862490177155,25.79,1
1705.5894532203674,25.86,1
1706.9434962272644,25.86,1
1708.286055803299,25.9,1
1709.6912426948547,25.83,1
1711.0339856147766,25.93,1
1712.4508788585663,25.9,1
1713.7990317344666,25.97,1
1715.2150690555573,26.0,1
1716.5594398975372,25.93,1
1717.9607682228088,25.83,1
1719.379427433014,26.0,1
1720.7977757453918,25.97,1
1722.2091300487518,25.83,1
1723.6241543293,25.93,1
1724.9619464874268,25.9,1
1726.3799226284027,25.93,1
1727.7890448570251,25.9,1
1729.1300230026245,25.9,1
1730.5405662059784,25.93,1
1731.9582679271698,25.9,1
1733.2979323863983,25.86,1
1734.7157819271088,25.83,1
1736.1314318180084,25.9,1
1737.542073249817,25.93,1
1738.957142829895,25.86,1
1740.3609790802002,26.0,1
1741.7774422168732,25.97,1
1743.1971929073334,25.93,1
1744.5343647003174,25.83,1
1745.9535837173462,26.0,1
1747.356299161911,25.97,1
1748.7737848758698,25.86,1
1750.1928582191467,25.83,1
1751.6016206741333,25.9,1
1753.0192489624023,25.93,1
1754.3578596115112,25.9,1
1755.7026495933533,25.97,1
1757.1139245033264,25.83,1
1758.53040599823,25.97,1
1759.9291825294495,25.9,1
1761.3503818511963,25.93,1
1762.7542569637299,25.9,1
1764.174817085266,25.83,1
1765.5897216796875,25.86,1
1766.9957346916199,25.76,1
1768.409503698349,25.86,1
1769.8279793262482,26.0,1
1771.2406408786774,25.83,1
1772.5851953029633,25.83,1
1773.9920010566711,25.9,1
1775.333552122116,25.83,1
1776.7557084560394,25.83,1
1778.168352842331,25.93,1
1779.58007478714,25.93,1
1780.9828000068665,25.97,1
1782.3985409736633,25.97,1
1783.7525894641876,25.9,1
1785.1560008525848,25.79,1
1786.4962031841278,26.0,1
1787.9199466705322,25.93,1
1789.327553510666,25.79,1
1790.7443313598633,26.0,1
1792.1468555927277,26.03,1
1793.5636501312256,26.03,1
1794.9807906150818,25.97,1
1796.3994846343994,25.9,1
1797.8119659423828,26.03,1
1799.2212889194489,25.93,1
1800.5595746040344,25.93,1
1801.983533859253,26.0,1
1803.3915576934814,25.93,1
1804.7327971458435,25.9,1
1806.144856929779,26.0,1
1807.5596034526825,26.0,1
1808.9756622314453,25.97,1
1810.3784065246582,25.97,1
1811.7922801971436,25.93,1
1813.1432781219482,26.0,1
1814.483517408371,25.9,1
1815.8260371685028,25.97,1
1817.2450730800629,25.93,1
1818.6588022708893,25.9,1
1820.062927722931,25.97,1
1821.481749534607,25.97,1
1822.8931527137756,25.93,1
1824.23113155365,25.97,1
1825.6483170986176,25.86,1
1827.0645797252655,25.93,1
1828.4678180217743,25.9,1
1829.8857185840607,25.93,1
1831.3089134693146,25.9,1
1832.717425107956,25.86,1
1834.057725906372,25.9,1
1835.4724814891815,25.86,1
1836.8913314342499,25.86,1
1838.2941727638245,25.79,1
1839.7148249149323,25.83,1
1841.1173207759857,25.9,1
1842.5393207073212,25.93,1
1849.8543283939362,-2.48,0
1851.1572880744934,-2.45,0
1852.462527513504,-2.38,0
1853.7666680812836,-2.38,0
1855.0753026008606,-2.41,0
1856.381528377533,-2.38,0
1857.7079310417175,-2.24,0
1859.0634140968323,-2.21,0
1863.6366622447968,37.07,1
1865.054251909256,29.97,1
1866.3953175544739,26.79,1
1867.8050446510315,25.9,1
1869.1461338996887,25.76,1
1870.5640153884888,25.69,1
1871.980045557022,25.62,1
1873.3782420158386,25.59,1
1874.7895483970642,25.52,1
1876.2168197631836,25.52,1
1877.5508487224579,25.55,1
1878.9588029384613,25.55,1
1880.3758070468903,25.55,1
1881.715604543686,25.55,1
1883.1360914707184,25.45,1
1884.553855419159,25.41,1
1885.9561855793,25.45,1
1887.3118045330048,25.48,1
1888.6504757404327,25.45,1
1889.9890403747559,25.48,1
1891.4045779705048,25.38,1
1892.8231105804443,25.45,1
1894.2261826992035,25.52,1
1895.646499156952,25.41,1
1897.064265012741,25.41,1
1898.4632558822632,25.41,1
1899.8845553398132,25.48,1
1901.2895250320435,25.48,1
1902.7110738754272,25.45,1
1904.113408088684,25.38,1
1905.5307223796844,25.48,1
1906.9483058452606,25.45,1
1908.3583064079285,25.45,1
1909.7771971225739,25.52,1
1911.186779975891,25.41,1
1912.589770078659,25.41,1
1914.0152995586395,25.34,1
1915.4242115020752,25.38,1
1916.8270468711853,25.24,1
1918.247358083725,25.31,1
1919.652014017105,25.38,1
1921.0698249340057,25.41,1
1922.488997220993,25.48,1
1923.8949897289276,25.38,1
1925.311075925827,25.34,1
1926.7147822380066,25.38,1
1928.1388947963715,25.48,1
1929.5530169010162,25.28,1
1930.961480140686,25.34,1
1932.380048751831,25.38,1
1933.7166585922241,25.48,1
1935.1242163181305,25.45,1
1936.545833349228,25.28,1
1937.9527282714844,25.38,1
1939.368414402008,25.38,1
1940.7878863811493,25.45,1
1942.1905298233032,25.59,1
1943.5996758937836,25.45,1
1945.0169718265533,25.41,1
1946.436057806015,25.38,1
1947.8464460372925,25.45,1
1949.2484679222107,25.45,1
1950.6652479171753,25.55,1
1952.0859832763672,25.41,1
1953.4905853271484,25.55,1
1954.913791179657,25.38,1
1956.3271932601929,25.48,1
1957.7309849262238,25.41,1
1959.1449427604675,25.38,1
1960.5627961158752,25.41,1
1961.9044063091278,25.41,1
1963.3079845905304,25.24,1
1964.7165105342865,25.38,1
1966.1332473754883,25.28,1
1967.5562405586243,25.41,1
1968.967877626419,25.28,1
1970.3703079223633,25.41,1
1971.7894263267517,25.31,1
1973.1965746879578,25.28,1
1974.614774465561,25.24,1
1976.0208756923676,25.28,1
1977.4373905658722,25.28,1
1978.858867406845,25.17,1
1980.2593042850494,25.17,1
1981.6797289848328,25.1,1
1983.0913569927216,25.1,1
1984.5018212795258,25.07,1
1985.9137682914734,25.07,1
1987.330400943756,25.28,1
1988.7385895252228,25.24,1
1990.1568167209625,25.14,1
1991.558824300766,25.07,1
1992.9814991950989,25.07,1
1994.3966796398163,25.07,1
1995.8035416603088,25.03,1
1997.2077260017395,25.0,1
1998.6268875598907,25.1,1
2000.0452799797058,25.0,1
2001.452420949936,24.93,1
2002.8631944656372,24.86,1
2004.2777905464172,24.9,1
2005.6922323703766,24.83,1
2007.1103518009186,24.86,1
2008.5106568336487,24.86,1
2009.9248068332672,24.86,1
2011.3431355953217,24.79,1
2012.7596271038055,24.93,1
2014.1728827953339,24.83,1
2015.5863771438599,24.79,1
2016.9960896968842,24.93,1
2018.398677110672,24.9,1
2019.8173940181732,24.9,1
2021.236900806427,24.83,1
2022.638687133789,24.72,1
2024.0519471168518,24.83,1
2025.469619512558,24.97,1
2026.8873431682587,25.03,1
2028.2914974689484,25.31,1
2029.7132694721222,25.31,1
2031.1210041046143,25.21,1
2032.5291731357574,25.14,1
2033.9468297958374,25.17,1
2035.349948644638,25.21,1
2036.7735106945038,25.17,1
2038.188956975937,25.24,1
2039.5936098098755,25.21,1
2041.0053787231445,25.14,1
2042.4204783439636,25.21,1
2043.836796760559,25.14,1
2045.2461149692535,25.14,1
2046.663190126419,25.1,1
2048.06613945961,25.14,1
2049.483598470688,25.14,1
2050.9019412994385,25.14,1
2052.304771900177,25.07,1
2053.7159163951874,25.21,1
2055.131550550461,25.14,1
2056.551411151886,25.17,1
2057.9557554721832,24.97,1
2059.3748667240143,25.03,1
2060.7766065597534,25.07,1
2062.194385766983,25.1,1
2063.6148250102997,25.0,1
2065.018747806549,25.07,1
2066.4264826774597,25.14,1
2067.849876642227,25.17,1
2069.2510857582092,25.1,1
2070.67005777359,25.03,1
2072.0728554725647,25.14,1
2073.4984889030457,24.97,1
2074.9043991565704,25.14,1
2076.323611497879,25.14,1
2077.727696418762,25.03,1
2079.145159482956,25.0,1
2080.5627629756927,25.07,1
2081.9657514095306,25.14,1
2083.3867247104645,25.07,1
2084.791195869446,25.07,1
2086.2052958011627,25.07,1
2087.612350463867,25.03,1
2089.032342672348,25.07,1
2090.4326961040497,25.07,1
2091.8471789360046,25.17,1
2093.262042284012,25.1,1
2094.681396007538,25.03,1
2096.0924966335297,25.14,1
2097.4995441436768,25.03,1
2098.913464784622,25.24,1
2100.3301105499268,25.0,1
2101.733009338379,25.03,1
2103.152113199234,25.1,1
2104.5651359558105,25.1,1
2105.9676809310913,25.07,1
2107.386325120926,25.1,1
2108.8067066669464,25.0,1
2110.2099657058716,25.17,1
2111.630074262619,25.1,1
2113.0407598018646,25.1,1
2114.445428133011,25.03,1
2115.8650414943695,25.07,1
2117.2647364139557,25.1,1
2118.689475297928,25.14,1
2120.0917489528656,25.07,1
2121.5081915855408,25.21,1
2122.9230625629425,25.21,1
2124.3263835906982,25.17,1
2125.7508265972137,25.17,1
2127.1634299755096,25.31,1
2128.573823928833,25.31,1
2129.9854447841644,25.31,1
2131.3954434394836,25.31,1
2132.8114960193634,25.34,1
2134.224643945694,25.38,1
2135.6367666721344,25.45,1
2137.048762321472,26.07,1
2138.460230588913,26.07,1
2139.8737235069275,26.03,1
2141.2842750549316,26.0,1
2142.6864490509033,26.03,1
2144.1014099121094,26.07,1
2145.5119502544403,26.1,1
2146.925982952118,26.14,1
2148.3369042873383,26.03,1
2149.7497951984406,25.93,1
2151.15319275856,26.1,1
2152.5709562301636,26.03,1
2153.9814128875732,26.0,1
2155.3987560272217,26.1,1
2156.8005151748657,26.1,1
2158.2248573303223,26.03,1
2159.626553297043,26.17,1
2161.0397231578827,26.14,1
2162.457534790039,25.79,1
2163.858239173889,26.0,1
2165.2811410427094,26.55,1
2166.690527200699,26.17,1
2168.1064491271973,26.24,1
2169.5048353672028,26.21,1
2170.9254944324493,26.21,1
2172.342677593231,26.28,1
2173.751147508621,26.14,1
2175.153042078018,26.17,1
2176.567718744278,26.31,1
2177.9878017902374,26.28,1
2179.398307323456,26.31,1
2180.7998588085175,26.21,1
