1.1014389991760254,-1.86,0
2.3474388122558594,-2.03,0
3.5549933910369873,-1.97,0
4.760147333145142,-2.0,0
9.33380126953125,-7.03,1
10.678777694702148,-1.79,1
12.091171026229858,1.07,1
13.501197338104248,1.72,1
14.903670072555542,1.9,1
16.32104730606079,2.28,1
17.660926580429077,2.48,1
19.012489080429077,2.59,1
20.34816861152649,2.9,1
21.768707752227783,3.14,1
23.185933351516724,3.07,1
24.524329662322998,3.45,1
25.939661741256714,3.52,1
27.343331336975098,3.83,1
28.75908899307251,3.97,1
30.175244569778442,4.07,1
31.59282898902893,4.52,1
32.995901107788086,4.83,1
34.35261821746826,2.55,1
35.69344687461853,4.03,1
37.10835838317871,4.79,1
38.51059556007385,5.41,1
39.929014921188354,3.07,1
41.33439254760742,4.52,1
42.756091356277466,2.79,1
44.159101486206055,4.45,1
45.579354763031006,5.59,1
46.98315453529358,3.76,1
48.40300250053406,5.34,1
49.82209849357605,4.07,1
51.22608399391174,5.45,1
52.57827377319336,4.24,1
53.92014265060425,6.0,1
55.32984495162964,4.41,1
56.7454776763916,5.76,1
58.14661979675293,4.79,1
59.564971685409546,6.31,1
60.91605520248413,5.17,1
62.33037972450256,6.69,1
63.7304003238678,5.31,1
65.08327579498291,6.97,1
66.42127704620361,5.72,1
67.7657220363617,7.28,1
69.119624376297,6.03,1
70.53112316131592,7.48,1
71.87526726722717,6.07,1
73.21320247650146,5.69,1
74.55362486839294,5.52,1
75.91046500205994,5.76,1
77.24912214279175,5.21,1
78.59594941139221,6.66,1
79.99785780906677,5.97,1
81.41443252563477,7.69,1
82.76605772972107,6.55,1
84.10660886764526,6.21,1
85.52398300170898,6.24,1
86.93719434738159,6.17,1
88.27951049804688,7.34,1
89.6143434047699,6.72,1
90.97049689292908,6.38,1
92.37012648582458,8.59,1
93.72435712814331,6.97,1
95.12744522094727,6.69,1
96.54431676864624,8.79,1
97.96296906471252,7.48,1
99.36624789237976,9.17,1
100.78744983673096,7.52,1
102.19112181663513,7.24,1
103.61685490608215,9.21,1
105.01986861228943,8.24,1
106.44039106369019,7.55,1
107.78644824028015,7.55,1
109.18465662002563,7.62,1
110.60036182403564,7.59,1
112.01717710494995,7.48,1
113.44274544715881,8.69,1
114.84648537635803,7.93,1
116.19060587882996,7.79,1
117.60016083717346,7.83,1
119.00671482086182,9.76,1
120.4231927394867,8.48,1
121.84013199806213,8.21,1
123.25716042518616,8.07,1
124.65490651130676,8.14,1
126.07609701156616,9.62,1
127.48873090744019,8.41,1
128.89299869537354,8.38,1
130.3170199394226,8.17,1
131.72103667259216,8.21,1
133.07652831077576,8.38,1
134.47826075553894,9.69,1
135.90230512619019,8.79,1
137.3042242527008,8.52,1
138.72011971473694,8.55,1
140.13091444969177,8.55,1
141.54952478408813,8.62,1
142.9683825969696,10.34,1
144.370756149292,9.17,1
145.78881192207336,8.9,1
147.19189763069153,8.86,1
148.6063711643219,8.86,1
150.0198061466217,8.83,1
151.44297814369202,8.83,1
152.85400366783142,8.93,1
154.26766276359558,10.41,1
155.68091344833374,9.34,1
157.08418011665344,9.24,1
158.5004346370697,9.21,1
159.91551041603088,9.1,1
161.25419902801514,9.0,1
162.67561650276184,9.1,1
164.0883069038391,10.55,1
165.48783230781555,9.93,1
166.91331005096436,9.41,1
168.32408785820007,9.31,1
169.72638416290283,9.28,1
171.15115070343018,9.28,1
172.5530824661255,9.28,1
173.90761852264404,9.21,1
175.25577592849731,9.28,1
176.65752911567688,9.24,1
178.06471848487854,9.21,1
179.484712600708,9.14,1
180.90125799179077,9.17,1
182.31658148765564,11.17,1
183.7172713279724,10.1,1
185.13894629478455,9.52,1
186.48649883270264,9.45,1
187.88966035842896,9.45,1
189.3056502342224,9.62,1
190.71926999092102,9.38,1
192.05987453460693,9.55,1
193.4111111164093,9.34,1
194.74658679962158,9.31,1
196.10030913352966,9.69,1
197.43986701965332,9.31,1
198.84325170516968,9.45,1
200.18945026397705,9.28,1
201.61065316200256,9.38,1
203.014342546463,9.31,1
204.43014287948608,9.28,1
205.84439730644226,9.24,1
207.26114702224731,10.97,1
208.60449719429016,10.07,1
210.0168640613556,9.72,1
211.43347477912903,9.48,1
212.83304977416992,9.48,1
214.25218844413757,9.52,1
215.66421627998352,9.48,1
217.08220624923706,9.45,1
218.41998767852783,9.24,1
219.8368878364563,9.34,1
221.2496166229248,9.28,1
222.65262174606323,9.34,1
224.07332348823547,9.66,1
225.4778184890747,9.45,1
226.90011310577393,9.41,1
228.23663687705994,9.52,1
229.65176725387573,9.41,1
231.0687735080719,9.28,1
232.47287917137146,11.21,1
233.82367706298828,10.62,1
235.23799777030945,9.76,1
236.65264987945557,9.62,1
238.0563817024231,9.59,1
239.39776396751404,9.62,1
240.81531310081482,9.55,1
242.23274850845337,9.55,1
243.65071940422058,9.62,1
244.98690176010132,9.59,1
246.40309977531433,9.59,1
247.82256269454956,9.59,1
249.22673845291138,9.45,1
250.63428807258606,9.45,1
252.05437898635864,9.62,1
259.41285586357117,-2.52,0
260.72719264030457,-2.38,0
262.0339081287384,-2.28,0
263.359249830246,-2.21,0
264.66553139686584,-2.14,0
265.9797577857971,-2.17,0
267.30132508277893,-2.1,0
268.6752030849457,-2.03,0
273.26228427886963,144.1,1
274.6754219532013,40.07,1
276.08711409568787,26.83,1
277.48720502853394,24.59,1
278.90299248695374,23.1,1
280.31651043891907,22.31,1
281.7302072048187,21.62,1
283.1452224254608,20.76,1
284.56280040740967,20.38,1
285.90515518188477,21.38,1
287.3070673942566,19.76,1
288.72293615341187,20.07,1
290.14046263694763,18.48,1
291.54545521736145,18.83,1
298.9353325366974,-2.41,0
300.24402689933777,-2.31,0
301.56219601631165,-2.24,0
302.88574624061584,-2.21,0
304.2064805030823,-2.17,0
305.52776765823364,-2.07,0
306.8435015678406,-2.1,0
308.1609330177307,-2.07,0
312.7895202636719,-6.41,1
314.19802236557007,0.9,1
315.6186604499817,1.76,1
317.03929376602173,4.41,1
