1.106295108795166,-1.83,0
2.3486361503601074,-1.86,0
3.556992530822754,-1.76,0
4.758199453353882,-1.79,0
9.333699703216553,165.86,1
10.756382703781128,145.72,1
12.168086290359497,143.0,1
13.582699298858643,141.79,1
20.887579202651978,-1.83,0
22.240756511688232,-1.79,0
23.548738718032837,-1.62,0
24.851101636886597,-1.72,0
26.172789812088013,-1.62,0
27.491705179214478,-1.72,0
28.79892086982727,-1.72,0
30.117513179779053,-1.66,0
34.72781848907471,230.31,1
36.134055614471436,239.38,1
37.48432517051697,238.03,1
38.818302154541016,238.69,1
46.133968353271484,-1.9,0
47.43534564971924,-1.86,0
48.75067400932312,-1.93,0
50.06724309921265,-1.86,0
51.38347935676575,-1.86,0
52.735193490982056,-1.9,0
54.03466510772705,-1.9,0
55.35029649734497,-1.86,0
59.94531464576721,253.97,1
61.35726308822632,269.97,1
62.76819586753845,266.45,1
64.18295621871948,256.41,1
71.48314785957336,-1.86,0
72.80004549026489,-1.9,0
74.09985303878784,-1.86,0
75.40171337127686,-1.83,0
76.71705794334412,-1.86,0
78.01668787002563,-1.83,0
79.32754516601562,-1.83,0
80.63329672813416,-1.83,0
85.26563906669617,275.93,1
86.66895484924316,252.41,1
88.01645803451538,252.14,1
89.36690711975098,252.76,1
90.76894974708557,225.07,1
92.12093472480774,192.76,1
99.41685461997986,-2.17,0
100.73900318145752,-2.03,0
102.08010458946228,-1.97,0
103.3931519985199,-1.93,0
104.70758390426636,-2.0,0
106.02037954330444,-1.93,0
107.33367848396301,-1.93,0
108.63618683815002,-1.93,0
113.21777391433716,241.62,1
114.63633108139038,301.9,1
116.05257320404053,283.97,1
117.45240044593811,276.45,1
118.86945176124573,225.38,1
120.29045104980469,186.0,1
121.70076107978821,150.9,1
129.017475605011,-1.93,0
130.3343825340271,-1.93,0
