1.102254867553711,-1.52,0
2.3487699031829834,-1.55,0
3.5562617778778076,-1.48,0
4.758117198944092,-1.59,0
9.34272289276123,-6.52,1
10.6874520778656,-1.24,1
12.095205545425415,-0.59,1
13.511428833007812,1.17,1
14.85134243965149,0.17,1
16.26841425895691,1.76,1
17.597840547561646,0.79,1
18.952770471572876,0.31,1
20.290887355804443,1.83,1
21.70697259902954,1.28,1
23.113890409469604,2.45,1
24.532599925994873,1.76,1
25.87051296234131,1.41,1
27.286397218704224,2.55,1
28.639797687530518,1.76,1
30.04068613052368,1.72,1
31.392656564712524,2.97,1
32.808104276657104,2.03,1
34.146888256073,1.83,1
35.56117582321167,3.86,1
36.89958667755127,2.55,1
38.317848920822144,2.14,1
39.73529291152954,4.55,1
41.136290311813354,3.34,1
42.48862314224243,2.83,1
43.902002811431885,2.55,1
45.246947050094604,4.86,1
46.64871597290039,3.76,1
48.059595346450806,3.38,1
49.478206396102905,3.17,1
50.89665246009827,3.17,1
52.30448317527771,3.55,1
53.724200963974,5.31,1
55.13163876533508,4.31,1
56.54150390625,4.03,1
57.95998954772949,3.79,1
59.37653207778931,3.83,1
60.77777051925659,3.79,1
62.18842267990112,3.69,1
63.607237339019775,5.97,1
65.01364517211914,5.07,1
66.369788646698,4.62,1
67.71047878265381,4.28,1
69.12705183029175,4.24,1
70.53039288520813,4.14,1
71.95480465888977,4.17,1
73.29248595237732,4.21,1
74.69881868362427,6.24,1
76.05244421958923,5.41,1
77.46383786201477,4.86,1
78.86914229393005,4.72,1
80.28527307510376,4.66,1
81.7019739151001,4.59,1
83.10365915298462,4.45,1
84.52084517478943,4.52,1
85.9406955242157,4.38,1
87.35273623466492,4.38,1
88.75545501708984,4.41,1
90.17988657951355,4.45,1
91.58234477043152,4.48,1
92.99253153800964,4.41,1
94.41277718544006,4.45,1
95.76354598999023,4.45,1
97.16178035736084,4.41,1
98.58290648460388,4.41,1
100.00106739997864,4.45,1
101.40852403640747,4.76,1
102.82336330413818,4.55,1
104.2341878414154,4.52,1
105.6380250453949,4.66,1
106.99270677566528,4.52,1
108.39750552177429,4.41,1
109.75069284439087,4.41,1
111.15268397331238,6.03,1
112.57443737983704,5.52,1
113.99041795730591,5.0,1
115.39408373832703,4.83,1
116.80734825134277,4.9,1
118.22585225105286,4.76,1
119.63911032676697,4.76,1
121.03826355934143,4.76,1
122.45448994636536,4.93,1
123.87020874023438,4.83,1
125.28867292404175,4.86,1
126.70456576347351,4.83,1
128.10458993911743,4.9,1
129.5222008228302,4.86,1
136.82456398010254,-2.1,0
138.1463589668274,-2.03,0
139.4983615875244,-2.0,0
140.808420419693,-2.0,0
142.11645221710205,-2.0,0
143.42416524887085,-2.0,0
144.7461850643158,-2.0,0
146.0601077079773,-1.97,0
150.66357898712158,-7.07,1
152.08180260658264,-1.48,1
153.49970269203186,0.41,1
154.9003255367279,1.62,1
156.31674098968506,1.83,1
157.72827434539795,2.1,1
159.14518094062805,2.59,1
160.55442428588867,3.17,1
161.89380049705505,3.76,1
163.31848001480103,4.38,1
164.66204190254211,4.97,1
165.99961948394775,3.1,1
167.41781759262085,4.69,1
168.81898045539856,5.48,1
170.17478442192078,4.03,1
171.50524520874023,5.66,1
172.85818338394165,4.52,1
174.27675485610962,6.31,1
175.61788630485535,5.28,1
176.96349573135376,6.9,1
178.29879117012024,5.9,1
179.65263557434082,7.83,1
181.0552167892456,6.41,1
182.39998197555542,6.03,1
183.82049345970154,6.17,1
185.22315645217896,6.55,1
186.64138531684875,7.48,1
187.99352359771729,7.0,1
189.33015537261963,6.93,1
190.68234634399414,8.93,1
192.08445739746094,8.14,1
193.502779006958,8.03,1
194.84212827682495,8.03,1
196.26090097427368,8.21,1
197.67094254493713,8.62,1
199.08713626861572,8.52,1
200.50127387046814,8.79,1
201.90912342071533,8.9,1
203.32590413093567,9.1,1
204.73926210403442,9.28,1
206.15096259117126,9.45,1
207.56735706329346,9.79,1
208.9747395515442,9.79,1
210.39124846458435,9.83,1
211.7928910255432,10.0,1
213.2137966156006,10.07,1
214.61911606788635,10.14,1
216.03999185562134,10.21,1
217.45738792419434,10.24,1
218.86193108558655,10.24,1
220.20062637329102,10.48,1
221.62039589881897,10.38,1
223.03611660003662,10.48,1
224.4450306892395,10.69,1
225.85409784317017,10.72,1
227.276850938797,10.79,1
228.67784905433655,10.83,1
230.03456258773804,10.86,1
231.43851685523987,9.55,1
232.8569474220276,10.1,1
234.2588677406311,10.28,1
235.680739402771,10.45,1
237.0814073085785,10.48,1
238.50730776786804,10.48,1
239.92263793945312,10.41,1
241.32504749298096,10.48,1
242.74120950698853,10.48,1
244.16052436828613,10.41,1
245.5628786087036,10.41,1
246.98036670684814,10.45,1
248.39084124565125,10.41,1
249.80215311050415,10.48,1
251.21947932243347,10.48,1
252.63600158691406,10.31,1
254.03681111335754,10.31,1
255.45560431480408,10.38,1
256.87354731559753,10.34,1
258.28223872184753,10.14,1
259.7004864215851,10.07,1
261.10868072509766,10.14,1
262.5258824825287,9.59,1
263.9292109012604,9.41,1
265.3487150669098,9.31,1
266.76553988456726,9.38,1
268.17390847206116,9.28,1
269.58420062065125,9.38,1
271.002671957016,9.38,1
272.4114992618561,9.28,1
273.8133318424225,9.28,1
275.23104453086853,9.24,1
276.64870524406433,9.34,1
278.0649929046631,9.38,1
279.4694490432739,9.34,1
280.8853032588959,9.66,1
282.3012263774872,9.62,1
283.70184659957886,9.52,1
285.11506366729736,9.72,1
286.53138518333435,9.69,1
287.9509873390198,9.62,1
289.35414719581604,9.45,1
290.77147364616394,9.62,1
292.17847537994385,9.48,1
293.59998750686646,10.79,1
295.0136089324951,10.17,1
296.42998456954956,10.24,1
297.84353613853455,10.55,1
299.24385476112366,10.72,1
300.65896916389465,9.79,1
302.0801692008972,10.1,1
303.4810013771057,10.41,1
304.89874839782715,10.31,1
306.31717467308044,9.93,1
307.7287313938141,10.03,1
309.137423992157,10.07,1
310.5450367927551,10.1,1
311.96345567703247,10.03,1
313.3789837360382,10.14,1
314.7813105583191,10.28,1
316.19714188575745,10.41,1
317.61337780952454,10.55,1
319.03146147727966,10.59,1
320.4345166683197,10.59,1
321.78769874572754,10.62,1
323.1982865333557,10.69,1
324.60557198524475,10.72,1
326.02234387397766,10.9,1
327.4408543109894,10.9,1
328.8439841270447,10.93,1
330.2588801383972,11.03,1
331.6011049747467,10.03,1
333.00994062423706,10.59,1
334.42466020584106,10.66,1
335.83979082107544,10.69,1
337.25764560699463,10.72,1
338.67486548423767,10.55,1
340.0793857574463,10.72,1
341.49407863616943,10.59,1
342.89912247657776,10.48,1
344.3160231113434,10.48,1
345.7292494773865,10.48,1
347.1488764286041,10.59,1
348.5665428638458,10.38,1
349.9672474861145,10.24,1
351.38736033439636,10.28,1
352.80246210098267,10.14,1
354.1411306858063,10.17,1
361.4475567340851,-2.03,0
362.77400279045105,-1.97,0
364.098112821579,-1.9,0
365.40453028678894,-1.93,0
366.7246963977814,-2.03,0
368.0298502445221,-2.0,0
369.3386137485504,-1.97,0
370.64653038978577,-2.0,0
375.2770380973816,-6.79,1
376.63363695144653,-1.34,1
378.03585743904114,1.86,1
379.39053416252136,2.14,1
380.72764706611633,3.07,1
382.1486442089081,5.59,1
383.5590579509735,5.17,1
384.960729598999,5.31,1
386.3752360343933,5.97,1
387.7983601093292,6.69,1
389.21065497398376,7.45,1
390.61204171180725,8.21,1
392.0333249568939,9.52,1
393.4490029811859,10.59,1
394.85351395606995,9.21,1
396.2708694934845,11.28,1
397.673903465271,10.14,1
399.0988368988037,10.41,1
400.51036620140076,12.03,1
401.91904640197754,11.48,1
403.33856892585754,11.48,1
404.7381064891815,11.59,1
406.1557927131653,13.34,1
407.5081784725189,12.76,1
408.90713000297546,12.59,1
410.3333854675293,15.1,1
411.66430377960205,14.34,1
413.0124135017395,14.34,1
414.43262338638306,14.21,1
415.7717912197113,14.34,1
417.1904911994934,14.52,1
418.5931599140167,14.79,1
419.9449303150177,15.03,1
421.28406023979187,15.28,1
422.7008287906647,15.45,1
424.03910636901855,15.66,1
425.4568929672241,15.86,1
426.87012934684753,15.66,1
428.28203320503235,16.34,1
429.61726665496826,15.86,1
431.03147768974304,16.48,1
432.3860354423523,17.0,1
433.7873330116272,17.41,1
435.1294836997986,18.14,1
436.54913210868835,18.34,1
437.96338653564453,17.24,1
439.3764262199402,17.93,1
440.7123303413391,17.83,1
442.12926602363586,15.93,1
443.46996665000916,16.79,1
444.82448863983154,17.03,1
446.23332166671753,17.0,1
447.6358506679535,16.83,1
449.057080745697,16.45,1
450.4683268070221,16.55,1
451.80960845947266,15.1,1
453.23621559143066,15.76,1
454.5767345428467,15.86,1
455.9155263900757,15.86,1
457.3336503505707,15.9,1
458.73590540885925,15.83,1
460.154771566391,15.93,1
461.5706624984741,15.9,1
468.86246848106384,-1.97,0
470.1713583469391,-1.93,0
471.47990345954895,-2.0,0
472.79132533073425,-1.97,0
474.0966999530792,-1.97,0
475.40616631507874,-2.0,0
476.7469766139984,-1.97,0
478.06365156173706,-1.97,0
482.6672320365906,-5.55,1
484.08665561676025,1.03,1
485.4897437095642,4.45,1
486.9131236076355,7.31,1
488.31229424476624,9.59,1
489.7289319038391,9.72,1
491.14558720588684,10.52,1
492.5643277168274,11.69,1
493.96829199790955,12.9,1
495.3900628089905,14.21,1
496.7995517253876,15.69,1
498.214017868042,14.83,1
499.6193768978119,16.59,1
501.0324456691742,15.93,1
502.44751167297363,18.1,1
503.86489033699036,17.59,1
505.27353978157043,17.21,1
506.68193459510803,19.52,1
508.094037771225,18.79,1
509.5113549232483,18.52,1
510.91635274887085,18.45,1
512.3383860588074,18.55,1
513.7517852783203,18.41,1
515.1601240634918,18.52,1
516.5789518356323,18.34,1
517.9779176712036,18.55,1
519.3960561752319,20.0,1
520.8165230751038,19.28,1
522.2197675704956,19.0,1
523.6398549079895,18.97,1
525.0417575836182,19.0,1
526.4628043174744,19.03,1
527.875491142273,19.07,1
529.2918772697449,19.07,1
530.7009363174438,18.97,1
532.1117315292358,19.38,1
533.5335247516632,19.21,1
534.9352254867554,19.21,1
536.3514721393585,19.24,1
537.7631754875183,21.17,1
539.1786556243896,20.59,1
540.5812726020813,19.52,1
542.0025770664215,19.79,1
543.4081766605377,19.79,1
544.8273730278015,19.83,1
546.2470102310181,20.86,1
547.6544232368469,20.59,1
549.072585105896,20.52,1
550.477659702301,20.48,1
551.8963232040405,19.48,1
553.2999489307404,19.97,1
554.7149484157562,20.14,1
556.1350383758545,20.03,1
557.5358779430389,20.17,1
558.9524946212769,20.24,1
560.3699254989624,20.17,1
561.7765007019043,20.21,1
563.1951513290405,20.17,1
564.6026787757874,20.24,1
566.0115172863007,20.07,1
567.4292376041412,20.0,1
568.848299741745,19.93,1
570.2593891620636,19.97,1
577.5591778755188,-1.93,0
578.8830351829529,-1.93,0
580.2358512878418,-2.0,0
581.5603811740875,-1.9,0
582.8766412734985,-2.0,0
584.1941401958466,-2.0,0
585.5112726688385,-1.97,0
586.8312017917633,-1.86,0
591.4244530200958,-5.1,1
592.8251633644104,2.83,1
594.244785785675,6.48,1
595.6599898338318,9.03,1
597.0698318481445,11.45,1
598.4828314781189,14.14,1
599.896829366684,14.48,1
601.3131403923035,15.14,1
602.7165124416351,16.45,1
604.1365900039673,17.55,1
605.5372126102448,18.97,1
606.9529175758362,20.38,1
608.3632373809814,19.24,1
609.7825655937195,20.79,1
611.2037596702576,20.1,1
612.6080689430237,22.24,1
614.026805639267,21.31,1
615.430566072464,23.1,1
616.8474113941193,22.17,1
618.2542626857758,21.9,1
619.6743412017822,21.93,1
621.0912568569183,23.97,1
622.4955835342407,23.24,1
623.9111974239349,23.21,1
625.3154392242432,23.1,1
626.727926492691,23.03,1
628.1421270370483,23.48,1
629.5562081336975,25.17,1
630.9789764881134,24.52,1
632.3903861045837,24.34,1
633.8033576011658,24.21,1
635.2068386077881,24.28,1
636.6250514984131,24.31,1
638.0297317504883,24.21,1
639.3877902030945,24.62,1
640.7918720245361,24.76,1
642.2079288959503,24.38,1
643.6230518817902,25.52,1
645.0253899097443,24.28,1
646.3810186386108,23.86,1
647.7881631851196,23.41,1
649.2095770835876,23.52,1
650.6217563152313,25.31,1
651.9570620059967,24.69,1
653.307398557663,24.97,1
654.7177188396454,25.07,1
656.1197006702423,25.48,1
657.5445311069489,25.62,1
658.9543588161469,26.0,1
660.3652172088623,25.38,1
661.7852103710175,26.03,1
663.1866137981415,25.79,1
664.6024055480957,25.69,1
666.0218379497528,25.69,1
667.4362142086029,25.66,1
668.7745504379272,25.48,1
670.1847670078278,25.38,1
671.6016373634338,26.28,1
673.0138475894928,26.9,1
674.429780960083,26.93,1
675.8295576572418,26.48,1
677.2473092079163,26.0,1
678.6650340557098,24.79,1
680.0078694820404,24.62,1
681.4137074947357,24.55,1
682.8342809677124,24.55,1
690.1443910598755,-2.1,0
691.4510855674744,-2.03,0
692.7500584125519,-2.07,0
694.056654214859,-1.97,0
695.3620448112488,-1.93,0
696.6706635951996,-1.97,0
698.0208470821381,-1.9,0
699.3256049156189,-2.0,0
703.9139068126678,-4.17,1
705.3310949802399,3.24,1
706.7458846569061,9.31,1
708.1612672805786,11.21,1
709.5634915828705,13.38,1
710.9884328842163,15.62,1
712.397070646286,17.97,1
713.7439441680908,18.38,1
715.1503026485443,19.28,1
716.4879624843597,20.52,1
717.8479461669922,21.59,1
719.250067949295,22.83,1
720.6646754741669,24.03,1
722.0779643058777,25.48,1
723.4927160739899,24.28,1
724.9087421894073,26.17,1
726.3091149330139,25.31,1
727.721923828125,27.48,1
729.1427145004272,27.31,1
730.5618283748627,27.24,1
731.9612274169922,28.07,1
733.3800404071808,31.9,1
734.7994558811188,31.86,1
736.1368598937988,32.07,1
737.5597462654114,31.38,1
738.9015839099884,31.72,1
740.3134500980377,31.69,1
741.7185389995575,31.55,1
743.1354515552521,31.48,1
744.552001953125,31.48,1
745.952036857605,31.41,1
747.3054285049438,30.24,1
748.7066090106964,30.55,1
750.1214537620544,30.59,1
751.5383148193359,30.48,1
752.951602935791,30.03,1
754.3686110973358,29.55,1
755.7847955226898,29.62,1
757.1852023601532,29.66,1
758.5993762016296,31.24,1
760.0174958705902,31.48,1
761.4342441558838,31.48,1
762.8444366455078,31.55,1
764.2596762180328,31.45,1
765.670994758606,31.69,1
767.0805892944336,32.31,1
768.4894099235535,32.07,1
769.8285992145538,32.31,1
771.2478783130646,32.31,1
772.598477602005,32.07,1
774.0018558502197,31.66,1
775.4194569587708,29.97,1
776.8353736400604,30.45,1
778.2366268634796,30.59,1
779.6544330120087,30.69,1
781.0709586143494,30.72,1
782.4868249893188,30.69,1
783.8972928524017,30.69,1
785.3116528987885,31.21,1
786.7165770530701,31.55,1
788.1252121925354,29.97,1
789.4831535816193,30.41,1
790.8924508094788,30.69,1
798.1915776729584,-1.9,0
799.5141079425812,-1.86,0
800.8524076938629,-1.86,0
802.1711995601654,-1.83,0
803.4927215576172,-1.93,0
804.8140428066254,-1.97,0
806.121987581253,-1.93,0
807.4337980747223,-2.03,0
812.0402555465698,7.79,1
813.4569380283356,219.66,1
814.7995879650116,303.17,1
816.1993420124054,303.45,1
817.624035358429,304.69,1
819.0294601917267,305.07,1
820.4316165447235,306.48,1
821.850056886673,306.41,1
823.2650058269501,306.72,1
824.6684522628784,306.03,1
826.0221364498138,307.14,1
827.4230332374573,307.41,1
828.7696719169617,308.72,1
830.1841831207275,308.93,1
831.5318591594696,310.07,1
832.9372000694275,311.52,1
834.3520314693451,310.28,1
835.7645816802979,311.21,1
837.1089680194855,310.1,1
838.5217669010162,310.69,1
839.8599154949188,311.55,1
841.2695393562317,315.66,1
842.68612408638,315.31,1
844.0993440151215,316.0,1
845.5116019248962,315.69,1
846.9110715389252,315.1,1
848.3295059204102,317.69,1
849.7443435192108,317.66,1
851.1472656726837,318.48,1
852.5642349720001,318.59,1
853.9778804779053,317.97,1
855.3800089359283,318.69,1
856.7950582504272,318.31,1
858.2090513706207,318.14,1
859.6249704360962,318.24,1
861.0266919136047,318.72,1
862.3807916641235,318.72,1
863.7181353569031,318.79,1
865.1358671188354,319.17,1
866.5411670207977,319.41,1
867.961925983429,319.17,1
869.3736214637756,319.07,1
870.7160413265228,318.59,1
