1.1213269233703613,-1.9,0
2.3558497428894043,-2.0,0
3.56958270072937,-1.83,0
4.784797430038452,-1.93,0
9.367868661880493,-3.31,1
10.780874490737915,-1.93,1
12.179875135421753,-1.66,1
13.599389553070068,-1.24,1
15.01833176612854,0.03,1
16.42423701286316,-0.1,1
17.765440225601196,5.9,1
19.10441493988037,1.41,1
20.46267318725586,-0.14,1
21.867644548416138,5.83,1
23.206404209136963,20.86,1
24.562747955322266,9.38,1
25.97655725479126,9.28,1
27.376742124557495,7.66,1
28.78892159461975,4.52,1
30.21049690246582,2.03,1
31.550229787826538,1.03,1
32.96571111679077,2.45,1
34.383837938308716,1.93,1
35.79120421409607,1.83,1
37.138554096221924,6.55,1
38.54948449134827,5.55,1
39.953511476516724,5.83,1
41.31063175201416,5.31,1
42.71116065979004,5.45,1
44.12478160858154,3.31,1
45.54314684867859,3.76,1
46.88088035583496,3.93,1
48.29839634895325,3.76,1
49.70388960838318,5.45,1
51.12425136566162,5.07,1
52.54020619392395,5.34,1
53.88618779182434,2.86,1
55.29233384132385,3.34,1
56.6980504989624,5.62,1
58.12051486968994,5.0,1
59.52761745452881,4.93,1
60.94908809661865,4.9,1
62.365074157714844,4.79,1
63.76345252990723,4.83,1
65.11842036247253,4.72,1
66.53234314918518,5.0,1
67.87260746955872,4.72,1
69.27941370010376,4.55,1
70.70040941238403,4.76,1
72.03871488571167,4.86,1
73.38716793060303,4.72,1
74.79151821136475,4.76,1
76.14960622787476,4.66,1
77.49119329452515,4.79,1
78.89077949523926,4.62,1
80.24589514732361,4.52,1
81.64721632003784,4.55,1
83.06746554374695,4.59,1
84.41517210006714,4.86,1
85.81998372077942,4.97,1
87.16118001937866,4.55,1
88.5806519985199,4.72,1
89.92614102363586,7.86,1
91.34408664703369,7.55,1
92.75319576263428,5.21,1
94.17085790634155,5.69,1
95.57462692260742,5.48,1
96.97804760932922,5.66,1
98.39208984375,5.62,1
99.81121110916138,5.59,1
101.23314023017883,5.66,1
102.63650894165039,5.69,1
104.05332279205322,5.59,1
105.4567711353302,5.48,1
106.8754198551178,5.38,1
108.28365898132324,5.28,1
109.70143365859985,5.48,1
111.1180522441864,5.34,1
112.53448534011841,5.86,1
113.94557619094849,5.52,1
115.35376715660095,6.03,1
116.77037930488586,5.24,1
118.17497301101685,5.0,1
119.5845057964325,5.1,1
120.94111776351929,5.28,1
122.34174919128418,7.0,1
123.77030229568481,5.03,1
125.1749119758606,5.17,1
126.59153389930725,5.14,1
127.99996042251587,5.14,1
129.40510630607605,5.03,1
130.82476806640625,5.21,1
132.2297556400299,5.14,1
133.64678144454956,5.1,1
134.98864793777466,5.1,1
136.40693736076355,5.1,1
137.82368755340576,5.14,1
139.23020958900452,5.1,1
140.637544631958,5.1,1
142.05825400352478,5.1,1
143.46511721611023,5.07,1
144.8812689781189,5.03,1
146.30154824256897,5.03,1
147.7121467590332,5.03,1
149.12467455863953,5.07,1
150.53808569908142,5.21,1
151.94260358810425,4.93,1
153.3599066734314,5.14,1
154.7778000831604,5.07,1
156.1815640926361,5.1,1
157.60000562667847,5.14,1
159.00760221481323,5.1,1
160.36120915412903,5.24,1
161.70423221588135,5.21,1
163.05016231536865,5.07,1
164.45460653305054,5.0,1
165.80825018882751,5.14,1
167.21049690246582,5.03,1
168.5572395324707,5.07,1
169.9771602153778,5.03,1
171.31747341156006,5.14,1
172.66547441482544,5.0,1
174.00467467308044,5.07,1
175.34480476379395,5.1,1
176.69759058952332,5.17,1
178.10811042785645,5.03,1
179.45523118972778,2.97,1
180.85888934135437,3.48,1
182.1977083683014,3.86,1
183.5514783859253,3.86,1
184.89126706123352,5.83,1
186.30928373336792,5.38,1
187.65080547332764,5.1,1
189.06914019584656,5.07,1
190.40852308273315,5.07,1
191.81584191322327,5.14,1
193.16989016532898,5.07,1
194.56789565086365,5.03,1
195.91430163383484,5.17,1
197.33283376693726,5.07,1
198.74885082244873,5.28,1
200.09084677696228,5.03,1
201.50914335250854,5.14,1
202.92187118530273,5.1,1
204.26593041419983,5.1,1
205.6790280342102,5.17,1
207.08157682418823,5.07,1
208.49614834785461,5.07,1
209.83504438400269,5.07,1
211.2581603527069,5.34,1
212.6657269001007,5.28,1
214.08803486824036,5.34,1
215.48817682266235,5.21,1
216.9035964012146,5.17,1
218.3280589580536,5.17,1
219.7261040210724,5.14,1
221.08013439178467,5.07,1
222.4974889755249,5.24,1
223.8974540233612,5.28,1
225.32104110717773,5.14,1
226.72664093971252,5.21,1
228.14784216880798,3.34,1
229.54849100112915,3.83,1
230.96568036079407,4.03,1
232.37287259101868,4.07,1
233.79090929031372,3.93,1
235.2106671333313,5.72,1
236.61552953720093,5.45,1
238.03288865089417,4.9,1
239.43741822242737,4.83,1
240.85546326637268,4.86,1
242.2712745666504,4.79,1
243.6846466064453,4.86,1
245.10027074813843,4.76,1
246.50907826423645,4.83,1
247.91781306266785,4.83,1
249.33745002746582,4.83,1
250.74911642074585,4.97,1
252.16452360153198,4.97,1
253.56827855110168,4.83,1
254.97633242607117,4.9,1
256.3947911262512,4.93,1
257.81265687942505,4.9,1
259.2223746776581,4.97,1
260.6388602256775,5.34,1
262.0541841983795,5.41,1
263.45562839508057,5.41,1
270.8410584926605,-1.86,0
272.13866662979126,-1.79,0
273.4597897529602,-1.86,0
274.7562208175659,-1.86,0
276.0662314891815,-1.86,0
277.3781554698944,-1.83,0
278.7018234729767,-1.79,0
280.0075168609619,-1.76,0
284.63097071647644,-3.79,1
286.05102491378784,5.03,1
287.45023107528687,5.21,1
288.86469554901123,7.03,1
290.27999806404114,6.52,1
291.70256900787354,6.38,1
293.1140835285187,6.97,1
294.5143892765045,9.28,1
295.93814492225647,8.76,1
297.34783959388733,8.52,1
298.7611448764801,8.48,1
300.16286540031433,8.48,1
301.58686423301697,11.66,1
303.00058460235596,10.97,1
304.40770053863525,10.69,1
305.82502722740173,10.83,1
307.24040722846985,10.62,1
308.6513912677765,10.52,1
310.0664048194885,10.62,1
311.46700072288513,10.55,1
312.88928270339966,8.93,1
314.2994816303253,9.17,1
315.7070860862732,9.38,1
317.12680983543396,9.38,1
318.54429030418396,9.31,1
319.88449144363403,11.0,1
321.29402470588684,10.69,1
322.6412799358368,10.38,1
324.05072498321533,10.48,1
325.46213698387146,9.93,1
326.8150894641876,9.93,1
328.2142581939697,9.76,1
329.6354043483734,9.76,1
330.98126673698425,9.48,1
332.3846628665924,9.59,1
333.72779059410095,9.38,1
335.08339643478394,9.28,1
336.42650079727173,9.31,1
337.82911109924316,8.86,1
339.24659419059753,8.76,1
340.65575408935547,8.66,1
342.07586336135864,9.14,1
343.4842505455017,8.97,1
344.81995701789856,9.0,1
346.24110746383667,8.86,1
347.6441705226898,11.79,1
349.0627062320709,11.24,1
350.4065065383911,10.72,1
351.82737278938293,10.79,1
353.2301607131958,10.83,1
354.64137959480286,10.66,1
355.994824886322,10.72,1
357.4068076610565,10.83,1
358.7497909069061,9.0,1
360.0909061431885,9.24,1
361.496830701828,9.55,1
362.9239926338196,9.55,1
364.2573618888855,9.59,1
365.67649722099304,9.62,1
367.0191729068756,9.55,1
368.4249897003174,9.48,1
369.76827216148376,9.45,1
371.18649983406067,9.38,1
372.5233385562897,11.41,1
373.9399380683899,10.93,1
375.2792272567749,10.69,1
376.6956648826599,10.76,1
378.03599214553833,10.76,1
379.4510500431061,10.66,1
380.7921531200409,10.62,1
382.21616983413696,10.83,1
383.6166048049927,10.72,1
385.0420994758606,10.59,1
386.3859543800354,10.69,1
387.78838181495667,10.62,1
389.20506525039673,10.79,1
390.6207845211029,10.69,1
392.03200101852417,8.93,1
393.4490547180176,9.24,1
394.8539528846741,9.48,1
396.272882938385,9.48,1
397.6790826320648,9.52,1
399.0965344905853,9.28,1
400.5022556781769,11.07,1
401.91303634643555,10.83,1
403.33821296691895,10.38,1
404.74340772628784,10.41,1
406.16396975517273,10.38,1
407.5694224834442,10.45,1
408.9851689338684,10.38,1
410.3953478336334,10.28,1
411.732825756073,10.38,1
419.0368220806122,-1.69,0
420.33723425865173,-1.76,0
421.65992856025696,-1.72,0
422.9726016521454,-1.69,0
424.3163640499115,-1.79,0
425.6325612068176,-1.76,0
426.92924451828003,-1.9,0
428.2415156364441,-1.76,0
432.8333418369293,-4.1,1
434.1714186668396,4.34,1
435.516464471817,6.07,1
436.9343240261078,9.0,1
438.3353352546692,11.52,1
439.75893545150757,10.52,1
441.1683850288391,13.83,1
442.5089154243469,13.21,1
443.9235212802887,12.83,1
445.3279142379761,12.76,1
446.6848428249359,16.86,1
448.095055103302,16.0,1
449.5119984149933,16.62,1
450.85704374313354,18.07,1
452.2593457698822,18.48,1
453.6016490459442,17.52,1
455.0112416744232,17.45,1
456.4339921474457,17.76,1
457.84751319885254,15.86,1
459.26539301872253,16.21,1
460.6644585132599,16.21,1
462.0173215866089,16.03,1
463.43292760849,16.28,1
464.8417458534241,16.03,1
466.2490406036377,15.83,1
467.66493821144104,15.9,1
469.079220533371,15.21,1
470.4997658729553,15.14,1
471.9042077064514,15.38,1
473.250855922699,15.14,1
474.66911482810974,15.07,1
476.0757782459259,15.24,1
477.49504828453064,14.9,1
478.9017231464386,14.93,1
480.3055741786957,15.1,1
481.724782705307,14.93,1
483.13327503204346,14.79,1
484.54369378089905,15.17,1
485.9672954082489,14.83,1
487.38407373428345,14.86,1
488.7960660457611,15.31,1
490.2010998725891,14.9,1
491.61055397987366,14.76,1
493.03235721588135,15.14,1
494.36876034736633,14.9,1
495.7874746322632,14.83,1
497.19092559814453,15.0,1
498.61081862449646,14.9,1
500.0270745754242,14.97,1
501.3690507411957,14.83,1
502.77097845077515,15.0,1
504.1871757507324,14.86,1
505.60613989830017,14.9,1
507.0227611064911,15.03,1
508.424409866333,14.79,1
509.8439598083496,14.97,1
511.2576723098755,15.1,1
512.6656720638275,14.76,1
514.0864021778107,14.83,1
515.4292752742767,15.17,1
516.8291883468628,14.72,1
518.1853358745575,14.69,1
519.6014726161957,15.03,1
520.9997556209564,14.83,1
522.412835597992,14.83,1
523.8346931934357,15.1,1
525.2409553527832,14.83,1
526.660561800003,14.69,1
528.0638527870178,15.07,1
529.4789710044861,14.76,1
530.8974740505219,14.72,1
532.3089263439178,14.93,1
533.6550498008728,14.86,1
535.0600054264069,14.93,1
536.4750638008118,14.93,1
537.8821444511414,14.76,1
539.300350189209,14.93,1
540.721440076828,14.83,1
542.129875421524,15.14,1
543.5472996234894,14.83,1
544.9507095813751,15.1,1
546.3599188327789,14.83,1
547.783460855484,14.9,1
549.1963665485382,15.1,1
550.6023366451263,14.86,1
552.0142974853516,15.07,1
553.4345588684082,14.79,1
554.8475656509399,14.93,1
556.2492609024048,14.97,1
557.6725614070892,14.83,1
564.9831080436707,-1.76,0
566.291942358017,-1.86,0
567.6187281608582,-1.76,0
568.913666009903,-1.86,0
570.2537612915039,-1.86,0
571.591878414154,-1.83,0
572.9232614040375,-1.79,0
574.2408027648926,-1.83,0
578.8468151092529,-2.55,1
580.2574305534363,7.28,1
581.6780433654785,10.83,1
583.0830514431,13.21,1
584.4956123828888,15.97,1
585.9134032726288,15.03,1
587.3300912380219,15.07,1
588.7312109470367,15.69,1
590.1427595615387,15.9,1
591.5578012466431,17.66,1
592.9743967056274,17.41,1
594.38756108284,17.28,1
595.8074696063995,17.14,1
597.2080547809601,17.45,1
598.6253900527954,17.34,1
600.0344848632812,17.93,1
601.4496529102325,17.93,1
602.8552346229553,17.93,1
604.2777180671692,20.38,1
605.6855680942535,20.07,1
607.1042809486389,19.59,1
608.5206589698792,19.55,1
609.9385807514191,19.66,1
611.3475482463837,19.62,1
612.7471549510956,19.76,1
614.1714277267456,19.48,1
615.5764458179474,19.66,1
616.9935138225555,19.59,1
618.3976347446442,19.52,1
619.8215932846069,19.59,1
621.2272453308105,19.52,1
622.6470186710358,19.59,1
624.0512144565582,19.69,1
625.4731731414795,19.55,1
626.8812680244446,19.69,1
628.294683933258,22.83,1
629.7007093429565,22.03,1
631.1218299865723,21.83,1
632.533834695816,21.69,1
633.9451985359192,20.1,1
635.3507261276245,20.48,1
636.7651329040527,20.41,1
638.1861593723297,20.55,1
639.531631231308,20.28,1
640.9350700378418,20.24,1
642.2812414169312,20.31,1
643.6991231441498,20.28,1
645.0343821048737,20.1,1
646.3754467964172,20.1,1
647.734575510025,20.07,1
649.0746767520905,19.9,1
650.4801502227783,19.86,1
651.8243138790131,19.97,1
653.1792595386505,19.76,1
654.5805916786194,19.66,1
655.9218013286591,19.69,1
657.2807810306549,19.72,1
658.6183197498322,19.55,1
660.029684305191,19.52,1
661.3729205131531,19.52,1
662.7932789325714,19.62,1
664.2065536975861,22.62,1
665.5501084327698,22.0,1
666.9492254257202,20.24,1
668.305123090744,20.41,1
669.6530554294586,20.41,1
671.0583803653717,20.38,1
672.4736189842224,20.38,1
673.8894784450531,20.38,1
675.3014509677887,20.34,1
676.6449847221375,20.28,1
683.9504165649414,-1.76,0
685.2623872756958,-1.79,0
686.5638437271118,-1.72,0
687.8822019100189,-1.83,0
689.1818583011627,-1.72,0
690.4895148277283,-1.9,0
691.835648059845,-1.86,0
693.1300294399261,-1.79,0
697.7213337421417,-2.55,1
699.1409246921539,10.52,1
700.4789094924927,13.45,1
701.88410115242,16.03,1
703.2397079467773,18.48,1
704.6535816192627,20.83,1
705.9953162670135,20.0,1
707.3998458385468,22.79,1
708.7442028522491,22.24,1
710.158123254776,21.93,1
711.5111494064331,25.31,1
712.8395988941193,24.55,1
714.2677447795868,24.03,1
715.6074800491333,24.1,1
716.9551267623901,23.9,1
718.3611614704132,24.03,1
719.7052268981934,23.97,1
721.1108064651489,23.97,1
722.4664385318756,23.79,1
723.8717975616455,27.07,1
725.2818908691406,26.62,1
726.6950767040253,24.97,1
728.1183352470398,25.07,1
729.5339713096619,24.93,1
730.9462947845459,24.9,1
732.3465101718903,25.0,1
733.7631900310516,24.83,1
735.175473690033,24.62,1
736.5901122093201,24.69,1
738.0101635456085,24.93,1
739.3491222858429,26.59,1
740.7503752708435,26.34,1
742.172342300415,24.86,1
743.5207650661469,24.52,1
744.921139717102,25.0,1
746.337877035141,24.97,1
747.7590942382812,25.0,1
749.1695559024811,24.76,1
750.5159342288971,24.69,1
751.9273903369904,24.86,1
753.2701301574707,24.66,1
754.6076197624207,24.52,1
756.0300853252411,24.48,1
757.44118309021,24.45,1
758.8419511318207,26.72,1
760.2590827941895,26.24,1
761.6722409725189,26.28,1
763.0905206203461,24.62,1
764.5000398159027,24.97,1
765.9158096313477,25.0,1
767.3152084350586,24.97,1
768.7443811893463,24.9,1
770.1450414657593,24.72,1
771.5622022151947,24.62,1
772.9673764705658,24.72,1
774.3884286880493,24.9,1
775.7950029373169,24.9,1
777.2164506912231,24.72,1
778.6247961521149,24.62,1
780.0357229709625,24.59,1
781.4572343826294,24.69,1
782.8603014945984,24.69,1
784.2823207378387,24.66,1
785.6876175403595,24.52,1
787.0927307605743,26.55,1
788.5187945365906,26.24,1
789.928599357605,26.1,1
791.3337705135345,26.24,1
792.7509007453918,26.0,1
794.1727068424225,26.1,1
795.501115322113,26.0,1
796.9176576137543,26.14,1
798.3372197151184,26.1,1
799.7547197341919,26.0,1
807.0663766860962,-1.79,0
808.3865020275116,-1.83,0
809.7338423728943,-1.86,0
811.0463213920593,-1.9,0
812.3584430217743,-1.79,0
813.6829657554626,-1.9,0
814.9944958686829,-1.86,0
816.3130648136139,-1.9,0
820.9103434085846,-2.14,1
822.3243916034698,10.83,1
823.7394652366638,16.48,1
825.1409142017365,18.69,1
826.5608677864075,20.72,1
827.9753339290619,23.17,1
829.3764333724976,25.41,1
830.7963109016418,24.62,1
832.2124321460724,24.45,1
833.6135857105255,24.83,1
835.0403800010681,26.79,1
836.4425556659698,26.24,1
837.8637988567352,29.55,1
839.2770416736603,28.76,1
840.6801936626434,28.52,1
842.0947217941284,28.45,1
843.5119876861572,31.31,1
844.9215085506439,30.76,1
846.3415930271149,30.48,1
847.7448151111603,30.28,1
849.1670145988464,30.17,1
850.569314956665,30.24,1
851.9911646842957,30.24,1
853.3949201107025,30.41,1
854.817877292633,30.24,1
856.2238643169403,30.34,1
857.6373631954193,30.24,1
859.042738199234,30.14,1
860.4601695537567,28.66,1
861.8800489902496,28.83,1
863.2843782901764,28.86,1
864.7022037506104,28.86,1
866.1113750934601,30.66,1
867.5297169685364,28.59,1
868.9444315433502,28.93,1
870.3529136180878,29.0,1
871.768613576889,28.86,1
873.1761286258698,30.66,1
874.582426071167,30.48,1
876.0072448253632,30.21,1
877.4078707695007,30.07,1
878.8302884101868,30.34,1
880.2473804950714,30.14,1
881.652028799057,30.17,1
883.0614886283875,30.31,1
884.4751009941101,29.97,1
885.8943002223969,30.38,1
887.3053143024445,28.62,1
888.7109589576721,28.83,1
890.1321060657501,28.93,1
891.5475645065308,28.93,1
892.9521651268005,28.72,1
894.3707549571991,28.93,1
895.7743031978607,28.97,1
897.1919152736664,28.76,1
898.5980041027069,28.76,1
900.0162608623505,28.76,1
901.4228270053864,30.52,1
902.8479549884796,30.17,1
904.2604146003723,30.38,1
905.6621265411377,30.17,1
907.0849883556366,30.14,1
908.4903373718262,30.41,1
915.8067729473114,-1.76,0
917.1126644611359,-1.72,0
918.4410166740417,-1.86,0
919.7549023628235,-1.79,0
921.0784645080566,-1.79,0
922.4342353343964,-1.83,0
923.7476160526276,-1.79,0
925.073902130127,-1.79,0
