1.1041133403778076,-1.83,0
2.346277952194214,-1.93,0
3.556274652481079,-1.93,0
4.760315895080566,-1.86,0
9.346452474594116,-4.83,1
10.757256507873535,-0.38,1
12.165117502212524,0.76,1
13.58373498916626,0.97,1
14.996209621429443,1.9,1
16.399786949157715,1.86,1
17.81921672821045,1.72,1
19.15051507949829,2.41,1
20.567485094070435,2.72,1
21.985628128051758,2.21,1
23.40089750289917,4.48,1
24.735074996948242,3.9,1
26.156326293945312,3.93,1
27.49593472480774,3.9,1
28.91361689567566,3.86,1
30.319971561431885,3.9,1
31.73803997039795,3.9,1
33.15481734275818,4.0,1
34.48815035820007,4.03,1
35.82899594306946,3.97,1
37.245741844177246,4.1,1
38.66458463668823,4.0,1
40.073495626449585,4.62,1
41.42066502571106,4.24,1
42.83513641357422,4.76,1
44.25166845321655,4.14,1
45.66110420227051,4.83,1
47.00167226791382,4.28,1
48.41232919692993,4.86,1
49.75461959838867,5.24,1
51.10517501831055,5.34,1
52.51337504386902,5.69,1
53.92891478538513,5.14,1
55.34984016418457,5.52,1
56.761903285980225,5.1,1
58.16238522529602,5.28,1
59.58117723464966,5.59,1
60.99677062034607,5.0,1
62.40197467803955,5.28,1
63.81996536254883,5.14,1
65.23928928375244,5.0,1
66.5791323184967,5.45,1
67.988121509552,4.97,1
69.32841324806213,5.24,1
70.74527883529663,5.07,1
72.0921139717102,5.1,1
73.43071913719177,5.34,1
74.78454113006592,4.86,1
76.12904834747314,5.21,1
77.4715518951416,4.79,1
78.81537818908691,5.07,1
80.22379851341248,5.03,1
81.64314937591553,4.79,1
83.04216361045837,5.21,1
84.46024942398071,4.79,1
85.8011646270752,5.07,1
87.15399527549744,4.66,1
88.49988746643066,4.86,1
89.91253399848938,4.97,1
91.24325942993164,4.69,1
92.65921401977539,5.17,1
94.00019788742065,4.62,1
95.42215991020203,4.79,1
96.8309314250946,5.17,1
98.2440574169159,4.86,1
99.65247368812561,5.62,1
101.07011342048645,4.93,1
102.48668694496155,5.41,1
103.90334725379944,5.07,1
105.30909252166748,5.21,1
106.72433733940125,5.52,1
108.13180541992188,5.1,1
109.55016207695007,5.28,1
116.85725665092468,-2.14,0
118.1816463470459,-2.14,0
119.53766798973083,-2.14,0
120.84740114212036,-2.07,0
122.16741752624512,-2.17,0
123.48792839050293,-2.14,0
124.79385733604431,-2.0,0
126.11838555335999,-2.07,0
130.71108293533325,-3.52,1
132.12589383125305,1.79,1
133.53671860694885,1.76,1
134.9424912929535,2.45,1
136.36241579055786,4.59,1
137.76585865020752,3.9,1
139.12162160873413,5.66,1
140.52638006210327,5.07,1
141.94624280929565,6.79,1
143.3561146259308,6.83,1
144.77210092544556,7.83,1
146.17494344711304,7.59,1
147.59711003303528,7.66,1
148.9981381893158,7.79,1
150.4141788482666,9.59,1
151.83193063735962,9.38,1
153.23392486572266,9.21,1
154.6542627811432,8.97,1
156.07325410842896,8.9,1
157.47930192947388,8.76,1
158.8971905708313,9.0,1
160.31414484977722,8.93,1
161.6531183719635,8.97,1
163.0732398033142,9.0,1
164.47535181045532,10.62,1
165.82298135757446,10.48,1
167.1727466583252,10.48,1
168.51229858398438,10.34,1
169.86056804656982,10.38,1
171.20380115509033,10.41,1
172.5374104976654,10.28,1
173.8935022354126,10.41,1
175.2953052520752,10.31,1
176.64974856376648,10.34,1
178.05496382713318,10.21,1
179.47211003303528,10.21,1
180.8097107410431,10.24,1
182.23333477973938,10.24,1
183.57259607315063,10.21,1
184.97554636001587,10.21,1
186.39222526550293,10.17,1
187.80243849754333,10.21,1
189.15313696861267,10.21,1
190.55735850334167,10.28,1
191.9148223400116,10.28,1
193.32278418540955,10.28,1
194.74058032035828,10.24,1
196.14226531982422,10.34,1
197.5679063796997,10.28,1
198.97247791290283,10.38,1
200.37818264961243,10.31,1
201.79763984680176,10.17,1
203.21318078041077,10.14,1
204.62282133102417,10.1,1
205.96818566322327,10.07,1
207.37994575500488,9.9,1
208.79553127288818,9.93,1
210.1959273815155,9.79,1
211.62165927886963,9.76,1
213.03093600273132,9.66,1
214.45020842552185,9.76,1
215.854332447052,9.72,1
217.20673370361328,9.62,1
218.60578107833862,9.66,1
220.02656888961792,9.62,1
221.44508409500122,9.48,1
222.77613878250122,9.59,1
224.19578003883362,9.52,1
225.5326292514801,9.52,1
226.95390915870667,9.45,1
228.3704903125763,9.38,1
229.71681666374207,9.41,1
231.11448073387146,9.45,1
232.5392186641693,9.34,1
233.94659185409546,9.28,1
235.36285591125488,9.17,1
236.78052139282227,9.28,1
238.18795442581177,9.34,1
239.59597158432007,9.21,1
241.01278805732727,9.14,1
242.4266107082367,9.21,1
243.76669883728027,9.24,1
245.1851029396057,9.21,1
246.5872848033905,9.14,1
248.00896310806274,9.07,1
249.41395378112793,9.17,1
250.8318030834198,9.1,1
252.23672723770142,9.03,1
253.65462040901184,9.07,1
255.07172656059265,9.14,1
256.41513538360596,9.41,1
257.82376766204834,9.38,1
259.17598247528076,10.48,1
260.5830976963043,9.83,1
262.0014491081238,9.9,1
263.40288519859314,9.97,1
264.82527208328247,10.1,1
266.2255234718323,10.14,1
273.5269145965576,-2.0,0
274.85310077667236,-1.97,0
276.1602096557617,-2.03,0
277.52715611457825,-1.97,0
278.8305037021637,-2.1,0
280.15248823165894,-2.03,0
281.4740948677063,-2.0,0
282.78982162475586,-1.93,0
287.3669168949127,-3.31,1
288.7880039215088,1.76,1
290.1930401325226,2.69,1
291.60993361473083,4.41,1
293.0256578922272,5.48,1
294.4305019378662,7.17,1
295.852623462677,7.97,1
297.25816655158997,9.24,1
298.6767861843109,9.07,1
300.0905706882477,10.45,1
301.4941074848175,10.17,1
302.9139530658722,11.72,1
304.31892943382263,11.79,1
305.7383849620819,11.76,1
307.140483379364,13.1,1
308.5654773712158,12.86,1
309.9818184375763,13.0,1
311.3868477344513,12.86,1
312.8038890361786,14.17,1
314.2106204032898,14.24,1
315.63282108306885,14.03,1
317.03645610809326,14.1,1
318.4453184604645,14.03,1
319.86388659477234,14.24,1
321.27448058128357,13.93,1
322.68911242485046,13.86,1
324.10715556144714,14.38,1
325.51230335235596,15.28,1
326.9269812107086,15.55,1
328.33317613601685,15.14,1
329.7510209083557,15.17,1
331.171124458313,14.9,1
332.5793831348419,15.14,1
333.9928116798401,14.97,1
335.39801955223083,14.97,1
336.8178222179413,15.0,1
338.22507333755493,14.9,1
339.6358823776245,15.28,1
341.0542583465576,15.28,1
342.4698166847229,15.17,1
343.8725075721741,15.07,1
345.2925102710724,15.24,1
346.7111232280731,15.07,1
348.1233539581299,15.24,1
349.535995721817,14.93,1
350.9395294189453,15.28,1
352.3635289669037,14.93,1
353.7047190666199,15.21,1
355.0492751598358,14.93,1
356.4506938457489,15.03,1
357.8077824115753,15.0,1
359.2085642814636,15.1,1
360.6218695640564,14.9,1
362.0415143966675,15.0,1
363.45924377441406,14.86,1
364.87382650375366,15.07,1
366.21171140670776,14.9,1
367.63194036483765,15.0,1
369.0340232849121,14.83,1
370.389137506485,14.86,1
371.79139280319214,14.69,1
373.2128210067749,14.86,1
374.5552010536194,14.62,1
375.95985102653503,14.83,1
377.30317974090576,14.9,1
378.71944975852966,14.93,1
380.0581376552582,14.72,1
381.4749138355255,14.93,1
382.82726979255676,14.72,1
384.2292981147766,14.93,1
385.6516282558441,14.79,1
387.0580403804779,14.93,1
388.39946484565735,14.69,1
389.8190097808838,15.03,1
391.23451042175293,14.62,1
392.6387155056,14.86,1
394.05179929733276,14.83,1
395.4722261428833,15.0,1
396.87517166137695,14.76,1
398.29345631599426,14.86,1
399.7104060649872,14.93,1
401.1208155155182,14.76,1
402.46748542785645,14.76,1
403.87270069122314,14.93,1
405.2887783050537,14.83,1
406.69085574150085,14.79,1
408.1109435558319,15.0,1
409.51748061180115,14.69,1
410.9308371543884,14.93,1
412.3538398742676,14.62,1
413.7579417228699,14.86,1
415.17910385131836,14.76,1
416.5213894844055,14.9,1
417.9392237663269,14.66,1
419.34202337265015,14.76,1
420.7603633403778,14.52,1
428.14425015449524,-1.97,0
429.45804357528687,-2.03,0
430.7675178050995,-1.9,0
432.078325510025,-2.03,0
433.3920524120331,-1.97,0
434.7134122848511,-1.97,0
436.0285339355469,-2.0,0
437.3691899776459,-1.83,0
441.9787528514862,-3.28,1
443.38885283470154,1.79,1
444.7900605201721,4.34,1
446.21807050704956,7.07,1
447.62668347358704,7.9,1
449.03001642227173,9.1,1
450.4460437297821,10.38,1
451.86546897888184,11.45,1
453.2676589488983,12.52,1
454.6853404045105,13.97,1
456.103319644928,15.14,1
457.5115990638733,14.9,1
458.9326710700989,16.28,1
460.34313702583313,16.07,1
461.74432015419006,17.14,1
463.16068506240845,17.03,1
464.5719225406647,17.07,1
465.990350484848,18.34,1
467.33521366119385,18.1,1
468.752733707428,17.97,1
470.0928933620453,18.17,1
471.50913977622986,18.14,1
472.8476474285126,19.45,1
474.2680540084839,19.07,1
475.672696352005,19.14,1
477.0865902900696,18.76,1
478.491872549057,18.97,1
479.91202545166016,18.86,1
481.3256607055664,18.9,1
482.7401776313782,18.9,1
484.14651799201965,19.03,1
485.5639991760254,19.03,1
486.96844816207886,18.93,1
488.3908841609955,19.28,1
489.7976441383362,19.21,1
491.2153902053833,20.41,1
492.6218340396881,20.34,1
494.0290892124176,20.28,1
495.455450296402,20.07,1
496.8640923500061,19.97,1
498.2736089229584,19.9,1
499.690025806427,19.79,1
501.0942053794861,19.97,1
502.5148549079895,19.97,1
503.9332661628723,19.97,1
505.3372542858124,19.97,1
506.7552390098572,19.83,1
508.16774010658264,20.38,1
509.58717370033264,20.31,1
510.98404145240784,20.28,1
512.405686378479,19.97,1
513.8233051300049,19.97,1
515.2263145446777,20.0,1
516.6452322006226,20.07,1
518.0527172088623,19.97,1
519.4580619335175,20.24,1
520.8843715190887,20.24,1
522.2984523773193,20.14,1
523.7122373580933,20.17,1
525.1166377067566,20.1,1
526.5350904464722,20.07,1
527.9405333995819,20.0,1
529.3471615314484,19.97,1
530.7674114704132,19.93,1
532.1842076778412,19.97,1
533.5866603851318,19.97,1
535.0036013126373,19.93,1
536.4104249477386,19.83,1
537.8366496562958,19.83,1
539.2455215454102,19.76,1
540.663412809372,19.83,1
542.0745322704315,21.07,1
543.4115829467773,20.41,1
544.8245460987091,20.45,1
552.2140684127808,-1.62,0
553.5237767696381,-1.66,0
554.8293855190277,-1.55,0
556.1451935768127,-1.66,0
557.4508566856384,-1.72,0
558.7752773761749,-1.76,0
560.0831682682037,-1.79,0
561.4047155380249,-1.76,0
566.0266215801239,-3.24,1
567.4374136924744,2.1,1
568.8516135215759,4.21,1
570.2692801952362,8.41,1
571.6752510070801,10.76,1
573.0962131023407,11.83,1
574.499618768692,13.21,1
575.9124400615692,15.55,1
577.3371975421906,16.69,1
578.7414889335632,17.59,1
580.1629414558411,19.0,1
581.5765795707703,20.1,1
582.9758143424988,19.83,1
584.3986968994141,21.38,1
585.8008539676666,21.0,1
587.2198331356049,22.1,1
588.6344039440155,21.72,1
590.0377125740051,23.38,1
591.4579112529755,23.1,1
592.8773307800293,22.83,1
594.2776081562042,22.93,1
595.6949977874756,24.62,1
597.1158266067505,24.31,1
598.518627166748,24.31,1
599.9391629695892,24.31,1
601.3440661430359,24.21,1
602.7500772476196,24.28,1
604.1659822463989,24.24,1
605.5836751461029,24.24,1
606.9912075996399,24.24,1
608.4148528575897,24.17,1
609.819052696228,24.38,1
611.2361390590668,24.21,1
612.6528499126434,24.48,1
614.065753698349,24.48,1
615.4768552780151,25.55,1
616.8826189041138,25.38,1
618.2986052036285,25.34,1
619.7104456424713,25.45,1
621.1287610530853,25.34,1
622.5320575237274,25.34,1
623.9564120769501,25.34,1
625.3611109256744,25.34,1
626.7666320800781,25.28,1
628.1844229698181,25.31,1
629.6029105186462,25.14,1
631.0176775455475,25.21,1
632.4271085262299,25.28,1
633.837247133255,25.28,1
635.2442617416382,25.38,1
636.6706583499908,25.24,1
638.0738747119904,25.17,1
639.4805278778076,25.14,1
640.9030923843384,24.97,1
642.3208291530609,25.0,1
643.7278156280518,24.93,1
645.1466774940491,25.55,1
646.5513546466827,25.03,1
647.9706864356995,24.93,1
649.3784143924713,24.76,1
650.7977640628815,25.0,1
652.1999320983887,24.76,1
653.5404284000397,25.41,1
654.9583263397217,25.59,1
656.3026459217072,25.17,1
657.7224621772766,24.93,1
659.1241626739502,25.45,1
660.5450577735901,25.52,1
661.9634847640991,25.31,1
663.3044533729553,25.31,1
664.7106964588165,25.17,1
666.1321432590485,25.24,1
667.5471396446228,25.17,1
668.9485332965851,25.14,1
670.3729362487793,25.0,1
671.779447555542,24.93,1
673.1934261322021,24.83,1
680.4920117855072,-1.48,0
681.8015015125275,-1.41,0
683.1139991283417,-1.41,0
684.4270181655884,-1.52,0
685.7455780506134,-1.62,0
687.0509498119354,-1.83,0
688.3712565898895,-1.79,0
689.7137062549591,-1.79,0
694.2983214855194,37.38,1
695.7142655849457,34.1,1
697.0692656040192,32.79,1
698.4833855628967,31.1,1
699.8841886520386,30.97,1
701.3061156272888,30.93,1
702.7110838890076,30.86,1
704.0616917610168,30.79,1
705.4692378044128,30.72,1
706.8068799972534,30.76,1
708.1649699211121,30.79,1
709.5708310604095,30.52,1
710.987560749054,30.55,1
712.3331940174103,30.55,1
713.738746881485,30.48,1
715.0903646945953,30.34,1
716.4941947460175,30.31,1
717.8424508571625,30.14,1
719.1803758144379,30.17,1
720.5997924804688,30.0,1
722.0163626670837,30.03,1
723.3572945594788,29.93,1
724.7594826221466,29.93,1
726.106076002121,29.79,1
727.5239622592926,29.79,1
728.9326691627502,29.72,1
730.35462641716,29.62,1
731.6956541538239,30.66,1
733.1136722564697,30.55,1
734.5217614173889,30.48,1
735.9304277896881,30.31,1
737.2697982788086,30.24,1
738.6833560466766,30.17,1
740.1072146892548,30.03,1
741.514945268631,29.97,1
742.9330439567566,29.9,1
744.3390984535217,29.9,1
745.7609822750092,29.86,1
747.1630547046661,29.76,1
748.5043549537659,29.72,1
749.9215831756592,29.62,1
751.2598083019257,29.72,1
752.675407409668,29.59,1
754.0306935310364,29.48,1
755.3705887794495,30.59,1
756.7060546875,29.97,1
758.1252694129944,29.93,1
759.4745745658875,29.86,1
760.8858304023743,29.79,1
762.2901020050049,29.76,1
763.7043876647949,29.66,1
765.1150510311127,30.52,1
766.5396475791931,29.83,1
767.9444975852966,29.9,1
769.3515770435333,29.86,1
770.70836186409,29.83,1
772.1146724224091,29.62,1
773.5324506759644,29.76,1
774.9356997013092,29.69,1
782.2481949329376,-1.79,0
783.5635838508606,-1.83,0
784.8672544956207,-1.76,0
786.2226729393005,-1.79,0
787.5209014415741,-1.79,0
788.840665102005,-1.83,0
790.1453104019165,-1.9,0
791.4701585769653,-1.86,0
