1.1114978790283203,-1.9,0
2.3518881797790527,-1.9,0
3.558816432952881,-1.86,0
4.758960008621216,-1.86,0
9.3487708568573,-2.59,1
10.747521877288818,3.72,1
12.168121814727783,4.48,1
13.571253061294556,4.55,1
14.994710922241211,4.59,1
16.407878398895264,4.59,1
17.75409698486328,4.66,1
19.09039545059204,4.62,1
20.43220591545105,4.62,1
21.77717614173889,4.66,1
23.196787118911743,4.66,1
24.536333560943604,4.62,1
25.943787336349487,4.66,1
27.364123344421387,4.52,1
28.77295970916748,4.55,1
30.189018726348877,4.45,1
31.596482038497925,4.48,1
33.00759196281433,4.59,1
34.42841076850891,4.55,1
35.770768880844116,4.55,1
37.113675117492676,4.55,1
38.53305244445801,4.45,1
39.93983006477356,4.55,1
41.28516888618469,4.52,1
42.69420576095581,4.48,1
44.03277254104614,4.41,1
45.39139270782471,4.34,1
46.732508420944214,4.31,1
48.13650393486023,4.41,1
49.56049919128418,4.34,1
50.96513605117798,4.45,1
52.307607889175415,4.34,1
53.729397773742676,4.41,1
55.13200545310974,4.41,1
56.54955863952637,4.45,1
57.95232534408569,4.55,1
59.37709879875183,4.14,1
60.79189133644104,4.28,1
62.201777935028076,4.1,1
63.60567283630371,4.1,1
65.02779579162598,4.1,1
66.43425583839417,4.1,1
67.7755868434906,3.9,1
69.11900424957275,3.9,1
70.54239463806152,3.9,1
71.87978458404541,3.93,1
73.22290921211243,4.14,1
74.57487225532532,4.03,1
75.92068886756897,6.66,1
77.25521326065063,6.24,1
78.59803104400635,5.79,1
79.95255398750305,5.9,1
81.29129314422607,4.86,1
82.69539260864258,6.28,1
84.05340576171875,6.1,1
85.39219737052917,6.03,1
86.72997522354126,5.66,1
88.07269382476807,4.55,1
89.42671394348145,5.0,1
90.77048754692078,5.21,1
92.18039226531982,5.1,1
93.52514910697937,5.03,1
94.92856311798096,4.86,1
96.28308892250061,4.72,1
97.70067930221558,5.0,1
99.10752654075623,4.76,1
100.5242121219635,4.9,1
101.92693662643433,4.62,1
103.35126543045044,4.59,1
110.65575408935547,-1.79,0
111.95961022377014,-1.69,0
113.26874661445618,-1.83,0
114.57559609413147,-1.83,0
115.88330173492432,-1.76,0
117.19631028175354,-1.86,0
118.5543441772461,-1.83,0
119.86461782455444,-1.83,0
124.447594165802,-2.79,1
125.8706705570221,3.52,1
127.2889506816864,5.9,1
128.692640542984,5.48,1
130.03614711761475,6.14,1
131.45829844474792,6.14,1
132.85786604881287,7.66,1
134.2812259197235,7.34,1
135.68650937080383,7.52,1
137.10540342330933,10.0,1
138.5098922252655,9.48,1
139.92315125465393,9.28,1
141.34069681167603,9.31,1
142.7571771144867,9.31,1
144.15872979164124,9.52,1
145.57528257369995,9.31,1
146.9941017627716,9.31,1
148.39978337287903,9.41,1
149.80969190597534,9.38,1
151.2285077571869,9.34,1
152.63677668571472,9.52,1
154.0561239719391,9.31,1
155.45968794822693,12.38,1
156.877281665802,11.79,1
158.2976188659668,11.72,1
159.7019124031067,10.41,1
161.12207341194153,10.55,1
162.5265028476715,10.62,1
163.94611930847168,10.69,1
165.3547568321228,10.59,1
166.70839524269104,10.62,1
168.11217212677002,10.55,1
169.4519362449646,10.52,1
170.87732601165771,10.45,1
172.21464920043945,10.48,1
173.630717754364,10.34,1
174.96833777427673,10.41,1
176.38916897773743,10.31,1
177.7915961742401,10.41,1
179.2077305316925,10.07,1
180.54893803596497,10.14,1
181.97016382217407,10.0,1
183.3809585571289,10.07,1
184.80177664756775,9.97,1
186.21420574188232,9.97,1
187.62447714805603,10.0,1
189.03030705451965,10.0,1
190.45110535621643,9.93,1
191.85374307632446,9.86,1
193.2696316242218,9.76,1
194.6190254688263,9.76,1
196.03255820274353,9.83,1
197.4333004951477,9.83,1
198.85726523399353,9.79,1
200.26924633979797,9.79,1
201.67455744743347,9.76,1
203.022127866745,9.69,1
204.43216943740845,9.69,1
205.83651685714722,9.69,1
207.2547948360443,9.66,1
208.67135643959045,9.62,1
210.0734555721283,9.66,1
211.49027919769287,9.59,1
212.91383624076843,9.55,1
214.25753378868103,12.48,1
215.6611487865448,12.07,1
217.07867860794067,11.83,1
218.4886281490326,11.76,1
219.903582572937,11.76,1
221.32221221923828,10.48,1
222.73077249526978,10.66,1
224.1441638469696,10.72,1
225.48667526245117,10.72,1
226.89403581619263,10.72,1
228.3160548210144,10.79,1
229.7177722454071,10.72,1
231.13270616531372,10.59,1
232.5529158115387,10.62,1
233.95436906814575,10.69,1
235.37358832359314,10.55,1
236.78971099853516,10.48,1
238.19712209701538,8.17,1
239.6178891658783,8.34,1
241.03310775756836,9.9,1
242.43203210830688,9.62,1
243.84930753707886,-1.03,1
245.26758217811584,7.76,1
246.67982029914856,17.83,1
248.08472394943237,15.41,1
249.5023913383484,14.69,1
256.825058221817,-1.31,0
258.1745913028717,-1.24,0
259.4823479652405,-1.28,0
260.8080720901489,-1.41,0
262.10189962387085,-1.38,0
263.4137706756592,-1.38,0
264.7370252609253,-1.38,0
266.0453882217407,-1.41,0
270.63912749290466,-2.1,1
272.0442943572998,6.76,1
273.4618663787842,8.55,1
274.8040862083435,8.31,1
276.2246515750885,10.9,1
277.62957549095154,10.59,1
279.0534152984619,13.03,1
280.3934588432312,12.52,1
281.8045198917389,12.52,1
283.2212030887604,15.24,1
284.6303951740265,14.72,1
286.04955649375916,14.38,1
287.46070551872253,14.55,1
288.8715763092041,14.38,1
290.28776836395264,14.55,1
291.68994069099426,14.66,1
293.1069097518921,14.48,1
294.511595249176,14.45,1
295.9270398616791,14.48,1
297.34146213531494,17.24,1
298.75836968421936,16.66,1
300.1628794670105,16.72,1
301.5856897830963,16.55,1
302.99006056785583,16.52,1
304.4142723083496,16.52,1
305.82178926467896,16.48,1
307.2247712612152,16.55,1
308.6514205932617,16.59,1
310.052015542984,16.69,1
311.4744277000427,16.66,1
312.8918216228485,15.21,1
314.2955310344696,15.55,1
315.71380853652954,15.59,1
317.11669540405273,15.59,1
318.5330033302307,15.45,1
319.95140171051025,15.45,1
321.2983329296112,15.48,1
322.6421151161194,15.41,1
323.9860806465149,15.07,1
325.3989963531494,14.93,1
326.7313139438629,14.79,1
328.1449236869812,14.79,1
329.56904196739197,14.86,1
330.97928738594055,14.83,1
332.311030626297,14.83,1
333.6588296890259,14.93,1
335.08321714401245,14.72,1
336.4168448448181,14.69,1
337.83349442481995,14.76,1
339.1807255744934,14.72,1
340.5295672416687,14.69,1
341.8731758594513,14.59,1
343.20967149734497,14.69,1
344.6311249732971,14.59,1
345.9733121395111,14.97,1
347.3096263408661,14.86,1
348.6628370285034,14.93,1
350.0728611946106,14.79,1
351.4193105697632,14.97,1
352.75718450546265,14.86,1
354.1665940284729,14.76,1
355.5889594554901,14.79,1
356.9208254814148,14.69,1
358.26744294166565,14.69,1
359.6861846446991,14.31,1
361.10160970687866,16.76,1
362.4353485107422,16.31,1
363.79182744026184,16.24,1
365.1298739910126,14.9,1
366.5469455718994,15.38,1
367.95433831214905,15.38,1
369.37423396110535,15.41,1
370.71295046806335,15.28,1
372.1288981437683,15.34,1
373.53800916671753,15.31,1
374.8787612915039,15.28,1
376.2242956161499,15.17,1
377.6413207054138,15.21,1
378.9824151992798,15.21,1
380.3236379623413,15.07,1
381.66811323165894,15.1,1
383.01085090637207,15.07,1
384.4325911998749,15.1,1
385.83560514450073,14.93,1
387.1839482784271,14.79,1
388.5322449207306,14.69,1
389.8741340637207,14.62,1
391.2780044078827,14.55,1
392.62846994400024,14.55,1
394.0448591709137,14.48,1
395.4454164505005,14.45,1
402.76845622062683,-1.48,0
404.0714223384857,-1.45,0
405.3813738822937,-1.48,0
406.69556641578674,-1.55,0
408.0049214363098,-1.52,0
409.2998163700104,-1.52,0
410.61241030693054,-1.52,0
411.9560263156891,-1.48,0
416.5357811450958,-1.79,1
417.9438142776489,6.69,1
419.2846531867981,8.52,1
420.63739800453186,10.83,1
422.0399811267853,12.9,1
423.45749258995056,15.24,1
424.86578392982483,14.62,1
426.2871890068054,16.79,1
427.62479972839355,16.28,1
429.0347294807434,16.24,1
430.45583486557007,16.69,1
431.86300683021545,17.0,1
433.2763195037842,16.93,1
434.61365032196045,18.45,1
436.02625346183777,17.66,1
437.4505078792572,18.03,1
438.8621609210968,17.62,1
440.2637424468994,20.31,1
441.68214750289917,19.28,1
443.02969551086426,18.79,1
444.43358874320984,18.48,1
445.8495087623596,18.93,1
447.2547662258148,19.38,1
448.67134141921997,20.72,1
450.08679032325745,20.21,1
451.4911286830902,19.93,1
452.91121435165405,19.79,1
454.31821751594543,19.69,1
455.73451113700867,19.72,1
457.1554169654846,19.62,1
458.57129549980164,19.69,1
459.97729229927063,19.69,1
461.39024686813354,19.59,1
462.7256302833557,19.72,1
464.14232301712036,19.59,1
465.5572271347046,19.79,1
466.89872574806213,20.76,1
468.32192635536194,21.21,1
469.73571014404297,21.45,1
471.07840061187744,20.55,1
472.4794430732727,20.76,1
473.8324329853058,20.72,1
475.2357370853424,20.72,1
476.66112327575684,20.72,1
478.0702545642853,20.72,1
479.4839882850647,20.69,1
480.8863320350647,20.66,1
482.31020402908325,20.66,1
483.71900749206543,20.55,1
485.12443685531616,20.45,1
486.5365490913391,18.69,1
487.96107959747314,19.07,1
489.3747134208679,20.38,1
490.7197277545929,20.24,1
492.1180536746979,20.28,1
493.53775358200073,20.03,1
494.9464855194092,20.17,1
496.3657455444336,20.17,1
497.7819118499756,20.07,1
499.19321870803833,20.17,1
500.6057686805725,20.21,1
502.0140235424042,20.17,1
503.41990637779236,20.17,1
504.8403265476227,20.07,1
506.25987792015076,19.86,1
507.6609284877777,19.72,1
509.07766246795654,19.79,1
510.49663496017456,19.86,1
511.90195655822754,19.9,1
513.307975769043,19.79,1
514.7266838550568,19.86,1
522.0265386104584,-1.41,0
523.3496227264404,-1.41,0
524.6554608345032,-1.38,0
525.9768092632294,-1.41,0
527.3156905174255,-1.48,0
528.6281361579895,-1.45,0
529.93931889534,-1.59,0
531.2482912540436,-1.55,0
535.8384883403778,-2.72,1
537.2537894248962,8.17,1
538.6577889919281,12.93,1
540.0757586956024,14.9,1
541.4932019710541,16.86,1
542.8954021930695,18.79,1
544.3168869018555,20.9,1
545.727639913559,20.17,1
547.1459510326385,20.34,1
548.5449042320251,22.28,1
549.9548575878143,21.72,1
551.3764114379883,21.62,1
552.7899317741394,21.69,1
554.1318936347961,23.72,1
555.5491554737091,23.34,1
556.9649052619934,23.28,1
558.2950549125671,23.1,1
559.7168922424316,23.07,1
561.1293272972107,25.86,1
562.5359561443329,25.21,1
563.953622341156,25.03,1
565.3729846477509,25.1,1
566.7811229228973,24.97,1
568.193648815155,24.86,1
569.5984544754028,24.55,1
571.0162720680237,24.52,1
572.4233009815216,24.38,1
573.8359296321869,23.0,1
575.260097026825,23.66,1
576.6650936603546,22.79,1
578.0846145153046,22.79,1
579.4879996776581,24.97,1
580.907009601593,25.07,1
582.325189113617,25.31,1
583.7379922866821,25.24,1
585.1390528678894,24.38,1
586.5629835128784,24.17,1
587.9630968570709,24.38,1
589.3884325027466,24.45,1
590.7917861938477,24.34,1
592.1965701580048,24.28,1
593.6075723171234,25.1,1
595.0277488231659,25.34,1
596.4364404678345,25.31,1
597.8552241325378,25.28,1
599.274308681488,25.21,1
600.6827626228333,25.03,1
602.0989878177643,24.93,1
603.5041072368622,24.97,1
604.9204981327057,24.93,1
606.3233106136322,25.03,1
607.7409055233002,24.97,1
609.1457874774933,24.79,1
610.5663034915924,24.76,1
611.9760825634003,24.79,1
613.3956592082977,24.83,1
614.8092985153198,27.0,1
616.2130358219147,26.79,1
617.6263554096222,26.59,1
619.0307512283325,26.52,1
620.4548556804657,26.48,1
621.8542110919952,26.48,1
623.2702038288116,26.72,1
624.6758198738098,26.1,1
626.0920164585114,26.24,1
627.5007374286652,25.24,1
628.9131622314453,25.45,1
630.3321063518524,25.41,1
631.7458319664001,25.48,1
633.1533677577972,25.31,1
634.5648112297058,25.31,1
635.9842636585236,25.21,1
637.3823447227478,25.07,1
638.8063051700592,25.17,1
646.0994703769684,-1.24,0
647.4099807739258,-1.38,0
648.7315001487732,-1.38,0
650.0434956550598,-1.31,0
651.3513100147247,-1.38,0
652.6467242240906,-1.38,0
654.0028903484344,-1.38,0
655.322071313858,-1.34,0
659.9087233543396,-1.41,1
661.2658984661102,8.0,1
662.6643300056458,12.93,1
664.0908761024475,17.1,1
665.5060198307037,18.66,1
666.9068448543549,20.07,1
668.3264532089233,21.76,1
669.7324051856995,23.93,1
671.0758354663849,23.14,1
672.4975526332855,25.48,1
673.9028332233429,24.9,1
675.3104228973389,25.28,1
676.7297554016113,26.97,1
678.0769464969635,26.52,1
679.4811525344849,26.66,1
680.8989896774292,26.76,1
682.3028733730316,27.07,1
683.7204601764679,27.28,1
685.1251111030579,28.48,1
686.5434288978577,28.17,1
687.8915164470673,28.0,1
689.2950768470764,28.03,1
690.7128856182098,28.1,1
692.1289095878601,28.55,1
693.5409739017487,28.41,1
694.9396667480469,28.72,1
696.3591530323029,28.14,1
697.764009475708,28.62,1
699.104115486145,28.59,1
700.5205035209656,30.55,1
701.928929567337,30.07,1
703.3489484786987,29.9,1
704.7654774188995,29.86,1
706.1758859157562,29.93,1
707.5729608535767,29.97,1
708.9965517520905,29.93,1
710.3387141227722,30.0,1
711.7508275508881,29.62,1
713.1631009578705,29.62,1
714.566347360611,29.72,1
715.982898235321,29.79,1
717.3986270427704,30.1,1
718.7420597076416,29.9,1
720.1452293395996,29.86,1
721.4973118305206,30.07,1
722.9065318107605,29.97,1
724.2497720718384,30.07,1
725.6516230106354,30.1,1
727.0719766616821,30.17,1
728.4737586975098,30.17,1
729.8956322669983,30.17,1
731.3004338741302,30.17,1
732.720648765564,30.21,1
734.1257879734039,30.17,1
735.533784866333,30.24,1
736.9516851902008,29.97,1
738.3661859035492,29.93,1
739.7082514762878,29.97,1
741.1125795841217,29.9,1
742.518054485321,30.03,1
743.9422698020935,30.07,1
745.3460338115692,30.17,1
746.7571947574615,30.07,1
748.1068797111511,30.14,1
749.4521214962006,30.03,1
756.735814332962,-1.38,0
758.0458681583405,-1.28,0
759.3679296970367,-1.41,0
760.7088356018066,-1.41,0
762.0358316898346,-1.41,0
763.3435204029083,-1.34,0
764.6680479049683,-1.41,0
765.9696264266968,-1.45,0
