1.1021356582641602,-1.9,0
2.345449924468994,-1.86,0
3.548753023147583,-1.97,0
4.7545859813690186,-1.9,0
9.334829330444336,1.48,1
10.742558002471924,-1.38,1
12.145350217819214,0.72,1
13.562081575393677,0.41,1
14.978772401809692,1.79,1
16.390120267868042,1.93,1
17.72919249534607,1.79,1
19.08138918876648,3.03,1
20.41428279876709,3.21,1
21.771216869354248,3.48,1
23.109047412872314,4.07,1
24.524736166000366,3.83,1
25.87338662147522,3.55,1
27.287956714630127,5.0,1
28.686556339263916,5.0,1
30.101622104644775,5.07,1
31.455856323242188,5.31,1
32.85597372055054,5.21,1
34.20782399177551,5.14,1
35.54239773750305,5.83,1
36.89262628555298,5.62,1
38.313390016555786,5.21,1
39.72150731086731,5.1,1
41.135385036468506,5.07,1
42.53663754463196,4.9,1
43.89135694503784,5.0,1
45.23336696624756,5.0,1
46.650599241256714,5.48,1
48.051660776138306,5.69,1
49.46710395812988,5.41,1
50.89070701599121,5.14,1
52.29015398025513,5.03,1
53.7097487449646,5.03,1
55.12579655647278,4.86,1
56.47394633293152,4.97,1
57.87408947944641,4.83,1
59.29329872131348,5.62,1
60.71233510971069,5.45,1
62.112035274505615,5.14,1
63.529202699661255,4.86,1
64.94697546958923,4.83,1
66.29235458374023,4.79,1
67.63332509994507,4.72,1
69.05033612251282,4.72,1
70.46351075172424,5.59,1
71.805499792099,5.28,1
73.14556646347046,4.93,1
74.48200798034668,4.79,1
75.84151458740234,4.69,1
77.24676489830017,4.66,1
78.58451700210571,4.59,1
79.94229483604431,4.62,1
81.34873962402344,4.69,1
82.76254105567932,5.17,1
84.10159182548523,4.86,1
85.4510440826416,4.66,1
86.79000568389893,4.55,1
88.20537829399109,4.45,1
89.55604791641235,4.38,1
90.96548652648926,5.17,1
92.38207077980042,4.93,1
93.79028487205505,5.62,1
95.12817764282227,5.45,1
96.5432562828064,5.17,1
97.96305537223816,4.93,1
99.37545084953308,4.9,1
100.71685552597046,4.83,1
102.1315610408783,4.72,1
103.4719934463501,4.83,1
104.88749837875366,5.41,1
106.29448628425598,5.17,1
113.59924054145813,-1.62,0
114.90756273269653,-1.62,0
116.23646640777588,-1.72,0
117.58854413032532,-1.66,0
118.91140484809875,-1.72,0
120.22022795677185,-1.76,0
121.52818536758423,-1.76,0
122.85311388969421,-1.76,0
127.44743275642395,1.52,1
128.85803365707397,1.83,1
130.2598099708557,1.93,1
131.68418955802917,3.07,1
133.09154629707336,4.66,1
134.50677752494812,4.97,1
135.9215624332428,7.14,1
137.33648896217346,7.41,1
138.74016165733337,7.21,1
140.0800986289978,8.66,1
141.50677227973938,8.66,1
142.9185221195221,8.72,1
144.32650899887085,9.52,1
145.73520255088806,9.1,1
147.15733742713928,8.86,1
148.5596284866333,8.86,1
149.9768350124359,10.52,1
151.38168239593506,10.9,1
152.79824662208557,10.41,1
154.21198344230652,10.17,1
155.63245844841003,10.07,1
157.03368830680847,10.0,1
158.46065139770508,10.59,1
159.8703258037567,10.1,1
161.28196454048157,9.9,1
162.69742488861084,9.79,1
164.0357837677002,10.24,1
165.3792805671692,10.21,1
166.7914638519287,9.83,1
168.19628238677979,9.55,1
169.55011892318726,9.66,1
170.89228010177612,10.31,1
172.22967290878296,9.93,1
173.64667320251465,9.59,1
175.06394791603088,9.93,1
176.41002130508423,9.76,1
177.820983171463,10.69,1
179.16091775894165,10.24,1
180.51332068443298,9.9,1
181.8529782295227,9.93,1
183.19172358512878,9.97,1
184.60973238945007,10.41,1
186.02482342720032,9.93,1
187.3608660697937,9.79,1
188.7141032218933,9.59,1
190.05453777313232,9.76,1
191.46838665008545,10.03,1
192.81374096870422,9.72,1
194.23062801361084,9.45,1
195.63696026802063,10.69,1
197.0533549785614,11.48,1
198.45489263534546,10.93,1
199.87863850593567,10.66,1
201.2224338054657,10.48,1
202.62704133987427,10.38,1
204.04547786712646,10.9,1
205.45063614845276,10.48,1
206.8689742088318,10.34,1
208.28619146347046,10.31,1
215.57737374305725,-1.07,0
216.8864459991455,-1.1,0
218.1783401966095,-1.24,0
219.50058436393738,-1.21,0
220.80629420280457,-1.28,0
222.1590940952301,-1.34,0
223.4621605873108,-1.38,0
224.77136826515198,-1.34,0
229.36097073554993,1.62,1
230.7709460258484,1.86,1
232.18660593032837,3.21,1
233.5930163860321,4.76,1
234.93521118164062,6.52,1
236.35776162147522,8.34,1
237.69981789588928,10.79,1
239.1045708656311,10.93,1
240.52513885498047,12.14,1
241.92762923240662,12.31,1
243.34718108177185,13.0,1
244.7664897441864,12.69,1
246.16680455207825,13.97,1
247.58588981628418,14.21,1
248.99690532684326,14.76,1
250.41387462615967,14.21,1
251.82610177993774,14.24,1
253.2364366054535,14.83,1
254.65246152877808,14.28,1
256.06304240226746,14.21,1
257.48240423202515,14.79,1
258.8838243484497,14.45,1
260.30065393447876,14.66,1
261.718932390213,14.93,1
263.1212511062622,14.76,1
264.5393817424774,14.41,1
265.94713950157166,14.34,1
267.36725425720215,14.86,1
268.78390669822693,14.48,1
270.18704748153687,14.34,1
271.5288300514221,14.83,1
272.8804476261139,15.79,1
274.29675936698914,15.31,1
275.7004840373993,15.86,1
277.1204378604889,15.24,1
278.5351219177246,15.07,1
279.9384546279907,15.55,1
281.28313279151917,14.97,1
282.7063455581665,14.9,1
284.11749839782715,15.41,1
285.531329870224,14.93,1
286.9357249736786,14.79,1
288.3533720970154,15.17,1
289.75767946243286,15.9,1
291.17520022392273,15.41,1
292.59188580513,15.79,1
294.0052807331085,15.34,1
295.40807700157166,15.17,1
296.8177194595337,15.62,1
298.23370575904846,15.07,1
299.6533238887787,14.9,1
301.0705933570862,15.28,1
302.4702272415161,14.83,1
303.88902950286865,14.66,1
305.3077254295349,15.0,1
306.7091464996338,14.55,1
308.1224400997162,14.48,1
309.5409595966339,14.76,1
310.95839405059814,14.28,1
318.2705705165863,-1.86,0
319.56294202804565,-1.97,0
320.88391613960266,-2.0,0
322.1774637699127,-2.03,0
323.50005626678467,-2.1,0
324.8089032173157,-2.07,0
326.1575140953064,-1.93,0
327.4668025970459,-2.07,0
332.0521523952484,1.38,1
333.4043550491333,2.45,1
334.75052070617676,3.93,1
336.16382122039795,6.9,1
337.56629276275635,8.45,1
338.92028856277466,10.14,1
340.32237792015076,11.86,1
341.6701352596283,14.14,1
343.08033633232117,15.52,1
344.4346284866333,15.62,1
345.76579546928406,16.14,1
347.185005903244,17.48,1
348.52285051345825,17.31,1
349.8753128051758,17.76,1
351.2836802005768,17.41,1
352.6230571269989,19.45,1
353.96746492385864,19.03,1
355.3170816898346,18.97,1
356.6541996002197,19.28,1
358.0052692890167,18.93,1
359.42120814323425,19.45,1
360.7579143047333,18.9,1
362.1096611022949,19.17,1
363.52449655532837,19.07,1
364.86315178871155,18.9,1
366.20328736305237,19.24,1
367.55524158477783,20.55,1
368.89204835891724,21.24,1
370.24485969543457,20.38,1
371.5811047554016,20.86,1
372.93474817276,20.28,1
374.3494122028351,20.48,1
375.75115489959717,20.1,1
377.106164932251,19.93,1
378.44833302497864,19.9,1
379.7875988483429,19.59,1
381.1316623687744,19.93,1
382.4708378314972,19.38,1
383.8249533176422,19.9,1
385.1664056777954,19.31,1
386.58412289619446,20.97,1
387.9916455745697,20.0,1
389.40808629989624,20.45,1
390.7506642341614,19.93,1
392.1531584262848,20.17,1
393.57259583473206,19.76,1
394.98610973358154,19.72,1
396.3325288295746,19.62,1
397.7477855682373,19.28,1
399.0905110836029,19.59,1
400.4320113658905,20.31,1
401.7781753540039,20.79,1
403.1804184913635,20.52,1
404.5226249694824,21.03,1
405.94326066970825,20.45,1
407.3513045310974,20.59,1
408.69702672958374,20.1,1
410.04158091545105,20.31,1
411.45197439193726,19.76,1
412.8044261932373,20.31,1
414.20451951026917,19.69,1
415.5584897994995,21.03,1
416.89759945869446,20.17,1
424.2692680358887,-1.9,0
425.59217524528503,-1.97,0
426.91318702697754,-1.97,0
428.2082600593567,-2.0,0
429.5168478488922,-2.0,0
430.83658504486084,-2.0,0
432.1383378505707,-2.14,0
433.48166847229004,-2.07,0
438.0693430900574,1.45,1
439.4715406894684,3.34,1
440.8228268623352,5.17,1
442.2368211746216,9.55,1
443.5766632556915,11.34,1
444.9952218532562,14.66,1
446.3994243144989,17.0,1
447.816166639328,18.34,1
449.1567425727844,19.14,1
450.5752787590027,20.21,1
451.97628951072693,21.0,1
453.3281681537628,21.97,1
454.7345018386841,22.45,1
456.15308928489685,22.03,1
457.57172989845276,23.86,1
458.9729166030884,24.0,1
460.3242561817169,23.66,1
461.7428209781647,24.0,1
463.14567041397095,23.45,1
464.49993872642517,23.66,1
465.9033463001251,25.48,1
467.3210651874542,25.21,1
468.73981261253357,25.41,1
470.15230989456177,25.52,1
471.4863429069519,25.17,1
472.90659165382385,25.38,1
474.3210918903351,25.31,1
475.72257924079895,24.86,1
477.1395766735077,25.38,1
478.55463457107544,25.41,1
479.9703414440155,24.93,1
481.38240671157837,25.21,1
482.7922284603119,24.72,1
484.2107243537903,24.38,1
485.6128752231598,25.48,1
487.03332591056824,25.24,1
488.43756651878357,25.0,1
489.8545219898224,25.34,1
491.2729320526123,24.83,1
492.6778779029846,24.79,1
494.09561562538147,25.1,1
495.5109632015228,24.59,1
496.9215257167816,24.52,1
498.33169531822205,24.93,1
499.7465400695801,24.24,1
501.16177678108215,24.48,1
502.5729455947876,25.66,1
503.9885501861572,24.9,1
505.32553601264954,25.1,1
506.7328996658325,25.17,1
508.088476896286,24.79,1
509.4909851551056,24.79,1
510.9079601764679,25.69,1
512.3114771842957,24.97,1
513.7299482822418,25.14,1
515.1460981369019,25.93,1
516.5542018413544,25.1,1
517.9785115718842,25.24,1
519.3841435909271,25.9,1
520.8004713058472,25.07,1
522.2041985988617,25.34,1
523.6228957176208,25.31,1
525.0403051376343,24.86,1
526.4472479820251,25.14,1
533.749683380127,-1.97,0
535.0712401866913,-1.97,0
536.3722081184387,-2.0,0
537.6796917915344,-1.93,0
539.017909526825,-1.93,0
540.3457264900208,-2.03,0
541.6633751392365,-2.07,0
542.968761920929,-2.03,0
547.5649402141571,1.52,1
548.9700846672058,3.24,1
550.3829708099365,8.24,1
551.7934935092926,11.62,1
553.2101852893829,15.03,1
554.6184642314911,18.55,1
556.035621881485,20.48,1
557.4530494213104,22.52,1
558.7959313392639,23.9,1
560.2119436264038,24.48,1
561.5421721935272,25.59,1
562.9646289348602,26.03,1
564.3674900531769,27.48,1
565.7847175598145,27.17,1
567.2055768966675,27.28,1
568.6065378189087,29.14,1
570.0275373458862,28.76,1
571.4400789737701,28.69,1
572.8599314689636,29.0,1
574.260317325592,29.21,1
575.6757073402405,28.55,1
577.0910577774048,28.62,1
578.5091238021851,28.97,1
579.9130926132202,30.48,1
581.3218731880188,30.0,1
582.7390105724335,30.03,1
584.148895740509,30.21,1
585.5702681541443,30.55,1
586.9776804447174,30.48,1
588.396516084671,29.93,1
589.8002233505249,30.07,1
591.2166063785553,29.97,1
592.6331880092621,30.14,1
594.0331325531006,30.41,1
595.4476568698883,29.76,1
596.8647928237915,29.79,1
598.2805805206299,29.79,1
599.6831238269806,30.38,1
601.1107749938965,30.55,1
602.5182645320892,29.72,1
603.9276442527771,29.55,1
605.3467299938202,29.72,1
606.7549769878387,30.48,1
608.1727821826935,30.31,1
609.5723683834076,29.83,1
610.9891767501831,29.86,1
612.4059579372406,29.97,1
613.8238568305969,30.45,1
615.2279279232025,30.28,1
616.6481101512909,29.79,1
618.0562453269958,29.79,1
619.4733347892761,30.24,1
620.8766775131226,30.45,1
622.2953515052795,30.62,1
623.7106759548187,29.79,1
625.1267600059509,29.9,1
626.5329287052155,29.97,1
627.9497425556183,30.48,1
629.3597192764282,30.55,1
630.7680597305298,30.07,1
632.1872437000275,30.03,1
633.5914859771729,29.86,1
635.0115678310394,30.0,1
642.3834314346313,-2.03,0
643.6907169818878,-2.03,0
644.9994580745697,-2.1,0
646.3070151805878,-2.14,0
647.6144776344299,-2.24,0
648.921587228775,-2.03,0
650.2302844524384,-2.1,0
651.527961730957,-2.17,0
656.1163077354431,18.69,1
657.5311312675476,179.03,1
658.9336476325989,230.34,1
660.2816808223724,237.41,1
661.6164698600769,239.0,1
663.0399513244629,239.1,1
664.380095243454,238.0,1
665.796758890152,237.38,1
667.2039082050323,236.76,1
668.6171758174896,236.59,1
669.9554421901703,236.72,1
671.3727278709412,236.52,1
672.7745549678802,236.83,1
674.1875376701355,236.17,1
675.6035716533661,239.41,1
677.0060017108917,239.21,1
678.4221227169037,239.21,1
679.8387567996979,239.17,1
681.1849009990692,239.1,1
682.5975925922394,239.45,1
684.008955001831,239.38,1
685.4129710197449,239.24,1
686.8164131641388,239.48,1
688.23748087883,239.31,1
689.5819673538208,239.03,1
690.993489742279,239.28,1
692.3948004245758,239.21,1
693.8111033439636,239.17,1
695.149863243103,239.07,1
696.566299200058,239.03,1
697.9867670536041,239.28,1
699.3898527622223,239.24,1
700.7385511398315,239.21,1
702.1539306640625,239.07,1
703.4872834682465,239.07,1
704.9068057537079,238.83,1
706.2395856380463,239.17,1
707.6541199684143,239.28,1
708.9936084747314,239.31,1
710.4110074043274,239.07,1
711.8248343467712,239.1,1
713.2391068935394,239.45,1
714.6428875923157,239.14,1
716.0617353916168,239.21,1
717.4076547622681,239.21,1
718.8089599609375,239.31,1
720.2268900871277,239.1,1
721.6392316818237,239.38,1
723.0390541553497,239.31,1
724.458413362503,239.31,1
