1.1181731224060059,-1.83,0
2.367316722869873,-1.76,0
3.5820343494415283,-1.86,0
4.785149812698364,-1.9,0
5.992413759231567,-1.93,0
7.213632583618164,-1.79,0
8.413089275360107,-1.86,0
13.00634241104126,-5.86,1
14.419520616531372,-3.34,1
15.832746744155884,-1.34,1
17.175795316696167,-1.52,1
18.508224487304688,-1.24,1
19.86473512649536,-1.62,1
21.201826095581055,-1.24,1
22.55195903778076,-1.1,1
23.956228017807007,-1.41,1
25.37297773361206,-1.28,1
26.78707504272461,-1.1,1
28.194187879562378,-1.07,1
29.612271547317505,-0.93,1
31.027692079544067,-1.48,1
32.43669581413269,-0.03,1
33.7739737033844,2.59,1
35.12986183166504,3.45,1
36.46833872795105,3.76,1
37.877522706985474,3.97,1
39.21818256378174,4.21,1
40.64002513885498,4.24,1
41.97700309753418,4.66,1
43.399975061416626,4.83,1
44.80436086654663,4.93,1
46.2127640247345,4.83,1
47.56600999832153,4.97,1
48.976295471191406,4.86,1
50.31743359565735,5.0,1
51.726069688797,5.03,1
53.143985986709595,4.97,1
54.56180953979492,5.0,1
55.96607685089111,5.07,1
57.383047580718994,4.97,1
58.793527364730835,5.14,1
60.21408128738403,5.17,1
61.61662006378174,5.21,1
63.03611993789673,5.1,1
64.43921518325806,5.03,1
65.79718828201294,5.03,1
67.13675546646118,5.14,1
68.55306649208069,5.14,1
69.95945382118225,5.17,1
71.31350898742676,5.1,1
72.65482759475708,5.14,1
73.99546217918396,5.1,1
75.34436869621277,5.07,1
76.75710225105286,5.07,1
78.09639716148376,4.93,1
79.51273822784424,5.03,1
80.92595982551575,5.14,1
82.32675647735596,5.14,1
83.74413228034973,5.1,1
85.15663528442383,5.1,1
86.50464844703674,5.07,1
87.84904074668884,5.1,1
89.18757367134094,5.14,1
90.52834677696228,5.14,1
91.94985890388489,5.1,1
93.3527135848999,5.14,1
94.78043508529663,5.07,1
96.1876916885376,5.14,1
97.59906959533691,5.1,1
98.93945169448853,5.1,1
100.35650610923767,5.14,1
101.76372170448303,5.21,1
103.17805576324463,5.17,1
104.59989595413208,5.21,1
105.94012379646301,5.21,1
107.35923910140991,5.07,1
108.76348042488098,5.21,1
110.18329668045044,5.21,1
111.58776378631592,5.24,1
112.99586749076843,5.17,1
114.41486477851868,5.21,1
115.82005453109741,5.24,1
117.24359345436096,5.28,1
118.65223979949951,5.38,1
120.0631251335144,5.24,1
121.48502993583679,5.24,1
122.8873610496521,5.31,1
124.31247186660767,5.17,1
125.71893119812012,5.24,1
127.12298560142517,5.17,1
134.43788170814514,-2.83,0
135.7527997493744,-2.83,0
137.06330394744873,-2.83,0
138.3699369430542,-2.86,0
139.71578550338745,-2.93,0
141.03993821144104,-2.86,0
142.33854937553406,-2.83,0
143.6435718536377,-2.93,0
148.25054788589478,-2.86,1
149.6509144306183,-2.97,1
151.06607723236084,-1.31,1
152.48789262771606,0.48,1
153.88669443130493,1.38,1
155.30536937713623,1.76,1
156.6511800289154,2.14,1
158.06552124023438,3.17,1
159.47429895401,3.21,1
160.81261801719666,4.21,1
162.16566252708435,5.21,1
163.50963950157166,4.34,1
164.91454696655273,5.28,1
166.3395984172821,5.28,1
167.68099570274353,6.34,1
169.015038728714,6.41,1
170.36975932121277,6.48,1
171.77426433563232,7.59,1
173.19900465011597,7.59,1
174.53431749343872,7.66,1
175.87656092643738,7.66,1
177.28548336029053,8.62,1
178.6363489627838,8.79,1
180.05657839775085,8.72,1
181.3944492340088,8.72,1
182.7398054599762,8.69,1
184.07574915885925,8.76,1
185.4943449497223,8.86,1
186.83851385116577,8.79,1
188.25833225250244,9.17,1
189.5976221561432,9.17,1
191.00102972984314,9.76,1
192.42423748970032,9.76,1
193.84105730056763,9.72,1
195.18347144126892,9.83,1
196.58589100837708,9.86,1
198.00755643844604,9.72,1
199.41540360450745,9.83,1
200.83242917060852,9.83,1
202.23627066612244,9.86,1
203.65730714797974,9.9,1
205.0615952014923,9.83,1
206.48707747459412,9.93,1
207.89886951446533,9.93,1
209.29977750778198,9.93,1
210.7134289741516,9.86,1
212.1305112838745,9.93,1
213.5490128993988,9.97,1
214.9513578414917,9.83,1
216.36898398399353,9.86,1
217.71816301345825,9.86,1
219.12550687789917,10.03,1
220.5408215522766,9.93,1
221.94328832626343,9.97,1
223.36910438537598,9.9,1
224.77576661109924,9.9,1
226.11265969276428,9.97,1
227.53578066825867,10.03,1
228.9486048221588,9.34,1
230.35234355926514,9.34,1
231.77266192436218,9.48,1
233.18414902687073,9.48,1
234.59057784080505,9.55,1
236.01721668243408,9.59,1
237.42625427246094,9.59,1
238.83026766777039,9.72,1
240.25093030929565,9.69,1
241.65167808532715,9.66,1
243.0731372833252,9.97,1
244.4924476146698,9.93,1
245.90130019187927,9.86,1
247.30910730361938,10.0,1
248.7309558391571,9.97,1
250.13528966903687,10.21,1
251.55247569084167,10.14,1
252.9592981338501,10.1,1
254.3787796497345,10.14,1
255.78300285339355,10.03,1
257.203759431839,10.0,1
258.6073668003082,10.14,1
259.96443128585815,10.03,1
261.37073588371277,10.07,1
262.78863644599915,10.0,1
264.198814868927,9.97,1
265.59938645362854,9.97,1
267.0166964530945,9.93,1
268.42658948898315,10.14,1
269.84808683395386,10.1,1
271.25825929641724,10.07,1
272.678857088089,10.03,1
274.07997369766235,10.03,1
275.5022943019867,10.03,1
276.91103196144104,10.03,1
278.31435775756836,9.97,1
279.7385268211365,10.03,1
281.1445083618164,10.03,1
282.5604679584503,9.9,1
283.9804253578186,9.97,1
285.38320207595825,9.93,1
286.8047573566437,8.86,1
288.20939469337463,9.34,1
289.62595653533936,9.59,1
291.03596806526184,9.69,1
298.3492422103882,-3.24,0
299.7038426399231,-3.24,0
301.0222268104553,-3.38,0
302.33591651916504,-3.38,0
303.6697509288788,-3.48,0
304.9806127548218,-3.52,0
306.3055911064148,-3.41,0
307.61577439308167,-3.52,0
312.26299142837524,-3.45,1
313.67339992523193,-1.62,1
315.094379901886,-0.1,1
316.4979360103607,1.62,1
317.91824078559875,1.86,1
319.33505868911743,3.59,1
320.7462811470032,4.55,1
322.15215492248535,5.76,1
323.5610637664795,6.66,1
324.98004841804504,7.48,1
326.3247356414795,8.48,1
327.66442942619324,8.52,1
329.0181636810303,9.59,1
330.34770226478577,9.66,1
331.7029974460602,10.66,1
333.0453815460205,10.66,1
334.4480531215668,11.52,1
335.8063015937805,11.52,1
337.2182261943817,12.59,1
338.55434584617615,12.72,1
339.9707968235016,12.62,1
341.38323950767517,12.72,1
342.80282330513,13.55,1
344.14228320121765,13.66,1
345.5518407821655,13.59,1
346.96208000183105,13.66,1
348.30903124809265,13.69,1
349.7148051261902,13.62,1
351.13555550575256,14.69,1
352.48617243766785,14.66,1
353.81924772262573,14.55,1
355.16338062286377,14.66,1
356.58730602264404,14.62,1
357.93035364151,14.62,1
359.271399974823,14.66,1
360.6183044910431,14.66,1
362.02316999435425,14.76,1
363.3751173019409,14.72,1
364.7155957221985,14.59,1
366.0579836368561,14.66,1
367.477242231369,14.38,1
368.87881326675415,14.17,1
370.23204231262207,14.14,1
371.57289814949036,14.28,1
372.91440439224243,14.24,1
374.25384426116943,14.31,1
375.6776313781738,14.34,1
377.019602060318,15.34,1
378.36132049560547,14.9,1
379.76584458351135,14.93,1
381.1888129711151,15.03,1
382.5263600349426,14.97,1
383.8664937019348,15.31,1
385.2087752819061,15.34,1
386.5508842468262,15.21,1
387.90395855903625,15.1,1
389.25066781044006,15.1,1
390.65937638282776,15.07,1
392.06576466560364,15.07,1
393.4859206676483,15.03,1
394.82208919525146,15.03,1
396.2401077747345,14.97,1
397.5894105434418,14.97,1
398.92468333244324,14.93,1
400.3362834453583,14.9,1
401.7556998729706,14.86,1
403.1068813800812,14.79,1
404.5124235153198,14.76,1
405.9309792518616,14.79,1
407.27703499794006,14.69,1
408.68103790283203,13.9,1
410.03315925598145,14.69,1
411.44417548179626,14.79,1
412.8491439819336,14.86,1
414.1956090927124,15.0,1
415.54687786102295,15.07,1
416.9568247795105,15.1,1
418.3680899143219,15.03,1
419.7091121673584,15.17,1
421.0537419319153,15.38,1
422.46929574012756,15.17,1
423.88066697120667,15.14,1
425.2171776294708,15.14,1
426.5751516819,15.17,1
427.9857563972473,15.03,1
429.39898657798767,15.14,1
430.80742287635803,15.0,1
432.1555960178375,14.93,1
433.4975583553314,14.97,1
434.9011297225952,15.0,1
436.31742095947266,14.9,1
437.6545310020447,14.9,1
439.070604801178,14.83,1
440.41619300842285,14.76,1
441.75533747673035,14.79,1
443.0999503135681,14.76,1
444.5270175933838,14.76,1
445.93780422210693,14.9,1
447.34923696517944,14.9,1
448.6891944408417,14.79,1
450.1070930957794,14.69,1
451.4471297264099,14.17,1
458.75425815582275,-3.38,0
460.0613179206848,-3.38,0
461.37529277801514,-3.45,0
462.71687865257263,-3.41,0
464.02446031570435,-3.45,0
465.33578300476074,-3.41,0
466.64074087142944,-3.48,0
467.9567537307739,-3.41,0
472.55215883255005,-3.34,1
473.8946876525879,-1.28,1
475.310919046402,-0.14,1
476.7182011604309,1.9,1
478.1359477043152,3.45,1
479.53642892837524,5.38,1
480.95874762535095,6.45,1
482.2947998046875,8.31,1
483.7141308784485,9.24,1
485.1240403652191,10.24,1
486.5431046485901,11.21,1
487.95355010032654,12.31,1
489.3708279132843,13.21,1
490.7829940319061,14.28,1
492.1838324069977,14.31,1
493.59989309310913,15.14,1
494.94730162620544,15.24,1
496.3672933578491,16.24,1
497.77949571609497,16.17,1
499.1240746974945,16.97,1
500.5277850627899,16.83,1
501.9442048072815,17.07,1
503.36373257637024,18.14,1
504.76608777046204,17.9,1
506.17814540863037,17.97,1
507.5976068973541,17.97,1
509.0089735984802,18.79,1
510.4136326313019,18.62,1
511.83842158317566,18.66,1
513.2389826774597,18.66,1
514.6629960536957,18.69,1
516.0767107009888,18.69,1
517.4884657859802,18.72,1
518.8981528282166,19.21,1
520.3158841133118,19.1,1
521.6563181877136,19.24,1
523.0627753734589,19.31,1
524.4836142063141,19.38,1
525.8880913257599,19.38,1
527.3076574802399,19.45,1
528.725834608078,19.48,1
530.1360235214233,20.14,1
531.5456228256226,20.14,1
532.9548408985138,20.03,1
534.3690428733826,20.03,1
535.7771589756012,20.14,1
537.2024309635162,20.28,1
538.6059510707855,20.03,1
540.0273804664612,20.14,1
541.4300084114075,20.07,1
542.8498182296753,20.03,1
544.2655694484711,19.9,1
545.6677551269531,19.9,1
547.0875368118286,19.93,1
548.4903984069824,19.86,1
549.913423538208,20.0,1
551.3181743621826,19.59,1
552.7416343688965,19.79,1
554.1462535858154,20.0,1
555.5652554035187,19.93,1
556.9719002246857,20.03,1
558.381100654602,19.97,1
559.8011689186096,19.83,1
561.211484670639,20.14,1
562.6188015937805,20.1,1
564.0356619358063,20.03,1
565.4569942951202,20.14,1
566.8622901439667,20.1,1
568.2725422382355,20.14,1
569.6833081245422,20.14,1
571.1016054153442,20.21,1
572.5077812671661,20.21,1
573.9187133312225,20.14,1
575.3367967605591,20.24,1
576.7566568851471,20.14,1
578.1711337566376,20.03,1
579.5741147994995,20.1,1
580.9898390769958,20.0,1
588.2847454547882,-1.72,0
589.6166288852692,-1.66,0
590.9296932220459,-1.79,0
592.2335839271545,-1.79,0
593.5532901287079,-1.76,0
594.8763666152954,-1.79,0
596.2009625434875,-1.86,0
597.5491378307343,-1.76,0
602.1385123729706,-5.72,1
603.5478875637054,-1.86,1
604.9650738239288,-0.28,1
606.3796842098236,0.31,1
607.7884397506714,1.9,1
609.1923539638519,7.24,1
610.6148064136505,9.52,1
612.0309672355652,11.62,1
613.4346039295197,12.62,1
614.8527662754059,14.52,1
616.2578008174896,15.69,1
617.6750569343567,16.59,1
619.0945069789886,17.69,1
620.4968857765198,18.28,1
621.9148044586182,19.34,1
623.3265347480774,19.48,1
624.7387039661407,20.21,1
626.149712562561,21.24,1
627.5673036575317,21.17,1
628.983585357666,21.83,1
630.3865623474121,21.76,1
631.8048553466797,21.66,1
633.2109394073486,22.83,1
634.6267147064209,22.76,1
636.033004283905,22.86,1
637.449373960495,22.66,1
638.8646686077118,23.41,1
640.2144823074341,23.28,1
641.55468583107,23.21,1
642.894900560379,23.14,1
644.3146939277649,22.83,1
645.6592245101929,23.93,1
647.0711581707001,24.03,1
648.4151434898376,23.97,1
649.8282604217529,23.93,1
651.1662490367889,23.97,1
652.5757627487183,24.03,1
653.9192545413971,24.1,1
655.3384425640106,24.03,1
656.7474904060364,24.0,1
658.089521408081,24.24,1
659.4441087245941,24.86,1
660.8504588603973,24.86,1
662.1895861625671,24.9,1
663.6069333553314,24.83,1
664.9613521099091,24.93,1
666.3654849529266,24.83,1
667.7835748195648,24.83,1
669.1227614879608,23.76,1
670.5419933795929,24.28,1
671.9463591575623,24.31,1
673.3655576705933,24.41,1
674.6977572441101,24.48,1
676.0550472736359,24.34,1
677.4606027603149,24.45,1
678.8106317520142,24.52,1
680.2130815982819,24.45,1
681.5653550624847,24.48,1
682.9784309864044,24.52,1
684.3253390789032,24.41,1
685.7293405532837,24.34,1
687.0732796192169,24.52,1
688.4919409751892,24.69,1
689.9024479389191,24.48,1
691.3114495277405,24.72,1
692.6672208309174,24.52,1
694.0765988826752,24.69,1
695.4165253639221,24.24,1
696.7592086791992,24.21,1
698.1755228042603,24.9,1
699.5800409317017,24.93,1
700.999178647995,24.9,1
702.4181034564972,24.93,1
703.7617146968842,24.9,1
705.1636536121368,25.0,1
706.519373178482,24.93,1
707.9222276210785,24.93,1
709.2767817974091,24.93,1
710.6186151504517,25.0,1
712.0207123756409,24.86,1
713.4429597854614,25.0,1
714.8497774600983,25.0,1
716.2678179740906,24.93,1
723.5649390220642,-2.83,0
724.8668718338013,-2.9,0
726.1743578910828,-2.9,0
727.4826629161835,-2.83,0
728.7854380607605,-2.93,0
730.1405274868011,-2.9,0
731.4331061840057,-3.0,0
732.7569551467896,-3.0,0
737.3399357795715,-2.79,1
738.6914975643158,-0.55,1
740.1044399738312,1.76,1
741.4498934745789,3.83,1
742.8624179363251,6.48,1
744.2708196640015,9.14,1
745.6184775829315,10.93,1
746.9597508907318,11.9,1
748.305472612381,13.69,1
749.6516366004944,15.45,1
751.0646803379059,15.34,1
752.476658821106,17.24,1
753.8766622543335,18.28,1
755.2901568412781,20.07,1
756.7049798965454,20.9,1
758.1229467391968,21.93,1
759.5280523300171,22.69,1
760.9456012248993,23.38,1
762.2921357154846,23.34,1
763.6944575309753,24.14,1
765.1116108894348,25.03,1
766.5329089164734,24.93,1
767.9439458847046,25.69,1
769.3468961715698,25.62,1
770.7638969421387,26.55,1
772.1830027103424,26.41,1
773.5917513370514,27.07,1
775.0108749866486,27.03,1
776.4169230461121,26.9,1
777.8350999355316,27.79,1
779.2352728843689,27.34,1
780.6545712947845,27.31,1
782.0724220275879,28.24,1
783.4785616397858,28.24,1
784.8960416316986,28.31,1
786.3053910732269,28.24,1
787.7113859653473,28.24,1
789.1288585662842,29.07,1
790.5497288703918,29.07,1
791.954443693161,29.0,1
793.3739764690399,29.03,1
794.7897570133209,29.14,1
796.1945245265961,29.03,1
797.612785577774,29.07,1
799.0262355804443,29.93,1
800.4299917221069,29.41,1
801.8495540618896,29.38,1
803.2522790431976,29.41,1
804.6696491241455,29.45,1
806.0790312290192,29.48,1
807.4893388748169,29.62,1
808.9128584861755,29.55,1
810.3292558193207,29.66,1
811.7294912338257,29.62,1
813.1503384113312,29.69,1
814.555335521698,29.66,1
815.9715855121613,29.59,1
817.3758971691132,29.76,1
818.7928895950317,29.72,1
820.2114672660828,29.97,1
821.6172640323639,29.76,1
823.0394401550293,29.55,1
824.4580018520355,29.79,1
825.8584220409393,29.76,1
827.280266046524,29.9,1
828.6852383613586,29.83,1
830.1044929027557,29.69,1
831.5131900310516,29.86,1
832.91814494133,29.86,1
834.3393671512604,29.9,1
835.7542743682861,29.83,1
837.1602199077606,29.97,1
844.478022813797,-2.97,0
845.8345737457275,-2.9,0
847.139821767807,-2.86,0
848.4606349468231,-3.07,0
849.7701961994171,-3.0,0
851.0830638408661,-3.03,0
852.4065515995026,-3.1,0
853.7274696826935,-3.07,0
858.3412842750549,7.97,1
859.7566409111023,100.59,1
861.0953567028046,123.76,1
862.5157079696655,122.93,1
863.929869890213,121.93,1
865.3339188098907,121.79,1
866.7423412799835,121.17,1
868.1638858318329,121.48,1
869.5731661319733,121.45,1
870.9752049446106,121.03,1
872.4028112888336,121.62,1
873.8145930767059,121.41,1
875.1589331626892,121.86,1
876.5564332008362,121.24,1
877.9782292842865,121.38,1
879.3911588191986,121.83,1
880.7986025810242,121.45,1
882.139148235321,119.28,1
883.5559461116791,121.79,1
884.9012446403503,121.66,1
886.307199716568,121.34,1
887.7187566757202,121.41,1
889.1249380111694,121.31,1
890.5445556640625,121.52,1
891.9485094547272,121.69,1
893.3675763607025,121.62,1
894.773919582367,121.31,1
896.1839632987976,121.52,1
897.5226256847382,121.66,1
898.9352014064789,121.41,1
900.352246761322,121.76,1
901.7698459625244,121.97,1
903.175055027008,121.79,1
904.5849180221558,121.45,1
905.9241609573364,121.83,1
907.3405697345734,121.69,1
908.687376499176,121.1,1
910.1036369800568,121.52,1
911.502697467804,121.14,1
912.9211685657501,121.34,1
914.3344638347626,121.55,1
915.7422232627869,121.07,1
917.1586146354675,121.31,1
