1.1040990352630615,-2.07,0
2.355644702911377,-1.97,0
3.5626888275146484,-1.93,0
4.769577980041504,-1.97,0
9.354873180389404,1.14,1
10.699134826660156,0.21,1
12.111086130142212,0.24,1
13.518107414245605,0.38,1
14.924037218093872,1.86,1
16.340975999832153,1.83,1
17.758263111114502,1.9,1
19.102768898010254,2.86,1
20.505223274230957,2.79,1
21.92181372642517,2.97,1
23.326984882354736,2.9,1
24.671624660491943,3.52,1
26.09489870071411,4.24,1
27.434207677841187,4.24,1
28.855314016342163,4.28,1
30.269376516342163,4.34,1
31.671186923980713,4.31,1
33.087608098983765,4.31,1
34.508055686950684,4.45,1
35.851701736450195,4.24,1
37.26594042778015,4.34,1
38.59450888633728,4.34,1
40.021215200424194,5.59,1
41.424033880233765,5.1,1
42.77845048904419,5.21,1
44.180837869644165,5.28,1
45.533491134643555,5.03,1
46.93672299385071,5.24,1
48.35780143737793,5.07,1
49.774890184402466,5.14,1
51.17756485939026,5.14,1
52.601582527160645,5.21,1
53.943169832229614,5.07,1
55.34937834739685,5.03,1
56.771191358566284,5.1,1
58.18465328216553,4.9,1
59.59663248062134,4.97,1
60.99813795089722,4.9,1
62.41627478599548,4.97,1
63.8180787563324,4.59,1
65.16534447669983,4.55,1
66.51198935508728,4.62,1
67.9247498512268,4.38,1
69.34484052658081,3.66,1
70.74563765525818,3.48,1
72.16522693634033,3.48,1
73.50610303878784,3.31,1
74.85108661651611,3.93,1
76.189462184906,5.72,1
77.60691714286804,5.48,1
78.95280241966248,5.48,1
80.36832046508789,5.62,1
81.70726680755615,6.28,1
83.06012439727783,3.66,1
84.39981770515442,4.66,1
85.82126426696777,5.0,1
87.16046166419983,5.21,1
88.49702048301697,5.31,1
89.84843158721924,5.38,1
91.26400303840637,5.45,1
92.60279631614685,5.41,1
93.94311094284058,3.79,1
95.29537582397461,4.34,1
96.701345205307,4.79,1
98.0524513721466,4.79,1
99.45763182640076,4.97,1
100.87601137161255,5.1,1
102.2928557395935,5.21,1
103.62989544868469,5.1,1
105.04272103309631,5.21,1
106.45945119857788,5.31,1
107.86070346832275,3.79,1
109.27965211868286,4.21,1
116.59830856323242,-0.41,0
117.93555498123169,-0.38,0
119.26277089118958,-0.38,0
120.57646584510803,-0.41,0
121.89667797088623,-0.24,0
123.19980049133301,-0.34,0
124.51136994361877,-0.41,0
125.83074712753296,-0.24,0
130.42159581184387,189.97,1
131.83802390098572,153.38,1
133.24337434768677,134.24,1
134.66122841835022,119.07,1
136.05891966819763,106.93,1
143.37423539161682,-0.34,0
144.6944568157196,-0.24,0
146.00049924850464,-0.17,0
147.35266613960266,-0.1,0
148.67512273788452,-0.03,0
149.98254537582397,-0.17,0
151.30563592910767,-0.14,0
152.62709093093872,-0.21,0
157.22444415092468,0.79,1
158.641526222229,0.03,1
160.05192685127258,2.24,1
161.39269256591797,3.79,1
162.7496738433838,5.17,1
164.15425395965576,6.24,1
165.49876284599304,7.41,1
166.84616088867188,8.62,1
168.1845326423645,8.79,1
169.54000329971313,9.79,1
170.93992924690247,11.14,1
172.35690450668335,11.07,1
173.71044635772705,12.24,1
175.1122863292694,12.14,1
176.5338134765625,11.93,1
177.86833143234253,13.45,1
179.2247815132141,13.59,1
180.62622952461243,13.55,1
182.04988503456116,13.52,1
183.39328908920288,13.66,1
184.7946765422821,13.59,1
186.2088179588318,14.52,1
187.55971336364746,14.52,1
188.97705841064453,14.31,1
190.38136506080627,14.38,1
191.73327112197876,14.41,1
193.1371557712555,14.45,1
194.55391597747803,14.38,1
195.9704225063324,14.45,1
197.37084650993347,14.41,1
198.72478437423706,14.31,1
200.0601830482483,14.38,1
201.41098523139954,14.28,1
202.82500314712524,14.34,1
204.23913407325745,14.41,1
205.64102053642273,15.03,1
207.059752702713,15.66,1
208.47644877433777,15.72,1
209.81698513031006,15.76,1
211.2342472076416,15.62,1
212.64925456047058,15.38,1
213.98660230636597,15.28,1
215.4039671421051,15.24,1
216.8194661140442,15.17,1
218.16085696220398,14.97,1
219.49803972244263,14.86,1
220.85093331336975,14.83,1
222.18746709823608,14.59,1
223.53842306137085,15.34,1
224.94280767440796,14.79,1
226.3605694770813,14.38,1
227.77775931358337,12.31,1
229.1917405128479,12.76,1
230.6025652885437,13.76,1
231.94058775901794,14.34,1
233.28236365318298,15.0,1
234.62186765670776,15.1,1
236.04138922691345,15.28,1
237.3797788619995,15.17,1
238.73381757736206,15.52,1
240.1493113040924,14.48,1
241.55037426948547,15.17,1
242.90802669525146,15.1,1
250.2116506099701,-1.45,0
251.51819825172424,-1.62,0
252.8726511001587,-1.59,0
254.1778781414032,-1.66,0
255.49860167503357,-1.69,0
256.8034825325012,-1.66,0
258.1108796596527,-1.72,0
259.4170687198639,-1.76,0
264.01545310020447,-0.83,1
265.43198323249817,1.03,1
266.8553831577301,2.0,1
268.2555766105652,4.62,1
269.67679953575134,7.21,1
271.09106373786926,8.28,1
272.50792837142944,10.69,1
273.9075629711151,11.9,1
275.33143949508667,12.83,1
276.7366843223572,14.03,1
278.1475443840027,15.38,1
279.5660219192505,15.0,1
280.98323488235474,16.24,1
282.3855848312378,16.21,1
283.8000750541687,17.48,1
285.21392345428467,17.66,1
286.62720561027527,17.31,1
288.046101808548,18.69,1
289.4496862888336,18.83,1
290.8639373779297,18.21,1
292.27816700935364,18.55,1
293.68329787254333,18.59,1
295.1039273738861,19.45,1
296.5212869644165,19.48,1
297.92057061195374,19.38,1
299.33725023269653,19.48,1
300.75063943862915,19.55,1
302.1714653968811,19.45,1
303.57435488700867,19.31,1
304.9927990436554,19.55,1
306.396249294281,19.28,1
307.8170325756073,19.38,1
309.2313451766968,19.24,1
310.6381878852844,19.38,1
312.0550127029419,19.41,1
313.4687521457672,20.48,1
314.88174986839294,20.1,1
316.2998766899109,20.1,1
317.70053482055664,19.86,1
319.11816453933716,19.66,1
320.5359830856323,19.62,1
321.9387159347534,19.72,1
323.2923653125763,19.72,1
324.7018427848816,19.55,1
326.1182599067688,19.76,1
327.45995903015137,19.41,1
328.80514550209045,19.55,1
330.1400513648987,19.34,1
331.5618178844452,19.45,1
332.9675204753876,19.21,1
334.3828799724579,19.62,1
335.7208585739136,19.86,1
337.1394741535187,18.55,1
338.47563195228577,19.0,1
339.8295900821686,19.38,1
341.2436544895172,19.0,1
342.66001176834106,19.17,1
344.00007033348083,19.41,1
345.403235912323,19.24,1
346.8283576965332,19.31,1
348.1662926673889,19.55,1
349.51641368865967,19.31,1
350.91783332824707,19.79,1
352.3361392021179,19.76,1
359.6362693309784,-2.41,0
360.95664381980896,-2.38,0
362.2623538970947,-2.31,0
363.5531077384949,-2.31,0
364.87891268730164,-2.28,0
366.1846823692322,-2.24,0
367.50618624687195,-2.38,0
368.84388875961304,-2.48,0
373.4564082622528,-4.52,1
374.85793590545654,-0.83,1
376.27220702171326,2.24,1
377.62015080451965,5.1,1
379.0320053100586,7.69,1
380.37125277519226,10.31,1
381.7284653186798,11.38,1
383.14191365242004,14.28,1
384.55382347106934,15.45,1
385.9533350467682,16.45,1
387.3689332008362,17.72,1
388.7098596096039,19.17,1
390.0659942626953,18.72,1
391.4659152030945,20.28,1
392.88463830947876,20.28,1
394.2895884513855,21.38,1
395.7128403186798,21.59,1
397.05001306533813,21.97,1
398.4659490585327,22.1,1
399.88381242752075,23.17,1
401.28438663482666,22.14,1
402.7014434337616,22.79,1
404.1200530529022,23.48,1
405.53541707992554,23.79,1
406.93773579597473,24.41,1
408.35175132751465,23.0,1
409.76740765571594,23.83,1
411.1197054386139,23.97,1
412.52354407310486,23.97,1
413.8631603717804,24.17,1
415.21516728401184,24.17,1
416.6324441432953,22.79,1
418.0359995365143,23.93,1
419.45386242866516,25.48,1
420.86536836624146,25.21,1
422.2772991657257,25.1,1
423.6917281150818,24.97,1
425.03061294555664,23.79,1
426.44998931884766,25.31,1
427.78832507133484,25.28,1
429.19887351989746,25.31,1
430.5534224510193,25.38,1
431.95264410972595,25.52,1
433.36681365966797,25.62,1
434.7221648693085,25.55,1
436.0596549510956,23.93,1
437.4775779247284,24.69,1
438.81915044784546,24.83,1
440.2225253582001,25.17,1
441.6384975910187,24.97,1
442.9920563697815,24.97,1
444.33183670043945,24.97,1
445.747841835022,24.79,1
447.0863072872162,25.07,1
448.50159645080566,23.52,1
449.90513157844543,24.86,1
451.25760531425476,24.79,1
452.6688802242279,24.83,1
454.0875759124756,24.69,1
455.497421503067,24.69,1
456.9145863056183,24.17,1
458.2593457698822,24.07,1
459.669842004776,24.55,1
461.0068566799164,24.45,1
462.4203405380249,25.07,1
463.7722370624542,25.21,1
465.1734936237335,25.34,1
466.58967185020447,25.41,1
473.8957405090332,-0.83,0
475.2011606693268,-1.07,0
476.5536813735962,-1.03,0
477.84960675239563,-1.17,0
479.17080760002136,-1.17,0
480.4867444038391,-1.31,0
481.79354453086853,-1.34,0
483.1153073310852,-1.34,0
487.69775462150574,187.97,1
489.1170473098755,169.76,1
490.5196223258972,166.17,1
491.9354820251465,159.45,1
493.28862977027893,147.14,1
494.69155955314636,132.21,1
496.1066777706146,120.59,1
497.52364897727966,110.97,1
498.92618799209595,102.48,1
500.3437087535858,94.55,1
501.74616265296936,87.9,1
503.09876227378845,82.79,1
504.50391459465027,76.86,1
505.91910672187805,72.28,1
507.33622455596924,67.17,1
514.6336841583252,-1.86,0
515.9936423301697,-1.86,0
517.2991418838501,-1.79,0
518.6180448532104,-1.86,0
519.9207193851471,-1.83,0
521.2354657649994,-1.93,0
522.5457162857056,-1.93,0
523.8562982082367,-1.93,0
528.4776382446289,12.72,1
529.8884997367859,147.66,1
531.2899684906006,169.52,1
532.7081389427185,164.79,1
534.1232120990753,163.45,1
535.5236887931824,163.48,1
536.9376616477966,163.31,1
538.3521931171417,162.9,1
539.7671918869019,162.48,1
541.1819787025452,162.34,1
542.5959289073944,162.28,1
543.995927810669,162.41,1
545.411536693573,162.52,1
546.8264002799988,162.76,1
548.2269184589386,162.03,1
549.6434943675995,160.97,1
551.0554628372192,161.07,1
552.4690661430359,162.0,1
553.8840246200562,162.93,1
555.2974779605865,162.93,1
556.7115294933319,162.48,1
558.1220052242279,162.38,1
559.5290093421936,162.45,1
560.9426453113556,162.79,1
562.3437736034393,163.21,1
563.760504245758,162.9,1
565.1775243282318,161.97,1
566.5787405967712,161.14,1
567.9947090148926,161.86,1
569.4121980667114,162.28,1
570.825918674469,162.83,1
572.2252793312073,162.86,1
573.652400970459,162.45,1
575.0639960765839,162.28,1
576.4765458106995,161.97,1
577.8866074085236,162.38,1
579.29017329216,161.93,1
580.7046518325806,163.0,1
582.1086592674255,162.21,1
583.5988855361938,162.48,1
584.99756026268,163.1,1
586.4112920761108,162.55,1
