1.1068038940429688,-1.83,0
2.343454122543335,-1.9,0
3.5514731407165527,-1.86,0
4.759156703948975,-1.79,0
9.343068838119507,-4.21,1
10.761238813400269,0.72,1
12.162252187728882,1.03,1
13.505155563354492,1.79,1
14.930099964141846,1.59,1
16.33368420600891,2.69,1
17.688426971435547,2.59,1
19.029139518737793,2.17,1
20.371018171310425,2.72,1
21.78935933113098,4.17,1
23.129029989242554,4.31,1
24.550400495529175,4.17,1
25.959042072296143,4.1,1
27.372076511383057,4.48,1
28.77165651321411,3.93,1
30.192372798919678,4.1,1
31.611104249954224,4.48,1
33.02503991127014,3.9,1
34.43759632110596,6.17,1
35.83507061004639,6.21,1
37.254321336746216,5.86,1
38.67265796661377,5.1,1
40.08084034919739,5.21,1
41.49928283691406,5.48,1
42.82939434051514,5.48,1
44.24975347518921,5.17,1
45.59001398086548,5.31,1
46.93112778663635,5.48,1
48.3411819934845,5.55,1
49.75706481933594,5.07,1
51.176589488983154,5.21,1
52.51885414123535,5.48,1
53.930490493774414,5.55,1
55.348726749420166,5.0,1
56.74969720840454,5.1,1
58.170018911361694,5.21,1
59.57117581367493,5.45,1
60.999428510665894,5.21,1
62.40430927276611,5.0,1
63.81871747970581,5.14,1
65.16221189498901,5.41,1
66.58111310005188,5.17,1
67.92515397071838,4.93,1
69.33597326278687,5.17,1
70.74200630187988,5.28,1
72.0955171585083,4.93,1
73.50757265090942,4.9,1
74.85229563713074,5.0,1
76.19270825386047,5.28,1
77.5264904499054,5.0,1
78.88090419769287,4.9,1
80.22042298316956,5.1,1
81.63379430770874,5.17,1
83.03952240943909,5.21,1
84.39649176597595,4.76,1
85.73984742164612,4.79,1
87.14517068862915,5.03,1
88.56204533576965,5.14,1
89.97917747497559,5.17,1
91.39488959312439,4.79,1
92.80674600601196,4.72,1
94.14852714538574,4.97,1
95.55044078826904,5.07,1
96.96813535690308,4.76,1
98.38602995872498,4.59,1
99.79934883117676,4.86,1
101.21084785461426,5.03,1
102.62005066871643,4.52,1
104.03823232650757,4.59,1
111.32364749908447,-2.14,0
112.63682270050049,-2.1,0
113.95960021018982,-2.1,0
115.26876473426819,-2.17,0
116.57514595985413,-2.14,0
117.90136885643005,-2.14,0
119.23818755149841,-2.1,0
120.56223320960999,-2.07,0
125.16996741294861,-3.86,1
126.58768653869629,1.86,1
127.99834489822388,2.66,1
129.40022659301758,4.31,1
130.82179594039917,4.31,1
132.23590207099915,6.34,1
133.5832245349884,5.69,1
134.9850516319275,7.31,1
136.40437841415405,7.28,1
137.80988836288452,7.21,1
139.23291969299316,8.9,1
140.64571237564087,8.72,1
142.04898643493652,8.55,1
143.4636251926422,8.66,1
144.88361263275146,8.9,1
146.2913842201233,8.93,1
147.70702695846558,8.9,1
149.11087942123413,10.69,1
150.53511762619019,10.21,1
151.9413661956787,9.79,1
153.3446283340454,10.03,1
154.76508831977844,10.31,1
156.17696166038513,10.24,1
157.5950973033905,10.0,1
159.01139664649963,9.97,1
160.42083764076233,9.86,1
161.83642387390137,9.93,1
163.1685209274292,9.97,1
164.5861475467682,10.0,1
166.00858688354492,9.72,1
167.35157942771912,9.62,1
168.68949151039124,9.79,1
170.03939580917358,9.93,1
171.4495928287506,9.76,1
172.85616183280945,10.34,1
174.27854299545288,9.83,1
175.67968726158142,10.03,1
177.09663486480713,9.86,1
178.5041253566742,9.69,1
179.91689324378967,9.9,1
181.27386665344238,10.0,1
182.6788260936737,9.83,1
184.03105545043945,9.72,1
185.44089460372925,10.31,1
186.8419167995453,10.1,1
188.25434279441833,10.03,1
189.67193746566772,10.34,1
191.09171104431152,10.41,1
192.50386333465576,10.07,1
193.91786932945251,10.52,1
195.32742261886597,10.21,1
196.7407579421997,9.93,1
198.15837931632996,10.03,1
199.5700650215149,9.83,1
200.97990560531616,10.24,1
202.38125681877136,10.03,1
203.7971053123474,10.07,1
205.21610307693481,9.86,1
206.6336052417755,10.34,1
208.04470992088318,9.9,1
209.44888067245483,10.07,1
210.86936736106873,10.52,1
212.2729594707489,10.28,1
213.6932966709137,10.0,1
215.10181283950806,10.14,1
216.5201895236969,10.03,1
217.93493008613586,10.31,1
219.3347704410553,10.0,1
220.75572156906128,10.14,1
222.17455220222473,10.03,1
223.5727128982544,9.69,1
224.99205946922302,9.79,1
226.41118359565735,9.9,1
227.81847023963928,9.83,1
229.23722767829895,10.48,1
230.64583706855774,10.38,1
232.05433464050293,10.59,1
233.46643257141113,10.45,1
234.88334918022156,10.21,1
236.29075646400452,10.34,1
237.64419388771057,9.9,1
239.04897212982178,10.0,1
240.4685616493225,10.41,1
241.8841528892517,10.24,1
243.2858166694641,10.62,1
244.70124220848083,10.34,1
246.11958003044128,10.17,1
247.52703881263733,10.45,1
248.94609260559082,10.59,1
250.35812544822693,10.31,1
251.76243448257446,10.17,1
253.1812605857849,10.38,1
254.59193873405457,10.41,1
261.91265964508057,-2.07,0
263.2322402000427,-2.1,0
264.5416305065155,-2.14,0
265.8482897281647,-2.1,0
267.1849238872528,-2.1,0
268.5229740142822,-2.0,0
269.8474135398865,-2.14,0
271.1562650203705,-2.1,0
275.7438962459564,-3.79,1
277.157164812088,1.83,1
278.5708158016205,4.62,1
279.9882781505585,6.14,1
281.3938980102539,7.45,1
282.807546377182,9.0,1
284.2227921485901,10.52,1
285.6263482570648,10.34,1
287.04662895202637,12.17,1
288.45341753959656,11.66,1
289.8743374347687,11.79,1
291.28118801116943,13.48,1
292.69862484931946,13.28,1
294.1089358329773,13.1,1
295.5168104171753,13.34,1
296.93755650520325,15.0,1
298.3473255634308,15.0,1
299.75108575820923,14.86,1
301.167995929718,14.55,1
302.58895230293274,14.79,1
303.99377369880676,14.83,1
305.4144287109375,14.72,1
306.8158166408539,14.55,1
308.2376344203949,14.79,1
309.6411221027374,14.79,1
311.06023049354553,14.62,1
312.47677969932556,14.66,1
313.8918888568878,14.9,1
315.2939279079437,14.72,1
316.7093029022217,14.72,1
318.1218800544739,14.72,1
319.53094506263733,14.9,1
320.95058012008667,14.48,1
322.36298394203186,14.62,1
323.779403924942,14.79,1
325.18451595306396,14.66,1
326.5986530780792,14.48,1
328.0189559459686,14.76,1
329.41904401779175,14.79,1
330.84048795700073,14.52,1
332.25856161117554,14.76,1
333.6629726886749,15.03,1
335.07899260520935,14.66,1
336.4813289642334,14.62,1
337.8927206993103,14.66,1
339.3171126842499,16.45,1
340.65961813926697,16.0,1
341.99716424942017,15.69,1
343.33851861953735,15.86,1
344.6933901309967,15.76,1
346.0984616279602,15.59,1
347.44401240348816,15.59,1
348.7947590351105,15.69,1
350.1376609802246,15.62,1
351.55314111709595,15.55,1
352.89714217185974,15.28,1
354.3114187717438,15.45,1
355.7240219116211,15.48,1
357.1282331943512,15.41,1
358.5481104850769,15.21,1
359.8868052959442,15.31,1
361.22605085372925,15.34,1
362.5780613422394,15.07,1
363.99287962913513,14.93,1
365.3974950313568,15.03,1
366.7514555454254,14.97,1
368.08280873298645,14.72,1
369.43891406059265,14.83,1
370.84260296821594,14.83,1
372.1834137439728,14.59,1
373.5405089855194,14.9,1
374.8816888332367,14.76,1
376.2868661880493,14.69,1
377.6412272453308,14.86,1
379.04472279548645,14.79,1
380.38524198532104,14.55,1
381.80260276794434,14.72,1
383.1533250808716,14.76,1
384.55999279022217,14.48,1
385.96881461143494,14.79,1
387.3848662376404,14.83,1
388.7250678539276,14.62,1
390.14474749565125,14.72,1
391.5577621459961,14.79,1
392.9761130809784,14.66,1
394.3807415962219,14.59,1
395.72839164733887,14.83,1
397.1353816986084,14.83,1
398.5529580116272,14.52,1
399.9580738544464,14.62,1
401.37822365760803,14.86,1
402.7828049659729,16.31,1
404.20621848106384,15.24,1
405.54383087158203,15.66,1
412.8455765247345,-1.62,0
414.150141954422,-1.62,0
415.4639563560486,-1.66,0
416.76963567733765,-1.62,0
418.08223581314087,-1.66,0
419.39176845550537,-1.72,0
420.73457884788513,-1.76,0
422.0331163406372,-1.76,0
426.62137174606323,-3.97,1
428.04159808158875,1.93,1
429.44212341308594,6.52,1
430.8572509288788,7.38,1
432.27465176582336,8.9,1
433.69008588790894,10.52,1
435.103143453598,12.17,1
436.50558948516846,13.52,1
437.8592450618744,15.14,1
439.265762090683,14.76,1
440.6117582321167,16.38,1
442.01609992980957,16.21,1
443.434508562088,17.79,1
444.77875304222107,17.41,1
446.1931643486023,17.31,1
447.59835290908813,17.31,1
449.0184154510498,17.72,1
450.4399161338806,17.76,1
451.84361720085144,19.14,1
453.263236284256,19.1,1
454.6708014011383,18.97,1
456.07563638687134,18.86,1
457.4337773323059,18.93,1
458.7690415382385,18.76,1
460.1894152164459,18.86,1
461.5984454154968,20.24,1
463.00651955604553,20.48,1
464.42574191093445,20.34,1
465.84232568740845,20.17,1
467.24725437164307,20.24,1
468.66626930236816,19.93,1
470.07618594169617,19.93,1
471.4792776107788,19.93,1
472.89652967453003,19.79,1
474.30161476135254,20.38,1
475.71878147125244,20.21,1
477.0735912322998,19.93,1
478.47571873664856,20.24,1
479.88412642478943,20.1,1
481.3087990283966,20.07,1
482.72309732437134,19.79,1
484.1324336528778,19.79,1
485.5440926551819,19.72,1
486.88380789756775,19.62,1
488.29977107048035,20.14,1
489.70332741737366,20.03,1
491.12061071395874,19.9,1
492.5392677783966,19.83,1
493.9479742050171,19.97,1
495.3652939796448,19.83,1
496.77205324172974,19.9,1
498.1826550960541,19.79,1
499.59248304367065,19.93,1
501.0105736255646,19.83,1
502.42002511024475,19.79,1
503.8378870487213,19.83,1
505.2500329017639,19.83,1
506.6596326828003,19.79,1
508.07799792289734,19.83,1
509.48620557785034,19.76,1
510.90367341041565,19.76,1
512.3136830329895,19.69,1
513.7314734458923,19.9,1
515.1352512836456,19.66,1
516.5532348155975,19.69,1
517.9619517326355,19.59,1
519.378740310669,19.59,1
520.7892496585846,19.66,1
522.2046620845795,19.66,1
523.6239569187164,19.66,1
525.0218002796173,19.72,1
526.445122718811,19.72,1
527.8578402996063,19.59,1
535.163242816925,-1.48,0
536.4726192951202,-1.48,0
537.7957758903503,-1.52,0
539.1038036346436,-1.52,0
540.4046869277954,-1.55,0
541.7354946136475,-1.62,0
543.0365445613861,-1.62,0
544.392808675766,-1.72,0
548.9703810214996,-4.0,1
550.389490365982,2.69,1
551.8078265190125,6.14,1
553.2143952846527,8.83,1
554.6318044662476,12.21,1
556.0499932765961,13.55,1
557.4521272182465,14.93,1
558.8750338554382,16.03,1
560.2871925830841,17.59,1
561.6887490749359,19.0,1
563.0436272621155,20.14,1
564.4529962539673,19.9,1
565.8583793640137,21.52,1
567.2737941741943,21.24,1
568.6894834041595,22.79,1
570.0928311347961,22.62,1
571.5174329280853,22.38,1
572.9302332401276,23.86,1
574.3399305343628,23.66,1
575.7438950538635,23.34,1
577.1629390716553,23.24,1
578.5832808017731,23.45,1
579.9887957572937,25.24,1
581.3920669555664,25.0,1
582.8105959892273,24.9,1
584.217766046524,24.72,1
585.6417365074158,24.72,1
587.042640209198,24.93,1
588.4666254520416,24.62,1
589.8795130252838,24.76,1
591.2846598625183,24.72,1
592.7030291557312,24.66,1
594.1111903190613,24.72,1
595.5272614955902,24.62,1
596.9382586479187,24.69,1
598.3502287864685,24.72,1
599.7632749080658,24.69,1
601.1681673526764,24.72,1
602.5731241703033,24.76,1
603.9947288036346,24.62,1
605.3979067802429,24.55,1
606.815780878067,24.66,1
608.2290420532227,24.69,1
609.6464145183563,26.17,1
611.0531618595123,25.97,1
612.4574637413025,25.41,1
613.8798522949219,25.41,1
615.2920379638672,25.17,1
616.6941184997559,25.17,1
618.113130569458,25.21,1
619.5335378646851,25.1,1
620.9395139217377,24.97,1
622.3570499420166,25.0,1
623.7623584270477,25.0,1
625.1769163608551,24.79,1
626.5934386253357,24.76,1
627.9991991519928,24.72,1
629.4089732170105,24.66,1
630.8277122974396,24.59,1
632.2434597015381,24.79,1
633.6625940799713,24.59,1
635.0672042369843,24.52,1
636.4769809246063,26.03,1
637.8945264816284,25.93,1
639.311342716217,25.21,1
640.7152552604675,25.21,1
642.0564320087433,25.17,1
643.471715927124,25.07,1
644.8113915920258,24.93,1
646.2327029705048,25.07,1
647.6336088180542,24.86,1
649.0462641716003,24.9,1
650.4021105766296,24.79,1
651.8112473487854,24.79,1
653.2137241363525,24.66,1
654.6276774406433,24.9,1
655.9826173782349,25.93,1
663.2902264595032,-1.38,0
664.5983123779297,-1.24,0
665.9238376617432,-1.14,0
667.2296352386475,-1.31,0
668.5276110172272,-1.41,0
669.8395750522614,-1.41,0
671.1851999759674,-1.69,0
672.4936034679413,-1.69,0
677.0829238891602,-4.31,1
678.4989023208618,3.59,1
679.9052076339722,8.69,1
681.2587249279022,11.45,1
682.6678462028503,14.34,1
684.0819959640503,15.31,1
685.419572353363,16.76,1
686.8389644622803,19.41,1
688.2445268630981,20.86,1
689.6644968986511,22.0,1
691.0723867416382,23.24,1
692.4807465076447,24.72,1
693.9008088111877,24.34,1
695.3086721897125,25.45,1
696.7257964611053,25.34,1
698.0667428970337,26.62,1
699.4778714179993,26.34,1
700.8992929458618,28.21,1
702.3009417057037,27.86,1
703.6556551456451,27.62,1
705.060619354248,27.62,1
706.4658763408661,29.07,1
707.8808200359344,28.66,1
709.220801115036,28.62,1
710.6355087757111,28.69,1
712.0566940307617,28.62,1
713.468056678772,28.48,1
714.8715925216675,30.28,1
716.2835788726807,30.03,1
717.6893138885498,29.93,1
719.1073899269104,29.86,1
720.5165359973907,29.72,1
721.9282047748566,29.72,1
723.3521149158478,29.86,1
724.7569451332092,29.86,1
726.1590456962585,29.86,1
727.5786781311035,29.72,1
728.9836223125458,29.86,1
730.402429819107,29.72,1
731.8179891109467,29.86,1
733.2227418422699,29.72,1
734.6423819065094,29.86,1
736.0443325042725,29.93,1
737.4671058654785,29.86,1
738.8788635730743,29.76,1
740.2797393798828,29.86,1
741.6994428634644,29.86,1
743.1007969379425,29.86,1
744.52099776268,29.79,1
745.9301192760468,29.9,1
747.3338117599487,29.83,1
748.7548935413361,29.9,1
750.1571533679962,29.93,1
751.5762722492218,29.86,1
752.9948654174805,29.79,1
754.4036355018616,29.79,1
755.8049137592316,29.76,1
757.2251551151276,29.9,1
758.638396024704,29.9,1
760.0453391075134,29.83,1
761.4642405509949,29.9,1
762.8652091026306,30.0,1
764.2833750247955,29.86,1
765.6872806549072,29.97,1
767.0978655815125,29.79,1
768.5145659446716,29.9,1
775.9006857872009,-1.62,0
777.2232022285461,-1.72,0
778.5330274105072,-1.66,0
779.8612449169159,-1.69,0
781.1643261909485,-1.72,0
782.4807124137878,-1.76,0
783.788250207901,-1.72,0
785.1439070701599,-1.69,0
