1.115032434463501,-1.86,0
2.3556103706359863,-1.86,0
3.5686683654785156,-1.9,0
4.77274489402771,-1.86,0
9.360758304595947,-2.17,1
10.773330211639404,1.72,1
12.181063890457153,1.55,1
13.598634481430054,1.79,1
14.999001741409302,2.38,1
16.417319774627686,4.55,1
17.754245042800903,4.0,1
19.174073934555054,3.86,1
20.593024015426636,5.07,1
21.9375159740448,4.52,1
23.34114384651184,4.03,1
24.759479522705078,4.28,1
26.168231964111328,4.76,1
27.582213401794434,4.21,1
29.000430822372437,4.79,1
30.415716648101807,4.86,1
31.816468715667725,0.59,1
33.23674702644348,2.76,1
34.57384657859802,2.69,1
35.997822761535645,3.48,1
37.41238522529602,3.14,1
38.81855654716492,3.28,1
40.23206377029419,4.17,1
41.64284944534302,4.55,1
43.052531003952026,4.38,1
44.466609716415405,5.55,1
45.88699817657471,6.07,1
47.30031061172485,5.62,1
48.71432447433472,6.1,1
50.055126905441284,4.45,1
51.45878052711487,5.48,1
52.881226778030396,7.66,1
54.27914094924927,4.55,1
55.697115898132324,4.72,1
57.113656759262085,4.31,1
58.53097462654114,3.97,1
59.93333029747009,3.97,1
61.34978199005127,5.38,1
62.76323366165161,5.14,1
64.18291544914246,4.55,1
65.58280277252197,5.24,1
67.00228452682495,4.93,1
68.34284901618958,4.9,1
69.76090002059937,5.41,1
71.17547011375427,4.79,1
72.51222109794617,4.93,1
73.86512470245361,5.66,1
75.2063512802124,5.24,1
76.54222536087036,5.28,1
77.96269083023071,5.72,1
79.29822850227356,4.97,1
80.72485542297363,5.03,1
82.12972068786621,5.72,1
83.54530596733093,4.97,1
84.88387870788574,5.28,1
86.30462551116943,5.86,1
87.71277284622192,5.28,1
89.12947487831116,5.9,1
90.53263521194458,5.45,1
91.95720267295837,6.76,1
93.36359071731567,6.17,1
94.77700614929199,5.0,1
96.19267272949219,5.72,1
97.5953471660614,5.41,1
99.0149621963501,6.52,1
100.43116044998169,6.72,1
101.84803867340088,6.1,1
103.25135135650635,6.14,1
110.55787825584412,-1.69,0
111.8662691116333,-1.69,0
113.18553304672241,-1.72,0
114.51283001899719,-1.62,0
115.82008934020996,-1.83,0
117.14510869979858,-1.76,0
118.50218415260315,-1.76,0
119.8074939250946,-1.72,0
124.39835119247437,-2.86,1
125.82231521606445,0.59,1
127.22604060173035,1.1,1
128.65159821510315,1.9,1
130.05491948127747,3.62,1
131.47567987442017,6.34,1
132.8851296901703,6.79,1
134.28957509994507,6.28,1
135.7070722579956,9.1,1
137.12514066696167,9.21,1
138.46475172042847,8.86,1
139.88179230690002,9.66,1
141.28329849243164,9.03,1
142.7073311805725,9.45,1
144.11045002937317,9.93,1
145.53027200698853,9.55,1
146.93427276611328,9.1,1
148.35658478736877,10.38,1
149.77398300170898,9.86,1
151.17460227012634,9.52,1
152.58392572402954,10.1,1
154.0009000301361,10.38,1
155.41918206214905,8.97,1
156.8371069431305,9.31,1
158.24848318099976,10.07,1
159.66257309913635,9.28,1
161.0759241580963,10.41,1
162.4861183166504,10.17,1
163.89727902412415,10.31,1
165.29884362220764,9.62,1
166.6491928100586,10.0,1
168.0596022605896,9.66,1
169.4135344028473,9.93,1
170.81504130363464,9.24,1
172.1691701412201,9.48,1
173.58339142799377,9.52,1
174.98640823364258,9.07,1
176.40427613258362,9.03,1
177.74407577514648,9.31,1
179.08727955818176,9.17,1
180.42555904388428,8.69,1
181.8419110774994,9.1,1
183.18435192108154,8.59,1
184.59901547431946,8.34,1
186.0195813179016,8.97,1
187.4381775856018,9.86,1
188.77221703529358,8.69,1
190.19155526161194,8.66,1
191.59496021270752,9.31,1
193.00317692756653,10.76,1
194.41661047935486,9.41,1
195.83829379081726,9.52,1
197.25584769248962,9.79,1
198.65935754776,9.97,1
200.07640957832336,9.93,1
201.4936375617981,9.79,1
202.83757519721985,9.62,1
204.25284051895142,10.0,1
205.6559934616089,9.59,1
207.07123184204102,10.17,1
208.48681259155273,10.34,1
209.88765335083008,10.66,1
217.19985580444336,-1.55,0
218.50750041007996,-1.59,0
219.81285905838013,-1.62,0
221.1344678401947,-1.76,0
222.43769121170044,-1.83,0
223.74108576774597,-1.79,0
225.08999729156494,-1.72,0
226.396790266037,-1.79,0
230.9774341583252,-2.38,1
232.39587879180908,0.07,1
233.8163731098175,1.55,1
235.1573042869568,6.14,1
236.562340259552,8.62,1
237.9832844734192,8.38,1
239.3994860649109,10.93,1
240.80109477043152,10.79,1
242.2224543094635,13.48,1
243.62863755226135,13.93,1
244.98253202438354,13.9,1
246.38588118553162,13.83,1
247.80852055549622,13.83,1
249.22227883338928,13.59,1
250.63006067276,14.17,1
252.04721689224243,14.31,1
253.45155668258667,13.59,1
254.86650443077087,13.93,1
256.2795777320862,15.52,1
257.6965856552124,15.52,1
259.03861904144287,15.72,1
260.4461724758148,15.24,1
261.8635947704315,15.55,1
263.2783315181732,15.0,1
264.67972207069397,14.79,1
266.096608877182,14.24,1
267.5098385810852,13.97,1
268.9295253753662,14.62,1
270.3356478214264,14.0,1
271.75435185432434,15.66,1
273.1583869457245,15.86,1
274.57548809051514,15.55,1
275.98769760131836,15.86,1
277.4032247066498,14.97,1
278.80442929267883,15.07,1
280.22126936912537,15.1,1
281.6444044113159,14.93,1
283.043359041214,14.69,1
284.46081805229187,14.83,1
285.8783495426178,14.62,1
287.290798664093,14.97,1
288.69877767562866,14.83,1
290.10751128196716,14.41,1
291.5244245529175,18.07,1
292.9410879611969,16.66,1
294.3584940433502,16.72,1
295.7575101852417,17.17,1
297.1756970882416,15.93,1
298.596919298172,16.31,1
299.99828147888184,15.66,1
301.41525888442993,16.93,1
302.8222715854645,16.52,1
304.2314009666443,16.41,1
305.6546263694763,15.21,1
307.06941843032837,15.45,1
308.47344851493835,15.41,1
309.894686460495,15.17,1
311.2969477176666,15.17,1
318.5999059677124,-1.0,0
319.95252561569214,-1.14,0
321.243745803833,-1.14,0
322.5492079257965,-1.14,0
323.84151101112366,-1.17,0
325.1573326587677,-1.17,0
326.4546785354614,-1.28,0
327.7763409614563,-1.38,0
332.3553886413574,1.21,1
333.7680277824402,3.52,1
335.1066002845764,6.59,1
336.44363164901733,9.17,1
337.7964930534363,11.21,1
339.1388666629791,14.1,1
340.47879099845886,14.28,1
341.8933627605438,16.07,1
343.2374269962311,15.9,1
344.6520507335663,18.45,1
346.0675070285797,18.55,1
347.4789309501648,18.48,1
348.8178596496582,19.1,1
350.1689763069153,18.66,1
351.51396656036377,18.72,1
352.92124485969543,18.83,1
354.27318024635315,21.1,1
355.688857793808,20.21,1
357.03107213974,19.59,1
358.4402816295624,20.55,1
359.7818958759308,19.83,1
361.1332492828369,19.9,1
362.5464587211609,19.62,1
363.9615669250488,19.72,1
365.29809498786926,19.86,1
366.64980030059814,19.59,1
367.9875771999359,19.45,1
369.40748953819275,19.34,1
370.745215177536,19.21,1
372.0823268890381,20.83,1
373.4335718154907,20.83,1
374.84980964660645,20.79,1
376.1905303001404,20.59,1
377.53811526298523,20.72,1
378.87685561180115,20.86,1
380.22711396217346,20.03,1
381.62824845314026,20.17,1
382.97273898124695,19.9,1
384.39022994041443,19.97,1
385.8048152923584,21.0,1
387.14232993125916,20.62,1
388.55669236183167,20.9,1
389.9784953594208,20.83,1
391.3819947242737,20.17,1
392.79816222190857,20.21,1
394.21618461608887,19.9,1
395.55790662765503,20.1,1
396.9749131202698,19.9,1
398.3128135204315,19.93,1
399.73247814178467,19.38,1
401.13267183303833,19.86,1
402.5479648113251,19.66,1
403.90137004852295,19.72,1
405.2423303127289,19.38,1
406.5806670188904,19.52,1
408.00003242492676,19.24,1
409.3999171257019,19.28,1
410.8172872066498,19.45,1
412.234650850296,19.34,1
413.64543056488037,21.34,1
415.0628139972687,20.83,1
422.3770360946655,-0.17,0
423.68070554733276,-0.52,0
425.00160360336304,-0.66,0
426.30790424346924,-0.76,0
427.6169602870941,-0.9,0
428.9859719276428,-0.93,0
430.2929883003235,-1.0,0
431.60405707359314,-1.03,0
436.2025480270386,2.28,1
437.6280698776245,6.48,1
439.02911019325256,11.79,1
440.3837022781372,13.97,1
441.7864120006561,16.45,1
443.13788962364197,18.69,1
444.5552496910095,18.38,1
445.9547665119171,21.38,1
447.373690366745,20.55,1
448.7919795513153,23.55,1
450.19384956359863,23.24,1
451.6142225265503,22.97,1
453.0201106071472,23.31,1
454.43827986717224,25.24,1
455.8553948402405,25.0,1
457.1974387168884,25.14,1
458.59967947006226,25.17,1
460.0236954689026,23.97,1
461.42479038238525,24.21,1
462.8446595668793,25.17,1
464.26052737236023,25.17,1
465.6618666648865,25.34,1
467.0816147327423,25.24,1
468.4281098842621,25.21,1
469.8431394100189,25.24,1
471.24361395835876,25.21,1
472.65909934043884,25.07,1
474.0828025341034,25.24,1
475.42128443717957,24.93,1
476.7595314979553,25.17,1
478.1854121685028,24.38,1
479.52001690864563,24.45,1
480.93729186058044,24.52,1
482.2754452228546,25.45,1
483.6998407840729,25.66,1
485.0437173843384,24.66,1
486.45422196388245,25.41,1
487.7962853908539,24.69,1
489.2155809402466,24.41,1
490.6182098388672,24.38,1
492.0363962650299,24.28,1
493.44338750839233,25.14,1
494.8573534488678,24.66,1
496.27914547920227,25.59,1
497.67745065689087,25.55,1
499.09277153015137,25.28,1
500.50998759269714,25.14,1
501.91387367248535,25.21,1
503.3355996608734,25.1,1
504.743700504303,25.03,1
506.1645576953888,24.45,1
507.5795199871063,25.62,1
508.9886426925659,25.21,1
510.3975327014923,25.28,1
511.8149642944336,25.28,1
513.2170934677124,25.24,1
514.6324985027313,24.97,1
516.0502531528473,23.21,1
517.4668066501617,25.0,1
518.8676698207855,24.52,1
520.28426861763,24.69,1
521.623931646347,24.72,1
528.962052822113,-0.1,0
530.2681112289429,-0.17,0
531.5904815196991,-1.07,0
532.8979346752167,0.24,0
534.2448527812958,0.17,0
535.5583264827728,0.24,0
536.861896276474,0.24,0
538.1706578731537,0.21,0
542.7726333141327,239.76,1
544.1895091533661,207.86,1
545.604110956192,172.62,1
547.0177636146545,143.76,1
548.4309632778168,121.69,1
549.8346099853516,103.83,1
551.250218629837,90.1,1
552.6600563526154,78.34,1
554.0749273300171,68.52,1
555.4906408786774,60.52,1
556.8911743164062,54.45,1
558.307119846344,50.45,1
559.7266619205475,46.86,1
561.0662312507629,42.41,1
562.4836344718933,40.83,1
563.8811280727386,38.83,1
565.2971677780151,37.0,1
566.714195728302,34.93,1
568.1183624267578,35.48,1
569.5384981632233,33.24,1
570.9442865848541,33.31,1
578.2525115013123,-0.17,0
579.5735168457031,-0.28,0
580.8950824737549,-0.34,0
582.2048106193542,-0.45,0
583.5682189464569,-0.48,0
584.887927532196,-0.52,0
586.2187128067017,-0.69,0
587.5250988006592,-0.62,0
592.1242883205414,18.07,1
593.5417168140411,220.59,1
594.9571917057037,308.1,1
596.3603112697601,316.31,1
597.7727162837982,314.24,1
599.1926012039185,311.79,1
600.5901691913605,310.69,1
602.0123989582062,310.1,1
603.4139561653137,310.41,1
604.8332626819611,310.97,1
606.2356488704681,309.69,1
607.6538689136505,309.62,1
609.0718195438385,309.62,1
610.4756922721863,309.86,1
611.8930196762085,308.62,1
613.3018922805786,309.21,1
614.7176489830017,308.93,1
616.1182737350464,309.38,1
617.5435972213745,297.69,1
