1.1010594367980957,-1.86,0
2.349658250808716,-1.93,0
3.564997911453247,-1.93,0
4.772723436355591,-1.93,0
9.356972932815552,-1.21,1
10.769201040267944,5.52,1
12.173462629318237,10.76,1
13.589659214019775,17.1,1
14.992348432540894,19.72,1
16.407525539398193,21.83,1
17.749879121780396,24.79,1
19.105483531951904,24.9,1
20.44443368911743,26.72,1
21.849313974380493,26.72,1
23.20354723930359,26.66,1
24.617430448532104,27.07,1
26.031461000442505,29.03,1
27.446722984313965,28.34,1
28.786051034927368,28.62,1
30.202398777008057,28.45,1
31.604294538497925,28.55,1
33.03065347671509,31.1,1
34.369832277297974,30.76,1
35.70407271385193,30.41,1
37.060017108917236,31.03,1
38.47317314147949,30.34,1
39.87368392944336,30.76,1
41.29419469833374,29.69,1
42.633665561676025,30.14,1
44.05078864097595,29.45,1
45.45523238182068,30.72,1
46.87254190444946,30.55,1
48.29099369049072,30.86,1
49.69321656227112,30.38,1
51.11231350898743,30.45,1
52.516817808151245,29.69,1
53.940120458602905,30.59,1
55.35563898086548,30.45,1
56.7565336227417,30.55,1
58.171462297439575,29.76,1
59.58879113197327,29.59,1
60.99737524986267,29.52,1
62.41449022293091,29.55,1
63.81715726852417,29.59,1
65.17109727859497,29.14,1
66.58748650550842,30.69,1
67.93163561820984,30.55,1
69.33625984191895,30.79,1
70.74988985061646,29.59,1
72.16983675956726,29.59,1
73.50877046585083,29.41,1
74.92828822135925,29.83,1
76.33413076400757,30.55,1
77.746511220932,30.59,1
79.08723568916321,30.41,1
80.50264048576355,31.03,1
81.91915225982666,30.41,1
83.3313090801239,30.48,1
84.74718928337097,29.59,1
86.16020584106445,29.66,1
87.57391119003296,30.41,1
88.97691988945007,30.45,1
90.39369511604309,30.55,1
91.81075954437256,29.72,1
93.22446322441101,30.38,1
94.62564039230347,30.48,1
101.94025349617004,-1.31,0
103.25813698768616,-1.45,0
104.5499279499054,-1.41,0
105.87370181083679,-1.38,0
107.18065357208252,-0.62,0
108.53623604774475,-0.66,0
109.858726978302,-0.83,0
