1.1100225448608398,-2.0,0
2.350294351577759,-1.97,0
3.562547206878662,-2.0,0
4.774726629257202,-1.97,0
9.369377851486206,2.45,1
10.782413721084595,-0.03,1
12.18166732788086,-0.41,1
13.594737768173218,0.59,1
15.009032726287842,0.9,1
16.423333644866943,1.86,1
17.776198148727417,2.03,1
19.116113424301147,2.21,1
20.457003116607666,4.07,1
21.869181156158447,3.1,1
23.206690073013306,4.07,1
24.620203018188477,4.28,1
26.035277605056763,4.28,1
27.450475692749023,4.21,1
28.859343767166138,4.14,1
30.272868156433105,4.38,1
31.691802263259888,4.31,1
33.104212284088135,4.52,1
34.456082582473755,4.03,1
35.79067325592041,6.17,1
37.14235997200012,5.76,1
38.54540300369263,5.52,1
39.898526668548584,5.41,1
41.31166195869446,5.14,1
42.72726106643677,4.97,1
44.12603235244751,5.24,1
45.540213108062744,5.52,1
46.95757842063904,5.48,1
48.37274193763733,6.0,1
49.78708338737488,5.66,1
51.201459884643555,5.69,1
52.545111417770386,5.79,1
53.95211410522461,5.69,1
55.366474866867065,5.69,1
56.78254437446594,5.41,1
58.196260929107666,5.17,1
59.598408937454224,5.1,1
61.01284575462341,5.41,1
62.426188707351685,5.28,1
63.84010100364685,5.14,1
65.19109964370728,5.21,1
66.60556197166443,5.17,1
67.94148135185242,5.24,1
69.28497362136841,5.14,1
70.69917941093445,5.21,1
72.11251497268677,4.28,1
73.44902992248535,5.14,1
74.86225056648254,5.24,1
76.27847671508789,4.17,1
77.69439268112183,4.21,1
79.04530239105225,4.17,1
80.44417905807495,4.31,1
81.86608219146729,5.14,1
83.28270030021667,5.21,1
84.61684083938599,5.24,1
86.03097295761108,4.34,1
87.38376212120056,5.17,1
88.79854798316956,5.24,1
90.135409116745,5.21,1
91.54812002182007,4.34,1
92.96168398857117,4.17,1
94.37659239768982,5.14,1
95.78227639198303,5.14,1
97.1972382068634,5.17,1
98.61316418647766,5.24,1
100.02537798881531,4.31,1
101.43924236297607,4.24,1
102.85517883300781,5.1,1
104.25804686546326,5.24,1
105.67337703704834,4.24,1
112.98401069641113,-1.62,0
114.29494500160217,-1.62,0
115.61494207382202,-1.79,0
116.95065450668335,-1.69,0
118.26971054077148,-1.76,0
119.62314748764038,-1.79,0
120.94257616996765,-1.76,0
122.26632308959961,-1.83,0
126.86834836006165,1.79,1
128.28495335578918,-0.07,1
129.62437891960144,0.14,1
131.03795409202576,1.55,1
132.4519543647766,2.03,1
133.86859965324402,3.34,1
135.26677060127258,4.86,1
136.68074536323547,5.34,1
138.09601426124573,6.48,1
139.51459407806396,6.17,1
140.92932868003845,6.66,1
142.3440363407135,6.55,1
143.7569715976715,7.1,1
145.15577626228333,7.03,1
146.5705051422119,6.83,1
147.98417949676514,7.03,1
149.40410256385803,6.9,1
150.82287311553955,7.34,1
152.22219014167786,7.34,1
153.64832997322083,6.93,1
155.04668164253235,7.34,1
156.4653022289276,7.14,1
157.87762451171875,6.93,1
159.29256296157837,7.38,1
160.70819544792175,7.21,1
162.12482571601868,7.03,1
163.46067905426025,20.1,1
164.8755648136139,17.38,1
166.29167485237122,14.69,1
167.70036721229553,14.17,1
169.044682264328,13.66,1
170.45986223220825,12.31,1
171.79451084136963,12.1,1
173.14523124694824,11.97,1
174.55931687355042,12.1,1
175.89425706863403,10.9,1
177.3080894947052,10.52,1
178.72741889953613,10.48,1
180.06466603279114,10.52,1
181.47942900657654,10.48,1
182.83167171478271,10.52,1
184.24527883529663,10.38,1
185.5806279182434,10.34,1
186.9939124584198,10.24,1
188.41560196876526,10.31,1
189.75133895874023,10.34,1
191.10235500335693,10.34,1
192.51582789421082,10.38,1
193.8532269001007,10.34,1
195.26537919044495,10.38,1
196.68169021606445,10.31,1
198.09901809692383,10.24,1
199.5137016773224,10.21,1
200.84979224205017,10.21,1
202.26459002494812,10.0,1
203.68266534805298,10.07,1
205.09841060638428,9.24,1
206.51071524620056,9.86,1
207.91059041023254,9.66,1
209.32804036140442,9.79,1
210.7414128780365,9.86,1
218.0422716140747,-1.41,0
219.34571766853333,-1.52,0
220.66409516334534,-1.62,0
221.98294615745544,-1.69,0
223.28579306602478,-1.69,0
224.63675832748413,-1.72,0
225.94271802902222,-1.76,0
227.24523425102234,-1.76,0
231.83909511566162,2.17,1
233.2548005580902,1.17,1
234.65475368499756,1.76,1
236.07002139091492,4.03,1
237.42192935943604,6.17,1
238.83820700645447,8.34,1
240.25115418434143,10.1,1
241.66647362709045,10.79,1
243.0651240348816,12.24,1
244.48412132263184,12.86,1
245.89795589447021,12.83,1
247.31232285499573,12.83,1
248.72565245628357,14.21,1
250.1418035030365,14.24,1
251.53921604156494,14.31,1
252.95510482788086,14.17,1
254.37055134773254,14.1,1
255.7916760444641,14.0,1
257.2009334564209,13.93,1
258.61835741996765,14.1,1
260.0176320075989,14.03,1
261.43181562423706,13.93,1
262.8483455181122,15.28,1
264.2664723396301,14.97,1
265.68057203292847,15.62,1
267.01546335220337,15.17,1
268.43470644950867,14.79,1
269.84896063804626,15.03,1
271.24676537513733,15.79,1
272.66000485420227,14.9,1
274.0742290019989,15.03,1
275.48888325691223,14.86,1
276.902405500412,14.83,1
278.31663250923157,14.86,1
279.737681388855,14.9,1
281.13875436782837,15.59,1
282.55164074897766,14.9,1
283.96502780914307,15.62,1
285.3802993297577,14.93,1
286.79455304145813,15.48,1
288.2081573009491,15.0,1
289.62898111343384,15.66,1
291.02848625183105,14.97,1
292.4423358440399,15.0,1
293.85721254348755,14.86,1
295.2704598903656,14.83,1
296.68530917167664,15.66,1
298.10274863243103,14.69,1
299.5020763874054,14.55,1
300.9145579338074,15.21,1
302.3419523239136,15.34,1
303.74772334098816,14.76,1
305.157258272171,14.62,1
306.57448863983154,15.34,1
307.98747205734253,15.41,1
309.40180468559265,14.76,1
310.8169870376587,15.34,1
312.2158205509186,14.86,1
313.6306014060974,15.31,1
320.9382894039154,-1.52,0
322.2584674358368,-1.59,0
323.5639314651489,-1.62,0
324.8738646507263,-1.66,0
326.1772394180298,-1.72,0
327.49772238731384,-1.76,0
328.8056523799896,-1.76,0
330.1574671268463,-1.86,0
334.7514057159424,2.69,1
336.1658585071564,1.66,1
337.5022003650665,3.41,1
338.9185037612915,7.38,1
340.3324410915375,9.97,1
341.7463390827179,12.17,1
343.16035652160645,14.17,1
344.568945646286,13.55,1
345.9039490222931,13.79,1
347.25479531288147,15.41,1
348.59377455711365,15.41,1
350.012305021286,16.93,1
351.3616805076599,17.28,1
352.7769913673401,17.14,1
354.11689257621765,18.66,1
355.4532082080841,19.03,1
356.87677216529846,18.93,1
358.21353673934937,18.86,1
359.5573184490204,18.93,1
360.91012024879456,18.83,1
362.2455155849457,18.72,1
363.6650421619415,20.14,1
365.0115473270416,20.31,1
366.42457818984985,20.28,1
367.83734345436096,20.38,1
369.2474296092987,20.1,1
370.5873079299927,20.17,1
371.9996418952942,20.14,1
373.34252095222473,20.28,1
374.75697112083435,20.07,1
376.10889315605164,19.86,1
377.4470043182373,19.79,1
378.8591830730438,19.59,1
380.27383756637573,19.72,1
381.6892170906067,19.72,1
383.09025740623474,20.03,1
384.4412877559662,20.21,1
385.8435263633728,20.03,1
387.1955065727234,20.14,1
388.6081762313843,20.0,1
390.0228271484375,19.9,1
391.4390981197357,20.17,1
392.8516583442688,20.31,1
394.25228667259216,20.24,1
395.60325622558594,20.31,1
397.0190336704254,20.52,1
398.4349892139435,20.14,1
399.8363027572632,20.28,1
401.2498404979706,20.45,1
402.66508984565735,20.48,1
404.0804784297943,20.38,1
405.4967842102051,20.38,1
406.91139793395996,20.45,1
408.3247456550598,20.07,1
409.66904067993164,20.07,1
411.07465076446533,20.0,1
412.48489117622375,19.93,1
413.90236735343933,20.24,1
415.3202157020569,20.07,1
416.72114181518555,20.14,1
418.1369798183441,20.14,1
419.5520062446594,20.21,1
426.8783345222473,-1.62,0
428.2224407196045,-1.76,0
429.52548933029175,-1.66,0
430.8437509536743,-1.83,0
432.14715123176575,-1.79,0
433.4671013355255,-1.76,0
434.7752890586853,-1.9,0
436.0950653553009,-1.76,0
440.7310450077057,2.03,1
442.14464020729065,1.72,1
443.56043124198914,5.21,1
444.97598910331726,9.07,1
446.3906874656677,12.66,1
447.79216408729553,14.66,1
449.20518159866333,16.52,1
450.6212332248688,18.28,1
452.03645300865173,19.86,1
453.4518642425537,20.1,1
454.8557140827179,21.79,1
456.2676556110382,22.14,1
457.69623708724976,23.48,1
459.10150146484375,23.55,1
460.51171040534973,23.72,1
461.9264271259308,23.76,1
463.33286237716675,23.79,1
464.74730610847473,23.97,1
466.16101932525635,23.93,1
467.573988199234,24.41,1
468.9879057407379,24.1,1
470.4086854457855,25.24,1
471.8171007633209,25.52,1
473.23348808288574,24.79,1
474.64498376846313,24.72,1
476.0488018989563,24.55,1
477.46434330940247,24.69,1
478.8824634552002,25.38,1
480.283570766449,24.69,1
481.69565320014954,25.28,1
483.10954308509827,24.52,1
484.52458024024963,24.38,1
485.93866896629333,24.55,1
487.3562767505646,25.31,1
488.7718303203583,24.69,1
490.1714668273926,25.48,1
491.5923717021942,25.69,1
493.0006778240204,25.76,1
494.4168746471405,24.93,1
495.8312397003174,25.1,1
497.24787735939026,25.28,1
498.66116213798523,24.52,1
500.0650050640106,24.62,1
501.48071908950806,24.55,1
502.89744567871094,24.59,1
504.31265568733215,25.38,1
505.7135169506073,24.72,1
507.127804517746,25.41,1
508.54632115364075,25.48,1
509.9622070789337,24.59,1
511.3758337497711,24.55,1
512.7908883094788,24.41,1
514.1898169517517,24.55,1
515.6058247089386,25.34,1
517.019936800003,24.72,1
518.4346027374268,25.38,1
519.8517262935638,25.17,1
521.2652359008789,24.52,1
522.6789169311523,24.55,1
524.0780370235443,24.48,1
525.4995784759521,25.52,1
526.9062533378601,25.52,1
528.3217539787292,24.69,1
529.7381641864777,25.69,1
537.0367331504822,-1.59,0
538.3575644493103,-1.62,0
539.6645905971527,-1.62,0
540.986777305603,-1.66,0
542.3085150718689,-1.83,0
543.6635320186615,-1.69,0
544.965726852417,-1.72,0
546.2857077121735,-1.79,0
550.8915202617645,2.14,1
552.3079998493195,1.86,1
553.72203373909,7.45,1
555.1211779117584,11.1,1
556.5347468852997,14.66,1
557.9496202468872,18.45,1
559.3663377761841,20.52,1
560.7819368839264,22.66,1
562.1954503059387,24.48,1
563.6096985340118,25.93,1
565.0129415988922,26.21,1
566.3655214309692,27.59,1
567.7804095745087,27.66,1
569.1934885978699,27.66,1
570.5919263362885,27.45,1
572.0085890293121,28.86,1
573.4251120090485,29.14,1
574.8410489559174,29.03,1
576.2565453052521,28.86,1
577.6614103317261,28.79,1
579.0769684314728,28.76,1
580.4922018051147,30.1,1
581.9070227146149,29.66,1
583.321539402008,30.14,1
584.7200939655304,30.24,1
586.1354179382324,30.21,1
587.5517852306366,30.38,1
588.969176530838,30.52,1
590.3832199573517,30.55,1
591.786297082901,30.59,1
593.1973929405212,30.76,1
594.6169588565826,30.86,1
596.0301191806793,30.69,1
597.4429597854614,30.76,1
598.8567698001862,30.45,1
600.2643101215363,30.72,1
601.6777143478394,30.66,1
603.0935113430023,30.55,1
604.5083878040314,29.76,1
605.9227447509766,29.59,1
607.3372523784637,29.45,1
608.7391300201416,29.21,1
610.1548705101013,30.1,1
611.566339969635,29.34,1
612.9805381298065,30.24,1
614.3934698104858,30.48,1
615.8075623512268,30.55,1
617.2170248031616,29.59,1
618.6268422603607,29.66,1
620.0404665470123,29.62,1
621.4554941654205,29.45,1
622.8725905418396,29.62,1
624.2882740497589,30.59,1
625.6972131729126,29.31,1
627.112827539444,29.45,1
628.5268294811249,29.45,1
629.9345579147339,30.07,1
631.3494000434875,30.62,1
632.7626776695251,30.41,1
634.1773865222931,29.86,1
635.5781562328339,29.86,1
636.9937598705292,29.9,1
638.3469045162201,29.83,1
645.6575965881348,-1.41,0
646.9944083690643,-1.59,0
648.3137409687042,-1.55,0
649.6225168704987,-1.72,0
650.9267303943634,-1.76,0
652.2484748363495,-1.72,0
653.5539603233337,-1.69,0
654.8730945587158,-1.76,0
659.4725551605225,32.21,1
660.8882811069489,256.79,1
662.239470243454,260.79,1
663.575597524643,264.62,1
664.926985502243,267.97,1
666.2632637023926,268.1,1
667.6141781806946,267.86,1
669.0168025493622,267.66,1
670.3684604167938,267.14,1
671.7657067775726,267.79,1
673.1813061237335,267.72,1
674.5206825733185,267.79,1
675.8743040561676,268.07,1
677.2741186618805,268.1,1
678.6283895969391,268.93,1
679.9653654098511,268.79,1
681.3830046653748,268.34,1
682.7947347164154,268.66,1
684.1959681510925,268.69,1
685.6219017505646,268.93,1
687.0340118408203,269.17,1
688.4462320804596,268.38,1
689.8582894802094,268.62,1
691.2689893245697,267.52,1
692.6779732704163,-35.66,1
694.087105512619,-2.17,1
695.5027844905853,55.9,1
696.9055035114288,248.21,1
698.2522451877594,249.24,1
699.6698570251465,249.62,1
701.0696721076965,-130.62,1
702.4833507537842,-6.72,1
703.8987002372742,197.59,1
705.3129670619965,252.59,1
706.7290363311768,268.55,1
708.1401572227478,261.41,1
709.5436716079712,261.76,1
710.9567699432373,260.14,1
712.3702335357666,261.66,1
713.7869329452515,261.66,1
715.1902055740356,262.38,1
716.6045036315918,262.21,1
718.0186383724213,-37.17,1
719.436900138855,-3.93,1
720.8363354206085,-1.76,1
722.2518408298492,-1.76,1
723.6674840450287,-1.83,1
725.0830235481262,-2.03,1
726.4909698963165,-2.0,1
727.9029688835144,-2.03,1
729.3165938854218,-2.03,1
730.7350857257843,-1.9,1
732.1359570026398,-1.9,1
733.4851415157318,-1.97,1
734.9020311832428,-1.9,1
736.3182048797607,-1.9,1
737.7283141613007,-1.93,1
739.1433856487274,-1.97,1
740.5580611228943,-1.97,1
741.9587163925171,-1.9,1
743.371132850647,-1.97,1
