1.1026244163513184,-1.97,0
2.3571205139160156,-2.03,0
3.5667951107025146,-1.9,0
4.767180919647217,-1.97,0
9.346959352493286,-1.24,1
10.759336709976196,-1.76,1
12.172588586807251,-1.72,1
13.585036277770996,-1.66,1
14.986351490020752,-1.76,1
16.40345549583435,-1.66,1
17.744940757751465,-1.72,1
19.097386360168457,-1.76,1
20.5087788105011,0.31,1
21.844579935073853,0.38,1
23.18890643119812,0.48,1
24.542691707611084,1.14,1
25.94479751586914,1.24,1
27.36163306236267,1.55,1
28.77995228767395,1.55,1
30.179426670074463,1.83,1
31.597763299942017,1.86,1
33.01507925987244,1.79,1
34.43056583404541,2.14,1
35.832709312438965,2.24,1
37.249759912490845,2.14,1
38.58712673187256,2.83,1
40.005253314971924,2.76,1
41.359180212020874,2.66,1
42.69186234474182,2.76,1
44.0457808971405,3.52,1
45.44649410247803,3.52,1
46.86381411552429,3.59,1
48.280712842941284,3.52,1
49.69361424446106,3.69,1
51.09449553489685,4.48,1
52.51967430114746,4.55,1
53.92547631263733,4.48,1
55.345853328704834,4.45,1
56.745426654815674,4.55,1
58.16362237930298,4.45,1
59.58331871032715,4.52,1
60.9846248626709,4.48,1
62.402809858322144,4.69,1
63.82008409500122,4.55,1
65.1554582118988,4.52,1
66.49735951423645,4.72,1
67.85005640983582,4.72,1
69.26412534713745,4.62,1
70.67781949043274,4.62,1
72.02611589431763,4.55,1
73.42986297607422,4.59,1
74.7714192867279,4.66,1
76.18014597892761,4.66,1
77.53352332115173,4.62,1
78.94922494888306,4.62,1
80.35397291183472,5.07,1
81.76218175888062,5.21,1
83.11512231826782,5.17,1
84.53093266487122,5.03,1
85.87485241889954,4.97,1
87.2804024219513,5.1,1
88.69911932945251,5.1,1
90.1042811870575,5.03,1
91.52285552024841,5.17,1
92.9379334449768,5.03,1
94.28231573104858,5.17,1
95.68776488304138,4.86,1
97.10384964942932,4.69,1
98.51923418045044,4.59,1
99.93668627738953,4.62,1
101.33755612373352,4.55,1
102.75478744506836,4.48,1
104.17161440849304,4.45,1
105.58744478225708,4.52,1
106.98706817626953,4.52,1
108.33756065368652,4.48,1
109.75538492202759,4.59,1
111.17111492156982,4.66,1
112.5742540359497,4.55,1
113.98464751243591,4.66,1
115.33483791351318,4.62,1
116.74001264572144,4.62,1
118.15764093399048,4.69,1
119.57178688049316,4.55,1
120.98955178260803,4.66,1
122.40316152572632,4.86,1
123.80771088600159,4.72,1
125.21755337715149,4.97,1
126.63685750961304,4.93,1
128.03782987594604,4.86,1
129.4573278427124,4.86,1
130.87479186058044,5.07,1
132.27732276916504,5.0,1
139.66934490203857,-1.55,0
140.98038697242737,-1.59,0
142.2923321723938,-1.62,0
143.61410355567932,-1.62,0
144.93903756141663,-1.69,0
146.24410200119019,-1.62,0
147.56472206115723,-1.72,0
148.91943335533142,-1.72,0
153.50676798820496,-1.03,1
154.91378808021545,-1.79,1
156.33304500579834,-1.59,1
157.73844289779663,-1.66,1
159.15701055526733,-1.62,1
160.57461285591125,0.52,1
161.91604495048523,1.17,1
163.33201909065247,1.55,1
164.67338633537292,1.86,1
166.07810020446777,2.03,1
167.49350142478943,2.66,1
168.9096803665161,3.31,1
170.2502977848053,4.14,1
171.66395139694214,4.14,1
173.0820062160492,4.76,1
174.48193407058716,5.55,1
175.89851355552673,5.52,1
177.31706404685974,6.17,1
178.6562840938568,6.1,1
179.9985568523407,6.69,1
181.33871912956238,6.69,1
182.6920599937439,6.66,1
184.0295238494873,6.86,1
185.44683051109314,7.48,1
186.8613085746765,7.45,1
188.20114922523499,7.41,1
189.55081868171692,8.0,1
190.88883519172668,7.97,1
192.22926235198975,8.1,1
193.64349484443665,7.97,1
194.99676537513733,8.0,1
196.33169722557068,8.72,1
197.74860405921936,8.48,1
199.16486740112305,8.38,1
200.50150418281555,8.28,1
201.91923213005066,8.21,1
203.2574017047882,8.41,1
204.60809636116028,9.1,1
205.95428895950317,9.03,1
207.36218070983887,9.07,1
208.77749252319336,9.31,1
210.19521975517273,9.1,1
211.53682589530945,9.21,1
212.95261526107788,9.17,1
214.2921974658966,9.24,1
215.7010953426361,9.17,1
217.04067468643188,9.34,1
218.45528197288513,9.9,1
219.87849140167236,9.86,1
221.2943470478058,9.83,1
222.63461828231812,9.86,1
224.03821325302124,9.86,1
225.45628333091736,9.97,1
226.87247276306152,10.03,1
228.29104375839233,10.0,1
229.69097757339478,9.9,1
231.04576349258423,9.97,1
232.4473614692688,10.0,1
233.80215167999268,9.93,1
235.2058663368225,10.03,1
236.55974459648132,9.93,1
237.90116596221924,10.07,1
239.30690574645996,10.1,1
240.7231969833374,10.03,1
242.14179849624634,10.07,1
243.5464425086975,10.03,1
244.96898865699768,10.17,1
246.37417030334473,10.21,1
247.7895803451538,10.1,1
249.20241808891296,10.14,1
250.61913776397705,10.17,1
252.01957511901855,10.14,1
253.43622827529907,10.14,1
254.8533582687378,10.14,1
262.14974665641785,-1.17,0
263.4738426208496,-1.28,0
264.7812874317169,-1.17,0
266.13699197769165,-1.34,0
267.44464778900146,-1.31,0
268.75864815711975,-1.28,0
270.0784373283386,-1.31,0
271.385457277298,-1.38,0
275.983362197876,-0.79,1
277.3990092277527,-1.34,1
278.8173418045044,-1.38,1
280.2328040599823,-1.24,1
281.5701057910919,0.93,1
282.9918284416199,1.72,1
284.39076232910156,2.38,1
285.81587409973145,2.93,1
287.2203917503357,4.34,1
288.64035081863403,5.0,1
290.0466639995575,5.48,1
291.4638407230377,5.97,1
292.8652694225311,6.38,1
294.2820746898651,7.14,1
295.7017002105713,7.62,1
297.116703748703,8.38,1
298.5188784599304,9.14,1
299.9328558444977,10.41,1
301.351646900177,10.41,1
302.76751041412354,10.41,1
304.1721029281616,9.86,1
305.5892241001129,10.72,1
307.0043795108795,11.41,1
308.41791796684265,11.55,1
309.8211405277252,12.1,1
311.23718070983887,11.86,1
312.6489095687866,12.03,1
314.0659532546997,12.07,1
315.48156690597534,13.34,1
316.8852643966675,12.66,1
318.3036639690399,12.72,1
319.7062587738037,13.66,1
321.06164741516113,13.41,1
322.46510195732117,13.28,1
323.8185772895813,13.59,1
325.2351219654083,13.76,1
326.57653546333313,13.38,1
327.98841667175293,14.03,1
329.33494091033936,14.28,1
330.7377495765686,14.1,1
332.1543505191803,14.07,1
333.57011365890503,14.07,1
334.9725432395935,14.14,1
336.32404232025146,14.21,1
337.7359461784363,14.24,1
339.1412832736969,14.21,1
340.565016746521,14.34,1
341.96260237693787,15.0,1
343.38894534111023,14.97,1
344.7942910194397,15.07,1
346.21389293670654,15.0,1
347.61957812309265,15.07,1
348.968777179718,15.17,1
350.3725154399872,15.03,1
351.7906320095062,15.1,1
353.199994802475,15.03,1
354.616170167923,15.03,1
356.0229752063751,15.03,1
357.4404966831207,14.93,1
358.8576924800873,14.93,1
360.27375769615173,15.21,1
361.6745352745056,14.97,1
363.0320599079132,15.0,1
364.4359896183014,15.0,1
365.85256910324097,14.93,1
367.1889705657959,14.86,1
368.6124014854431,14.9,1
370.020756483078,15.38,1
371.3575527667999,15.17,1
372.7720477581024,15.14,1
380.0687530040741,-1.62,0
381.3852686882019,-1.69,0
382.69434809684753,-1.72,0
384.0187711715698,-1.69,0
385.35966300964355,-1.83,0
386.66156482696533,-1.79,0
387.96661829948425,-1.93,0
389.2773118019104,-1.9,0
393.8689184188843,-1.86,1
395.27008271217346,-2.76,1
396.6208565235138,-2.69,1
398.0355188846588,0.17,1
399.37559747695923,1.31,1
400.7911174297333,1.83,1
402.2086887359619,3.07,1
403.61727261543274,4.48,1
405.0284068584442,6.0,1
406.4426693916321,7.31,1
407.84699058532715,8.21,1
409.262104511261,10.07,1
410.68074107170105,10.66,1
412.0956676006317,10.52,1
413.49776220321655,11.28,1
414.91184520721436,12.07,1
416.3288447856903,13.55,1
417.7453496456146,13.28,1
419.15032720565796,13.97,1
420.56860613822937,14.28,1
421.9806537628174,15.17,1
423.3859317302704,15.1,1
424.74103927612305,15.24,1
426.14930605888367,16.52,1
427.48788833618164,15.62,1
428.9015152454376,16.55,1
430.32045102119446,17.07,1
431.7234876155853,17.17,1
433.14019322395325,17.21,1
434.5586531162262,17.17,1
435.9599771499634,17.55,1
437.3773331642151,17.93,1
438.7169568538666,17.66,1
440.0678458213806,18.31,1
441.4059090614319,18.38,1
442.82694578170776,18.45,1
444.16353726387024,18.55,1
445.51895904541016,18.66,1
446.8590672016144,18.62,1
448.2639276981354,18.76,1
449.61808943748474,19.14,1
451.02076959609985,19.17,1
452.3777639865875,19.28,1
453.7799434661865,19.14,1
455.12127923965454,19.24,1
456.47873640060425,19.24,1
457.8139922618866,19.24,1
459.23240852355957,19.1,1
460.5764203071594,19.41,1
461.91968512535095,19.21,1
463.25920152664185,19.55,1
464.6723964214325,19.86,1
466.09302496910095,19.83,1
467.50632762908936,19.9,1
468.84487676620483,20.0,1
470.26229977607727,20.07,1
471.6785001754761,20.21,1
473.08094096183777,20.03,1
474.49816632270813,20.0,1
475.8356947898865,19.72,1
477.1896662712097,19.14,1
478.588894367218,19.41,1
480.0069398880005,19.97,1
481.42514729499817,19.72,1
482.83621549606323,19.1,1
484.24803352355957,19.41,1
485.66404366493225,19.59,1
487.0647768974304,19.28,1
488.48033356666565,19.86,1
489.90376830101013,19.17,1
491.31046414375305,19.38,1
492.72653436660767,19.38,1
500.00543689727783,-2.03,0
501.360472202301,-2.07,0
502.66820549964905,-2.21,0
503.9990499019623,-2.21,0
505.3108603954315,-2.14,0
506.615510225296,-2.14,0
507.9275550842285,-2.17,0
509.2533049583435,-2.17,0
513.8946769237518,93.48,1
515.3005073070526,89.69,1
516.6412808895111,88.03,1
518.0607783794403,86.86,1
519.4003760814667,86.45,1
520.8118860721588,86.24,1
522.2271637916565,86.14,1
523.6432414054871,85.93,1
525.0583918094635,85.69,1
526.4682457447052,85.21,1
527.8719534873962,85.03,1
529.2899484634399,85.41,1
530.6348555088043,84.9,1
532.0382761955261,81.52,1
533.4573543071747,77.83,1
534.790629863739,75.14,1
536.2014679908752,72.45,1
537.6231632232666,69.24,1
544.9196803569794,-2.07,0
546.2340202331543,-2.1,0
547.5432274341583,-2.07,0
548.8480703830719,-2.07,0
550.1550431251526,-1.93,0
551.4807929992676,-2.0,0
552.8020584583282,-1.97,0
554.1135456562042,-2.0,0
558.7197799682617,92.45,1
560.1204590797424,89.76,1
561.5445327758789,87.34,1
562.9529116153717,86.0,1
564.2943625450134,85.97,1
565.7104551792145,85.83,1
567.1124939918518,85.76,1
568.5278220176697,85.76,1
569.9466581344604,85.66,1
571.3494951725006,85.69,1
572.7672071456909,85.28,1
574.1682868003845,85.0,1
575.5856244564056,84.69,1
577.006285905838,83.66,1
578.4172220230103,80.69,1
579.8195204734802,77.28,1
581.2371332645416,74.62,1
582.6443934440613,72.21,1
584.0657155513763,69.38,1
585.4759213924408,66.17,1
586.8875021934509,63.79,1
588.2913055419922,61.41,1
595.6148235797882,-2.28,0
596.9375882148743,-2.24,0
598.2428851127625,-2.17,0
599.5640795230865,-2.17,0
600.8682906627655,-2.17,0
602.1890540122986,-2.1,0
603.510671377182,-2.1,0
604.8669989109039,-2.1,0
609.4544022083282,92.28,1
610.8573491573334,89.76,1
612.2743246555328,88.03,1
613.6915242671967,87.07,1
615.108226776123,86.69,1
616.5110964775085,86.45,1
617.92538022995,86.31,1
619.3378555774689,86.1,1
620.7559452056885,85.41,1
622.1593005657196,85.48,1
623.5739803314209,85.48,1
624.9909057617188,85.86,1
626.3289549350739,85.83,1
627.745707988739,85.93,1
629.1488935947418,86.14,1
630.5658123493195,85.66,1
631.9706015586853,85.38,1
633.3874349594116,85.38,1
634.7969031333923,85.69,1
636.2143683433533,85.55,1
637.6148862838745,85.66,1
639.028817653656,86.0,1
640.4436185359955,85.83,1
641.8597187995911,85.69,1
643.2619442939758,85.55,1
644.6182057857513,85.31,1
645.9605574607849,85.41,1
647.37309217453,85.52,1
648.7028288841248,85.79,1
650.0496220588684,85.62,1
651.470577955246,85.76,1
652.8140757083893,85.72,1
654.2255733013153,85.72,1
655.560307264328,85.07,1
656.9105496406555,85.55,1
658.2514967918396,85.66,1
659.5886619091034,85.62,1
660.9404141902924,85.72,1
662.3488700389862,85.86,1
663.7504951953888,85.93,1
665.1041157245636,85.59,1
666.443815946579,85.14,1
667.7821416854858,85.38,1
669.1953718662262,85.59,1
670.5461881160736,85.52,1
671.8818969726562,85.79,1
673.2210023403168,85.83,1
674.6415164470673,86.0,1
675.9789218902588,85.72,1
677.3907890319824,85.62,1
678.7430775165558,85.24,1
680.0779361724854,85.69,1
681.4214260578156,85.66,1
682.7726635932922,85.62,1
