1.1167724132537842,-1.69,0
2.358065128326416,-1.79,0
3.572789192199707,-1.79,0
4.77209734916687,-1.83,0
9.373233795166016,-4.45,1
10.719947576522827,-3.97,1
12.12917709350586,-0.97,1
13.541718482971191,-0.9,1
14.954709529876709,0.66,1
16.37428116798401,0.66,1
17.715389728546143,1.55,1
19.052202463150024,1.69,1
20.470486640930176,1.45,1
21.80930185317993,1.93,1
23.15340781211853,2.0,1
24.497313261032104,1.9,1
25.91287398338318,2.93,1
27.336670637130737,3.1,1
28.738468885421753,3.24,1
30.155733823776245,2.79,1
31.574300289154053,2.93,1
32.98581314086914,3.86,1
34.33368515968323,3.79,1
35.67321157455444,3.72,1
37.018324851989746,3.79,1
38.429829597473145,3.66,1
39.77318739891052,3.69,1
41.11503553390503,3.83,1
42.53180742263794,3.86,1
43.86866784095764,4.07,1
45.28734755516052,4.07,1
46.627748012542725,4.07,1
47.97495985031128,4.14,1
49.38038396835327,4.1,1
50.79687309265137,5.24,1
52.21643304824829,5.03,1
53.62793183326721,5.21,1
55.03190517425537,5.14,1
56.386479139328,4.9,1
57.79490828514099,4.9,1
59.20843529701233,5.17,1
60.61330318450928,5.17,1
62.029568910598755,4.83,1
63.43628716468811,4.93,1
64.85466456413269,5.21,1
66.20590138435364,4.97,1
67.54800486564636,4.93,1
68.87996530532837,4.93,1
70.23667287826538,5.17,1
71.64321827888489,5.14,1
73.06403923034668,4.86,1
74.40524578094482,5.1,1
75.74312925338745,5.14,1
77.08141374588013,5.0,1
78.49819827079773,5.0,1
79.91482472419739,5.21,1
81.33291125297546,5.0,1
82.67558741569519,4.86,1
84.00598311424255,5.21,1
85.42242097854614,4.93,1
86.8393862247467,4.79,1
88.18561506271362,5.1,1
89.58981966972351,4.93,1
90.93548321723938,4.9,1
92.35187029838562,5.03,1
93.69363284111023,5.07,1
95.0470860004425,4.83,1
96.39210915565491,5.17,1
97.72699284553528,5.14,1
99.1490318775177,4.79,1
100.55139708518982,5.21,1
101.9607503414154,5.0,1
103.37842273712158,4.9,1
104.72175455093384,5.07,1
106.14118266105652,4.9,1
107.4816837310791,4.79,1
108.88770937919617,5.1,1
110.30779457092285,4.86,1
111.71138596534729,4.9,1
113.13176584243774,5.0,1
114.54505896568298,4.93,1
115.9515290260315,5.1,1
117.37299346923828,5.07,1
118.78260922431946,5.0,1
126.10787200927734,-2.03,0
127.42368912696838,-2.0,0
128.73788404464722,-1.9,0
130.0821931362152,-1.83,0
131.39221858978271,-1.79,0
132.6859884262085,-1.79,0
133.9958417415619,-1.86,0
135.3150417804718,-1.83,0
139.92371439933777,-4.14,1
141.26272535324097,-3.55,1
142.68244338035583,-0.62,1
144.09011483192444,1.34,1
145.49967670440674,1.66,1
146.91775631904602,2.17,1
148.33350610733032,2.76,1
149.73470211029053,3.93,1
151.15563082695007,3.86,1
152.56154227256775,5.52,1
153.97047758102417,5.14,1
155.3965141773224,6.14,1
156.79480600357056,6.52,1
158.22001671791077,7.21,1
159.62263560295105,7.21,1
160.97936820983887,7.28,1
162.31893920898438,8.52,1
163.6630699634552,8.31,1
165.0671784877777,8.21,1
166.41648292541504,8.17,1
167.8346917629242,8.17,1
169.17891359329224,8.14,1
170.52331566810608,8.14,1
171.86536359786987,9.34,1
173.27041840553284,9.24,1
174.6238067150116,9.07,1
176.02489829063416,9.45,1
177.3809597492218,9.41,1
178.7894504070282,9.45,1
180.13504672050476,9.45,1
181.53942775726318,7.38,1
182.88519716262817,6.52,1
184.30422067642212,7.86,1
185.64316725730896,7.72,1
187.0627875328064,7.76,1
188.46994853019714,7.66,1
189.89170265197754,8.72,1
191.23269295692444,8.69,1
192.64680647850037,8.48,1
194.05453538894653,8.59,1
195.4700276851654,8.48,1
196.8108241558075,8.48,1
198.22831988334656,8.86,1
199.63817930221558,8.93,1
201.0462167263031,9.07,1
202.46433353424072,9.66,1
203.8739504814148,9.52,1
205.2901575565338,9.45,1
206.69332456588745,9.38,1
208.11497521400452,9.48,1
209.5177481174469,9.48,1
210.94184851646423,9.52,1
212.3536581993103,9.48,1
213.75493216514587,9.59,1
215.1735599040985,9.52,1
216.59009790420532,9.45,1
217.99880599975586,9.45,1
219.40696740150452,9.45,1
220.82893204689026,9.45,1
222.23718333244324,10.59,1
223.64175724983215,10.07,1
225.05744743347168,10.21,1
226.47586059570312,10.21,1
227.81633615493774,10.14,1
229.22599291801453,10.0,1
230.5800621509552,9.93,1
231.9849591255188,10.1,1
233.40710997581482,9.83,1
234.81126999855042,9.9,1
236.22814869880676,9.83,1
237.64578557014465,9.72,1
239.0570628643036,9.9,1
240.4624011516571,9.86,1
241.88169074058533,9.86,1
243.28538513183594,9.97,1
244.70660614967346,9.97,1
246.11010193824768,9.97,1
247.530681848526,9.86,1
248.94273495674133,9.83,1
250.3552429676056,9.79,1
251.77349019050598,9.76,1
253.17549848556519,10.38,1
254.5948088169098,10.38,1
256.0010595321655,10.17,1
257.4221918582916,10.07,1
258.8363766670227,10.17,1
260.24266290664673,10.14,1
261.6604118347168,10.1,1
263.0652575492859,10.0,1
264.4745419025421,10.1,1
265.8900468349457,10.0,1
267.3010103702545,10.03,1
268.7173237800598,10.0,1
270.1241064071655,9.93,1
271.53920555114746,9.86,1
272.95644974708557,9.97,1
274.3734827041626,9.9,1
275.7744643688202,9.97,1
277.1967234611511,9.76,1
278.6015315055847,9.86,1
280.02258038520813,9.79,1
281.4400625228882,10.31,1
282.838760137558,10.0,1
290.2295308113098,-1.83,0
291.54428029060364,-1.83,0
292.8639042377472,-1.79,0
294.1749656200409,-1.79,0
295.4996700286865,-1.83,0
296.82414078712463,-1.83,0
298.13723635673523,-1.83,0
299.49517703056335,-1.86,0
304.10204100608826,-7.21,1
305.51028990745544,-1.9,1
306.926828622818,-0.34,1
308.3433721065521,-0.21,1
309.74968814849854,0.52,1
311.1686887741089,3.38,1
312.5858016014099,7.62,1
313.98547410964966,7.97,1
315.4095902442932,9.03,1
316.8108232021332,10.38,1
318.2277133464813,10.38,1
319.56826758384705,11.34,1
320.9238791465759,11.41,1
322.2686381340027,12.52,1
323.66763186454773,12.55,1
325.0903351306915,12.62,1
326.49557614326477,12.45,1
327.90417218208313,12.72,1
329.3302092552185,13.52,1
330.66700291633606,12.9,1
332.0071029663086,10.76,1
333.34861493110657,11.79,1
334.76589179039,11.48,1
336.1077330112457,11.45,1
337.4629399776459,12.69,1
338.86399960517883,12.66,1
340.20954847335815,12.59,1
341.5604543685913,12.38,1
342.9076030254364,13.66,1
344.24920630455017,13.41,1
345.59560108184814,13.31,1
346.9966847896576,13.31,1
348.3492922782898,13.34,1
349.75623536109924,13.21,1
351.09501338005066,13.52,1
352.4498279094696,14.38,1
353.7938995361328,14.31,1
355.2016267776489,14.21,1
356.54134249687195,14.21,1
357.96652364730835,14.14,1
359.3055818080902,14.0,1
360.70949935913086,14.1,1
362.0627839565277,14.07,1
363.47770643234253,14.07,1
364.8838138580322,14.14,1
366.3031017780304,14.07,1
367.643679857254,14.34,1
369.049001455307,14.55,1
370.46521496772766,15.03,1
371.8121762275696,14.79,1
373.16376662254333,14.66,1
374.5689604282379,14.62,1
375.90860748291016,14.72,1
377.25956296920776,15.0,1
378.6001088619232,15.0,1
379.9537122249603,14.83,1
381.3647208213806,14.83,1
382.77695989608765,14.83,1
384.1085214614868,14.83,1
385.52972865104675,14.83,1
386.8795967102051,14.83,1
388.2936499118805,14.93,1
389.694051027298,14.69,1
391.1128976345062,14.79,1
392.5303862094879,14.93,1
393.93315982818604,14.79,1
395.27594208717346,14.79,1
396.62557792663574,14.72,1
398.04587984085083,14.66,1
399.4496908187866,14.72,1
400.78963708877563,14.76,1
402.20590710639954,14.72,1
403.6278998851776,14.72,1
404.97317695617676,14.79,1
406.3133478164673,14.86,1
407.71674704551697,14.66,1
409.13685750961304,14.66,1
410.55375576019287,14.76,1
411.8932752609253,14.76,1
413.3089232444763,14.69,1
414.7223093509674,14.66,1
416.1247673034668,14.72,1
417.53903102874756,15.86,1
418.9543209075928,15.21,1
420.37223839759827,15.14,1
421.780957698822,15.17,1
423.118634223938,15.14,1
424.5369246006012,15.07,1
425.94571185112,15.1,1
427.29276967048645,15.14,1
428.63062620162964,15.07,1
430.05295062065125,15.03,1
431.39159512519836,14.93,1
432.80855679512024,14.9,1
434.2177360057831,14.76,1
435.63568806648254,14.66,1
436.98051738739014,15.83,1
438.3956913948059,15.34,1
439.7313051223755,15.31,1
441.1480760574341,15.28,1
442.49253964424133,15.17,1
443.90803718566895,15.1,1
451.20796608924866,-1.69,0
452.5642092227936,-1.76,0
453.8684256076813,-1.72,0
455.1780686378479,-1.72,0
456.474543094635,-1.76,0
457.79741168022156,-1.79,0
459.09939193725586,-1.76,0
460.4132285118103,-1.79,0
465.00464272499084,-7.0,1
466.4144468307495,-1.86,1
467.7614550590515,-0.48,1
469.1639358997345,0.48,1
470.51342368125916,1.07,1
471.93177914619446,7.14,1
473.3366198539734,10.03,1
474.75824522972107,11.31,1
476.16299271583557,12.03,1
477.5846905708313,11.1,1
478.98837900161743,11.62,1
480.4072744846344,12.72,1
481.8094263076782,13.69,1
483.228652715683,14.66,1
484.6448268890381,14.38,1
486.06290006637573,15.28,1
487.47359228134155,15.17,1
488.87677216529846,16.28,1
490.292058467865,16.14,1
491.70951986312866,17.07,1
493.04986810684204,17.0,1
494.46097803115845,16.86,1
495.87156200408936,17.97,1
497.28900170326233,17.9,1
498.6316773891449,17.62,1
500.03933334350586,17.62,1
501.4606833457947,17.9,1
502.86481165885925,18.83,1
504.2867362499237,18.83,1
505.69062423706055,18.69,1
507.1136281490326,18.76,1
508.51134872436523,18.66,1
509.92949318885803,18.72,1
511.3479127883911,19.72,1
512.7526369094849,19.55,1
514.1744418144226,19.66,1
515.5914051532745,19.52,1
516.9960153102875,19.45,1
518.4102478027344,19.52,1
519.8215181827545,19.34,1
521.2382884025574,19.59,1
522.640132188797,19.48,1
524.0599400997162,19.55,1
525.4772090911865,19.55,1
526.895866394043,19.45,1
528.2957735061646,19.48,1
529.7044987678528,20.48,1
531.1261613368988,19.97,1
532.5422470569611,19.93,1
533.9473419189453,19.76,1
535.3589568138123,19.76,1
536.7790906429291,19.76,1
538.1854336261749,19.45,1
539.6051292419434,20.07,1
541.0081491470337,20.1,1
542.4260365962982,20.24,1
543.8437535762787,20.1,1
545.2503445148468,19.93,1
546.6664364337921,19.93,1
548.0710110664368,20.1,1
549.4941217899323,20.31,1
550.9006791114807,20.03,1
552.2466478347778,20.1,1
553.663037776947,20.03,1
554.9960567951202,20.03,1
556.4180426597595,20.1,1
557.8202600479126,19.79,1
559.2378869056702,19.86,1
560.6564829349518,19.97,1
562.0619637966156,19.86,1
563.474636554718,19.97,1
564.895617723465,19.83,1
566.23903465271,19.9,1
567.6485750675201,19.86,1
569.0635282993317,19.97,1
570.4689109325409,19.83,1
571.8869662284851,19.86,1
573.2890908718109,19.79,1
580.600105047226,-1.76,0
581.9242162704468,-1.72,0
583.232278585434,-1.76,0
584.5525529384613,-1.83,0
585.876179933548,-1.72,0
587.2150387763977,-1.69,0
588.543708562851,-1.76,0
589.8683431148529,-1.69,0
594.4595370292664,-6.86,1
595.8628122806549,-1.48,1
597.2839748859406,1.07,1
598.6946442127228,4.21,1
600.1083998680115,8.41,1
601.5259921550751,9.93,1
602.9307317733765,12.14,1
604.3496730327606,14.1,1
605.7526686191559,15.03,1
607.1710760593414,15.93,1
608.5884308815002,16.93,1
609.9969918727875,17.72,1
611.4029493331909,18.76,1
612.820339679718,19.62,1
614.2377297878265,19.34,1
615.6526112556458,20.28,1
617.0549557209015,20.21,1
618.4713594913483,21.24,1
619.8872244358063,21.0,1
621.2932257652283,22.0,1
622.710955619812,21.97,1
624.1285872459412,21.83,1
625.5327153205872,22.93,1
626.9499688148499,22.62,1
628.3657205104828,22.48,1
629.7814390659332,23.69,1
631.1854019165039,23.66,1
632.6019403934479,23.38,1
634.0046675205231,23.31,1
635.4181039333344,23.38,1
636.8333761692047,23.48,1
638.1873714923859,23.59,1
639.5230219364166,23.72,1
640.9440386295319,24.14,1
642.3502159118652,23.97,1
643.7717137336731,24.0,1
645.1066267490387,24.03,1
646.5244081020355,24.07,1
647.9294171333313,24.0,1
649.3430240154266,24.1,1
650.7536911964417,24.07,1
652.1791651248932,24.0,1
653.5100765228271,24.03,1
654.9341292381287,24.21,1
656.3502712249756,24.93,1
657.7568445205688,24.97,1
659.163275718689,24.93,1
660.5840938091278,24.69,1
661.987672328949,24.76,1
663.4051778316498,24.83,1
664.8120169639587,24.69,1
666.2316555976868,24.79,1
667.6452627182007,24.72,1
669.0548243522644,24.66,1
670.4704067707062,24.9,1
671.8890738487244,24.76,1
673.2209992408752,24.72,1
674.6352670192719,24.59,1
676.0568587779999,24.69,1
677.5333113670349,24.66,1
678.9518029689789,24.52,1
680.352144241333,24.62,1
681.7741556167603,24.72,1
683.114422082901,24.52,1
684.5360286235809,24.45,1
685.9447712898254,24.52,1
687.3621308803558,24.45,1
688.76491522789,24.45,1
690.1821393966675,25.48,1
691.6001982688904,25.34,1
693.0030674934387,25.28,1
694.3568732738495,25.34,1
695.7703216075897,25.24,1
697.1775321960449,25.21,1
698.5936036109924,25.1,1
700.0066993236542,25.24,1
701.4087998867035,25.14,1
702.8259983062744,25.14,1
704.2398645877838,25.07,1
705.6429696083069,25.03,1
707.0676259994507,25.0,1
714.3846654891968,-1.72,0
715.7346620559692,-1.69,0
717.0402927398682,-1.72,0
718.3469913005829,-1.69,0
719.6636579036713,-1.76,0
720.9695017337799,-1.69,0
722.3030157089233,-1.79,0
723.6075477600098,-1.86,0
728.1899137496948,-6.69,1
729.6074814796448,-1.55,1
730.9466433525085,1.07,1
732.3660507202148,4.0,1
733.7802522182465,9.48,1
735.1145570278168,11.52,1
736.5318863391876,13.41,1
737.9349908828735,15.41,1
739.3600435256958,16.45,1
740.7621693611145,18.38,1
742.1773624420166,19.28,1
743.5184280872345,20.1,1
744.9327924251556,21.21,1
746.342139005661,21.97,1
747.7605609893799,22.72,1
749.181351184845,22.79,1
750.5824701786041,23.79,1
752.0026822090149,24.59,1
753.4203245639801,24.76,1
754.831794500351,25.66,1
756.2429032325745,25.72,1
757.6562459468842,26.76,1
759.068900346756,26.45,1
760.4704988002777,27.52,1
761.8920607566833,27.41,1
763.3070061206818,27.45,1
764.7200515270233,28.76,1
766.1334161758423,28.48,1
767.546108007431,28.41,1
768.951256275177,28.62,1
770.3682832717896,28.52,1
771.7718799114227,28.72,1
773.1907815933228,28.76,1
774.6063973903656,29.72,1
776.011668920517,29.55,1
777.433623790741,29.59,1
778.8453938961029,29.86,1
780.2503180503845,29.83,1
781.6673338413239,29.9,1
783.0771641731262,29.83,1
784.4816505908966,29.9,1
785.8995299339294,29.93,1
787.3175973892212,29.97,1
788.7213971614838,29.97,1
790.1428518295288,29.97,1
791.5464792251587,30.0,1
792.9715974330902,29.97,1
794.3842239379883,30.0,1
795.7903261184692,30.1,1
797.199823141098,30.0,1
798.6191861629486,30.07,1
800.0319874286652,30.14,1
801.4398276805878,30.03,1
802.8445248603821,30.17,1
804.2655501365662,30.24,1
805.6848497390747,30.28,1
807.0901827812195,30.03,1
808.5091543197632,30.14,1
809.9190652370453,30.07,1
811.3236391544342,30.07,1
812.7324681282043,30.1,1
814.1528725624084,30.14,1
815.5618946552277,29.97,1
816.9655637741089,29.93,1
818.3908355236053,29.9,1
819.7929966449738,29.83,1
821.2144968509674,30.62,1
822.6298773288727,30.24,1
824.0428264141083,30.28,1
831.3454012870789,-1.52,0
832.6692154407501,-1.62,0
833.9813060760498,-1.69,0
835.2863140106201,-1.66,0
836.6106467247009,-1.69,0
837.9170026779175,-1.72,0
839.2720029354095,-1.79,0
840.5895709991455,-1.86,0
845.1736760139465,155.34,1
846.5771934986115,143.1,1
847.9963583946228,141.28,1
849.4121057987213,140.9,1
850.8253154754639,140.03,1
852.2284488677979,140.07,1
853.6456203460693,140.1,1
855.0517747402191,139.83,1
856.4708414077759,139.9,1
857.8751225471497,140.55,1
859.2845380306244,140.0,1
860.7020041942596,139.52,1
862.1038086414337,140.14,1
863.5226402282715,139.83,1
864.9303350448608,139.76,1
866.2695033550262,139.72,1
867.6876137256622,139.83,1
869.0993435382843,139.76,1
870.5015914440155,139.52,1
871.9216318130493,139.31,1
873.324755191803,139.55,1
874.7403752803802,139.34,1
876.153981924057,139.34,1
877.5749905109406,138.93,1
878.9884893894196,139.14,1
880.3168976306915,138.72,1
881.7383899688721,138.59,1
883.0803198814392,138.48,1
884.4831147193909,138.76,1
885.904379606247,138.55,1
887.3085165023804,138.34,1
888.7191619873047,138.21,1
890.141863822937,138.28,1
891.5458920001984,138.9,1
892.9638521671295,138.21,1
894.364732503891,140.97,1
895.7869157791138,138.9,1
897.1891357898712,139.24,1
898.6093108654022,137.93,1
900.0251064300537,138.24,1
901.4265887737274,138.48,1
902.8458516597748,131.55,1
904.2585413455963,137.28,1
905.6696569919586,136.86,1
907.0799283981323,140.1,1
908.4892802238464,140.17,1
909.8988890647888,140.48,1
911.3078052997589,136.59,1
912.7250747680664,2.21,1
914.1250817775726,-1.83,1
915.5470006465912,-1.66,1
916.9645397663116,-1.38,1
918.3778848648071,-1.31,1
919.7900500297546,-1.41,1
921.2019276618958,-1.31,1
