1.1159868240356445,-1.93,0
2.359847068786621,-1.79,0
3.570934534072876,-1.9,0
4.773308992385864,-1.86,0
9.352539300918579,-0.31,1
10.764663934707642,-1.86,1
12.177036046981812,0.0,1
13.58884882926941,1.34,1
15.001318216323853,1.83,1
16.40634799003601,2.79,1
17.82354164123535,4.1,1
19.23963761329651,5.45,1
20.652265548706055,5.52,1
22.066338300704956,6.83,1
23.46611738204956,6.86,1
24.8843195438385,6.97,1
26.293663501739502,8.03,1
27.714779138565063,7.93,1
29.117794513702393,8.0,1
30.535452604293823,7.9,1
31.950469493865967,9.24,1
33.36044979095459,9.31,1
34.77530217170715,9.28,1
36.11241936683655,9.31,1
37.46473813056946,9.31,1
38.878432273864746,9.31,1
40.218602657318115,9.34,1
41.63713002204895,9.45,1
42.97680974006653,9.48,1
44.394182205200195,9.48,1
45.799248695373535,9.55,1
47.2067334651947,9.45,1
48.62659955024719,9.45,1
50.044018030166626,9.76,1
51.446353912353516,9.69,1
52.867717266082764,9.55,1
54.202956438064575,9.52,1
55.624361991882324,10.62,1
57.02957725524902,10.69,1
58.45167589187622,10.62,1
59.85888862609863,10.55,1
61.27848196029663,10.45,1
62.683372497558594,10.14,1
64.10478782653809,9.72,1
65.44749140739441,9.69,1
66.85072183609009,9.76,1
68.27266263961792,9.76,1
69.68564796447754,9.76,1
71.08881640434265,9.72,1
72.5026924610138,9.79,1
73.85309338569641,10.24,1
75.18999171257019,10.07,1
76.5444061756134,10.21,1
77.94544553756714,10.17,1
79.30077266693115,10.28,1
80.71690154075623,10.24,1
82.11900305747986,10.14,1
83.53444218635559,10.21,1
84.95224833488464,10.14,1
86.35580563545227,10.03,1
87.7678370475769,10.03,1
89.19297766685486,10.03,1
90.52436709403992,10.0,1
91.88165187835693,9.9,1
93.28349447250366,10.0,1
94.70548629760742,9.93,1
96.11702227592468,10.0,1
103.43038988113403,-1.66,0
104.73891711235046,-1.79,0
106.04402709007263,-1.72,0
107.35195064544678,-1.83,0
108.7215404510498,-1.76,0
110.0406653881073,-1.86,0
111.35047149658203,-1.76,0
112.66699504852295,-1.83,0
117.27590274810791,-0.21,1
118.67740392684937,1.52,1
120.09521341323853,5.24,1
121.51579403877258,8.9,1
122.92173957824707,11.48,1
124.33902621269226,14.03,1
125.75588774681091,16.31,1
127.15855860710144,17.72,1
128.57562470436096,20.07,1
129.91615438461304,20.93,1
131.3306221961975,21.86,1
132.75113940238953,23.14,1
134.15029573440552,24.31,1
135.49504733085632,24.28,1
136.9105224609375,25.52,1
138.33017873764038,25.45,1
139.73892664909363,26.55,1
141.15826559066772,26.55,1
142.5695469379425,27.66,1
143.9686095714569,27.55,1
145.38769340515137,27.48,1
146.80548620224,28.52,1
148.20647716522217,28.48,1
149.62907218933105,28.38,1
151.04499673843384,28.62,1
152.45396327972412,28.52,1
153.87262630462646,28.48,1
155.2791781425476,29.1,1
156.6919605731964,29.0,1
158.11017847061157,29.21,1
159.51261830329895,29.14,1
160.86729526519775,29.17,1
162.2652678489685,29.07,1
163.6191747188568,29.14,1
165.0361828804016,29.17,1
166.37535333633423,29.21,1
167.78782773017883,30.31,1
169.20356512069702,30.1,1
170.53983879089355,29.86,1
171.88056325912476,29.76,1
173.29708194732666,29.52,1
174.71632051467896,29.52,1
176.12320065498352,30.07,1
177.46519947052002,30.0,1
178.880934715271,29.97,1
180.2999029159546,29.93,1
181.70199847221375,29.79,1
183.04821133613586,29.72,1
184.46416425704956,30.21,1
185.88177967071533,30.07,1
187.28355383872986,30.07,1
188.6386387348175,30.31,1
189.97713804244995,30.28,1
191.329740524292,30.24,1
192.72882652282715,30.28,1
194.06825804710388,30.31,1
195.4905185699463,29.76,1
196.90609908103943,29.79,1
198.31500792503357,29.93,1
199.65531730651855,29.86,1
201.06969380378723,30.03,1
202.42316579818726,29.97,1
203.82955527305603,30.03,1
205.24588656425476,30.17,1
206.65390801429749,30.03,1
208.05712056159973,30.17,1
215.3859248161316,-1.79,0
216.69952130317688,-1.83,0
218.00689578056335,-1.79,0
219.30317759513855,-1.79,0
220.62571382522583,-1.83,0
221.93227314949036,-1.79,0
223.23740649223328,-1.76,0
224.54370665550232,-1.83,0
229.16891980171204,-0.03,1
230.58691930770874,-1.69,1
231.9998414516449,-1.86,1
233.40757369995117,0.24,1
234.822895526886,0.31,1
236.22195720672607,1.52,1
