1.101947546005249,-1.9,0
2.342973232269287,-1.9,0
3.551234722137451,-1.79,0
4.75555419921875,-1.93,0
9.326096534729004,-3.76,1
10.733906269073486,1.69,1
12.139278650283813,2.59,1
13.5584397315979,2.62,1
14.976062536239624,2.55,1
16.378992557525635,2.76,1
17.800137519836426,3.21,1
19.20691442489624,4.9,1
20.623998641967773,4.55,1
21.963233947753906,4.48,1
23.369240045547485,4.48,1
24.72803044319153,4.48,1
26.12840485572815,4.48,1
27.549152374267578,4.62,1
28.95801067352295,4.52,1
30.369709014892578,4.55,1
31.79036808013916,4.48,1
33.19470429420471,4.66,1
34.53959774971008,4.59,1
35.958351612091064,4.14,1
37.3004674911499,4.1,1
38.714566230773926,4.07,1
40.11954689025879,4.45,1
41.54199767112732,4.38,1
42.95513892173767,4.45,1
44.294870376586914,6.1,1
45.712772607803345,5.97,1
47.051448583602905,5.83,1
48.47066688537598,5.07,1
49.879029512405396,5.24,1
51.28245425224304,5.24,1
52.70749878883362,5.24,1
54.10907864570618,5.24,1
55.529186725616455,5.21,1
56.94760346412659,5.21,1
58.3543062210083,5.07,1
59.770970582962036,5.21,1
61.17662572860718,5.21,1
62.594783782958984,5.14,1
64.00664353370667,5.17,1
65.41005444526672,5.1,1
66.76238632202148,5.1,1
68.10305762290955,5.07,1
69.4433479309082,5.1,1
70.86009430885315,5.1,1
72.27990007400513,5.1,1
73.62246370315552,5.03,1
74.96072912216187,5.0,1
76.37872624397278,5.0,1
77.78095865249634,5.0,1
79.13131785392761,5.03,1
80.47609996795654,4.93,1
81.89038920402527,4.93,1
83.22880935668945,4.93,1
84.64862155914307,4.86,1
86.0494179725647,4.83,1
87.39510488510132,4.83,1
88.74888920783997,4.97,1
90.0959324836731,4.83,1
91.50506353378296,4.86,1
92.91616201400757,4.86,1
94.25721669197083,4.79,1
95.67511796951294,4.9,1
97.08218932151794,6.34,1
98.50413990020752,6.21,1
99.90481209754944,5.31,1
101.31752896308899,5.45,1
102.73268437385559,5.48,1
110.12594556808472,-1.31,0
111.43157362937927,-1.24,0
112.73665690422058,-1.34,0
114.04571461677551,-1.38,0
115.36623764038086,-1.38,0
116.69091582298279,-1.41,0
118.01331615447998,-1.45,0
119.3771448135376,-1.45,0
123.97520995140076,-4.52,1
125.37484121322632,1.72,1
126.87000560760498,2.72,1
128.34618759155273,4.62,1
129.81791639328003,6.52,1
131.30591368675232,6.14,1
132.8590431213379,8.17,1
134.33403825759888,7.9,1
135.8159899711609,7.79,1
137.30110883712769,9.97,1
138.85258436203003,9.0,1
140.32847547531128,9.76,1
141.8152539730072,9.62,1
143.23330283164978,9.76,1
144.71162033081055,9.59,1
146.1951014995575,9.66,1
147.66654109954834,9.66,1
149.14886832237244,9.55,1
150.62746286392212,9.66,1
152.17602348327637,9.69,1
153.6585488319397,9.72,1
155.14274263381958,9.72,1
156.7007451057434,9.76,1
158.1140718460083,9.62,1
159.59648728370667,9.31,1
161.0785837173462,9.24,1
162.55478763580322,11.28,1
163.95979070663452,11.03,1
165.3789827823639,10.93,1
166.7915380001068,10.17,1
168.12757062911987,10.38,1
169.48447394371033,10.31,1
170.88830971717834,10.41,1
172.3085653781891,10.41,1
173.64766693115234,10.38,1
175.06429505348206,10.34,1
176.4732596874237,10.31,1
177.8754358291626,10.41,1
179.22126960754395,10.31,1
180.56289291381836,10.38,1
181.98371148109436,10.28,1
183.39646124839783,10.28,1
184.80930423736572,10.28,1
186.2272322177887,10.31,1
187.55914640426636,10.28,1
188.97572135925293,10.28,1
190.3902943134308,10.28,1
191.73126316070557,10.34,1
193.1530203819275,10.21,1
194.49447321891785,10.24,1
195.90846967697144,10.24,1
197.32302498817444,10.31,1
198.73094129562378,10.21,1
200.13700103759766,9.97,1
201.55521488189697,10.0,1
202.9603407382965,9.93,1
204.31691217422485,10.0,1
205.72164368629456,9.93,1
207.06200575828552,9.97,1
208.482736825943,9.79,1
209.88827562332153,9.9,1
211.3056480884552,9.86,1
212.64399027824402,9.72,1
214.06329989433289,9.69,1
215.4709644317627,9.55,1
216.8882930278778,9.72,1
218.29745364189148,9.28,1
219.64946746826172,9.0,1
221.05031609535217,9.07,1
222.47013473510742,9.17,1
223.8100049495697,9.07,1
225.2231945991516,9.17,1
226.6298725605011,11.52,1
228.05056142807007,11.31,1
229.46517038345337,11.0,1
230.8672375679016,10.55,1
232.2206859588623,10.59,1
233.6239504814148,10.69,1
235.0331735610962,10.72,1
236.45260310173035,10.69,1
237.85829281806946,10.55,1
239.27785563468933,10.31,1
240.69510173797607,10.31,1
242.10750341415405,10.34,1
243.51043391227722,10.45,1
244.9313645362854,10.55,1
246.3368513584137,10.45,1
247.7628562450409,10.41,1
249.16411685943604,10.38,1
250.58141422271729,10.34,1
257.8827736377716,-1.38,0
259.2401041984558,-1.48,0
260.55022859573364,-1.52,0
261.85985136032104,-1.62,0
263.1837270259857,-1.59,0
264.50855350494385,-1.62,0
265.81225204467773,-1.69,0
267.1335520744324,-1.69,0
271.77499294281006,-4.9,1
273.1915647983551,2.97,1
274.5983974933624,4.45,1
276.0134356021881,6.0,1
277.4187467098236,8.03,1
278.8253376483917,9.86,1
280.2484681606293,9.59,1
281.6557970046997,11.59,1
283.07830834388733,11.1,1
284.47778248786926,13.34,1
285.89469718933105,13.17,1
287.3127086162567,13.0,1
288.71624302864075,13.14,1
290.1407265663147,13.03,1
291.5434696674347,15.41,1
292.9548006057739,15.1,1
294.36551237106323,14.86,1
295.78154730796814,14.86,1
297.20130157470703,14.79,1
298.6048069000244,14.93,1
300.0207598209381,14.83,1
301.4405255317688,14.86,1
302.8496403694153,14.83,1
304.25914239883423,14.93,1
305.6759054660797,14.83,1
307.09436535835266,14.83,1
308.5004463195801,14.9,1
309.90563583374023,14.79,1
311.3223571777344,14.79,1
312.742577791214,14.79,1
314.1585385799408,14.79,1
315.56115770339966,14.83,1
316.9831669330597,14.86,1
318.3882625102997,14.83,1
319.7242200374603,14.86,1
321.1429498195648,14.79,1
322.5639464855194,14.97,1
323.9721517562866,14.93,1
325.3882222175598,14.76,1
326.79240369796753,14.79,1
328.19960045814514,14.9,1
329.62311267852783,14.86,1
330.9646272659302,14.86,1
332.3839807510376,14.83,1
333.78509616851807,14.86,1
335.13909435272217,14.76,1
336.5384020805359,14.86,1
337.96052074432373,14.79,1
339.3067967891693,14.97,1
340.72057127952576,14.93,1
342.1270627975464,15.17,1
343.54800391197205,14.97,1
344.95496582984924,15.07,1
346.36560440063477,15.0,1
347.7842583656311,14.9,1
349.19410252571106,14.9,1
350.5315842628479,14.93,1
351.9571695327759,14.86,1
353.3688962459564,14.83,1
354.77237462997437,14.9,1
356.178316116333,14.9,1
357.59621262550354,14.86,1
359.0047562122345,14.83,1
360.4262647628784,14.83,1
361.83306646347046,14.79,1
363.2516314983368,14.86,1
364.6568248271942,14.9,1
366.0836434364319,14.9,1
367.4208564758301,14.97,1
368.83452582359314,14.69,1
370.2388401031494,14.86,1
371.59232473373413,14.9,1
372.93563055992126,14.93,1
374.3490741252899,14.79,1
375.7673225402832,14.79,1
377.1722481250763,15.0,1
378.59105587005615,14.83,1
380.00436997413635,14.97,1
381.40978360176086,14.86,1
382.81915307044983,14.79,1
384.2379484176636,14.97,1
385.6563503742218,16.93,1
386.99927854537964,16.69,1
388.4014458656311,15.83,1
389.7423129081726,15.83,1
391.16792702674866,15.9,1
392.5015227794647,15.69,1
393.9186124801636,15.72,1
395.2648079395294,15.72,1
396.6723392009735,15.62,1
398.0927543640137,15.55,1
399.49731516838074,15.59,1
400.8490664958954,15.59,1
408.2221825122833,-1.14,0
409.53661465644836,-1.21,0
410.8338689804077,-1.31,0
412.14353609085083,-1.24,0
413.45256638526917,-1.21,0
414.75835728645325,-1.31,0
416.06759667396545,-1.28,0
417.4059638977051,-1.24,0
421.9995126724243,-4.69,1
423.399934053421,3.93,1
424.82299518585205,6.03,1
426.16457629203796,8.1,1
427.5810213088989,9.86,1
428.9245603084564,11.38,1
430.3314459323883,13.24,1
431.7384648323059,15.24,1
433.1570279598236,14.76,1
434.5757246017456,16.9,1
435.98261880874634,16.55,1
437.3940622806549,18.48,1
438.81200885772705,18.24,1
440.2240970134735,17.93,1
441.6404118537903,17.93,1
443.0418326854706,17.93,1
444.45179772377014,18.31,1
445.8750030994415,20.03,1
447.27463936805725,19.69,1
448.7014820575714,19.66,1
450.1127276420593,19.76,1
451.5252196788788,19.76,1
452.93482971191406,19.97,1
454.27304553985596,19.72,1
455.6834464073181,19.72,1
457.1044147014618,19.66,1
458.51384377479553,19.69,1
459.85532808303833,19.69,1
461.27237200737,19.69,1
462.6895091533661,19.72,1
464.09193229675293,19.69,1
465.4383022785187,19.76,1
466.85804891586304,19.76,1
468.2631916999817,19.66,1
469.6811361312866,19.69,1
471.0942099094391,19.66,1
472.497510433197,19.86,1
473.856773853302,19.83,1
475.25339102745056,19.72,1
476.5992286205292,19.76,1
478.02023220062256,21.72,1
479.43227767944336,20.55,1
480.8389220237732,20.52,1
482.25895500183105,20.59,1
483.6742241382599,20.41,1
485.07590317726135,20.38,1
486.49311661720276,20.34,1
487.9126682281494,20.21,1
489.31923246383667,20.28,1
490.6572458744049,20.17,1
492.0765745639801,20.28,1
493.4827561378479,19.97,1
494.90236258506775,20.07,1
496.3176426887512,19.97,1
497.7201974391937,19.93,1
499.13595390319824,19.83,1
500.5455434322357,19.72,1
501.96680331230164,19.83,1
503.38317680358887,19.66,1
504.78306794166565,19.72,1
506.2036769390106,19.59,1
507.5443665981293,19.66,1
508.9604959487915,19.59,1
510.3653681278229,19.76,1
511.7849807739258,19.79,1
513.2037456035614,19.97,1
514.6104328632355,19.86,1
516.0272269248962,19.72,1
517.4306025505066,19.62,1
518.8433401584625,21.69,1
520.2529337406158,21.38,1
521.6692390441895,20.59,1
528.992378950119,-1.31,0
530.3034648895264,-1.38,0
531.6576948165894,-1.45,0
532.968790769577,-1.52,0
534.2769150733948,-1.55,0
535.5873808860779,-1.69,0
536.897233247757,-1.55,0
538.2022125720978,-1.69,0
542.7940623760223,-4.55,1
544.1969504356384,3.79,1
545.6203155517578,8.38,1
546.964595079422,12.03,1
548.3701157569885,13.48,1
549.7780833244324,14.93,1
551.1956627368927,16.79,1
552.5433049201965,18.59,1
553.955747127533,20.31,1
555.2875635623932,19.86,1
556.7085571289062,21.48,1
558.1242554187775,21.38,1
559.5319411754608,23.31,1
560.9505310058594,23.0,1
562.3535368442535,22.97,1
563.7001368999481,22.72,1
565.1206338405609,23.07,1
566.5225501060486,24.62,1
567.9470891952515,24.55,1
569.3563525676727,24.34,1
570.7664284706116,24.34,1
572.1811966896057,24.41,1
573.5839011669159,24.31,1
575.0032584667206,24.21,1
576.4221661090851,24.34,1
577.8233346939087,24.38,1
579.2427051067352,24.31,1
580.6604216098785,24.34,1
582.0657966136932,24.38,1
583.483473777771,24.38,1
584.8989143371582,24.59,1
586.3068730831146,26.45,1
587.7250702381134,26.17,1
589.1282906532288,25.41,1
590.5497834682465,25.28,1
591.9574463367462,25.28,1
593.373170375824,25.24,1
594.7892425060272,25.17,1
596.1952471733093,25.07,1
597.5978169441223,24.97,1
599.0180048942566,24.93,1
600.435887336731,24.86,1
601.8455865383148,24.86,1
603.2579851150513,24.79,1
604.668708562851,24.62,1
606.0758390426636,24.48,1
607.4951794147491,24.55,1
608.8988649845123,24.69,1
610.3128290176392,24.69,1
611.731942653656,24.86,1
613.1503484249115,24.72,1
614.5500340461731,26.31,1
615.9778831005096,26.1,1
617.3871412277222,26.03,1
618.7945425510406,25.93,1
620.2064061164856,25.38,1
621.625572681427,25.38,1
623.0341787338257,25.38,1
624.4397087097168,25.24,1
625.8529441356659,25.17,1
627.2690596580505,25.17,1
628.6872637271881,25.0,1
630.1001620292664,24.9,1
631.515106678009,24.93,1
632.9196634292603,24.83,1
634.3330335617065,24.79,1
635.7542765140533,26.28,1
637.1531591415405,26.17,1
638.5713887214661,25.93,1
639.9888632297516,25.86,1
641.3913929462433,25.9,1
642.8113462924957,25.14,1
644.2294371128082,25.31,1
645.5770564079285,25.21,1
646.9834504127502,25.21,1
654.2768800258636,-1.41,0
655.5895459651947,-1.55,0
656.8838589191437,-1.55,0
658.2400250434875,-1.52,0
659.5504951477051,-1.62,0
660.8556163311005,-1.69,0
662.1658689975739,-1.62,0
663.4873969554901,-1.62,0
668.0727388858795,-3.76,1
669.4927251338959,5.79,1
670.8367762565613,10.21,1
672.248165845871,13.79,1
673.5956988334656,17.55,1
675.0082285404205,18.38,1
676.3513205051422,20.34,1
677.7532546520233,21.69,1
679.1733047962189,23.24,1
680.5881702899933,24.93,1
682.0035488605499,24.76,1
683.4141139984131,26.21,1
684.8265988826752,25.97,1
686.2345516681671,27.59,1
687.6412765979767,27.45,1
689.0652539730072,27.03,1
690.4698777198792,29.17,1
691.8869595527649,28.9,1
693.2972614765167,28.76,1
694.7094666957855,28.76,1
696.1257336139679,28.83,1
697.5418584346771,28.72,1
698.9429259300232,28.76,1
700.3664863109589,30.48,1
701.7712705135345,30.38,1
703.17857837677,30.14,1
704.6040093898773,30.24,1
706.0138568878174,30.21,1
707.4179449081421,30.17,1
708.8443195819855,30.17,1
710.2563173770905,30.17,1
711.6656346321106,30.07,1
713.0742223262787,30.07,1
714.4946088790894,30.07,1
715.9029221534729,30.17,1
717.3134849071503,30.21,1
718.656809091568,30.03,1
720.0685586929321,30.17,1
721.4717011451721,30.07,1
722.8913226127625,30.07,1
724.3040640354156,30.14,1
725.7163789272308,30.24,1
727.0544152259827,29.97,1
728.4778900146484,29.93,1
729.8935122489929,30.0,1
731.2974712848663,29.97,1
732.7166218757629,30.0,1
734.1186072826385,29.97,1
735.5405616760254,29.86,1
736.9428775310516,30.14,1
738.3579096794128,30.03,1
739.7799363136292,30.0,1
741.1883709430695,30.07,1
742.591747045517,30.0,1
744.0112779140472,29.93,1
745.430089712143,30.1,1
746.836266040802,29.97,1
748.2551386356354,29.9,1
749.6572868824005,29.83,1
751.0671660900116,29.97,1
752.4888346195221,29.9,1
753.827385187149,29.9,1
755.2467427253723,29.9,1
756.655523777008,29.9,1
763.9492316246033,-1.41,0
765.272248506546,-1.62,0
766.582781791687,-1.59,0
767.8903117179871,-1.52,0
769.1991963386536,-1.55,0
770.5086572170258,-1.72,0
771.822838306427,-1.69,0
773.1809453964233,-1.69,0
