1.119074821472168,-1.76,0
2.356951951980591,-1.93,0
3.5702426433563232,-1.83,0
4.7761077880859375,-1.79,0
9.363114356994629,-0.97,1
10.70814061164856,-1.21,1
12.12117338180542,-1.03,1
13.525269269943237,1.79,1
14.943763494491577,3.45,1
16.345895290374756,4.66,1
17.70103144645691,5.97,1
19.046056032180786,6.97,1
20.387189865112305,8.24,1
21.80539321899414,9.66,1
23.218038082122803,10.93,1
24.550811529159546,11.72,1
25.967838525772095,12.97,1
27.387012004852295,13.24,1
28.80136489868164,14.17,1
30.204841136932373,14.79,1
31.621045351028442,15.21,1
33.03958511352539,16.03,1
34.378867864608765,16.69,1
35.796597719192505,17.28,1
37.204843044281006,18.07,1
38.615426540374756,18.66,1
40.03177762031555,19.07,1
41.370150327682495,19.28,1
42.70909142494202,19.93,1
44.057594299316406,19.93,1
45.47950744628906,20.21,1
46.81575560569763,20.31,1
48.23084902763367,21.21,1
49.64520740509033,21.28,1
51.049453020095825,21.93,1
52.40453577041626,21.86,1
53.75051832199097,22.1,1
55.16477870941162,22.41,1
56.56855082511902,22.69,1
57.98794507980347,22.48,1
59.39648699760437,23.17,1
60.8127019405365,23.1,1
62.229228019714355,23.07,1
63.63884115219116,23.9,1
65.04387593269348,23.83,1
66.38351368904114,23.79,1
67.79806160926819,23.66,1
69.1553521156311,22.93,1
70.55960130691528,23.17,1
71.89840936660767,23.62,1
73.31482243537903,23.86,1
74.66554617881775,23.93,1
76.0027334690094,23.97,1
77.42194366455078,24.0,1
78.763254404068,24.07,1
80.1763505935669,24.14,1
81.59262752532959,24.17,1
82.93511962890625,24.34,1
84.33709931373596,24.38,1
85.74881553649902,24.41,1
87.17672944068909,24.76,1
88.58810067176819,25.38,1
89.99131512641907,25.41,1
91.33503127098083,25.31,1
92.74698424339294,25.28,1
94.16463923454285,25.28,1
95.58034706115723,25.03,1
96.99825835227966,24.97,1
98.39889621734619,25.1,1
99.81101202964783,24.93,1
101.22861886024475,24.59,1
102.56988286972046,24.62,1
103.98471331596375,24.83,1
105.39986038208008,24.86,1
106.81469821929932,24.93,1
108.21787166595459,25.31,1
109.63562393188477,25.1,1
111.05472731590271,25.17,1
112.45829224586487,25.17,1
119.82759070396423,0.03,0
121.15129399299622,0.0,0
122.45985651016235,-0.03,0
123.7819151878357,-0.03,0
125.10426330566406,0.03,0
126.42825841903687,0.0,0
127.73680233955383,0.07,0
129.09666442871094,-0.14,0
133.69488668441772,0.41,1
135.1188633441925,-0.1,1
136.5279929637909,2.28,1
137.94252038002014,4.17,1
139.35197710990906,6.28,1
140.76578855514526,8.03,1
142.1827356815338,9.83,1
143.58422946929932,11.31,1
144.99661827087402,12.41,1
146.41582369804382,13.79,1
147.83235597610474,15.21,1
149.23357629776,16.34,1
150.65078258514404,17.45,1
152.06780123710632,18.1,1
153.4843189716339,18.76,1
154.88509607315063,19.97,1
156.30566453933716,20.72,1
157.7189269065857,21.0,1
159.12970304489136,21.76,1
160.5470838546753,22.07,1
161.8876976966858,23.1,1
163.3054039478302,23.52,1
164.7038209438324,24.0,1
166.12304377555847,23.83,1
167.46193265914917,24.21,1
168.8764078617096,24.69,1
170.21727228164673,24.03,1
171.63178730010986,24.62,1
172.9725522994995,25.69,1
174.32284498214722,25.52,1
175.74053025245667,25.66,1
177.1568009853363,26.34,1
178.49496221542358,26.17,1
179.8322789669037,26.1,1
181.18661880493164,27.14,1
182.5256495475769,27.03,1
183.86354327201843,26.9,1
185.28987550735474,27.76,1
186.62072658538818,27.45,1
188.0380482673645,27.52,1
189.44780087471008,27.52,1
190.8660809993744,28.41,1
192.28163957595825,28.31,1
193.62338852882385,28.41,1
195.03370666503906,28.59,1
196.4521803855896,28.69,1
197.7921986579895,28.52,1
199.2088270187378,29.03,1
200.61087346076965,27.86,1
202.0358531475067,28.1,1
203.37075972557068,28.31,1
204.78147649765015,28.31,1
206.19883728027344,28.28,1
207.61440801620483,28.34,1
209.02878832817078,28.86,1
210.44526720046997,28.79,1
211.78288626670837,29.31,1
213.20300126075745,29.21,1
214.60470604896545,29.24,1
216.02166891098022,29.52,1
217.43773937225342,29.41,1
218.85630083084106,29.34,1
220.25660157203674,29.48,1
221.67488169670105,29.48,1
223.09210085868835,29.38,1
224.5021493434906,29.24,1
225.84582805633545,29.45,1
227.25958490371704,29.45,1
228.65896558761597,29.38,1
230.07785272598267,28.48,1
231.49211168289185,29.0,1
232.90844917297363,29.17,1
234.32204270362854,29.62,1
241.6238248348236,0.41,0
242.94739484786987,0.24,0
244.2619869709015,0.31,0
245.57653999328613,0.31,0
246.925231218338,0.45,0
248.23499870300293,0.34,0
249.5559687614441,0.28,0
250.87928915023804,0.28,0
255.46781420707703,0.66,1
256.88302755355835,0.21,1
258.2955951690674,0.41,1
259.6995460987091,0.34,1
261.11625146865845,0.31,1
262.53455090522766,0.24,1
263.93866991996765,0.31,1
265.3487854003906,0.24,1
266.76363921165466,0.31,1
268.18009400367737,0.45,1
269.59665179252625,0.31,1
270.99713373184204,2.0,1
272.4124767780304,1.93,1
273.82650351524353,1.86,1
275.24253726005554,2.48,1
276.66313099861145,2.52,1
278.0767984390259,2.38,1
279.48874974250793,2.9,1
280.9008159637451,3.1,1
282.31259083747864,3.1,1
283.71565079689026,3.03,1
285.1342010498047,4.07,1
286.53600692749023,3.76,1
287.95320773124695,3.83,1
289.36240911483765,3.86,1
290.7792251110077,3.79,1
