1.1110608577728271,-1.93,0
2.3544821739196777,-1.9,0
3.565953493118286,-1.93,0
4.7755653858184814,-1.9,0
9.36453104019165,-3.17,1
10.778247594833374,-2.97,1
12.191327095031738,-2.72,1
13.60435438156128,-2.62,1
15.018113374710083,-2.66,1
16.4226176738739,-0.72,1
17.764710903167725,-1.07,1
19.102489948272705,-0.59,1
20.521942853927612,0.79,1
21.941447019577026,0.66,1
23.34192419052124,1.52,1
24.75972080230713,1.45,1
26.177939653396606,1.45,1
27.58156704902649,1.83,1
28.995163917541504,1.86,1
30.41067934036255,2.69,1
31.824745416641235,2.59,1
33.23971080780029,2.59,1
34.5826678276062,3.69,1
35.99971389770508,3.66,1
37.40270233154297,3.86,1
38.75638961791992,3.9,1
40.165507555007935,3.83,1
41.50623440742493,3.66,1
42.92412853240967,3.9,1
44.3296799659729,4.79,1
45.746113300323486,4.97,1
47.16312074661255,4.93,1
48.56509613990784,4.9,1
49.92185616493225,4.93,1
51.32204031944275,5.03,1
52.739830017089844,4.97,1
54.15595626831055,5.17,1
55.55679488182068,5.0,1
56.972039461135864,5.17,1
58.32542061805725,5.21,1
59.73921179771423,5.1,1
61.14005494117737,5.07,1
62.558231830596924,4.97,1
63.977454662323,5.28,1
65.37928748130798,5.21,1
66.73159217834473,5.1,1
68.06840634346008,5.07,1
69.42141032218933,5.1,1
70.82173132896423,4.93,1
72.17542672157288,5.1,1
73.59172797203064,5.24,1
74.93040323257446,5.14,1
76.26771759986877,5.21,1
77.62285256385803,5.17,1
78.95818328857422,5.14,1
80.30324912071228,5.03,1
81.71628069877625,5.07,1
83.0542643070221,4.97,1
84.47386312484741,5.03,1
85.81216335296631,4.97,1
87.23481822013855,5.07,1
88.57661390304565,4.93,1
89.99219560623169,4.97,1
91.3367760181427,5.03,1
92.67622590065002,4.66,1
94.09608602523804,4.41,1
95.49910163879395,4.1,1
96.84242105484009,4.93,1
98.26052021980286,4.79,1
99.6055703163147,4.97,1
101.02194714546204,4.97,1
102.36297655105591,4.97,1
103.77671551704407,4.83,1
105.18245840072632,4.83,1
106.59306216239929,4.83,1
108.00811386108398,5.0,1
109.42148280143738,4.86,1
110.83847165107727,5.14,1
112.25032138824463,4.97,1
113.65963411331177,5.14,1
115.00514936447144,5.14,1
116.4254400730133,5.0,1
117.83604645729065,5.28,1
119.17930674552917,5.14,1
120.59315347671509,5.28,1
122.00804710388184,5.1,1
123.42267942428589,5.31,1
130.72019696235657,-2.03,0
132.10131216049194,-2.21,0
133.39819169044495,-2.21,0
134.70676255226135,-2.24,0
136.00248789787292,-2.14,0
137.3089759349823,-2.14,0
138.61537790298462,-2.21,0
139.9290018081665,-2.24,0
144.5175187587738,-2.79,1
145.86610221862793,-2.62,1
147.28265142440796,-2.41,1
148.695547580719,-0.41,1
150.03320789337158,0.17,1
151.446142911911,1.34,1
152.78566098213196,1.72,1
154.20212125778198,2.0,1
155.61581563949585,3.21,1
157.02051997184753,4.1,1
158.43813943862915,4.14,1
159.85251331329346,5.28,1
161.1909236907959,5.17,1
162.5452070236206,6.14,1
163.88291358947754,6.28,1
165.22857975959778,6.24,1
166.6454939842224,7.34,1
167.98156929016113,7.41,1
169.3955421447754,7.41,1
170.7477307319641,8.79,1
172.0894010066986,8.55,1
173.43430280685425,8.59,1
174.77575969696045,8.38,1
176.1920566558838,8.72,1
177.53442883491516,8.72,1
178.9361114501953,8.72,1
180.2804777622223,9.17,1
181.698983669281,9.66,1
183.05093622207642,9.24,1
184.3897831439972,9.48,1
185.72441840171814,9.52,1
187.07858109474182,9.55,1
188.4180018901825,9.62,1
189.75791096687317,9.69,1
191.17984700202942,9.66,1
192.59001231193542,9.34,1
194.0069670677185,9.21,1
195.42050862312317,9.14,1
196.83498907089233,9.24,1
198.17286896705627,9.21,1
199.51531600952148,9.31,1
200.933819770813,9.31,1
202.33621859550476,10.52,1
203.75350093841553,10.31,1
205.09201312065125,10.21,1
206.44579815864563,10.1,1
207.86154317855835,10.17,1
209.2740957736969,10.1,1
210.67602705955505,10.1,1
212.09207916259766,10.07,1
213.5065221786499,10.0,1
214.92431807518005,9.97,1
216.32612586021423,9.83,1
217.7410809993744,9.93,1
219.15715861320496,9.79,1
220.57435822486877,9.83,1
221.97741961479187,9.83,1
223.40385913848877,9.69,1
224.81341457366943,9.62,1
226.2296643257141,9.72,1
227.5705211162567,9.83,1
228.987952709198,9.52,1
230.32784366607666,10.9,1
231.74148774147034,10.34,1
233.14474153518677,10.52,1
234.56839561462402,10.69,1
235.98154258728027,10.55,1
237.39461755752563,10.48,1
238.7971305847168,10.45,1
246.1144392490387,-1.55,0
247.4438533782959,-1.59,0
248.76665902137756,-1.66,0
250.07306480407715,-1.62,0
251.4271059036255,-1.72,0
252.7311053276062,-1.76,0
254.03860688209534,-1.83,0
255.359801530838,-1.79,0
259.9557764530182,-1.9,1
261.30193543434143,-1.9,1
262.7093548774719,-1.41,1
264.11834931373596,1.17,1
265.5397894382477,1.83,1
266.87528562545776,3.17,1
268.29676723480225,4.24,1
269.6395072937012,5.24,1
271.05383944511414,6.34,1
272.4567861557007,7.21,1
273.8807966709137,8.21,1
275.28073287010193,9.17,1
276.6980607509613,10.07,1
278.11103224754333,9.9,1
279.5280554294586,10.69,1
280.9435737133026,11.28,1
282.34590220451355,11.97,1
283.7649636268616,11.41,1
285.1734125614166,12.62,1
286.59216809272766,12.62,1
287.9962158203125,13.07,1
289.4146239757538,13.0,1
290.83270740509033,13.1,1
292.23209714889526,12.86,1
293.6484754085541,13.07,1
295.0666220188141,13.9,1
296.468798160553,12.79,1
297.8866536617279,13.45,1
299.3074858188629,14.14,1
300.71511006355286,13.97,1
302.13061690330505,13.79,1
303.53444719314575,13.93,1
304.9498748779297,14.28,1
306.36684703826904,13.62,1
307.77302145957947,14.24,1
309.1889138221741,14.52,1
310.5959074497223,14.07,1
312.01441049575806,14.62,1
313.4340109825134,15.28,1
314.8483419418335,14.48,1
316.2594213485718,14.86,1
317.66431069374084,15.1,1
319.07703280448914,14.86,1
320.4916388988495,14.93,1
321.9072742462158,15.17,1
323.3113822937012,14.79,1
324.7280080318451,14.76,1
326.06861567497253,14.93,1
327.42578506469727,14.9,1
328.763610124588,14.9,1
330.1697084903717,15.03,1
331.58658385276794,15.17,1
333.00593876838684,15.1,1
334.3422133922577,15.1,1
335.75317454338074,15.1,1
337.1702082157135,15.28,1
338.58642315864563,15.14,1
339.99346923828125,15.14,1
341.4065520763397,15.17,1
342.8112246990204,15.0,1
344.1654894351959,15.07,1
345.5080897808075,15.03,1
346.92709589004517,14.97,1
348.3360493183136,14.83,1
349.676744222641,14.66,1
351.0932557582855,14.76,1
358.39738059043884,-1.0,0
359.70375514030457,-1.31,0
361.01125502586365,-1.34,0
362.33241987228394,-1.45,0
363.6248404979706,-1.38,0
364.93312883377075,-1.45,0
366.23885107040405,-1.48,0
367.5920648574829,-1.45,0
372.1715364456177,-1.17,1
373.5100300312042,-1.28,1
374.9296202659607,0.97,1
376.2682378292084,2.24,1
377.68363523483276,3.97,1
379.09234642982483,5.93,1
380.5000162124634,6.83,1
381.85782623291016,8.52,1
383.2691054344177,9.48,1
384.671822309494,10.45,1
386.01956248283386,11.38,1
387.4362151622772,12.28,1
388.85039234161377,13.24,1
390.18951892852783,14.24,1
391.6066436767578,14.07,1
393.0220308303833,15.07,1
394.4221451282501,16.21,1
395.8376576900482,15.62,1
397.25255727767944,16.41,1
398.6706838607788,16.62,1
400.0845422744751,17.0,1
401.4878075122833,17.48,1
402.9052586555481,16.62,1
404.3227770328522,18.1,1
405.66441202163696,18.52,1
407.0053400993347,17.62,1
408.3466522693634,17.72,1
409.68955659866333,17.83,1
411.0386781692505,18.45,1
412.38318848609924,18.66,1
413.7277617454529,18.55,1
415.07050490379333,18.9,1
416.4765772819519,18.52,1
417.8936367034912,18.59,1
419.24635648727417,18.76,1
420.583491563797,18.55,1
421.92030668258667,19.83,1
423.3377950191498,19.69,1
424.7520637512207,19.38,1
426.1712098121643,19.69,1
427.58250427246094,20.03,1
428.92026019096375,19.83,1
430.2743649482727,19.62,1
431.61521434783936,19.86,1
432.9551932811737,19.72,1
434.29535484313965,19.97,1
435.71654319763184,19.83,1
437.11992263793945,19.93,1
438.5337498188019,19.86,1
439.88985085487366,20.03,1
441.29224920272827,20.14,1
442.6465015411377,20.38,1
444.0498650074005,20.31,1
445.39537477493286,20.24,1
446.7453348636627,20.41,1
448.14688873291016,20.55,1
449.5690367221832,20.17,1
450.9842095375061,20.45,1
452.38478660583496,20.38,1
453.7381258010864,20.41,1
455.14002227783203,20.28,1
456.4870901107788,20.55,1
457.903657913208,20.34,1
459.32469391822815,20.31,1
460.6600196361542,20.03,1
462.0813579559326,19.62,1
463.4152772426605,19.93,1
464.7698447704315,20.14,1
472.07702898979187,-1.17,0
473.38423585891724,-1.21,0
474.73807311058044,-1.28,0
476.0474932193756,-1.48,0
477.3368921279907,-1.45,0
478.64340710639954,-1.55,0
479.9626131057739,-1.52,0
481.2716085910797,-1.69,0
485.8639268875122,-1.38,1
487.2643828392029,-0.17,1
488.680832862854,2.07,1
490.0250413417816,3.86,1
491.4387676715851,5.9,1
492.77708983421326,7.97,1
494.1946334838867,10.03,1
495.61070919036865,12.1,1
497.0275671482086,13.34,1
498.44399070739746,14.45,1
499.84814167022705,15.62,1
501.197749376297,16.21,1
502.6040906906128,17.28,1
503.94330978393555,18.52,1
505.36133456230164,18.93,1
506.7769000530243,19.0,1
508.17949080467224,19.72,1
509.53400015830994,19.83,1
510.9522795677185,20.93,1
512.3524029254913,20.72,1
513.7703442573547,21.93,1
515.1075987815857,21.55,1
516.5247688293457,22.9,1
517.9439072608948,22.24,1
519.3587872982025,22.66,1
520.6958408355713,22.62,1
522.110844373703,23.1,1
523.526905298233,23.9,1
524.9428825378418,23.76,1
526.3466937541962,23.59,1
527.7685217857361,23.72,1
529.1804001331329,23.79,1
530.5829436779022,23.9,1
532.0028836727142,24.62,1
533.4180951118469,24.66,1
534.8185124397278,24.76,1
536.234011888504,24.9,1
537.6480934619904,24.93,1
539.0647838115692,25.03,1
540.4813404083252,24.93,1
541.8830487728119,25.03,1
543.2984564304352,24.9,1
544.718296289444,24.69,1
546.126601934433,24.79,1
547.5448319911957,25.21,1
548.9449462890625,25.1,1
550.3641934394836,24.03,1
551.7013232707977,24.38,1
553.1221532821655,24.14,1
554.5434532165527,24.31,1
555.9500689506531,24.28,1
557.3575739860535,24.38,1
558.7751708030701,24.21,1
560.1932528018951,24.41,1
561.5940341949463,24.24,1
562.9459245204926,24.31,1
564.3505334854126,24.28,1
565.7751841545105,24.72,1
567.1867039203644,24.31,1
568.591459274292,24.55,1
570.0071427822113,24.45,1
571.4214043617249,24.41,1
572.8359341621399,24.97,1
574.2383341789246,24.93,1
575.6541905403137,24.59,1
577.0702674388885,25.17,1
578.4880344867706,25.21,1
579.904923915863,25.14,1
581.3068029880524,24.97,1
588.6089432239532,0.62,0
589.9639611244202,0.62,0
591.2874934673309,0.45,0
592.5935428142548,0.45,0
593.9015917778015,0.45,0
595.2188079357147,0.45,0
596.5279226303101,0.38,0
597.8483865261078,0.45,0
602.4719896316528,1.0,1
603.8892030715942,1.03,1
605.2919526100159,4.28,1
606.7076323032379,6.97,1
608.1239404678345,9.83,1
609.524530172348,11.79,1
610.938150882721,13.55,1
612.3552527427673,15.55,1
613.7742457389832,17.52,1
615.178338766098,18.21,1
616.5974912643433,19.93,1
618.0144693851471,21.07,1
619.4290795326233,21.59,1
620.8365440368652,22.59,1
622.2538552284241,23.45,1
623.6561050415039,24.41,1
625.0801284313202,24.31,1
626.4882807731628,24.66,1
627.9020292758942,24.66,1
629.3178024291992,25.14,1
630.726989030838,25.93,1
632.1432681083679,25.79,1
633.5549585819244,27.24,1
634.9542021751404,26.45,1
636.3765778541565,27.83,1
637.7242653369904,27.17,1
639.0631971359253,27.34,1
640.4783973693848,28.38,1
641.8169157505035,28.52,1
643.2338206768036,28.17,1
644.5684607028961,28.45,1
645.9899470806122,29.1,1
647.4063804149628,29.03,1
648.817512512207,29.03,1
650.219596862793,29.1,1
651.6353254318237,29.28,1
652.9876022338867,29.0,1
654.3912177085876,29.38,1
655.8157317638397,29.03,1
657.2171695232391,29.24,1
658.569827079773,29.14,1
659.9779269695282,29.31,1
661.3172812461853,30.24,1
662.7364985942841,30.24,1
664.0766170024872,30.03,1
665.4962775707245,30.07,1
666.8949949741364,30.24,1
668.3087151050568,30.0,1
669.6635799407959,29.72,1
671.0784018039703,29.48,1
672.4131445884705,30.21,1
673.7572650909424,29.24,1
675.1085188388824,30.45,1
676.4408302307129,29.48,1
677.8573987483978,29.9,1
679.275399684906,29.79,1
680.6927678585052,29.45,1
682.0924208164215,30.03,1
683.4498584270477,29.48,1
684.8593313694,29.52,1
686.2060236930847,29.9,1
687.6091544628143,29.66,1
689.0257079601288,29.79,1
690.445974111557,29.79,1
691.7886538505554,30.0,1
693.1945157051086,29.97,1
694.6087651252747,30.07,1
695.9577460289001,30.14,1
703.2465286254883,0.59,0
704.5558454990387,0.55,0
705.8601264953613,0.55,0
707.2072243690491,0.38,0
708.5134878158569,0.55,0
709.8336315155029,0.45,0
711.1439859867096,0.55,0
712.4474868774414,0.52,0
717.0209963321686,148.55,1
718.4339938163757,132.79,1
719.7761790752411,129.14,1
721.1858143806458,127.62,1
722.590567111969,127.17,1
724.0068595409393,126.03,1
725.4214761257172,126.14,1
726.8308010101318,125.83,1
728.1706235408783,125.55,1
729.5841062068939,125.48,1
730.9228050708771,124.69,1
732.3399348258972,124.31,1
733.6839761734009,124.31,1
735.0179493427277,124.62,1
736.3616223335266,124.38,1
737.773140668869,124.86,1
739.1277735233307,124.9,1
740.531135559082,125.21,1
741.9513792991638,124.9,1
743.3641560077667,124.28,1
744.7760586738586,124.69,1
746.1118190288544,124.66,1
747.5320043563843,124.69,1
748.8740608692169,125.1,1
750.2850935459137,125.45,1
751.6298866271973,125.14,1
752.9711010456085,124.69,1
754.3152227401733,124.76,1
755.7286221981049,125.0,1
757.1393136978149,124.66,1
758.551347732544,125.59,1
759.8943362236023,125.48,1
761.2373650074005,124.76,1
762.649505853653,124.66,1
764.0609984397888,124.97,1
765.4585161209106,124.86,1
766.876383304596,125.24,1
768.2897868156433,125.34,1
769.7022390365601,125.24,1
771.0473380088806,125.07,1
772.4544796943665,124.24,1
773.8738656044006,124.52,1
775.2831263542175,125.28,1
776.6276834011078,125.31,1
778.0273394584656,124.97,1
779.4534666538239,125.24,1
780.8555245399475,124.79,1
782.2720885276794,124.62,1
783.6091585159302,124.41,1
785.0278236865997,125.62,1
786.4423232078552,125.59,1
787.8421077728271,125.48,1
789.2642443180084,125.31,1
790.6776955127716,124.72,1
792.0781996250153,124.72,1
793.4936141967773,124.72,1
794.9130337238312,124.97,1
796.3272590637207,125.62,1
