1.1040866374969482,-1.72,0
2.34897518157959,-1.83,0
3.5530154705047607,-1.86,0
4.760040283203125,-1.79,0
9.345055341720581,-2.28,1
10.76283860206604,-1.48,1
12.166632413864136,-1.59,1
13.590983390808105,-1.41,1
14.993018388748169,-1.48,1
16.419352054595947,-1.52,1
17.759822607040405,-1.52,1
19.10776710510254,-1.55,1
20.45049238204956,-1.55,1
21.86252450942993,-0.28,1
23.274573802947998,-0.52,1
24.681828022003174,0.41,1
26.094006299972534,0.79,1
27.512201070785522,0.72,1
28.913269519805908,1.41,1
30.333380699157715,1.31,1
31.75145959854126,1.62,1
33.15798878669739,1.59,1
34.56154799461365,1.66,1
35.91851735115051,1.79,1
37.32325601577759,1.76,1
38.67024898529053,1.79,1
40.086060762405396,1.9,1
41.4297776222229,1.83,1
42.77784061431885,2.38,1
44.109686851501465,2.45,1
45.52972745895386,2.31,1
46.94849228858948,2.93,1
48.35715413093567,2.62,1
49.70546555519104,2.72,1
51.1178674697876,2.66,1
52.51701259613037,3.48,1
53.8765914440155,3.21,1
55.278587341308594,3.21,1
56.698246240615845,3.34,1
58.11291170120239,3.31,1
59.526787996292114,3.79,1
60.939019203186035,3.66,1
62.349127531051636,3.86,1
63.75742173194885,3.9,1
65.17548561096191,3.66,1
66.5766351222992,3.86,1
67.93415212631226,3.72,1
69.33808708190918,4.45,1
70.75942039489746,4.31,1
72.16593503952026,4.41,1
73.50492072105408,4.41,1
74.85067367553711,4.34,1
76.19142603874207,4.28,1
77.60666537284851,4.59,1
79.02755522727966,4.52,1
80.43384289741516,4.24,1
81.77805781364441,4.34,1
83.11779999732971,4.59,1
84.53201103210449,1.79,1
85.87267971038818,3.38,1
87.29211258888245,3.83,1
88.70840549468994,4.38,1
90.11761260032654,4.52,1
91.53473329544067,4.41,1
92.93847703933716,4.59,1
94.35850930213928,4.76,1
95.76088905334473,4.72,1
97.11406993865967,4.72,1
98.51759171485901,4.59,1
99.94137024879456,4.69,1
101.34582901000977,4.69,1
102.68467450141907,4.69,1
104.10993576049805,4.72,1
105.51320385932922,4.79,1
106.93470668792725,4.9,1
108.3371856212616,4.86,1
109.75712895393372,4.72,1
111.1718680858612,5.0,1
112.58043837547302,4.83,1
113.99817419052124,4.93,1
115.40729355812073,5.03,1
116.82359981536865,5.0,1
118.23898696899414,4.9,1
119.64203548431396,5.21,1
121.06231713294983,5.1,1
122.47010779380798,5.1,1
123.87497138977051,5.1,1
125.29107809066772,5.21,1
126.71334528923035,5.0,1
128.11744832992554,5.03,1
129.53661584854126,5.1,1
130.95361828804016,5.03,1
132.36538124084473,5.1,1
133.77472519874573,5.03,1
135.18845319747925,5.14,1
136.59156727790833,5.28,1
138.00041723251343,5.14,1
139.41854166984558,5.14,1
140.83838152885437,5.03,1
142.25362849235535,5.1,1
149.5600461959839,-1.28,0
150.9175579547882,-1.34,0
152.22884011268616,-1.34,0
153.53538823127747,-1.41,0
154.8459541797638,-1.41,0
156.16831946372986,-1.55,0
157.48287653923035,-1.59,0
158.80008840560913,-1.59,0
163.4014699459076,-1.76,1
164.81645584106445,-1.21,1
166.1606330871582,-1.03,1
167.50471115112305,-0.97,1
168.84253191947937,-1.03,1
170.1822967529297,-1.1,1
171.53618574142456,0.24,1
172.8683888912201,1.1,1
174.2205958366394,1.52,1
175.62680673599243,1.69,1
176.96855354309082,1.79,1
178.31486535072327,1.9,1
179.65800023078918,2.14,1
181.00694489479065,2.07,1
182.34712982177734,2.79,1
183.6902494430542,3.14,1
185.03320002555847,3.21,1
186.45287346839905,3.83,1
187.7931263446808,4.03,1
189.14834809303284,4.21,1
190.48673057556152,4.72,1
191.83361864089966,4.83,1
193.17538785934448,5.31,1
194.583270072937,5.76,1
195.92340564727783,5.69,1
197.34518194198608,5.62,1
198.6913821697235,6.03,1
200.02697825431824,6.07,1
201.44889450073242,4.34,1
202.7898178100586,5.31,1
204.20439195632935,6.24,1
205.54495000839233,6.38,1
206.96295046806335,7.24,1
208.36824989318848,7.17,1
209.70842599868774,7.21,1
211.06376552581787,7.62,1
212.476820230484,7.48,1
213.8154754638672,7.66,1
215.21889281272888,7.31,1
216.63849782943726,8.31,1
218.054682970047,8.14,1
219.46154117584229,8.14,1
220.8711702823639,8.24,1
222.29317140579224,8.72,1
223.69866824150085,8.55,1
225.04120993614197,8.41,1
226.46164965629578,8.72,1
227.8011176586151,8.52,1
229.21910524368286,8.93,1
230.56005787849426,9.28,1
231.97931456565857,9.48,1
233.38594913482666,9.28,1
234.7995204925537,9.14,1
236.20996594429016,9.14,1
237.62072205543518,9.24,1
238.97539520263672,9.21,1
240.37706232070923,9.1,1
241.8008930683136,9.34,1
243.2016999721527,9.97,1
244.62184524536133,9.41,1
246.04022574424744,9.21,1
247.44724559783936,9.52,1
248.85320210456848,9.79,1
250.26971220970154,9.76,1
251.674720287323,9.66,1
253.09104943275452,9.55,1
254.5137722492218,9.76,1
255.918288230896,9.59,1
257.32870602607727,9.76,1
258.6747610569,8.17,1
260.0959565639496,8.79,1
261.5120029449463,9.0,1
262.9151039123535,9.03,1
264.32913994789124,9.14,1
265.7479314804077,9.28,1
267.1540644168854,9.52,1
268.57381415367126,9.1,1
269.9145529270172,9.59,1
271.33251309394836,9.62,1
272.7358350753784,9.62,1
274.1545193195343,9.86,1
275.5615301132202,9.66,1
276.9819130897522,10.0,1
278.39025712013245,9.9,1
279.79637241363525,9.9,1
281.2170135974884,10.21,1
282.6284158229828,10.17,1
284.03295397758484,10.0,1
285.45181369781494,10.03,1
286.85708498954773,10.14,1
288.27214765548706,10.1,1
289.6926062107086,10.17,1
291.0970480442047,10.17,1
292.5170474052429,10.17,1
293.9198637008667,10.1,1
295.3452982902527,10.28,1
296.74890422821045,10.1,1
298.1682541370392,10.17,1
299.58159017562866,10.07,1
300.98774790763855,10.0,1
302.40991258621216,9.93,1
303.8101680278778,9.97,1
305.23270988464355,9.79,1
306.63836550712585,9.86,1
308.05927443504333,9.76,1
309.4617278575897,9.59,1
310.8849768638611,9.21,1
312.29199028015137,9.52,1
313.71342158317566,9.83,1
315.1224534511566,9.72,1
316.5261776447296,9.86,1
317.94853258132935,9.97,1
319.3561382293701,9.97,1
320.6978189945221,9.76,1
322.1176850795746,9.86,1
323.4584529399872,9.97,1
330.7649493217468,-0.76,0
332.0933575630188,-0.79,0
333.4051556587219,-1.03,0
334.71481442451477,-1.0,0
336.03802728652954,-1.17,0
337.3307821750641,-1.17,0
338.65615153312683,-1.21,0
339.9592206478119,-1.34,0
344.5254662036896,-1.59,1
345.9477345943451,-0.9,1
347.28702664375305,-0.72,1
348.63268661499023,-0.76,1
350.05135798454285,0.17,1
351.3896412849426,1.55,1
352.73475885391235,1.66,1
354.0784523487091,1.76,1
355.48354935646057,2.14,1
356.9078769683838,2.79,1
358.3108832836151,3.62,1
359.73553228378296,4.0,1
361.1363821029663,4.52,1
362.49087023735046,5.14,1
363.8950717449188,5.55,1
365.23912358283997,5.97,1
366.58311104774475,6.52,1
368.0018768310547,6.86,1
369.4085693359375,7.55,1
370.8342237472534,7.9,1
372.2371504306793,8.38,1
373.5824100971222,8.48,1
374.92446851730347,8.66,1
376.27935886383057,9.62,1
377.6132881641388,9.41,1
379.0327844619751,9.83,1
380.43705534935,10.34,1
381.85893750190735,10.31,1
383.2622056007385,10.76,1
384.68352031707764,10.62,1
386.02388739585876,11.59,1
387.4260139465332,11.55,1
388.8513514995575,11.79,1
390.25139808654785,11.86,1
391.66931653022766,11.93,1
393.08818793296814,12.31,1
394.48883986473083,12.31,1
395.915159702301,11.97,1
397.31676506996155,12.1,1
398.7396993637085,12.76,1
400.13831639289856,12.93,1
401.5641453266144,12.86,1
402.96451687812805,12.9,1
404.3900856971741,13.48,1
405.79424691200256,13.48,1
407.21463680267334,13.66,1
408.624657869339,13.66,1
410.0424094200134,13.66,1
411.4544587135315,14.14,1
412.8641953468323,13.86,1
414.27058124542236,14.03,1
415.61219930648804,13.97,1
417.03663754463196,13.97,1
418.3835017681122,14.14,1
419.78761625289917,14.14,1
421.20546650886536,14.1,1
422.6081027984619,14.1,1
424.028701543808,14.14,1
425.4340271949768,14.21,1
426.8456058502197,14.34,1
428.2588481903076,14.34,1
429.68344259262085,14.52,1
431.09080743789673,14.59,1
432.4309117794037,14.83,1
433.8489441871643,14.17,1
435.25561261177063,14.0,1
436.66487979888916,14.24,1
438.01887941360474,14.28,1
439.426810503006,14.55,1
440.84574151039124,15.03,1
442.24932742118835,14.97,1
443.6645739078522,15.03,1
445.07900381088257,15.03,1
446.48689317703247,15.07,1
447.910685300827,15.1,1
449.24940967559814,15.1,1
450.66586685180664,14.97,1
452.0725281238556,15.21,1
453.4814233779907,15.0,1
454.83435821533203,14.9,1
456.24838519096375,14.93,1
457.589643239975,15.07,1
458.9910237789154,15.14,1
460.4129526615143,15.14,1
461.82993388175964,14.86,1
463.1753716468811,14.66,1
464.5796959400177,14.79,1
465.99665093421936,14.72,1
467.41282296180725,14.62,1
468.81493306159973,14.83,1
470.2380793094635,13.38,1
471.639377117157,14.55,1
473.065137386322,14.79,1
474.4630892276764,14.86,1
475.8771207332611,15.07,1
477.3013484477997,14.79,1
478.7068154811859,14.97,1
480.12485337257385,14.93,1
481.5298533439636,14.97,1
482.9479203224182,14.83,1
484.3522758483887,14.9,1
485.77452278137207,14.97,1
487.1816017627716,15.03,1
488.602561712265,15.14,1
490.0052273273468,15.07,1
491.4235084056854,14.93,1
492.82743549346924,14.97,1
494.2512950897217,15.34,1
495.66226029396057,15.07,1
497.0791127681732,15.21,1
498.48285031318665,15.07,1
505.7942590713501,-0.45,0
507.10839462280273,-0.59,0
508.43585228919983,-0.69,0
509.74979853630066,-0.69,0
511.05796933174133,-0.76,0
512.4117875099182,-0.93,0
513.7372736930847,-0.97,0
515.0433342456818,-1.07,0
519.6322119235992,-0.66,1
521.0544192790985,-0.34,1
522.4604349136353,-0.07,1
523.8807482719421,1.41,1
525.2200784683228,1.9,1
526.6363298892975,2.38,1
528.0410943031311,3.55,1
529.4613425731659,4.41,1
530.8637425899506,5.41,1
532.2807114124298,5.72,1
533.7003417015076,6.79,1
535.1116647720337,7.52,1
536.5179302692413,8.21,1
537.9330837726593,7.48,1
539.352509021759,8.93,1
540.7555317878723,9.59,1
542.1754035949707,10.52,1
543.5773940086365,11.17,1
545.0019636154175,11.76,1
546.4048149585724,12.34,1
547.8245298862457,12.55,1
549.225973367691,13.0,1
550.6506190299988,13.38,1
552.0524809360504,13.55,1
553.4717252254486,14.03,1
554.8925898075104,14.38,1
556.3044340610504,14.55,1
557.7161564826965,14.86,1
559.1281976699829,15.38,1
560.5347101688385,15.45,1
561.9530823230743,15.72,1
563.3551161289215,15.79,1
564.7752096652985,16.34,1
566.1809372901917,16.41,1
567.6008472442627,16.9,1
569.0178666114807,16.86,1
570.4308726787567,16.93,1
571.8433499336243,17.28,1
573.2492272853851,17.21,1
574.6702811717987,17.28,1
576.0760653018951,16.76,1
577.4793915748596,17.07,1
578.8992278575897,17.1,1
580.3174765110016,17.97,1
581.7225246429443,18.03,1
583.1401495933533,17.97,1
584.5464279651642,17.97,1
585.9678161144257,18.48,1
587.3752384185791,18.52,1
588.795827627182,18.48,1
590.1998648643494,18.45,1
591.6206998825073,18.34,1
592.9593675136566,18.41,1
594.3640294075012,18.97,1
595.7832520008087,18.9,1
597.200941324234,19.07,1
598.6077225208282,19.03,1
600.0233206748962,18.93,1
601.4337840080261,19.07,1
602.8391771316528,18.93,1
604.258472442627,19.31,1
605.6744074821472,18.72,1
607.0843980312347,18.72,1
608.5028021335602,18.86,1
609.9088406562805,18.97,1
611.3140609264374,19.07,1
612.741039276123,19.1,1
614.1540970802307,19.1,1
615.5609519481659,19.28,1
616.9659059047699,19.28,1
618.3838386535645,19.83,1
619.793032169342,19.76,1
621.2126672267914,19.72,1
622.6298141479492,19.86,1
624.0314929485321,19.86,1
625.4522533416748,19.83,1
626.8702142238617,19.9,1
628.2743036746979,19.86,1
629.6922669410706,19.97,1
631.1067690849304,19.76,1
632.5118308067322,19.79,1
633.9309782981873,19.14,1
635.2713549137115,19.21,1
636.689501285553,19.38,1
638.0290954113007,19.66,1
639.3676414489746,19.59,1
640.7208547592163,19.69,1
648.106475353241,-0.38,0
649.4024660587311,-0.52,0
650.711021900177,-0.72,0
652.0197198390961,-0.83,0
653.327648639679,-0.93,0
654.6322968006134,-1.03,0
655.9417123794556,-1.0,0
657.2351129055023,-1.0,0
661.8237206935883,-0.79,1
663.24489402771,-0.38,1
664.5821208953857,-0.1,1
665.9233849048615,1.52,1
667.2668881416321,1.9,1
668.6136820316315,2.83,1
669.9677352905273,4.07,1
671.3105227947235,5.1,1
672.6472883224487,6.07,1
674.0683734416962,6.97,1
675.3980526924133,8.1,1
676.7532503604889,8.55,1
678.1694495677948,9.45,1
679.5134670734406,10.48,1
680.8507838249207,10.52,1
682.1950137615204,11.52,1
683.6119730472565,12.48,1
684.9468007087708,13.48,1
686.3681943416595,13.45,1
687.7123024463654,13.83,1
689.0595002174377,14.69,1
690.4014019966125,14.9,1
691.7391674518585,15.28,1
693.0838241577148,15.93,1
694.4306402206421,16.14,1
695.7702527046204,16.79,1
697.1107385158539,17.03,1
698.5355684757233,17.59,1
699.8718638420105,16.79,1
701.2096934318542,17.31,1
702.5683195590973,18.1,1
703.9123070240021,18.86,1
705.2538051605225,18.52,1
706.5978493690491,19.21,1
707.9422986507416,19.21,1
709.3521518707275,19.55,1
710.7697193622589,20.03,1
712.1110553741455,20.0,1
713.522608757019,20.45,1
714.86541056633,20.38,1
716.2758095264435,21.1,1
717.6254162788391,21.0,1
719.0410764217377,21.52,1
720.3793933391571,21.41,1
721.7885539531708,21.38,1
723.1408250331879,22.0,1
724.4868173599243,21.83,1
725.8312363624573,21.76,1
727.1659851074219,21.55,1
728.5076467990875,21.86,1
729.9255113601685,22.0,1
731.2680597305298,22.52,1
732.6826393604279,22.66,1
734.1065344810486,22.52,1
735.437127828598,22.48,1
736.7794241905212,23.1,1
738.1355609893799,22.97,1
739.4672002792358,22.79,1
740.8221168518066,23.03,1
742.1610896587372,23.03,1
743.5683493614197,23.62,1
744.986180305481,23.59,1
746.3330910205841,23.45,1
747.6800191402435,23.31,1
749.0915367603302,23.28,1
750.4319846630096,23.48,1
751.7740683555603,23.21,1
753.1833481788635,23.48,1
754.5992529392242,23.41,1
755.9400341510773,23.69,1
757.3607325553894,23.66,1
758.703574180603,24.21,1
760.116379737854,23.97,1
761.455956697464,23.93,1
762.8658540248871,24.03,1
764.2862939834595,24.0,1
765.6892194747925,24.03,1
767.100583076477,24.1,1
768.52099442482,24.0,1
769.9396069049835,23.97,1
771.2849328517914,24.55,1
772.6903998851776,24.48,1
774.1072175502777,23.9,1
775.4476637840271,24.14,1
776.867270231247,24.41,1
778.2644402980804,24.21,1
779.6192493438721,24.24,1
781.0235919952393,24.28,1
782.4403829574585,24.28,1
783.7829580307007,24.52,1
785.2053422927856,24.9,1
786.6183052062988,24.79,1
788.0275678634644,24.79,1
789.3694941997528,24.93,1
790.7857110500336,24.86,1
798.0926308631897,-0.41,0
799.398020029068,-0.34,0
800.7128512859344,-0.41,0
802.0243413448334,-0.48,0
803.3642876148224,-0.48,0
804.6826403141022,-0.62,0
806.0052697658539,-0.41,0
807.3136417865753,-0.52,0
811.9170641899109,81.1,1
813.3367896080017,67.83,1
814.6703760623932,65.17,1
816.0917887687683,63.28,1
817.504631280899,62.07,1
818.913328409195,60.07,1
820.3196239471436,57.41,1
821.6687338352203,57.52,1
823.014048576355,56.31,1
824.430830001831,55.34,1
825.7693510055542,53.97,1
827.1787724494934,53.24,1
828.5977954864502,52.41,1
830.0010437965393,51.31,1
831.4195654392242,50.28,1
832.8344080448151,48.55,1
834.1725981235504,48.41,1
835.5899538993835,47.93,1
836.9348711967468,47.17,1
838.3490650653839,46.14,1
839.682523727417,45.97,1
841.0234174728394,45.55,1
842.3663523197174,45.0,1
843.7854559421539,43.66,1
845.1266982555389,43.66,1
846.4679663181305,43.38,1
847.8898839950562,42.34,1
849.2325232028961,42.31,1
850.6474604606628,41.79,1
852.0561709403992,40.9,1
853.3954493999481,40.79,1
854.8155148029327,40.38,1
856.2278988361359,39.62,1
857.645162820816,39.07,1
859.0491228103638,39.1,1
860.4667465686798,38.59,1
867.7625963687897,-1.72,0
869.0741791725159,-1.76,0
870.3861389160156,-1.72,0
871.6796762943268,-1.79,0
872.984105348587,-1.76,0
874.3312792778015,-1.83,0
875.6395614147186,-1.69,0
876.9508519172668,-1.83,0
881.5347027778625,5.83,1
882.9543714523315,67.38,1
884.2995018959045,69.17,1
885.7174680233002,65.55,1
887.049158334732,64.45,1
888.4735746383667,63.45,1
889.8146378993988,63.45,1
891.2192249298096,63.41,1
892.6413295269012,63.21,1
894.053041934967,63.28,1
895.4000010490417,63.45,1
896.8071868419647,62.83,1
898.2112693786621,62.93,1
899.6314811706543,62.93,1
901.033282995224,63.17,1
902.4510436058044,63.1,1
903.858624458313,63.14,1
905.2789347171783,62.79,1
906.6191380023956,62.79,1
907.9539759159088,62.97,1
909.3753118515015,63.03,1
910.7182755470276,63.14,1
912.0596532821655,62.97,1
913.4639732837677,63.0,1
914.8179728984833,62.83,1
916.1610052585602,62.76,1
917.5045282840729,63.1,1
918.8432457447052,63.0,1
920.2464175224304,63.1,1
921.6015055179596,63.34,1
922.9474594593048,62.83,1
924.3597915172577,63.03,1
925.6999893188477,63.0,1
927.0391919612885,63.1,1
928.3885231018066,63.14,1
929.7897198200226,63.21,1
931.2124443054199,62.79,1
932.5509269237518,63.0,1
933.9608557224274,63.0,1
935.3069050312042,63.1,1
936.7100956439972,63.07,1
938.0642440319061,62.9,1
939.4018156528473,62.72,1
940.7445886135101,62.83,1
942.1620404720306,63.03,1
943.5667426586151,63.0,1
