1.1002717018127441,-1.79,0
2.3465898036956787,-1.86,0
3.554502010345459,-1.86,0
4.75980019569397,-1.86,0
9.33565616607666,-2.72,1
10.74033498764038,-3.21,1
12.157285928726196,-3.1,1
13.572677373886108,-2.52,1
14.982839345932007,-0.93,1
16.38703727722168,-0.62,1
17.74119997024536,-1.0,1
19.07927632331848,-0.62,1
20.4182186126709,-0.45,1
21.839004039764404,0.86,1
23.251044988632202,1.0,1
24.666339874267578,1.14,1
26.06630301475525,1.34,1
27.490912914276123,1.83,1
28.901192903518677,1.79,1
30.317136526107788,2.0,1
31.730371952056885,1.9,1
33.14325833320618,2.34,1
34.47813010215759,2.72,1
35.891446590423584,2.76,1
37.31056761741638,2.41,1
38.64351773262024,2.9,1
39.9981164932251,3.38,1
41.4015896320343,3.69,1
42.821998596191406,3.38,1
44.22555756568909,3.59,1
45.64460062980652,3.72,1
47.06193232536316,3.45,1
48.47098350524902,4.45,1
49.8756263256073,4.31,1
51.2998161315918,4.03,1
52.71564245223999,4.24,1
54.116915225982666,4.55,1
55.5345242023468,4.48,1
56.95268130302429,4.07,1
58.35409760475159,4.24,1
59.76806831359863,4.45,1
61.18638801574707,4.59,1
62.6005482673645,4.31,1
64.00308918952942,4.24,1
65.36170625686646,4.48,1
66.6947066783905,4.66,1
68.03298759460449,5.07,1
69.45491814613342,4.79,1
70.79389190673828,4.66,1
72.13721013069153,4.79,1
73.49255776405334,4.97,1
74.83599615097046,5.21,1
76.17109322547913,5.14,1
77.52471280097961,4.79,1
78.85457992553711,4.76,1
80.207839012146,4.76,1
81.61467099189758,4.93,1
83.028315782547,5.03,1
84.44381594657898,4.97,1
85.86158919334412,5.14,1
87.20082092285156,5.21,1
88.61857533454895,5.14,1
89.95338535308838,4.97,1
91.29356646537781,4.86,1
92.71015858650208,4.93,1
94.13029527664185,4.9,1
95.47086334228516,5.1,1
96.81287336349487,5.24,1
98.21612524986267,5.17,1
99.63750195503235,5.21,1
100.97528290748596,4.83,1
102.33020544052124,4.79,1
103.73897624015808,4.86,1
105.08460402488708,4.9,1
106.4235610961914,5.07,1
107.8431396484375,5.1,1
109.18888092041016,5.07,1
110.59606146812439,4.93,1
112.00306940078735,4.79,1
113.41419577598572,4.69,1
114.8322958946228,4.86,1
116.2369978427887,4.97,1
117.65788745880127,5.1,1
119.07213568687439,5.21,1
120.47771668434143,5.03,1
121.89607048034668,4.9,1
123.23268818855286,4.76,1
124.65565156936646,4.83,1
126.06735730171204,4.97,1
127.48414206504822,5.41,1
128.88638544082642,5.24,1
136.21199345588684,-1.79,0
137.52025389671326,-1.83,0
138.83416724205017,-1.76,0
140.12860083580017,-1.76,0
141.47185158729553,-1.79,0
142.78015637397766,-1.83,0
144.088937997818,-1.83,0
145.39602208137512,-1.9,0
149.98434901237488,-2.38,1
151.39637756347656,-3.03,1
152.80231738090515,-2.97,1
154.22641730308533,-0.83,1
155.62781167030334,-0.24,1
156.97759318351746,0.38,1
158.39087677001953,1.31,1
159.73299050331116,1.76,1
161.07626152038574,2.14,1
162.41939997673035,2.72,1
163.76906371116638,2.52,1
165.10861110687256,3.52,1
166.45405292510986,4.17,1
167.87338495254517,4.52,1
169.21037912368774,4.69,1
170.56236791610718,4.93,1
171.90392518043518,5.93,1
173.24570679664612,6.03,1
174.59017324447632,6.62,1
175.94084978103638,6.48,1
177.2835817337036,7.1,1
178.6243395805359,7.17,1
180.03139328956604,7.31,1
181.37212467193604,7.17,1
182.7272629737854,8.0,1
184.06923151016235,7.9,1
185.418630361557,7.9,1
186.7593023777008,8.0,1
188.10621166229248,7.97,1
189.4404866695404,8.21,1
190.79580664634705,8.97,1
192.1973259449005,8.86,1
193.6207890510559,8.83,1
195.0298833847046,8.93,1
196.44461274147034,9.0,1
197.78342604637146,8.97,1
199.12468099594116,8.79,1
200.54217433929443,8.9,1
201.94532585144043,9.03,1
203.28829550743103,9.52,1
204.70999717712402,9.38,1
206.05187392234802,9.31,1
207.47439289093018,9.52,1
208.88724303245544,9.45,1
210.22704935073853,9.59,1
211.56884670257568,9.69,1
212.9797682762146,9.69,1
214.40106678009033,9.62,1
215.81003379821777,9.55,1
217.15315294265747,9.38,1
218.56316471099854,9.34,1
219.9774684906006,9.48,1
221.39733028411865,9.48,1
222.80639123916626,9.59,1
224.211177110672,9.72,1
225.62925672531128,10.28,1
227.03341245651245,10.17,1
228.45813846588135,10.28,1
229.85847067832947,10.17,1
231.28621006011963,10.07,1
232.69518756866455,10.48,1
234.1023714542389,10.55,1
235.52130007743835,10.52,1
236.9282636642456,10.52,1
238.34568548202515,10.48,1
239.7485580444336,10.45,1
241.16607069969177,10.45,1
242.58795285224915,10.45,1
243.98663663864136,10.45,1
245.40685629844666,10.45,1
246.82296442985535,10.41,1
248.17237758636475,10.45,1
249.5742485523224,10.34,1
250.99383521080017,10.41,1
252.41059350967407,10.31,1
253.8153305053711,10.31,1
255.23213696479797,10.34,1
256.64998745918274,10.34,1
258.057008266449,10.28,1
259.45947432518005,10.31,1
260.88274598121643,10.31,1
262.29848074913025,10.31,1
263.70136189460754,10.24,1
265.11854815483093,10.21,1
266.5367555618286,10.17,1
267.94662070274353,10.21,1
269.34925627708435,10.14,1
270.77015113830566,10.17,1
272.1869788169861,10.14,1
273.5967493057251,10.14,1
275.00396728515625,9.97,1
276.4247589111328,10.03,1
277.83885169029236,9.97,1
279.2462179660797,10.0,1
280.65273451805115,9.9,1
282.07350516319275,9.93,1
283.48468685150146,9.86,1
284.8947582244873,9.9,1
286.29887342453003,9.83,1
287.71804428100586,9.83,1
289.1396725177765,9.76,1
290.552757024765,9.83,1
291.9626727104187,9.72,1
293.3685235977173,9.62,1
294.7776062488556,9.62,1
296.19998478889465,9.72,1
303.57567167282104,-1.66,0
304.8839910030365,-1.72,0
306.20648074150085,-1.69,0
307.5137302875519,-1.76,0
308.83602023124695,-1.79,0
310.15795731544495,-1.79,0
311.48270654678345,-1.72,0
312.7876172065735,-1.76,0
317.423583984375,-4.34,1
318.83329153060913,-3.0,1
320.2509059906006,-1.1,1
321.6607804298401,-0.55,1
323.076842546463,-0.52,1
324.41798210144043,-0.76,1
325.8390440940857,2.1,1
327.18542551994324,4.24,1
328.5824854373932,5.31,1
330.00337958335876,6.34,1
331.40851521492004,6.83,1
332.75514125823975,7.55,1
334.17002630233765,8.21,1
335.5816602706909,9.07,1
336.9967153072357,9.59,1
338.3385112285614,9.62,1
339.74363112449646,10.21,1
341.16692423820496,10.28,1
342.5816693305969,10.97,1
343.989444732666,11.07,1
345.4057912826538,11.79,1
346.7463083267212,12.1,1
348.16431307792664,12.14,1
349.57650351524353,12.83,1
350.98247933387756,12.72,1
352.3342559337616,12.83,1
353.7362332344055,12.86,1
355.1595118045807,13.41,1
356.5571999549866,13.41,1
357.98340916633606,13.48,1
359.38237261772156,13.48,1
360.8006262779236,13.45,1
362.21179461479187,13.45,1
363.55406165122986,13.62,1
364.97302985191345,14.21,1
366.38159370422363,14.24,1
367.8000032901764,14.21,1
369.1379795074463,14.17,1
370.559100151062,14.21,1
371.9011733531952,14.14,1
373.3044276237488,14.17,1
374.72201228141785,14.14,1
376.14368176460266,14.14,1
377.54641914367676,15.03,1
378.9678909778595,14.69,1
380.3805227279663,14.83,1
381.7845458984375,14.9,1
383.1976683139801,14.97,1
384.61499094963074,14.9,1
386.0222523212433,14.86,1
387.4409086704254,14.93,1
388.8434991836548,14.9,1
390.263325214386,14.97,1
391.6672375202179,14.97,1
393.0903959274292,14.9,1
394.5066556930542,14.86,1
395.91223192214966,14.93,1
397.3331491947174,14.9,1
398.7401428222656,14.93,1
400.1466426849365,14.9,1
401.56537675857544,14.9,1
402.9817740917206,14.9,1
404.3946919441223,14.9,1
405.7961390018463,14.93,1
407.216676235199,14.83,1
408.630916595459,14.79,1
410.04116582870483,14.83,1
411.45183181762695,14.9,1
412.87297320365906,15.07,1
414.2770645618439,14.97,1
415.6886582374573,14.93,1
417.0992331504822,15.03,1
418.51888370513916,14.9,1
419.9263725280762,14.93,1
421.27884101867676,14.83,1
422.61877155303955,15.07,1
424.0272340774536,14.93,1
425.44563817977905,14.93,1
426.8495078086853,14.93,1
428.2685852050781,14.83,1
429.67361402511597,14.9,1
431.0903618335724,14.86,1
432.5088996887207,14.93,1
433.9147570133209,14.9,1
435.3363983631134,14.9,1
436.7518367767334,14.97,1
438.1549663543701,14.9,1
439.4943516254425,14.9,1
440.9082953929901,14.9,1
442.322548866272,14.9,1
443.7450337409973,14.86,1
445.15969133377075,15.0,1
446.56411242485046,14.86,1
447.9686629772186,15.0,1
449.39618706703186,14.79,1
450.8075330257416,14.93,1
452.21214842796326,14.86,1
453.6289031505585,14.86,1
455.04633712768555,14.9,1
456.45071268081665,14.86,1
457.8689830303192,14.83,1
459.2749855518341,14.76,1
460.69242453575134,14.86,1
467.995637178421,-1.55,0
469.30571150779724,-1.66,0
470.6132950782776,-1.76,0
471.93906021118164,-1.66,0
473.2512035369873,-1.69,0
474.56437039375305,-1.76,0
475.90799498558044,-1.79,0
477.2328565120697,-1.79,0
481.8234887123108,-2.28,1
483.23680543899536,-2.21,1
484.64522218704224,-0.48,1
486.0660684108734,1.52,1
487.4740173816681,2.17,1
488.88177728652954,3.55,1
490.29921674728394,5.38,1
491.7162208557129,6.83,1
493.1290993690491,7.59,1
494.53271436691284,8.97,1
495.95121574401855,9.62,1
497.3563747406006,10.41,1
498.780392408371,11.28,1
500.18456649780273,11.9,1
501.6049499511719,12.48,1
503.01590299606323,13.07,1
504.4199893474579,13.79,1
505.84011793136597,14.55,1
507.2488033771515,14.62,1
508.6676025390625,15.31,1
510.0795202255249,15.28,1
511.4932017326355,15.86,1
512.8986403942108,15.83,1
514.3166396617889,16.79,1
515.7319462299347,16.83,1
517.1358108520508,17.45,1
518.5509912967682,17.52,1
519.9569370746613,17.62,1
521.3759157657623,18.14,1
522.7932395935059,18.0,1
524.1969995498657,18.03,1
525.6122624874115,18.07,1
527.0245196819305,18.76,1
528.4421248435974,18.66,1
529.8521177768707,18.66,1
531.2715306282043,18.62,1
532.6788861751556,18.66,1
534.0986180305481,18.72,1
535.5070443153381,18.76,1
536.9113204479218,18.97,1
538.3356053829193,19.38,1
539.7380187511444,19.41,1
541.1592829227448,19.48,1
542.5647928714752,19.38,1
543.9830086231232,19.38,1
545.3858578205109,19.41,1
546.8108940124512,19.48,1
548.2113497257233,19.34,1
549.6354801654816,19.28,1
551.0438039302826,19.38,1
552.4578380584717,19.38,1
553.8617029190063,19.28,1
555.2754204273224,19.48,1
556.6936292648315,19.66,1
558.1056697368622,19.62,1
559.5248415470123,19.62,1
560.925633430481,19.72,1
562.3489229679108,19.72,1
563.7523808479309,20.03,1
565.1784999370575,20.03,1
566.5898823738098,19.86,1
567.9950187206268,20.14,1
569.3368384838104,20.0,1
570.7484633922577,19.9,1
572.1714956760406,19.93,1
573.5828006267548,19.83,1
574.9870448112488,19.9,1
576.3981981277466,19.9,1
577.822722196579,19.9,1
579.2341766357422,19.93,1
580.6433367729187,19.93,1
582.0484445095062,19.9,1
583.4653949737549,20.03,1
584.884688615799,19.86,1
586.2951219081879,19.79,1
587.7001793384552,19.9,1
589.1159851551056,19.79,1
590.5356216430664,19.9,1
591.9427843093872,19.79,1
593.3584673404694,19.86,1
600.7192666530609,-1.62,0
602.0483849048615,-1.66,0
603.359322309494,-1.52,0
604.6821069717407,-1.72,0
605.9761416912079,-1.72,0
607.3015456199646,-1.76,0
608.6092231273651,-1.76,0
609.9347853660583,-1.83,0
614.5654816627502,-2.52,1
615.9831545352936,-0.93,1
617.384515285492,0.69,1
618.8009705543518,1.79,1
620.2231178283691,3.1,1
621.6348872184753,4.45,1
623.0376176834106,6.17,1
624.3908879756927,7.45,1
625.7941660881042,8.83,1
627.2068293094635,10.17,1
628.6188495159149,10.86,1
630.037207365036,12.31,1
631.4404001235962,13.45,1
632.8630158901215,14.17,1
634.266167640686,15.0,1
635.6878824234009,15.48,1
637.1049149036407,16.17,1
638.5090985298157,16.93,1
639.8498950004578,17.41,1
641.2681264877319,18.03,1
642.612461566925,18.83,1
644.0177528858185,18.72,1
645.3702960014343,19.21,1
646.7083947658539,19.38,1
648.1267311573029,19.83,1
649.4721930027008,20.59,1
650.8144118785858,20.48,1
652.1544771194458,20.55,1
653.5029571056366,21.03,1
654.8482592105865,21.14,1
656.1903488636017,21.72,1
657.5299937725067,21.69,1
658.8708670139313,21.62,1
660.2954885959625,22.28,1
661.6348893642426,22.24,1
663.0468909740448,22.31,1
664.4577338695526,22.72,1
665.7995929718018,22.86,1
667.1549341678619,22.69,1
668.4861845970154,22.72,1
669.8291087150574,22.76,1
671.1861929893494,23.52,1
672.5892724990845,23.55,1
674.007789850235,23.48,1
675.3486716747284,23.41,1
676.6952958106995,23.34,1
678.0390684604645,23.34,1
679.443391084671,24.07,1
680.7975997924805,24.07,1
682.2009625434875,24.03,1
683.6210103034973,23.86,1
685.0394213199615,24.0,1
686.3839364051819,23.97,1
687.7939205169678,24.0,1
689.1272058486938,23.97,1
690.5498673915863,23.86,1
691.897075176239,23.97,1
693.3015468120575,24.41,1
694.6440954208374,24.31,1
696.062511920929,24.34,1
697.3977675437927,24.24,1
698.7461431026459,24.38,1
700.0874738693237,24.38,1
701.5034260749817,24.31,1
702.9224443435669,24.28,1
704.33034491539,24.41,1
705.7498211860657,24.31,1
707.1553905010223,24.24,1
708.4928405284882,24.38,1
709.9104120731354,24.9,1
711.3294973373413,24.97,1
712.7393004894257,24.79,1
714.0864660739899,24.9,1
715.4947445392609,24.79,1
716.90429520607,24.86,1
718.3128724098206,24.76,1
719.7299492359161,24.79,1
721.1355831623077,24.9,1
722.5508522987366,24.86,1
723.9743049144745,24.86,1
725.318825006485,24.97,1
726.7210063934326,24.86,1
728.1461174488068,24.86,1
729.4855058193207,24.86,1
730.8917796611786,24.72,1
732.3117470741272,24.79,1
733.7155470848083,24.83,1
735.1343626976013,24.79,1
742.4339101314545,-1.59,0
743.7913615703583,-1.62,0
745.0999386310577,-1.62,0
746.4132890701294,-1.66,0
747.7062826156616,-1.66,0
749.029972076416,-1.72,0
750.3354892730713,-1.69,0
751.6436016559601,-1.76,0
756.24285197258,-3.24,1
757.6631414890289,-1.76,1
759.0073115825653,-0.03,1
760.4127519130707,2.07,1
761.8330817222595,3.62,1
763.1682353019714,5.59,1
764.579704284668,7.62,1
765.998824596405,8.97,1
767.4026701450348,11.07,1
768.824060678482,12.72,1
770.2382094860077,13.93,1
771.6502873897552,15.41,1
773.067768573761,16.72,1
774.4782109260559,17.52,1
775.8812394142151,18.79,1
777.3010032176971,19.48,1
778.7096750736237,20.1,1
780.1266257762909,20.66,1
781.5446448326111,21.34,1
782.9506227970123,21.97,1
784.366494178772,22.52,1
785.7798461914062,23.14,1
787.1862530708313,23.52,1
788.6074829101562,24.28,1
790.0133790969849,24.28,1
791.4329447746277,24.76,1
792.8401892185211,25.17,1
794.2597010135651,25.1,1
795.6592676639557,25.55,1
797.0796346664429,25.52,1
798.4940466880798,26.0,1
799.8965718746185,26.03,1
801.3212068080902,26.59,1
802.7219369411469,26.66,1
804.1386573314667,27.48,1
805.5572907924652,27.45,1
806.9607632160187,27.45,1
808.3821079730988,27.34,1
809.7879929542542,28.07,1
811.2031207084656,28.0,1
812.6143202781677,28.14,1
814.0276854038239,28.1,1
815.4442296028137,28.17,1
816.8615336418152,28.66,1
818.2684917449951,28.76,1
819.6776480674744,28.62,1
821.0978956222534,28.69,1
822.5019299983978,28.59,1
823.9210312366486,28.76,1
825.3239727020264,29.14,1
826.75017786026,29.31,1
828.1502449512482,29.14,1
829.5710380077362,29.17,1
830.9782297611237,29.24,1
832.3956851959229,29.24,1
833.8083908557892,29.28,1
835.2169270515442,29.34,1
836.6356055736542,29.17,1
838.0417373180389,29.45,1
839.451907157898,29.83,1
840.8707251548767,29.62,1
842.2878243923187,29.83,1
843.6891758441925,31.69,1
845.1084780693054,30.62,1
846.5254638195038,30.52,1
847.9408662319183,30.45,1
849.3524343967438,30.34,1
850.7618472576141,30.24,1
852.1651556491852,30.1,1
853.5884399414062,30.07,1
854.9916622638702,30.17,1
856.4128963947296,30.07,1
857.8183085918427,30.03,1
859.2372920513153,29.97,1
866.6011526584625,-1.62,0
867.9109046459198,-1.76,0
869.2268841266632,-1.59,0
870.5500268936157,-1.76,0
871.8547070026398,-1.72,0
873.1786029338837,-1.79,0
874.4736793041229,-1.72,0
875.7961118221283,-1.79,0
880.4374966621399,6.48,1
881.8432002067566,80.66,1
883.1829977035522,93.69,1
884.6020488739014,94.34,1
885.9426951408386,93.9,1
887.3623399734497,93.62,1
888.7036411762238,93.21,1
890.1068451404572,93.0,1
891.5180139541626,92.79,1
892.8581836223602,92.76,1
894.2151250839233,92.79,1
895.6197571754456,92.59,1
897.0336813926697,92.59,1
898.444041967392,92.34,1
899.7957818508148,92.34,1
901.2063345909119,92.52,1
902.6091780662537,92.38,1
904.0283470153809,92.21,1
905.3704149723053,92.21,1
906.7180042266846,92.24,1
908.0503647327423,91.93,1
909.4704649448395,92.21,1
910.8735747337341,92.14,1
912.2936038970947,92.24,1
913.6343791484833,92.03,1
915.0482487678528,92.17,1
916.3858966827393,92.07,1
917.7275805473328,92.31,1
919.0678467750549,92.14,1
920.408891916275,92.03,1
921.7652559280396,92.31,1
923.1760053634644,92.07,1
924.519097328186,92.03,1
925.8610050678253,92.0,1
927.1979887485504,92.14,1
928.5426847934723,91.97,1
929.8790671825409,92.21,1
931.2955839633942,92.24,1
932.711364030838,92.52,1
934.1145265102386,92.52,1
935.4693744182587,92.24,1
936.8827776908875,92.17,1
938.2183229923248,92.34,1
939.6320359706879,92.62,1
941.0355999469757,92.41,1
