1.1000456809997559,-0.38
2.344144821166992,-0.48
3.5597283840179443,-0.52
4.762744903564453,-0.52
5.972793817520142,-0.48
8.743163824081421,-0.34
10.154920101165771,-0.34
11.567078828811646,-0.34
12.966665029525757,-0.28
14.38733720779419,-0.34
15.803183555603027,-0.28
17.202065229415894,-0.28
18.54354739189148,-0.31
19.890201807022095,-0.38
21.244065761566162,-0.28
22.588257789611816,-0.24
24.000712394714355,-0.28
25.409590244293213,147.45
26.808863401412964,285.14
28.156296014785767,320.21
29.576555490493774,342.66
30.98582363128662,349.86
32.393487215042114,352.07
36.10734677314758,-0.76
