1.1164422035217285,-1.38,0
2.353062629699707,-1.34,0
3.561897039413452,-1.31,0
4.767420768737793,-1.31,0
9.34461498260498,-1.34,1
10.757724046707153,11.55,1
12.162638425827026,16.03,1
13.584163904190063,23.03,1
14.924408197402954,24.17,1
16.330551385879517,26.21,1
17.68530559539795,27.86,1
19.085591793060303,30.07,1
20.50900173187256,31.93,1
21.91641640663147,33.93,1
23.32207441329956,33.34,1
24.740808486938477,33.45,1
26.148518800735474,35.0,1
27.568573713302612,34.66,1
28.97287082672119,34.83,1
30.39861822128296,37.07,1
31.802706480026245,36.59,1
33.21748185157776,36.52,1
34.56159591674805,39.0,1
35.96299076080322,38.76,1
37.31966757774353,38.24,1
38.72447752952576,38.17,1
40.13629508018494,38.17,1
41.54884696006775,38.45,1
42.96722769737244,40.76,1
44.30228281021118,39.1,1
45.65106964111328,39.28,1
47.0673086643219,38.9,1
48.47451591491699,40.34,1
49.87750506401062,40.07,1
51.2349374294281,40.14,1
52.64038848876953,40.21,1
54.0494122505188,40.14,1
55.471343755722046,40.21,1
56.87467980384827,38.72,1
58.289506673812866,40.21,1
59.69390153884888,40.1,1
61.11613440513611,40.1,1
62.44837832450867,38.76,1
63.86995792388916,39.14,1
65.2099380493164,39.03,1
66.62202715873718,40.45,1
68.03521394729614,40.17,1
69.45321893692017,40.1,1
70.85558438301086,40.24,1
72.27351808547974,40.14,1
73.61565327644348,40.31,1
75.01963448524475,40.28,1
76.35800862312317,40.17,1
77.71380019187927,40.0,1
85.01718521118164,-2.21,0
86.32387375831604,-2.24,0
87.66550397872925,-2.24,0
88.97548913955688,-2.21,0
90.28646993637085,-2.24,0
91.61145210266113,-2.14,0
92.92041611671448,-2.24,0
94.22838592529297,-2.31,0
98.81093287467957,-0.28,1
100.22557306289673,11.79,1
101.56611275672913,16.38,1
102.99157619476318,20.69,1
104.39739537239075,25.07,1
105.81447386741638,26.93,1
107.2337658405304,28.48,1
108.6456778049469,30.59,1
110.04793763160706,32.34,1
111.47063493728638,34.41,1
112.87569499015808,36.24,1
114.2922101020813,35.28,1
115.69774985313416,37.59,1
117.11775994300842,37.24,1
118.53090214729309,37.03,1
119.94004344940186,39.55,1
121.34421348571777,39.03,1
122.76524114608765,39.03,1
124.17096281051636,38.79,1
125.59345316886902,38.66,1
126.99408221244812,38.76,1
128.40323543548584,38.83,1
129.81306648254395,39.0,1
131.23251700401306,38.93,1
132.6394100189209,39.14,1
134.0569498538971,38.9,1
135.4753737449646,41.1,1
136.87978649139404,40.83,1
138.30142045021057,40.86,1
139.70462775230408,39.52,1
141.12209796905518,39.72,1
142.53537106513977,39.62,1
143.9389476776123,39.41,1
145.36102628707886,39.28,1
146.769868850708,39.31,1
148.1893708705902,39.24,1
149.59285473823547,39.45,1
151.01348185539246,39.31,1
152.42366528511047,39.21,1
153.83579802513123,39.21,1
155.2410261631012,41.0,1
156.65738344192505,39.48,1
158.07432436943054,40.9,1
159.47692775726318,40.97,1
160.88819313049316,40.76,1
162.3106348514557,40.93,1
163.6525740623474,40.93,1
165.06280493736267,40.59,1
166.40978407859802,40.69,1
173.71118879318237,-1.76,0
175.01894164085388,-1.76,0
176.32768869400024,-1.72,0
177.6370828151703,-1.79,0
178.9439971446991,-1.76,0
180.24492621421814,-1.76,0
181.58196139335632,-1.76,0
182.891037940979,-1.72,0
187.47699642181396,29.03,1
188.82626008987427,41.45,1
190.23257040977478,53.03,1
191.57165956497192,62.93,1
192.99309182167053,72.31,1
194.400461435318,80.34,1
195.82442712783813,88.79,1
197.2213819026947,96.69,1
198.6444718837738,104.76,1
199.9855945110321,111.31,1
201.38911843299866,118.79,1
202.8112392425537,125.07,1
204.14863300323486,131.07,1
205.56808352470398,137.28,1
206.97695350646973,142.76,1
208.38404750823975,148.41,1
209.8005166053772,153.17,1
211.21256017684937,156.28,1
212.6282913684845,156.86,1
214.03072905540466,155.83,1
215.44652915000916,153.55,1
216.852600812912,149.55,1
218.2750906944275,144.79,1
219.61305356025696,138.93,1
221.01670384407043,132.72,1
222.4347734451294,125.59,1
223.85545349121094,117.97,1
225.2632098197937,111.28,1
226.66728258132935,105.41,1
228.08679103851318,99.79,1
229.48613595962524,94.52,1
236.80914688110352,-1.24,0
238.12015390396118,-1.28,0
239.44310855865479,-1.24,0
240.76285457611084,-1.21,0
242.0664029121399,-1.17,0
243.4196801185608,-1.17,0
244.7491090297699,-1.17,0
246.07180428504944,-1.1,0
247.28203058242798,-1.17,0
248.49827361106873,-1.14,0
249.71114420890808,-1.1,0
250.94082593917847,-1.1,0
252.15364003181458,-1.24,0
253.40033149719238,-1.17,0
254.61148142814636,-1.1,0
255.83277559280396,-1.07,0
257.0612676143646,-1.1,0
258.2966995239258,-1.03,0
259.51317715644836,-1.03,0
260.7338137626648,-1.03,0
261.9766731262207,-1.1,0
263.1960859298706,-1.21,0
