1.1169769763946533,-1.52,0
2.352969169616699,-1.55,0
3.5625557899475098,-1.55,0
4.7569849491119385,-1.59,0
5.95697021484375,-1.52,0
7.167968034744263,-1.45,0
11.72743821144104,1100.0,1
13.081988334655762,560.14,1
14.493514060974121,310.28,1
15.904240846633911,206.83,1
17.314977645874023,153.79,1
18.656439065933228,125.03,1
20.000974893569946,110.07,1
21.336219549179077,104.38,1
22.75698494911194,98.76,1
24.09899401664734,93.83,1
25.50731348991394,92.1,1
26.913865566253662,90.41,1
28.335598468780518,88.62,1
29.738142490386963,86.83,1
31.15173864364624,86.93,1
32.56143403053284,63.38,1
33.983558654785156,103.48,1
35.32621765136719,119.28,1
36.669979095458984,71.1,1
38.07942080497742,106.66,1
39.41574692726135,56.83,1
40.75818967819214,78.17,1
42.178995847702026,77.21,1
43.522998571395874,76.1,1
44.934982776641846,79.55,1
46.264344930648804,80.93,1
47.68798351287842,81.86,1
49.099000453948975,83.14,1
50.43525576591492,71.31,1
51.782026052474976,96.14,1
59.100972414016724,-1.83,0
60.41598844528198,-1.9,0
61.73091530799866,-1.93,0
63.04398822784424,-1.9,0
64.39598536491394,-2.52,0
65.69798946380615,-1.07,0
67.0039894580841,-2.48,0
68.30799126625061,-4.1,0
72.90310049057007,3.21,1
74.23696303367615,14.24,1
75.59397149085999,33.97,1
76.92223858833313,42.97,1
78.34540176391602,48.45,1
79.75179862976074,52.52,1
81.16513347625732,50.28,1
82.5147454738617,50.07,1
83.8600103855133,50.34,1
85.27100968360901,48.72,1
86.61499500274658,49.28,1
87.94562673568726,48.76,1
89.36899638175964,51.41,1
90.76878213882446,53.45,1
92.12143349647522,39.76,1
93.46701693534851,36.17,1
94.86981391906738,47.21,1
96.20952606201172,59.24,1
97.62577867507935,49.21,1
99.03287243843079,55.03,1
100.45497274398804,57.45,1
101.80108380317688,54.69,1
103.20425224304199,51.03,1
104.62510704994202,51.07,1
105.9678168296814,50.0,1
107.37157917022705,48.69,1
108.78049802780151,47.86,1
110.13236594200134,48.34,1
111.53801321983337,36.55,1
112.88227701187134,42.28,1
114.29822635650635,43.41,1
115.71119856834412,45.45,1
117.12320899963379,46.34,1
118.53522229194641,50.28,1
119.94481372833252,52.62,1
121.347727060318,49.93,1
122.77125883102417,48.97,1
124.1697096824646,49.62,1
125.5907838344574,49.17,1
132.88466238975525,-1.66,0
134.19100141525269,-1.66,0
135.50536108016968,-1.76,0
136.85538530349731,-1.69,0
138.1569426059723,-1.76,0
139.46880316734314,-1.79,0
140.77195954322815,-1.76,0
142.09241580963135,-1.76,0
146.69187188148499,13.34,1
148.10846376419067,14.03,1
149.44037914276123,44.0,1
150.85401153564453,54.59,1
152.27349829673767,62.76,1
153.68551063537598,63.03,1
155.0844693183899,64.24,1
156.50551104545593,71.52,1
157.90766143798828,65.66,1
159.33435368537903,53.55,1
160.74656748771667,51.83,1
162.08957839012146,49.17,1
163.43358898162842,59.72,1
164.77536725997925,40.72,1
166.11911845207214,43.9,1
167.45986127853394,53.69,1
168.87395477294922,44.59,1
170.20681262016296,50.97,1
171.55640769004822,40.83,1
172.9639527797699,50.31,1
174.31467413902283,70.41,1
175.714191198349,71.41,1
177.06970143318176,70.48,1
178.41146898269653,98.0,1
179.74287223815918,46.83,1
181.0938379764557,-0.21,1
182.4331820011139,-1.38,1
183.852064371109,-1.41,1
185.1858458518982,-1.41,1
186.60877966880798,-1.34,1
187.9517171382904,-1.31,1
189.36304712295532,1.21,1
190.69668579101562,1.41,1
192.1158962249756,0.97,1
