1.1172220706939697,-1.9,0
2.33726167678833,-2.0,0
3.5502288341522217,-1.83,0
4.749531984329224,-1.93,0
9.365694761276245,308.1,1
10.777460098266602,340.38,1
18.09370517730713,-2.62,0
19.403437852859497,-2.52,0
20.7257719039917,-2.66,0
22.03448724746704,-2.66,0
23.34962511062622,-2.59,0
24.696412563323975,-2.66,0
26.012253046035767,-2.69,0
27.328993558883667,-2.55,0
31.92712116241455,307.69,1
33.27118468284607,304.69,1
34.601168632507324,258.97,1
41.91143774986267,-3.41,0
43.22590136528015,-3.31,0
44.56818914413452,-3.28,0
45.88550424575806,-3.34,0
47.19559669494629,-2.66,0
48.502485036849976,-2.03,0
49.82470154762268,-2.03,0
51.13692235946655,-2.0,0
55.72487831115723,3.41,1
57.13785409927368,3.79,1
58.537697553634644,5.0,1
59.96476674079895,7.86,1
61.37694311141968,10.93,1
62.787028789520264,11.59,1
64.18880581855774,14.24,1
65.61342906951904,14.69,1
67.02622437477112,14.83,1
68.43788003921509,14.86,1
69.85239863395691,14.03,1
71.26688623428345,13.76,1
72.60941243171692,14.93,1
74.02295422554016,15.21,1
75.43574833869934,14.07,1
76.83554267883301,15.07,1
78.2545838356018,15.1,1
79.6719138622284,15.17,1
81.08706188201904,15.28,1
82.4997079372406,15.24,1
83.90297746658325,15.55,1
85.32417488098145,15.45,1
86.73641180992126,14.34,1
88.14935755729675,15.38,1
89.56194400787354,14.21,1
90.97599601745605,13.93,1
92.38902974128723,13.97,1
93.80256390571594,13.97,1
95.21410155296326,15.24,1
96.62615942955017,15.28,1
98.03674578666687,15.38,1
99.4354920387268,14.28,1
100.85287547111511,15.31,1
102.27277779579163,15.45,1
103.68734860420227,15.59,1
105.10346603393555,15.62,1
106.51648116111755,15.48,1
107.92845726013184,15.41,1
109.33719372749329,14.07,1
110.73898077011108,14.45,1
112.15371680259705,14.62,1
113.5777223110199,14.66,1
114.98847579956055,14.21,1
116.40436935424805,14.38,1
117.81782937049866,14.48,1
119.23088097572327,14.86,1
120.63955235481262,14.48,1
122.0547468662262,14.52,1
123.45591354370117,14.62,1
124.87329626083374,14.83,1
126.28906202316284,14.34,1
127.70586252212524,14.48,1
129.12020015716553,14.79,1
130.5247073173523,14.93,1
131.94295239448547,14.55,1
133.35457396507263,14.62,1
134.75699758529663,14.66,1
142.14589095115662,-2.38,0
143.46189522743225,-2.55,0
144.77347469329834,-2.45,0
146.0881884098053,-2.48,0
147.42173600196838,-2.62,0
148.7451674938202,-2.62,0
150.05530834197998,-2.31,0
151.37420797348022,-1.83,0
156.00702166557312,3.0,1
157.43008136749268,5.41,1
158.8384644985199,7.48,1
160.2561547756195,10.62,1
161.6691870689392,13.69,1
163.00823974609375,16.83,1
164.42391204833984,17.48,1
165.83635425567627,17.45,1
167.24911999702454,17.66,1
168.65487241744995,18.14,1
170.07575058937073,18.38,1
171.4878067970276,20.24,1
172.83154892921448,20.41,1
174.24102807044983,20.52,1
175.65652871131897,19.69,1
177.05798959732056,20.38,1
178.482666015625,20.66,1
179.89152598381042,20.38,1
181.30885100364685,19.59,1
182.63942575454712,19.07,1
184.0659110546112,19.17,1
185.4789559841156,19.21,1
186.8919997215271,19.14,1
188.30550837516785,19.03,1
189.70792317390442,19.21,1
191.13013911247253,20.38,1
192.53971219062805,19.24,1
193.95577716827393,20.28,1
195.35890936851501,20.48,1
196.78024983406067,20.69,1
198.19226670265198,19.45,1
199.60654854774475,19.17,1
201.00858402252197,19.24,1
202.43249917030334,20.31,1
203.83961486816406,20.45,1
205.2578022480011,19.55,1
206.66963028907776,19.38,1
208.07562828063965,20.79,1
209.49442863464355,20.79,1
210.90729188919067,20.59,1
212.31024742126465,19.52,1
213.73384928703308,19.45,1
215.14689302444458,20.59,1
216.55668115615845,20.79,1
217.9716911315918,20.72,1
219.3776535987854,21.03,1
220.7957742214203,20.86,1
222.20620369911194,20.79,1
223.60660910606384,20.41,1
225.03418850898743,20.69,1
226.44149208068848,20.55,1
227.8583846092224,20.55,1
229.27469420433044,20.59,1
230.6749505996704,19.38,1
232.09842228889465,19.28,1
233.51046323776245,19.24,1
234.91738414764404,20.59,1
236.26755595207214,19.45,1
237.67380809783936,19.38,1
244.9759600162506,-2.31,0
246.29389119148254,-2.41,0
247.66002655029297,-2.45,0
248.97681427001953,-2.41,0
250.2939784526825,-2.52,0
251.61149954795837,-2.48,0
252.928067445755,-2.48,0
254.24263763427734,-2.45,0
258.8546543121338,4.86,1
260.2588336467743,6.62,1
261.67934584617615,10.69,1
263.09294509887695,16.31,1
264.4954421520233,17.38,1
265.91949129104614,20.1,1
267.3325340747833,20.41,1
268.74104595184326,23.1,1
270.14212226867676,23.59,1
271.56015515327454,23.69,1
272.9811065196991,23.24,1
274.39426136016846,23.24,1
275.7918403148651,25.79,1
277.2112708091736,26.14,1
278.63428115844727,24.83,1
280.046932220459,24.69,1
281.4594655036926,24.76,1
282.8708176612854,24.72,1
284.2778494358063,24.45,1
285.69509983062744,24.59,1
287.1086690425873,24.48,1
288.51193857192993,24.62,1
289.9352514743805,24.34,1
291.34798765182495,25.72,1
292.7612552642822,26.14,1
294.16077423095703,26.31,1
295.58542466163635,26.03,1
296.99704146385193,25.9,1
298.4094202518463,25.97,1
299.82255601882935,25.93,1
301.23659801483154,26.0,1
302.643513917923,25.72,1
304.0595495700836,25.9,1
305.47578740119934,25.76,1
306.8771538734436,26.24,1
308.29982590675354,25.93,1
309.71177339553833,25.79,1
311.11135745048523,25.93,1
312.5360584259033,25.97,1
313.94373869895935,24.72,1
315.360253572464,24.66,1
316.7768204212189,26.03,1
318.1776382923126,26.07,1
319.5935242176056,25.97,1
321.0125913619995,26.28,1
322.42671728134155,24.72,1
323.83829402923584,24.59,1
325.24464440345764,24.62,1
326.6602885723114,24.55,1
328.0774886608124,25.79,1
329.4204089641571,25.9,1
330.8324544429779,24.97,1
332.2443504333496,24.59,1
333.6575915813446,24.72,1
335.07066655158997,24.72,1
336.479065656662,26.0,1
337.8967399597168,25.72,1
339.30982780456543,24.41,1
340.72276282310486,24.52,1
342.1348829269409,25.97,1
343.54693365097046,26.03,1
350.855149269104,-2.52,0
352.20520401000977,-2.55,0
353.51140570640564,-2.66,0
354.83391785621643,-2.59,0
356.1459505558014,-2.66,0
357.4524836540222,-2.62,0
358.76358008384705,-2.69,0
360.076003074646,-2.59,0
364.6971971988678,4.72,1
366.1206181049347,7.83,1
367.5326774120331,13.07,1
368.9466645717621,18.97,1
370.34888911247253,22.34,1
371.69493556022644,25.69,1
373.114609003067,26.1,1
374.45953726768494,26.31,1
375.8719434738159,28.93,1
377.28498697280884,29.1,1
378.69806432724,28.86,1
380.1102635860443,28.93,1
381.52263259887695,28.9,1
382.933785200119,28.9,1
384.3456680774689,28.72,1
385.75925374031067,31.34,1
387.1723027229309,31.31,1
388.58501505851746,31.24,1
389.99849009513855,31.34,1
391.4120075702667,31.07,1
392.8250901699066,31.07,1
394.2365243434906,30.9,1
395.6454200744629,30.9,1
397.05983662605286,30.93,1
398.4638466835022,31.03,1
399.88331484794617,29.9,1
401.29885053634644,29.76,1
402.71251487731934,30.69,1
404.12742829322815,29.76,1
405.5388743877411,30.93,1
406.9467146396637,29.66,1
408.36336636543274,29.69,1
409.76371335983276,29.76,1
411.18804478645325,29.72,1
412.6010820865631,29.59,1
414.01395201683044,30.79,1
415.4271812438965,30.93,1
416.84132719039917,31.03,1
418.2456545829773,30.86,1
419.66507029533386,30.97,1
421.0661792755127,30.86,1
422.48321413993835,29.76,1
423.9005467891693,29.59,1
425.31532859802246,29.45,1
426.7216489315033,29.52,1
428.1425828933716,30.72,1
429.549400806427,30.66,1
430.96767473220825,29.72,1
432.38037395477295,29.55,1
433.783974647522,29.45,1
435.20373463630676,30.66,1
436.6155710220337,30.66,1
438.0190351009369,30.69,1
439.4420340061188,29.45,1
440.8481171131134,30.59,1
442.2646338939667,30.76,1
443.6825134754181,30.69,1
445.01653146743774,30.9,1
446.4391596317291,30.86,1
447.84822726249695,30.79,1
455.14828634262085,-2.48,0
456.50105023384094,-2.45,0
457.81691098213196,-2.55,0
459.1394808292389,-2.41,0
460.44758129119873,-2.55,0
461.7641906738281,-2.55,0
463.0736620426178,-2.59,0
464.3840970993042,-2.59,0
468.9798457622528,25.59,1
470.39263367652893,239.93,1
471.80025362968445,321.34,1
473.20228123664856,341.83,1
474.6260311603546,346.1,1
476.0354974269867,345.48,1
477.4483320713043,337.31,1
478.84951853752136,335.48,1
480.27323842048645,334.97,1
481.6854259967804,-120.14,1
483.0982835292816,-4.69,1
484.5102617740631,-2.62,1
485.9233932495117,-2.28,1
487.33543252944946,-2.1,1
488.7482454776764,-2.0,1
490.1596312522888,-2.07,1
491.56814193725586,-1.93,1
492.98526310920715,-1.93,1
494.38496565818787,-1.93,1
495.80334877967834,-1.86,1
497.21602392196655,-1.86,1
498.6377999782562,-1.86,1
500.0506205558777,-1.9,1
501.46190333366394,-1.86,1
502.866947889328,-1.9,1
504.28635334968567,-1.86,1
505.7002022266388,-1.9,1
507.1026408672333,-5.93,1
508.5260856151581,289.0,1
509.86725544929504,307.24,1
511.2816734313965,329.14,1
512.6922450065613,341.1,1
514.1042857170105,342.45,1
515.5171248912811,341.48,1
516.9183580875397,340.0,1
518.340588092804,339.52,1
519.7496602535248,328.62,1
521.1505835056305,321.86,1
522.5755438804626,303.66,1
523.9854950904846,302.62,1
525.3971943855286,-35.93,1
526.8026525974274,-0.93,1
528.2203311920166,-3.41,1
529.618168592453,-2.38,1
531.0448176860809,-0.86,1
532.4579107761383,-2.59,1
533.8707761764526,-2.24,1
535.2844097614288,-2.03,1
536.6960017681122,-2.07,1
538.1026713848114,-1.93,1
539.4505801200867,-2.0,1
540.8669180870056,-1.86,1
542.2677743434906,-1.9,1
543.6875822544098,-1.86,1
545.1052513122559,-1.86,1
546.5174922943115,-1.83,1
547.930341720581,-1.79,1
549.3423793315887,-1.86,1
550.751612663269,-1.86,1
552.168475151062,-1.93,1
553.567625284195,-1.93,1
554.9947409629822,-1.86,1
556.4077248573303,-1.79,1
557.8200933933258,-1.86,1
559.227591753006,-1.83,1
560.6447613239288,-1.93,1
562.0521218776703,-1.83,1
563.4681873321533,-1.86,1
564.8701815605164,-1.86,1
566.287086725235,-1.86,1
567.7042081356049,-1.86,1
569.1204519271851,-1.83,1
570.5355439186096,-1.79,1
571.8790941238403,-1.79,1
573.287474155426,-1.76,1
574.7033905982971,-1.83,1
576.1189706325531,-1.72,1
577.531991481781,-1.86,1
578.944322347641,-1.9,1
580.3524191379547,-1.83,1
581.768180847168,-1.83,1
583.1691782474518,-1.83,1
584.5934934616089,-1.9,1
586.0065295696259,-1.83,1
587.4197945594788,-1.79,1
588.8197176456451,-1.86,1
590.2466609477997,-1.79,1
591.6534857749939,-1.76,1
593.0709898471832,-1.83,1
594.483053445816,-1.76,1
595.8886408805847,-1.76,1
597.3020467758179,-1.86,1
598.7215807437897,-1.76,1
600.133989572525,-1.76,1
601.5480325222015,-1.79,1
602.9610788822174,-1.79,1
604.3712775707245,-1.86,1
605.7859675884247,-2.1,1
607.1972143650055,-1.83,1
608.6092472076416,5.41,1
610.0202569961548,5.34,1
611.4360802173615,-3.0,1
612.8482210636139,-2.76,1
614.2538034915924,-2.48,1
615.6720685958862,-2.38,1
617.0882647037506,-2.24,1
618.4890477657318,-2.31,1
619.9052112102509,-2.34,1
621.3221945762634,-2.07,1
622.7361690998077,-2.03,1
624.1495261192322,-2.1,1
625.5535979270935,-2.03,1
626.9767441749573,-2.1,1
628.389169216156,-2.03,1
629.7886049747467,-2.07,1
631.2138884067535,-2.03,1
632.6228098869324,-2.0,1
634.0374186038971,-2.03,1
635.4511015415192,-2.03,1
636.8546030521393,-1.97,1
638.2081880569458,-1.9,1
639.6200304031372,-1.93,1
640.9538469314575,-2.14,1
642.3058035373688,-2.07,1
643.7191195487976,-1.9,1
645.132364988327,-1.9,1
646.4701037406921,-1.9,1
647.8904688358307,-1.97,1
649.2901995182037,-1.93,1
650.7136781215668,-1.9,1
652.1209030151367,-2.0,1
653.5389378070831,-2.0,1
654.8727707862854,-1.97,1
656.2966768741608,-1.86,1
657.708811044693,-1.9,1
659.1202418804169,-1.9,1
660.5328817367554,-1.86,1
661.871505022049,-1.9,1
663.2900819778442,-1.79,1
664.7041907310486,-1.83,1
666.1150753498077,-1.86,1
667.4569938182831,-1.86,1
668.8737277984619,-1.79,1
670.2863612174988,-1.79,1
671.699465751648,-1.86,1
673.1076414585114,-1.79,1
674.5233290195465,-1.79,1
675.9248576164246,-1.86,1
677.3474094867706,-1.9,1
678.7554273605347,-1.83,1
680.1752109527588,-1.86,1
681.5071127414703,-1.83,1
682.8578324317932,-1.83,1
684.2724621295929,-1.86,1
685.6892824172974,-1.83,1
687.1017262935638,-1.83,1
688.5081779956818,-1.83,1
689.855391740799,-1.86,1
691.2725069522858,-1.86,1
692.6735837459564,-1.76,1
694.0979418754578,-1.9,1
695.5082809925079,-1.86,1
696.9215092658997,-1.79,1
698.3340730667114,-1.9,1
699.7461290359497,-1.93,1
701.1591460704803,-1.9,1
702.5722405910492,-1.93,1
703.972907781601,-1.86,1
