1.1136045455932617,5.28
2.316636323928833,5.21
3.563917875289917,5.24
4.766851902008057,5.21
9.347631454467773,47.69
10.691370010375977,169.9
12.103509426116943,268.07
13.510889530181885,360.28
14.91386890411377,443.62
16.325729608535767,514.76
17.680968523025513,578.93
19.02533793449402,636.24
20.35698413848877,686.28
21.71111035346985,734.45
23.110647916793823,780.34
24.53524899482727,823.0
25.9336941242218,859.48
27.354389905929565,895.62
28.757035970687866,925.34
30.176629781723022,954.34
31.593556880950928,979.93
32.99273228645325,1002.48
34.404723167419434,1023.45
35.75048637390137,1039.59
37.09368085861206,1052.79
38.499290466308594,1066.66
39.91484022140503,1077.31
41.26643466949463,1082.41
42.66409707069397,1087.45
44.023062229156494,1091.48
45.42885899543762,1093.86
46.845219135284424,1095.1
48.25925922393799,1096.38
49.59594798088074,1097.66
51.002405881881714,1097.72
52.347782373428345,1098.17
53.75427603721619,1099.1
55.18150591850281,1099.34
56.5871307849884,1099.1
58.00073742866516,1099.62
59.41511845588684,1099.62
60.816725969314575,1099.83
62.23303198814392,1099.86
63.6445746421814,1099.9
65.04928207397461,1100.0
66.4009907245636,1099.93
67.73414468765259,1099.93
69.0856065750122,1099.9
70.49591016769409,1099.9
71.83400535583496,1100.0
73.2485511302948,1099.93
74.58741307258606,1100.0
75.99746489524841,1100.0
77.34924793243408,1100.0
78.753182888031,1100.0
80.17051768302917,1100.0
81.58362150192261,1100.0
82.98753356933594,1100.0
84.40628981590271,1100.0
85.81174802780151,1100.0
87.22141027450562,1100.0
88.62354898452759,1100.0
90.04697871208191,1100.0
91.44814610481262,1100.0
