1.1093239784240723,-1.1
2.359640598297119,-1.07
3.5697669982910156,-1.03
4.778591871261597,-1.07
5.9899890422821045,-1.1
7.2017059326171875,-1.03
8.390738010406494,-1.07
9.598031282424927,-1.1
10.810150146484375,-1.07
12.068349123001099,-1.1
13.282808780670166,-1.1
14.489803314208984,-1.17
15.714262247085571,-1.07
20.305875778198242,79.72
21.722999572753906,75.07
23.137017250061035,65.55
24.549689054489136,61.45
25.948516845703125,59.9
27.366848945617676,59.41
28.772934198379517,58.69
30.19150185585022,58.72
31.604703426361084,58.45
33.01669239997864,58.66
34.421114683151245,58.62
35.83822274208069,58.62
37.1797239780426,58.66
38.525583028793335,57.86
39.933961629867554,52.07
47.23761510848999,-1.9
48.55526065826416,-1.9
49.852397441864014,-1.79
51.178757429122925,-1.69
52.51528573036194,-1.21
53.83635330200195,-1.14
55.140132665634155,-1.14
56.46256923675537,-1.17
61.05667304992676,81.31
62.467578172683716,74.83
63.80939722061157,65.62
65.15360498428345,61.03
66.56399416923523,59.45
67.97327589988708,58.66
69.32191681861877,58.69
70.73391199111938,58.41
72.0841875076294,58.52
73.42595648765564,58.45
74.77002215385437,57.93
76.10815834999084,57.24
77.44876527786255,57.24
78.86574578285217,57.28
80.19689416885376,57.07
81.6167733669281,57.17
88.92287826538086,-1.24
90.24327754974365,-1.21
91.54648017883301,-1.17
92.86000800132751,-1.17
94.17026400566101,-1.03
95.50345826148987,-1.07
96.80964756011963,-1.03
98.11532592773438,-1.1
102.70203804969788,82.0
104.04685997962952,75.03
105.39549231529236,65.86
106.80415177345276,60.97
108.14016389846802,58.97
109.55456709861755,58.69
110.97181010246277,58.34
112.38845491409302,58.34
113.79461312294006,58.55
115.20261240005493,58.14
116.62727642059326,58.07
118.03050422668457,57.93
119.44966745376587,58.0
120.86101222038269,58.03
122.27026844024658,58.1
123.67750954627991,57.76
130.9933397769928,-1.34
132.29777765274048,-1.31
133.59955382347107,-1.28
134.90445017814636,-1.34
136.25832414627075,-1.28
137.56126523017883,-1.21
138.85626316070557,-1.24
140.1729793548584,-1.24
144.7614827156067,82.69
146.17226123809814,75.24
147.5873725414276,65.69
148.9890820980072,57.83
150.41392731666565,56.1
151.82334780693054,55.45
153.24095821380615,55.14
154.65277576446533,54.83
156.060485124588,54.93
157.4751284122467,54.59
158.88058304786682,56.28
160.29658484458923,57.1
161.69987678527832,57.83
163.05275630950928,57.97
164.38957691192627,58.1
165.73763227462769,58.0
173.04981064796448,-1.48
174.35581493377686,-1.41
175.66057467460632,-1.34
176.96391701698303,-1.45
178.2880675792694,-1.34
179.59591007232666,-1.31
180.8829321861267,-1.41
182.18873858451843,-1.34
186.75067257881165,83.28
188.10016179084778,75.24
189.439923286438,66.24
190.7962236404419,61.69
192.13238215446472,59.62
193.54975390434265,55.28
194.89800190925598,54.93
196.31086254119873,54.55
197.64494919776917,54.79
198.9914267063141,54.69
200.3330545425415,54.76
201.741929769516,54.9
203.0912663936615,54.79
204.5074164867401,54.9
205.8511025905609,55.07
207.25470685958862,54.83
214.55830073356628,-2.0
215.87885642051697,-1.28
217.16014981269836,-1.14
218.46908903121948,-1.1
219.807448387146,-1.17
221.12638568878174,-1.1
222.43646788597107,-1.03
223.7580714225769,-1.0
228.32920789718628,81.41
229.73797035217285,74.72
231.0865924358368,65.86
232.5014202594757,61.28
233.8471953868866,59.34
235.18645191192627,58.76
236.5321478843689,58.41
237.88173127174377,58.38
239.21815490722656,58.21
240.6243176460266,58.45
242.04440569877625,57.76
243.45162177085876,58.07
244.86932063102722,57.97
246.27691054344177,58.1
247.6935133934021,58.34
249.09371733665466,58.14
250.43830347061157,58.45
251.84596300125122,58.34
253.26520347595215,55.03
254.68070340156555,55.14
256.0825424194336,54.62
257.4342670440674,54.55
258.8345422744751,54.66
260.1817433834076,54.93
261.5320632457733,57.24
262.93952202796936,57.28
264.34914898872375,57.24
265.7599182128906,57.28
267.16988348960876,57.24
268.585702419281,57.21
269.9884078502655,57.34
277.31442499160767,-1.31
278.6102645397186,-1.21
279.9310052394867,-1.14
281.26206159591675,-1.1
282.5747537612915,-1.14
283.8824620246887,-1.07
285.1973280906677,-1.07
286.49544405937195,-1.1
291.0773160457611,82.62
292.50119066238403,75.0
293.9130823612213,65.62
295.31893396377563,61.66
296.7313940525055,59.34
298.15331411361694,58.69
299.56423234939575,58.52
300.96461820602417,58.21
302.3903498649597,58.41
303.79653906822205,58.45
305.2021131515503,57.97
306.62392354011536,58.1
308.0247747898102,58.24
309.44048976898193,58.03
310.8623745441437,58.21
312.26418805122375,58.14
313.6774573326111,58.45
315.0844740867615,58.24
316.5001413822174,58.21
317.90687108039856,58.17
319.2601819038391,58.0
320.59591007232666,58.0
321.9478974342346,58.31
323.28891372680664,58.03
324.629109621048,58.07
325.96800088882446,58.24
327.37630701065063,58.45
328.7256920337677,58.48
330.0724205970764,57.93
331.41567873954773,58.1
338.7193794250488,-1.59
340.02271151542664,-1.55
341.3204963207245,-1.66
342.6272175312042,-1.52
343.9301438331604,-1.48
345.2626359462738,-1.45
346.5651376247406,-1.48
347.8709626197815,-1.55
352.4631154537201,81.9
353.79786705970764,75.62
355.1521108150482,66.83
356.4903085231781,62.14
357.8432869911194,59.9
359.17435669898987,59.41
360.5940315723419,58.66
361.933474779129,55.28
363.28008818626404,55.24
364.6182816028595,55.1
365.97447967529297,54.59
367.3173415660858,54.59
368.6613783836365,54.93
369.9996883869171,54.9
371.33979892730713,54.79
372.7597556114197,57.28
374.09655714035034,57.1
375.43530106544495,57.31
376.7829957008362,57.24
378.1206681728363,57.45
379.46158146858215,57.41
380.81128692626953,57.93
382.2253112792969,57.69
383.56590700149536,58.0
384.96822214126587,57.97
386.3250570297241,58.21
387.65866923332214,58.0
389.0132281780243,58.41
390.350191116333,58.24
391.6926739215851,58.17
393.0281116962433,58.31
394.4368190765381,57.66
401.75278306007385,-1.21
403.05282330513,-1.17
404.3590497970581,-1.24
405.657701253891,-1.1
406.971209526062,-1.1
408.28417325019836,-1.0
409.5794084072113,-1.07
410.8966312408447,-1.03
412.13751673698425,-1.1
413.34346771240234,-1.07
414.5443260669708,-1.14
415.75837564468384,-1.07
416.9545090198517,-1.0
418.1494550704956,-1.07
419.3582110404968,-1.1
420.55659770965576,-1.07
421.79397320747375,-0.97
423.0117084980011,-1.1
424.22016048431396,-1.07
425.4090895652771,-1.1
426.60664558410645,-1.07
427.8197944164276,-1.07
429.02792596817017,-1.03
430.2352874279022,-1.03
