1.1066486835479736,-1.69,0
2.357468843460083,-1.76,0
3.5642731189727783,-1.72,0
4.762487173080444,-1.76,0
9.334226369857788,575.79,1
10.745548963546753,690.45,1
12.157544612884521,467.83,1
13.557409286499023,292.17,1
14.97498869895935,178.38,1
22.339303016662598,-2.69,0
23.647763967514038,-2.59,0
24.937866687774658,-2.31,0
26.26205062866211,-2.24,0
27.568645238876343,-2.21,0
28.876601934432983,-2.17,0
30.20168423652649,-2.1,0
31.555258750915527,-2.03,0
32.869303941726685,-2.03,0
34.177802324295044,-1.9,0
35.47081208229065,-1.9,0
36.7948203086853,-1.93,0
38.09686279296875,-1.83,0
39.41347336769104,-1.93,0
40.72058892250061,-1.9,0
42.05932903289795,-2.03,0
46.64030313491821,578.83,1
48.06034874916077,703.66,1
49.47274303436279,488.48,1
50.88489651679993,313.24,1
52.22646737098694,210.55,1
53.627944231033325,140.0,1
54.96772837638855,101.21,1
56.39307999610901,79.97,1
57.80447602272034,69.79,1
59.214014768600464,63.69,1
60.61974501609802,62.28,1
67.93989515304565,-2.38,0
69.24736404418945,-2.45,0
70.54672622680664,-2.41,0
71.8862931728363,-2.38,0
73.19540357589722,-2.38,0
74.48889136314392,-2.41,0
75.81297445297241,-2.45,0
77.12060880661011,-2.38,0
81.71537232398987,568.69,1
83.12317705154419,725.07,1
84.46957612037659,559.34,1
85.88460779190063,375.1,1
87.29017305374146,251.03,1
88.70403814315796,179.66,1
90.04309034347534,143.17,1
91.45930218696594,120.1,1
92.85875988006592,109.07,1
94.27462720870972,104.55,1
95.694415807724,100.52,1
