1.0975291728973389,-1.76,0
2.3356029987335205,-1.79,0
3.5396053791046143,-1.83,0
4.742060899734497,-1.9,0
9.329535961151123,8.14,1
10.672521591186523,12.69,1
12.0847806930542,18.38,1
13.486626625061035,22.59,1
14.905753135681152,28.97,1
16.30991768836975,32.0,1
17.72376012802124,34.14,1
19.074306964874268,36.07,1
20.487690210342407,37.0,1
21.83117413520813,37.69,1
23.243669986724854,38.1,1
24.584717988967896,37.76,1
25.988985538482666,37.72,1
27.406672477722168,39.17,1
28.808629274368286,39.48,1
30.223743677139282,40.34,1
31.642107486724854,39.62,1
32.9777934551239,39.93,1
34.32782292366028,40.0,1
35.74216914176941,39.28,1
37.07360768318176,39.34,1
38.49266266822815,39.14,1
39.89315676689148,39.86,1
41.23943257331848,39.28,1
42.59334897994995,39.38,1
43.926071643829346,39.21,1
45.33767890930176,38.55,1
46.691232681274414,39.83,1
48.09334325790405,38.83,1
49.44505715370178,39.72,1
50.8507719039917,38.48,1
52.26804852485657,40.0,1
53.60322952270508,39.55,1
55.02469611167908,39.9,1
56.36678218841553,39.69,1
57.71038603782654,39.76,1
59.12223553657532,39.76,1
60.535722732543945,39.17,1
61.93881106376648,39.17,1
63.277180671691895,38.86,1
64.70076298713684,39.24,1
66.04193592071533,38.93,1
67.45291495323181,39.03,1
68.86086773872375,39.66,1
70.27208495140076,38.41,1
71.6123354434967,38.17,1
73.02888131141663,39.59,1
74.36835980415344,38.76,1
75.78604412078857,39.69,1
82.35036993026733,1.55,0
83.65954661369324,4.07,0
84.95442175865173,3.66,0
86.30273079872131,3.17,0
87.60519313812256,2.03,0
88.91239619255066,0.72,0
90.21753001213074,1.14,0
91.52181816101074,2.34,0
92.81219148635864,3.62,0
94.12102127075195,3.24,0
95.42306113243103,3.34,0
96.76139640808105,1.45,0
98.07349562644958,1.59,0
99.39704394340515,3.83,0
100.68376088142395,3.38,0
102.0065541267395,3.28,0
106.5754120349884,323.07,1
107.99053359031677,419.86,1
109.32961845397949,431.41,1
110.74836301803589,380.34,1
112.16096448898315,279.45,1
113.57935810089111,207.83,1
120.17355251312256,33.31,0
121.48421335220337,4.14,0
122.80754518508911,-0.07,0
