1.1086156368255615,-1.79,0
2.350512981414795,-1.72,0
3.5587754249572754,-1.76,0
4.760369539260864,-1.79,0
9.341712236404419,6.45,1
10.67361569404602,2.0,1
12.09495997428894,1.52,1
13.496671199798584,1.21,1
14.914624214172363,0.97,1
16.32685923576355,0.97,1
17.67786979675293,0.9,1
19.007938385009766,0.97,1
20.358474731445312,0.86,1
21.69693922996521,0.93,1
23.041301488876343,0.69,1
24.392897367477417,0.79,1
25.802330493927002,0.69,1
27.22249746322632,0.69,1
28.557994604110718,0.83,1
29.9786217212677,3.76,1
31.38820767402649,5.31,1
32.72827982902527,5.55,1
34.08070421218872,5.79,1
35.4235200881958,5.83,1
36.76510739326477,5.69,1
38.10226035118103,5.76,1
39.52698469161987,5.55,1
40.870490074157715,4.34,1
42.272101640701294,5.21,1
43.62784290313721,3.28,1
44.970173835754395,4.83,1
46.37261080741882,3.38,1
47.72768592834473,4.86,1
49.13332748413086,3.66,1
50.542192697525024,3.17,1
51.96136665344238,4.69,1
53.383827686309814,4.97,1
54.72377014160156,5.03,1
56.0640082359314,4.93,1
57.48431134223938,4.93,1
58.89339900016785,4.79,1
60.303120851516724,4.66,1
61.70998764038086,4.69,1
63.06557631492615,4.62,1
64.46814727783203,4.52,1
65.8213586807251,4.62,1
67.22980809211731,4.41,1
68.63861989974976,4.31,1
69.98341798782349,4.45,1
71.40001177787781,4.41,1
72.74086689949036,4.28,1
74.07739186286926,4.28,1
75.42459297180176,4.07,1
76.77962470054626,4.17,1
78.11025762557983,4.66,1
79.46875429153442,4.52,1
80.87062883377075,5.17,1
82.28731751441956,5.14,1
83.69146370887756,5.28,1
85.04738712310791,5.1,1
86.39491271972656,5.03,1
87.80198359489441,5.03,1
89.20632243156433,1.66,1
90.62708258628845,4.31,1
91.96677780151367,5.03,1
93.38461828231812,5.45,1
94.803049325943,5.41,1
96.13494992256165,5.24,1
97.54611301422119,5.21,1
98.97054076194763,5.24,1
100.37283062934875,5.1,1
101.7913146018982,5.1,1
103.13469123840332,5.1,1
104.5510025024414,4.93,1
105.95190238952637,4.97,1
107.30535626411438,4.93,1
108.71330714225769,5.0,1
110.13778567314148,4.83,1
111.54971218109131,4.66,1
112.94884037971497,4.76,1
114.37054204940796,4.66,1
115.78462886810303,4.59,1
123.09994220733643,-0.34,0
124.41438436508179,-0.31,0
125.72139120101929,-0.38,0
127.04257822036743,-0.41,0
128.36442875862122,-0.41,0
129.6754949092865,-0.41,0
131.02126240730286,-0.48,0
132.32790732383728,-0.41,0
136.92452764511108,1.69,1
138.32682538032532,0.21,1
139.74233889579773,-0.21,1
141.1647243499756,-0.48,1
142.57560086250305,-0.55,1
143.98108434677124,-0.34,1
145.39800763130188,1.83,1
146.8036503791809,3.14,1
148.21296286582947,4.41,1
149.63181400299072,5.48,1
151.05508995056152,5.72,1
152.45572066307068,6.41,1
153.87524724006653,6.45,1
155.29034423828125,6.45,1
156.62609553337097,7.28,1
157.97842741012573,7.31,1
159.37907791137695,7.34,1
160.7349615097046,8.03,1
162.0652985572815,8.1,1
163.41975283622742,8.24,1
164.7584207057953,8.07,1
166.17458605766296,7.97,1
167.58033180236816,9.1,1
168.93501591682434,9.1,1
170.26744103431702,9.14,1
171.6126253604889,9.07,1
172.96754503250122,9.0,1
174.3099389076233,8.93,1
175.65310955047607,8.93,1
177.06768131256104,8.86,1
178.4824469089508,8.9,1
179.8252146244049,9.28,1
181.1671531200409,9.34,1
182.50882387161255,9.31,1
183.92116355895996,9.17,1
185.27178597450256,9.14,1
186.60401964187622,9.03,1
187.9584584236145,8.86,1
189.36358642578125,8.76,1
190.71501851081848,8.72,1
192.04644179344177,8.69,1
193.4646179676056,9.52,1
194.88112020492554,9.62,1
196.23176503181458,9.48,1
197.63653898239136,9.38,1
199.04760599136353,9.31,1
200.4566135406494,9.24,1
201.8113842010498,9.24,1
203.15233278274536,9.24,1
204.55895042419434,9.07,1
205.97068667411804,9.17,1
207.3906180858612,8.93,1
208.79778742790222,8.93,1
210.2147822380066,9.31,1
211.63321924209595,9.41,1
212.9713110923767,9.17,1
214.3891532421112,9.14,1
215.80129480361938,9.14,1
217.20591044425964,9.0,1
218.54540634155273,9.03,1
219.96760892868042,8.97,1
221.30677485466003,8.79,1
222.64470624923706,9.69,1
224.064129114151,9.62,1
225.47024369239807,9.48,1
226.88672471046448,9.21,1
228.30725741386414,9.03,1
229.71863198280334,8.9,1
231.12448453903198,8.93,1
232.54051327705383,8.72,1
233.95736646652222,8.62,1
235.3002791404724,9.45,1
236.64511942863464,9.31,1
237.99072670936584,9.31,1
239.407723903656,9.07,1
240.8102629184723,9.0,1
242.22927284240723,9.14,1
243.57179927825928,8.97,1
244.98542833328247,8.83,1
246.4037127494812,9.55,1
247.74231266975403,9.55,1
249.15148401260376,9.55,1
250.57075881958008,9.41,1
251.97768378257751,9.28,1
253.3842625617981,9.34,1
254.72688007354736,9.28,1
256.1426227092743,9.1,1
257.48447132110596,9.14,1
258.91048312187195,9.1,1
260.3134765625,9.52,1
261.73401045799255,9.41,1
263.14942598342896,9.34,1
264.5488154888153,9.24,1
265.96109080314636,9.21,1
267.3169586658478,9.03,1
268.7220547199249,9.07,1
270.14139103889465,8.93,1
271.55485129356384,8.86,1
272.88685154914856,9.66,1
274.31172585487366,9.52,1
275.72560930252075,9.55,1
277.1340956687927,9.38,1
278.5397307872772,9.24,1
279.96284890174866,9.38,1
281.3678255081177,1.9,1
282.72166872024536,9.9,1
284.1239697933197,28.9,1
291.4361524581909,0.48,0
292.74456572532654,0.31,0
294.06823205947876,0.28,0
295.3840334415436,-2.76,0
296.70049357414246,-2.17,0
298.0276379585266,-1.52,0
299.3362159729004,-3.34,0
300.68620347976685,-2.1,0
305.29141306877136,6.0,1
306.6967260837555,-0.34,1
308.1201500892639,-5.48,1
309.5227448940277,-1.31,1
310.9458203315735,9.17,1
312.3572118282318,11.48,1
313.7705030441284,11.69,1
315.1735107898712,13.1,1
316.5963637828827,12.66,1
318.0046446323395,10.86,1
319.42258977890015,12.66,1
320.76032519340515,13.24,1
322.1782100200653,13.28,1
323.5178265571594,-91.9,1
324.935528755188,-57.83,1
326.27673864364624,-79.55,1
327.61635065078735,-5.79,1
329.02272868156433,0.0,1
330.3777365684509,3.07,1
331.72484040260315,1.07,1
333.13242745399475,-0.69,1
334.48106241226196,-0.69,1
335.89202070236206,-0.79,1
337.30475211143494,-0.76,1
338.70795917510986,-0.76,1
340.1306622028351,-0.41,1
341.5424180030823,-0.14,1
342.9420771598816,0.45,1
344.36073780059814,1.0,1
345.7739942073822,1.59,1
347.19191217422485,1.83,1
348.52804493904114,2.1,1
349.8737201690674,3.45,1
351.28291749954224,1.66,1
352.71071434020996,1.17,1
354.0416965484619,1.17,1
355.4677805900574,1.72,1
356.874489068985,1.66,1
358.29321479797363,347.07,1
359.6250627040863,62.93,1
360.98058462142944,61.55,1
362.31454491615295,60.62,1
363.6646490097046,58.03,1
365.0015404224396,56.34,1
366.35785603523254,54.86,1
367.69841837882996,52.86,1
369.10149693489075,51.03,1
370.44957423210144,49.52,1
371.8029191493988,48.14,1
373.14604330062866,46.03,1
374.4819197654724,44.76,1
375.82013726234436,43.9,1
377.17597365379333,42.83,1
378.5204122066498,41.9,1
379.86039423942566,40.52,1
381.2663803100586,39.38,1
382.6149060726166,37.52,1
383.9636859893799,37.59,1
385.38019347190857,37.1,1
386.72037053108215,35.97,1
388.06799387931824,35.34,1
389.4101119041443,34.93,1
390.74606823921204,33.93,1
392.1609797477722,33.28,1
393.50012707710266,32.31,1
394.85659551620483,31.69,1
396.20170974731445,31.52,1
397.5415573120117,27.93,1
398.8799285888672,29.34,1
400.21990275382996,28.93,1
401.5740728378296,28.55,1
402.91003251075745,28.17,1
404.32842206954956,27.34,1
411.6550393104553,-1.72,0
412.9651846885681,-1.69,0
