1.0992424488067627,7.21
2.3235831260681152,7.1
3.529606819152832,7.1
4.7352728843688965,7.07
9.338343858718872,0.93
10.740614175796509,0.9
12.16184687614441,0.79
13.576352834701538,0.62
14.979355573654175,0.69
16.40557050704956,0.66
17.73909282684326,0.69
19.157789945602417,2.59
20.56626534461975,11.34
21.98166251182556,14.41
23.387733459472656,17.76
24.81228017807007,17.9
26.15505886077881,19.69
27.56760883331299,19.93
28.966288805007935,21.24
30.38746690750122,22.03
31.79701018333435,22.62
33.209192752838135,23.34
34.56041598320007,23.0
35.8978111743927,23.45
37.237226247787476,24.59
38.59529161453247,25.59
39.99964094161987,25.31
41.42133188247681,25.83
42.821908473968506,25.41
44.179136753082275,25.41
45.591445446014404,25.48
46.999029874801636,25.9
48.33432102203369,25.9
49.75662064552307,27.0
51.17355751991272,26.66
52.58508086204529,27.21
53.99960470199585,27.1
55.39806532859802,27.93
56.81296372413635,28.59
58.23544716835022,28.03
59.64658784866333,28.48
61.06175494194031,28.28
62.46505546569824,28.1
63.88756322860718,28.07
65.29427194595337,28.48
66.70597314834595,28.34
68.0513002872467,27.97
69.396892786026,28.66
70.73082876205444,29.48
72.0767650604248,29.1
73.48836708068848,28.76
74.9136860370636,29.14
76.26101899147034,28.76
77.6619713306427,29.0
79.01709127426147,28.62
80.3581485748291,29.14
81.77100992202759,28.66
83.18085813522339,30.0
84.59338927268982,29.62
86.01176166534424,30.48
87.42460703849792,30.03
88.8242597579956,29.66
90.24578166007996,29.9
91.66172122955322,29.62
93.00203037261963,30.14
94.41283583641052,29.9
95.81877708435059,29.45
97.23054218292236,30.34
98.6497654914856,30.0
100.0674958229065,29.69
101.47628951072693,29.93
102.81642866134644,29.59
104.23520874977112,29.9
105.64043927192688,29.38
107.05516719818115,30.1
108.47167658805847,29.62
109.87599039077759,29.83
111.28314924240112,29.62
112.70818305015564,29.97
114.12380242347717,29.83
115.53559708595276,29.69
116.94014763832092,29.59
118.35616278648376,30.07
119.77391719818115,29.86
121.18066811561584,29.83
122.59005951881409,30.1
124.00495219230652,29.9
125.42552781105042,29.93
126.83806109428406,29.9
128.23865246772766,29.86
129.66384148597717,29.97
131.07185292243958,29.76
132.48513221740723,29.9
133.90082550048828,29.97
135.29950833320618,30.0
136.71534776687622,29.86
138.1279172897339,29.9
139.55229663848877,29.86
140.9521288871765,29.83
142.3784327507019,29.79
143.7903802394867,29.62
145.20241141319275,29.79
146.607439994812,29.86
148.02747702598572,29.86
149.42640447616577,29.72
150.8457546234131,29.86
152.26321530342102,29.86
153.67817568778992,29.66
155.08783435821533,29.55
156.50268840789795,29.55
157.91257977485657,29.76
159.3269112110138,29.66
160.73065519332886,29.52
162.1516568660736,29.93
163.48455667495728,29.62
164.83449292182922,29.76
166.18651294708252,29.86
167.5189287662506,30.83
168.8696527481079,30.41
170.2834484577179,29.86
171.68649697303772,30.48
173.03060150146484,29.97
174.3707935810089,29.93
175.72292470932007,30.76
177.14105033874512,30.76
178.55408692359924,30.28
179.96710062026978,29.93
181.36828017234802,29.69
182.7799050807953,29.55
184.19109344482422,30.69
185.53883481025696,30.21
186.96026349067688,29.72
188.36063241958618,29.62
189.7837724685669,29.52
191.1969015598297,29.55
192.60835313796997,29.69
194.017094373703,29.72
195.43275427818298,29.83
196.76811695098877,30.76
198.12215995788574,30.45
199.52715396881104,29.86
200.9424183368683,30.31
202.28295135498047,29.83
203.70503902435303,30.31
205.11549544334412,29.72
206.44888997077942,30.17
207.80283331871033,29.72
209.20678162574768,30.1
210.55499696731567,29.79
211.96609616279602,29.28
213.3724443912506,29.59
214.78492212295532,29.72
216.20497393608093,30.62
217.6139154434204,30.1
219.03703904151917,30.34
220.44171333312988,30.21
221.85715913772583,29.72
223.26603746414185,30.48
224.61701273918152,30.14
226.0279836654663,29.55
227.43506956100464,29.28
228.85598826408386,29.55
230.19120359420776,29.69
237.52386474609375,-0.14
238.8313889503479,-0.21
240.13718962669373,-0.14
241.45773482322693,-0.17
242.8066749572754,-0.21
244.11375737190247,-0.17
245.44462370872498,-0.1
246.76178216934204,-0.31
251.36614847183228,59.38
252.78032565116882,88.21
254.11230373382568,94.55
255.46745920181274,95.86
256.87650442123413,96.45
258.2207553386688,96.52
259.6286096572876,96.66
260.9766962528229,96.31
262.38713240623474,96.28
263.7286624908447,96.38
265.1425759792328,95.41
266.5543236732483,92.72
267.96395230293274,87.86
269.29744029045105,83.1
270.70849895477295,77.76
272.1179623603821,72.66
273.53109860420227,67.83
274.9440155029297,63.24
276.3606367111206,58.9
277.76329374313354,54.69
279.1794753074646,51.41
280.5996148586273,48.21
281.996865272522,45.24
283.4133641719818,42.86
284.82700777053833,39.9
286.23847675323486,38.0
287.657851934433,35.69
289.07129549980164,33.59
290.47001576423645,32.03
291.88547110557556,30.24
293.2971978187561,28.97
294.7062940597534,27.45
296.12579798698425,26.62
297.53462958335876,25.14
298.942670583725,23.93
300.3659598827362,23.03
301.77754187583923,22.17
303.18145728111267,20.62
304.60375714302063,20.24
306.00393056869507,13.07
307.4268093109131,8.52
308.8294222354889,11.28
310.2491774559021,9.38
311.66572308540344,7.17
313.0782992839813,8.07
314.48004055023193,7.72
315.89188170433044,11.07
317.31781458854675,10.59
318.7298650741577,9.07
320.14189171791077,8.38
321.53957414627075,7.76
322.9591908454895,8.0
324.3657147884369,7.83
325.70960235595703,8.03
327.06552267074585,12.17
328.40684390068054,13.07
329.8122384548187,10.31
331.23481011390686,9.31
332.5731906890869,12.28
333.90891671180725,13.31
335.25982999801636,9.69
336.6777286529541,8.72
338.08442211151123,11.48
339.43257308006287,9.21
340.8407690525055,8.24
342.2615144252777,8.07
343.6068389415741,12.07
344.94762802124023,13.31
346.28337955474854,9.14
347.70332622528076,12.76
349.0455505847931,13.38
350.4628369808197,9.34
351.79739260673523,8.41
353.15176486968994,8.07
354.55582070350647,12.03
355.9801871776581,9.79
357.3793511390686,12.59
358.79132103919983,13.1
360.2038161754608,9.07
361.5517032146454,8.59
362.96991300582886,12.45
364.38567996025085,9.62
365.79524302482605,11.86
367.20988869667053,9.45
368.6095988750458,8.62
369.9645390510559,8.38
371.3800575733185,8.24
372.7900335788727,8.34
374.2035756111145,8.52
375.6058518886566,7.38
376.949889421463,11.03
378.36665534973145,12.21
379.7743122577667,10.24
381.1862881183624,12.24
382.60304141044617,9.41
384.0167555809021,13.03
385.4215712547302,9.28
386.8395926952362,8.62
388.24945092201233,8.83
389.66398572921753,11.45
391.0751712322235,8.45
392.4894471168518,8.24
393.89786076545715,8.1
395.25319838523865,7.31
396.65921449661255,7.34
398.08255410194397,8.24
399.4950547218323,12.21
400.9074239730835,9.17
402.2521450519562,7.62
403.66479992866516,11.34
405.0753724575043,8.76
406.4833416938782,7.31
407.9029779434204,7.79
409.3046147823334,11.03
410.72652435302734,8.76
412.132119178772,12.41
413.4776129722595,13.28
414.8950710296631,9.38
416.305992603302,8.24
417.71097350120544,7.93
419.1312201023102,7.31
420.54261112213135,11.48
421.95952796936035,8.28
423.30009031295776,11.07
424.7065055370331,13.28
426.1267189979553,9.66
427.53978157043457,7.9
428.94869232177734,10.97
430.36553287506104,12.59
431.77833700180054,9.55
433.19009041786194,12.45
434.59583711624146,12.79
435.94535970687866,13.21
437.35185194015503,13.62
438.77214550971985,9.83
440.17323756217957,11.93
441.59969830513,13.41
443.00061535835266,13.62
444.41382455825806,13.66
445.83879828453064,10.34
447.25060844421387,8.66
448.6563630104065,11.31
450.06550431251526,13.21
451.48186445236206,9.97
452.8934898376465,12.52
454.30402135849,12.59
455.7197539806366,9.72
457.1416301727295,12.59
458.5440397262573,9.59
459.9594852924347,11.72
461.3689167499542,12.45
462.78613901138306,9.34
464.2025580406189,7.76
465.6141929626465,7.72
467.0244834423065,11.34
468.4362530708313,9.0
469.851003408432,11.62
471.25672936439514,9.24
472.66564989089966,11.45
474.0897159576416,12.45
475.5042748451233,13.24
476.904146194458,9.14
478.321231842041,11.38
479.73234724998474,9.66
481.1421573162079,8.17
482.5676836967468,8.07
483.97970747947693,7.93
485.39071345329285,7.38
486.8063838481903,10.93
488.20632433891296,9.14
489.61658930778503,7.24
491.0413942337036,7.9
492.44461584091187,11.48
493.87154054641724,12.83
495.27367210388184,13.38
496.6838445663452,13.52
498.10332703590393,13.31
499.5199463367462,10.21
500.93283343315125,12.83
502.3317618370056,9.52
503.74498319625854,11.83
505.1715567111969,8.83
506.5853362083435,8.31
507.9865794181824,11.07
509.41183257102966,8.72
510.8233594894409,11.21
512.2227213382721,12.38
513.6475045681,10.69
515.0590305328369,8.62
516.4654576778412,12.0
517.8873598575592,8.83
519.3004221916199,11.28
520.713595867157,12.0
522.125715970993,12.28
523.5274841785431,8.97
524.9472334384918,8.83
526.3560283184052,11.28
527.7639970779419,9.0
529.1849009990692,7.21
530.602068901062,7.55
532.0071849822998,7.76
533.4177556037903,11.83
534.840245962143,12.69
536.2384316921234,9.62
537.6501486301422,11.52
539.0655579566956,9.41
540.4894797801971,12.1
541.8979983329773,9.55
543.3089442253113,8.14
544.7272646427155,7.28
546.1328859329224,7.14
547.5547552108765,7.0
548.9573316574097,10.55
550.3788149356842,12.0
551.7896575927734,12.48
553.1926865577698,9.69
554.6170675754547,12.28
556.0301415920258,9.14
557.4337747097015,8.0
558.8454232215881,11.83
560.2665057182312,12.79
561.6810028553009,12.97
563.0835227966309,13.45
564.4989426136017,13.41
565.9119763374329,13.31
567.3179576396942,10.28
568.738570690155,12.69
570.151059627533,12.76
571.5707745552063,9.1
572.9838316440582,8.34
574.383861541748,7.72
575.8019542694092,7.55
577.2143633365631,11.66
578.63236784935,8.66
580.0461263656616,12.17
581.4516880512238,9.86
588.7736666202545,-1.21
590.0844612121582,-1.24
591.3957743644714,-1.31
592.7542266845703,-1.31
594.0757095813751,-1.31
595.3923079967499,-1.34
596.7112219333649,-1.38
598.0385015010834,-1.41
602.6450664997101,57.07
604.0440442562103,88.59
605.4648649692535,95.34
606.8815286159515,96.55
608.2833089828491,97.03
609.6932497024536,96.83
611.1174373626709,96.69
612.5239939689636,96.69
613.9387290477753,96.59
615.3529162406921,95.21
616.7644715309143,90.21
618.1643967628479,83.83
619.5786468982697,78.14
620.993034362793,72.07
622.4102127552032,66.9
623.817884683609,61.72
625.2340204715729,57.14
626.6401176452637,52.93
628.0480451583862,49.34
629.4690084457397,45.9
630.8692009449005,43.07
632.28093957901,39.76
633.6951189041138,36.93
635.1171066761017,34.69
636.5206696987152,32.76
637.8672847747803,30.45
639.2762703895569,28.55
640.6832957267761,26.69
642.1005799770355,25.66
643.5197682380676,23.93
644.9305098056793,22.9
646.3370447158813,21.48
647.7466399669647,19.59
649.1615676879883,12.45
650.5760433673859,8.86
651.9886724948883,7.52
653.4078140258789,6.14
654.8190486431122,4.14
656.2340064048767,4.62
657.6347558498383,5.1
659.056202173233,6.14
660.4626123905182,4.93
661.873929977417,1.83
663.2869234085083,4.72
664.6953611373901,4.97
666.0538730621338,5.28
667.4661967754364,5.69
668.8778250217438,2.0
670.2876975536346,4.62
671.7019307613373,5.38
673.1053006649017,5.24
674.5288872718811,5.03
675.9443299770355,4.76
677.2881863117218,5.0
678.699761390686,4.28
680.1012554168701,4.86
681.5283493995667,5.28
682.9271383285522,5.48
684.2854633331299,5.69
685.6859834194183,5.41
687.109799861908,4.62
688.5237386226654,5.48
689.9308815002441,5.59
691.2682719230652,5.14
692.6955969333649,4.76
694.0380554199219,4.93
695.4433085918427,4.41
696.7930138111115,4.41
698.2036719322205,5.45
699.6163353919983,4.83
700.9642477035522,5.0
702.3100361824036,5.52
703.6412878036499,5.52
704.9866518974304,5.48
706.332967042923,5.21
707.6793828010559,4.55
709.0874221324921,5.17
710.4346463680267,5.07
711.7799632549286,5.66
713.1198053359985,4.72
714.6073000431061,4.79
715.9545295238495,4.93
717.2989687919617,4.86
718.700642824173,5.17
720.1205585002899,5.1
721.5338134765625,5.72
722.9476251602173,5.41
724.368136882782,5.9
725.7709279060364,5.21
727.1933143138885,5.76
728.5383114814758,5.45
729.9368526935577,4.93
731.3620400428772,5.62
732.7765693664551,5.66
734.1863114833832,1.86
735.6007277965546,3.03
737.0136711597443,3.41
738.4235999584198,4.9
739.8351535797119,5.21
741.2406549453735,4.72
742.6661901473999,4.31
744.0789709091187,4.9
745.491073846817,4.79
746.9035575389862,4.79
748.3161475658417,5.38
749.7160379886627,4.93
751.1369028091431,5.07
752.5423357486725,5.24
753.9537642002106,5.0
755.3087205886841,1.76
756.7177510261536,1.86
758.1300046443939,3.66
759.5352075099945,5.48
760.956015586853,5.79
762.3666365146637,5.59
763.780600309372,5.34
765.1860275268555,4.76
766.6027972698212,5.72
768.0155749320984,5.59
769.428299665451,5.83
770.8364136219025,4.97
772.2604508399963,3.93
773.662401676178,3.31
775.0853054523468,4.72
776.4946482181549,5.17
777.901957988739,5.45
779.3152468204498,4.97
780.7313318252563,5.76
782.1492812633514,5.79
783.5540018081665,5.1
784.976012468338,5.14
786.3880929946899,5.24
787.7888147830963,4.59
789.208508014679,4.76
790.6197218894958,5.17
792.0394349098206,9.38
793.4522008895874,7.62
794.8671646118164,6.52
796.2736654281616,5.55
797.689977645874,5.45
799.1032421588898,1.79
800.5130307674408,3.17
801.917364358902,4.69
803.3355717658997,5.0
804.7507667541504,4.48
806.1688191890717,5.17
807.5815954208374,4.52
808.980094909668,9.21
810.3992669582367,6.52
811.8053004741669,5.52
813.148110628128,4.45
814.5755095481873,4.69
815.9858512878418,5.38
817.3967416286469,4.86
818.8003997802734,4.34
820.2229201793671,5.21
821.6215724945068,5.21
823.0357582569122,4.62
824.4619011878967,4.79
825.869396686554,4.59
827.2818174362183,4.21
828.6899387836456,3.93
830.1138389110565,4.93
831.5255925655365,4.86
832.9290306568146,5.03
834.3497107028961,5.21
835.7632398605347,4.66
837.1753058433533,5.28
838.5773720741272,5.17
839.998663187027,4.72
841.4168841838837,4.52
842.8180441856384,5.07
844.2273550033569,4.62
845.6483793258667,5.03
847.0652379989624,4.76
848.4786412715912,4.76
849.8913555145264,4.9
851.3042237758636,4.48
852.7083287239075,4.31
854.1305453777313,3.97
855.5416834354401,4.66
856.9434854984283,5.07
858.3668501377106,9.21
859.7750778198242,6.69
861.186642408371,5.59
862.6007392406464,5.03
864.0187652111053,5.48
865.4299397468567,5.24
866.8417077064514,4.62
868.2548005580902,5.03
869.6691780090332,4.69
871.0755498409271,4.76
872.4932968616486,5.45
873.8979957103729,4.38
875.3187389373779,9.0
876.7263531684875,6.79
878.1463122367859,5.21
879.4810080528259,5.07
880.8951103687286,4.66
882.3093724250793,4.34
883.7226009368896,4.72
885.1309399604797,4.52
886.5444688796997,8.21
887.9548950195312,5.86
889.3800132274628,4.69
890.7859048843384,4.9
892.1997075080872,4.93
893.606826543808,5.62
895.0305843353271,5.1
896.4431223869324,5.14
897.8573508262634,4.28
899.2643632888794,4.69
900.6766676902771,5.28
902.092289686203,5.62
903.5070672035217,4.9
904.9171981811523,8.55
906.3272233009338,6.97
907.7377038002014,5.83
909.1587448120117,4.97
910.5648806095123,4.62
911.9757659435272,4.41
913.3870279788971,4.72
914.79718542099,5.1
916.2213854789734,5.17
917.631551027298,5.0
919.0472323894501,4.83
920.4519193172455,5.21
921.8734533786774,5.1
923.2735221385956,4.83
924.687756061554,5.55
926.1047241687775,5.17
927.5100090503693,5.34
928.9243559837341,5.21
930.3433663845062,6.38
931.7476391792297,4.66
933.1628293991089,4.21
934.5863499641418,4.93
935.9983339309692,5.97
937.4130122661591,5.41
938.812561750412,4.59
940.225182056427,4.55
941.6390297412872,4.31
943.0614068508148,4.69
944.4007818698883,4.55
945.8090393543243,4.79
947.2191324234009,9.03
948.6444647312164,7.03
950.045815706253,5.31
951.4591970443726,3.97
952.8690283298492,5.0
954.2910671234131,9.52
955.6938967704773,6.41
957.1085572242737,5.66
958.530175447464,4.93
959.9459328651428,5.14
961.3598299026489,5.14
962.7686336040497,4.66
964.1822991371155,5.1
965.5814352035522,5.69
967.0083816051483,5.07
968.421856880188,4.45
969.83549284935,4.31
971.2472906112671,4.07
972.660982131958,4.17
974.0701353549957,4.59
975.484620809555,5.24
976.8962185382843,5.48
978.3050096035004,4.72
979.710649728775,4.17
981.1352038383484,4.41
982.5379974842072,4.76
983.9517073631287,4.86
985.3695991039276,9.52
986.7832958698273,6.07
988.1934814453125,4.52
989.6131839752197,4.79
991.0217673778534,4.9
992.4303748607635,4.55
993.8387267589569,5.0
995.2640578746796,4.38
996.6693012714386,4.55
998.091522693634,5.41
999.4984304904938,5.31
1000.9075236320496,5.31
1002.3263139724731,5.55
1003.7397727966309,5.38
1005.1445763111115,4.28
1006.5521895885468,4.48
1007.9655590057373,4.07
1009.38250207901,4.86
1010.7986385822296,4.79
1012.218109369278,5.07
1013.6301836967468,5.24
1015.0388028621674,5.07
1016.4538743495941,5.21
1017.8673577308655,5.21
1019.2803826332092,4.93
1020.6791958808899,3.83
1022.1010365486145,4.62
1023.5148732662201,4.52
1024.9306321144104,3.86
1026.3445148468018,5.17
1027.7576348781586,4.34
1029.1611094474792,4.52
1030.5662922859192,4.1
1031.992005109787,4.07
1033.4070038795471,5.0
1034.8210537433624,5.21
1036.2341091632843,4.66
1037.64364361763,4.14
1039.0487394332886,4.31
1040.4683065414429,5.34
1041.8717510700226,9.45
1043.284737586975,7.07
1044.707543849945,5.48
1046.1139831542969,8.07
1047.5240387916565,6.28
1048.94863986969,5.21
1050.3617017269135,5.03
1051.7711431980133,4.69
1053.1761937141418,4.66
1054.597858428955,5.41
1055.99782705307,5.17
1057.4236471652985,4.48
1058.8374598026276,9.17
1060.2424855232239,6.62
1061.655690908432,5.62
1063.0749862194061,5.79
1064.4882996082306,5.41
1065.9003446102142,4.66
1067.301073551178,4.59
1068.7130920886993,9.07
1070.138520002365,7.21
1071.5505023002625,6.03
1072.9593098163605,5.38
1074.3711893558502,5.76
1075.7815272808075,4.66
1077.2037224769592,4.59
1078.605959892273,5.34
1080.019906282425,5.41
1081.4279515743256,5.45
1082.8530642986298,5.48
1084.2541496753693,8.38
1085.665902853012,5.66
1087.0922012329102,4.66
1088.5052864551544,4.38
1089.916024684906,4.52
1091.3292229175568,3.93
1092.7346193790436,3.97
1094.145806312561,4.76
1095.5675151348114,4.66
1096.9702653884888,4.03
1098.3936958312988,3.69
1099.8023617267609,4.07
1101.219940662384,3.52
1102.6239533424377,4.31
1104.037288427353,4.38
1105.4559917449951,3.76
1106.8658838272095,4.21
1108.2706623077393,4.86
1109.6947832107544,4.93
1111.1009430885315,3.34
1112.5184843540192,3.07
1113.9268798828125,3.86
1115.3438210487366,4.48
1116.7568147182465,3.83
1118.17151927948,3.9
1119.5835812091827,4.0
1120.9903178215027,4.66
1122.39448595047,4.34
1123.8178207874298,3.76
1125.2348561286926,7.59
1126.6480445861816,6.07
1128.0593819618225,4.45
1129.4730970859528,3.79
1130.8860476016998,7.79
1132.2867040634155,6.41
1133.6955757141113,4.83
1135.1146264076233,4.52
1136.5362331867218,7.69
1137.9429910182953,5.21
1139.3624007701874,4.17
1140.7758765220642,8.1
1142.1760654449463,5.41
1143.5940930843353,4.45
1145.0028038024902,3.76
1146.423167705536,8.03
1147.8294150829315,5.38
1149.2503254413605,4.14
1150.6541152000427,4.14
1152.0738589763641,4.59
1153.4859523773193,8.0
1154.8962252140045,5.48
1156.3120262622833,8.38
1157.723083972931,5.34
1159.1315808296204,4.41
1160.542335510254,4.34
1161.9514169692993,8.0
1163.3786222934723,5.17
1164.7914600372314,5.34
1166.1963407993317,4.41
1167.607335805893,4.0
1169.0154211521149,7.55
1170.4326267242432,5.55
1171.8402967453003,4.24
1173.254175901413,4.76
1174.6795287132263,4.14
1176.078463792801,8.17
1177.4928493499756,5.34
1178.920051574707,4.28
1180.3217074871063,3.93
1181.7341740131378,3.41
1183.1474058628082,3.17
1184.5631697177887,3.76
1185.9674167633057,3.76
1187.3827278614044,4.07
1188.7930245399475,7.55
1190.2195310592651,4.97
1191.6345024108887,5.24
1193.0416214466095,8.1
1194.4537448883057,5.34
1195.8604748249054,4.34
1197.2828273773193,3.24
1198.6850345134735,7.28
1200.1079442501068,5.17
1201.5146706104279,3.83
1202.9254143238068,7.83
1204.3481204509735,5.34
1205.7603514194489,4.34
1207.164549589157,3.21
1208.5861549377441,7.31
1209.9934673309326,5.03
1211.40065407753,8.07
1212.8125154972076,5.48
1214.2234909534454,4.38
1215.640818119049,3.93
1217.0517575740814,3.45
1218.4763169288635,3.24
1219.8790712356567,3.66
1221.2856249809265,3.93
1222.7118692398071,3.83
1224.1173334121704,4.0
1225.5311377048492,4.03
1226.9425013065338,3.48
1228.3641049861908,3.93
1229.7682349681854,7.45
1231.1902194023132,5.34
1232.5974085330963,3.97
1234.0026757717133,3.62
1235.4205882549286,3.52
1236.8383824825287,5.72
1238.2451119422913,3.86
1239.665890455246,7.48
1241.0684435367584,6.62
1242.478708744049,4.45
1243.8904476165771,4.17
1245.3089928627014,3.66
1246.7142884731293,3.66
1248.140289068222,7.79
1249.5436823368073,5.41
1250.9573938846588,3.97
1252.380089521408,3.79
1253.7931869029999,7.55
1255.1973628997803,4.93
1256.6049196720123,4.55
1258.0314784049988,8.0
1259.439709186554,9.97
1260.8554558753967,6.34
1262.2532324790955,4.24
1263.6733899116516,7.41
1265.0919814109802,6.14
1266.5070488452911,5.59
1267.9191086292267,7.79
1269.3278813362122,4.9
1270.7423532009125,4.17
1272.1584947109222,4.17
1273.5590705871582,3.97
1274.9759061336517,3.86
1276.3900218009949,8.69
1277.795536994934,5.66
1279.2208406925201,8.76
1280.6309757232666,6.45
1282.0470299720764,4.45
1283.4477648735046,4.21
1284.8698484897614,3.59
1286.2845284938812,7.69
1287.6885759830475,4.76
1289.1096336841583,3.86
1290.5233478546143,7.38
1291.9251019954681,5.66
1293.3372461795807,4.24
1300.6403160095215,-3.59
1301.9570569992065,-3.59
1303.2907876968384,-3.59
1304.60480093956,-3.66
1305.9377098083496,-3.79
1307.2593874931335,-3.76
1308.6023981571198,-3.72
1309.9392375946045,-3.72
1311.1635501384735,-3.79
1312.3796155452728,-3.83
1313.5926008224487,-3.66
1314.8142640590668,-3.76
1316.0213160514832,-3.69
1317.2405762672424,-3.72
1318.5126447677612,-3.72
1319.739907026291,-3.72
1320.9539721012115,-3.79
1322.1710233688354,-3.69
1323.3940734863281,-3.72
1324.6007788181305,-3.76
1325.8309495449066,-3.69
1327.0860576629639,-3.72
1328.2918500900269,-3.69
1329.513023853302,-3.62
1330.749430179596,-3.72
1331.96537566185,-3.66
1333.1780331134796,-3.66
1334.3878002166748,-3.69
1335.6064989566803,-3.62
1336.8756210803986,-3.66
1338.078759431839,-3.52
1339.306946516037,-3.62
1340.532933473587,-3.59
1341.7528233528137,-3.55
1342.9735670089722,-3.72
1344.1818795204163,-3.62
1345.4430103302002,-3.55
1346.6675245761871,-3.52
1347.8773925304413,-3.55
1349.1081697940826,-3.52
1350.3246207237244,-3.52
1351.5532739162445,-3.45
1352.7773418426514,-3.48
1354.0353920459747,-3.55
1355.2555108070374,-3.48
1356.471442937851,-3.52
1357.6869883537292,-3.52
1358.9138550758362,-3.52
1360.1305310726166,-3.52
1361.3470945358276,-3.52
1362.5624680519104,-3.48
1363.8267555236816,-3.48
1365.0315544605255,-3.48
1366.2544856071472,-3.45
1367.4729726314545,-3.52
1368.6857590675354,-3.52
1369.926393032074,-3.45
1371.1439707279205,-3.34
1372.3993163108826,-3.45
1373.610592365265,-3.45
1374.8231155872345,-3.38
1376.0359091758728,-3.38
1377.2674729824066,-3.38
1378.4776029586792,-3.31
1379.6978001594543,-3.31
1380.9472529888153,-3.38
1382.1669285297394,-3.31
1383.3826830387115,-3.41
1384.5980370044708,-3.38
1385.8174748420715,-3.34
1387.0448062419891,-3.34
1388.2543363571167,-3.31
1389.4805035591125,-3.28
1390.7307343482971,-3.34
1391.961703300476,-3.38
1393.1760876178741,-3.24
1394.3904390335083,-3.24
1395.6174883842468,-3.28
1396.8371069431305,-3.24
1398.042932510376,-3.24
1399.299077987671,-3.24
1400.5202832221985,-3.31
1401.7335395812988,-3.24
1402.9603757858276,-3.24
1404.1734426021576,-3.17
1405.392486333847,-3.17
1406.6115365028381,-3.28
1407.8217420578003,-3.24
1409.0665605068207,-3.14
1410.3011395931244,-3.14
1411.5237171649933,-3.14
1412.7481524944305,-3.17
1413.9628190994263,-3.17
1415.1748418807983,-3.1
1416.3950922489166,-3.17
1417.6489782333374,-3.1
1418.8746333122253,-3.14
1420.0976457595825,-3.17
1421.303739309311,-3.1
1422.522173166275,-3.14
1423.7552499771118,-3.1
1424.9708728790283,-3.1
1426.2290332317352,-3.1
1427.4413871765137,-3.24
1428.6597263813019,-3.1
1429.8758091926575,-3.17
1431.0909583568573,-3.1
1432.32497215271,-3.03
1433.551259279251,-3.07
1434.7532217502594,-3.03
1436.0260486602783,-3.07
1437.2497589588165,-3.0
1438.4588871002197,-2.97
1439.6830987930298,-3.07
1440.9136369228363,-3.0
1442.143771648407,-3.03
1443.3750541210175,-2.97
1444.621563911438,-3.03
1445.8483548164368,-3.0
1447.0694575309753,-3.03
1448.3020062446594,-2.97
1449.5196318626404,-2.9
1450.7558951377869,-2.93
1451.9839625358582,-3.0
1453.2339680194855,-2.9
1454.4563937187195,-2.93
1455.6799683570862,-2.86
1456.9084823131561,-2.86
1458.139681339264,-2.9
1459.3664457798004,-2.97
1460.5792453289032,-2.93
1461.8163466453552,-2.79
1463.0670623779297,-2.76
1464.2889099121094,-2.83
1465.50488448143,-2.86
1466.7288601398468,-2.76
1467.9565060138702,-2.9
1469.1927332878113,-2.83
1470.4105062484741,-2.86
1471.6609680652618,-2.79
1472.8974828720093,-2.83
1474.1185865402222,-2.86
1475.3331201076508,-2.76
1476.5627694129944,-2.79
1477.7856674194336,-2.83
1479.0025668144226,-2.86
1480.2531068325043,-2.72
1481.4764144420624,-2.72
1482.7070927619934,-2.72
1483.9357414245605,-2.72
1485.153980731964,-2.76
1486.3680491447449,-2.79
1487.5976922512054,-2.72
1488.8219356536865,-2.69
1490.0763976573944,-2.79
1491.29376578331,-2.72
1492.5223891735077,-2.66
1493.7447814941406,-2.69
1494.9752132892609,-2.66
1496.1861426830292,-2.69
1497.4197437763214,-2.69
1498.6853649616241,-2.62
1499.909487247467,-2.66
1501.126266002655,-2.59
1502.3525223731995,-2.62
1503.578580379486,-2.69
1504.8011717796326,-2.59
1506.0177354812622,-2.55
1507.2429294586182,-2.69
1508.5126295089722,-2.62
1509.7404670715332,-2.55
1510.9598829746246,-2.62
1512.17942237854,-2.52
1513.3928563594818,-2.52
1514.6208436489105,-2.66
1515.8538341522217,-2.55
1517.100920200348,-2.62
1518.3286671638489,-2.45
1519.5565679073334,-2.48
1520.7811057567596,-2.55
1521.9954051971436,-2.55
1523.2266192436218,-2.45
1524.4368426799774,-2.55
1525.6976325511932,-2.55
1526.9232397079468,-2.48
1528.1341507434845,-2.41
1529.3674511909485,-2.48
1530.5798335075378,-2.59
1531.8036849498749,-2.52
1533.039320230484,-2.41
1534.2612051963806,-2.45
1535.5221016407013,-2.45
1536.743815422058,-2.45
1537.9613144397736,-2.34
1539.2034332752228,-2.48
1540.4250087738037,-2.45
1541.634776353836,-2.41
1542.8647754192352,-2.41
1544.1272592544556,-2.45
1545.3403160572052,-2.34
1546.5728981494904,-2.34
1547.8153793811798,-2.45
1549.0275411605835,-2.41
1550.2598097324371,-2.41
1551.488819360733,-2.41
1552.741180896759,-2.31
1553.9744350910187,-2.41
1555.1967618465424,-2.28
1556.4227368831635,-2.28
1557.6489262580872,-2.34
1558.876839876175,-2.24
1560.098806142807,-2.31
1561.3168559074402,-2.34
1562.5719742774963,-2.31
1563.7916643619537,-2.17
1565.0269684791565,-2.31
1566.2431454658508,-2.21
1567.4621996879578,-2.28
1568.6844673156738,-2.31
1569.920928478241,-2.31
1571.1732108592987,-2.31
1572.3910899162292,-2.28
1573.6267006397247,-2.21
1574.8485379219055,-2.21
1576.0661730766296,-2.21
1577.2837524414062,-2.28
1578.505517244339,-2.24
1579.7335720062256,-2.21
1580.9951241016388,-2.21
1582.2230615615845,-2.17
1583.4404063224792,-2.28
1584.6603388786316,-2.17
1585.8880276679993,-2.17
1587.110446214676,-2.21
1588.3388979434967,-2.17
1589.6002662181854,-2.17
1590.8379831314087,-2.14
1592.0629434585571,-2.14
1593.2665770053864,-2.21
1594.4991564750671,-2.1
1595.6958873271942,-2.21
1596.9180755615234,-2.17
1598.1234729290009,-2.1
1599.3794400691986,-2.1
1600.5956103801727,-2.14
1601.7969574928284,-2.1
1603.0200200080872,-2.14
1604.2233800888062,-2.17
1605.448789358139,-2.14
1606.6611926555634,-2.14
1607.8775417804718,-2.14
1609.1180617809296,-2.14
1610.3310134410858,-2.1
1611.5410494804382,-2.03
1612.7469637393951,-2.07
1613.9660696983337,-2.03
1615.1650528907776,-2.1
1616.3867828845978,-2.07
1617.5993258953094,-2.1
1618.8399262428284,-2.0
1620.0693440437317,-2.1
1621.274665594101,-2.07
1622.4919912815094,-2.03
1623.701581954956,-2.0
1624.9155294895172,-2.07
1626.1351504325867,-2.14
1627.3408291339874,-1.97
1628.5978960990906,-2.1
1629.8224828243256,-2.14
1631.0348765850067,-1.97
1632.229125738144,-2.07
1633.4491732120514,-2.1
1634.6660466194153,-2.03
1635.8690662384033,-2.03
1637.085359096527,-2.0
1638.3295004367828,-1.93
1639.5424695014954,-2.07
1640.754254102707,-2.03
1641.9683163166046,-2.0
1643.1848590373993,-2.03
1644.3813879489899,-1.93
1645.6048703193665,-2.03
1646.8155314922333,-2.0
1648.0648124217987,-2.03
1649.265956401825,-1.97
1650.483601808548,-1.93
1651.6910228729248,-1.97
1652.9125790596008,-2.0
1654.113023519516,-1.93
1655.3243155479431,-2.0
1656.5375559329987,-1.93
1657.7932076454163,-2.0
1659.0082938671112,-1.97
1660.211600780487,-2.0
1661.4152646064758,-1.93
1662.6241149902344,-1.93
1663.8530683517456,-1.97
1665.0632779598236,-1.9
1666.274376630783,-2.03
1667.5104129314423,-1.93
1668.7146537303925,-1.97
1669.9470763206482,-1.97
1671.1551566123962,-2.0
1672.3632576465607,-2.03
1673.5758802890778,-2.0
1674.7988114356995,-1.97
1676.0117678642273,-1.9
1677.2624063491821,-1.9
1678.4707560539246,-1.93
1679.6719543933868,-1.9
1680.9039361476898,-2.0
1682.1124241352081,-1.93
1683.3231332302094,-1.93
1684.5300600528717,-1.9
1685.750393629074,-1.97
1686.9958519935608,-1.97
1688.2217681407928,-1.97
1689.426396369934,-1.83
1690.6332125663757,-1.9
1691.8574059009552,-1.97
1693.0719347000122,-1.97
1694.2765710353851,-1.9
1695.5029072761536,-2.0
1696.7438070774078,-1.86
1697.9632015228271,-1.9
1699.1675064563751,-1.93
1700.389747619629,-1.86
1701.5939061641693,-1.79
1702.806599855423,-1.9
1704.0267519950867,-1.97
1705.2331628799438,-1.93
1706.4837572574615,-1.93
1707.7025384902954,-1.97
1708.90411734581,-1.9
1710.123131275177,-1.86
1711.3304378986359,-1.93
1712.5352680683136,-1.86
1713.7535977363586,-1.86
1714.9773256778717,-1.93
1716.2304203510284,-1.86
1717.4391267299652,-1.93
1718.6427795886993,-1.86
1719.8525187969208,-1.9
1721.064702987671,-1.86
1722.281102180481,-1.9
1723.4840149879456,-1.93
1724.6941375732422,-1.97
1725.9418442249298,-1.93
1727.156700849533,-1.83
1728.3759124279022,-1.83
1729.5943336486816,-1.9
1730.8038980960846,-1.93
1732.016018629074,-1.93
1733.2381029129028,-1.93
1734.4489557743073,-1.86
1735.713226556778,-1.86
1736.9122495651245,-1.79
1738.1313467025757,-1.86
1739.3363089561462,-1.93
1740.5480465888977,-1.97
1741.7699563503265,-1.9
1742.9792170524597,-1.9
1744.188975095749,-1.86
1745.4462461471558,-1.9
1746.6576693058014,-1.93
1747.8699374198914,-1.83
1749.0773673057556,-1.9
1750.2957468032837,-1.83
1751.5093388557434,-1.86
1752.7208504676819,-1.9
1753.9171903133392,-1.83
1755.1850414276123,-1.9
1756.3883991241455,-1.93
1757.6127614974976,-1.9
