1.1025619506835938,-1.93,0
2.3301408290863037,-1.97,0
3.5314557552337646,-1.9,0
4.7281389236450195,-2.0,0
9.291816711425781,-2.41,1
10.635385513305664,-2.31,1
11.979567050933838,-2.28,1
13.324356317520142,-2.21,1
14.736434698104858,-2.17,1
16.148247003555298,-2.21,1
17.49190640449524,-2.14,1
18.836424589157104,-2.0,1
20.180420398712158,-2.03,1
21.523935079574585,-1.93,1
22.86824917793274,-1.97,1
24.212185382843018,-2.0,1
25.55625009536743,-2.0,1
26.96926212310791,-2.0,1
28.313400983810425,-2.03,1
29.65740466117859,-1.9,1
31.001243591308594,-1.55,1
32.345762968063354,-2.14,1
33.68900990486145,-2.0,1
35.03326940536499,-1.9,1
36.37724328041077,-2.62,1
37.72125577926636,5.9,1
39.13444638252258,0.62,1
40.47817540168762,-0.14,1
41.82225298881531,-2.76,1
43.16642475128174,-2.14,1
44.510648012161255,-2.07,1
45.854398250579834,-2.07,1
47.198253870010376,-1.93,1
48.542277574539185,-2.03,1
49.95563268661499,-2.07,1
51.299028158187866,-1.97,1
52.711249589920044,-2.0,1
54.05529284477234,-2.07,1
55.46770358085632,-1.97,1
56.812602519989014,-2.0,1
58.22524929046631,-2.03,1
59.638168811798096,-2.0,1
61.0523681640625,-2.0,1
62.4652214050293,-2.03,1
63.87858295440674,-2.03,1
65.22224307060242,-2.0,1
66.56698203086853,-1.93,1
67.9111738204956,-2.03,1
69.25617122650146,-2.03,1
70.60023260116577,-2.03,1
72.0131733417511,-2.03,1
73.3572211265564,-2.0,1
74.70121216773987,-2.03,1
76.04473757743835,-2.03,1
77.38982605934143,-2.07,1
78.73348546028137,-2.03,1
80.07734322547913,-2.07,1
81.42122864723206,-1.97,1
82.8332269191742,-2.1,1
84.17821288108826,-2.03,1
85.52113580703735,-1.97,1
86.8647928237915,-2.0,1
88.209233045578,-2.1,1
89.5524594783783,-2.1,1
90.89715600013733,-1.97,1
92.24122881889343,-1.97,1
93.65522837638855,-2.07,1
94.99853205680847,-2.03,1
96.34314703941345,-2.03,1
97.68621134757996,-2.07,1
99.09821486473083,-2.07,1
100.44327402114868,-2.07,1
101.855229139328,-2.1,1
103.19911551475525,-2.07,1
104.61249017715454,-1.93,1
106.02590942382812,-2.0,1
107.36914801597595,-2.03,1
108.71402335166931,-2.0,1
110.05732917785645,-2.03,1
111.40222072601318,-1.97,1
112.81583523750305,-2.03,1
114.15822172164917,-2.03,1
115.57158756256104,-1.9,1
116.9160213470459,-2.03,1
118.26021218299866,-2.14,1
119.67319750785828,-1.93,1
121.0876202583313,-2.03,1
122.5002019405365,-2.03,1
123.91294455528259,-2.0,1
125.32558488845825,-2.03,1
126.7364273071289,-2.03,1
128.08235907554626,-2.03,1
129.42581462860107,-2.03,1
130.77009916305542,-2.03,1
132.18290328979492,-3.97,1
133.5268371105194,-2.21,1
134.87129950523376,-0.9,1
136.28415393829346,-1.59,1
137.62918615341187,-0.24,1
138.97313141822815,-2.48,1
140.38518810272217,1.41,1
141.7291944026947,-7.62,1
143.14239645004272,-2.38,1
144.55657362937927,-1.83,1
145.96992683410645,-0.31,1
147.38200855255127,-0.48,1
148.79371809959412,-1.97,1
150.20576000213623,-2.72,1
151.61690592765808,-2.17,1
153.03063774108887,-2.07,1
154.44437289237976,-2.0,1
155.8573796749115,-2.0,1
157.2704086303711,-1.9,1
158.6837775707245,-2.14,1
160.094580411911,-2.07,1
161.4401776790619,-2.0,1
162.85395741462708,-2.03,1
164.2663106918335,-2.0,1
