1.1123006343841553,-0.93
2.319209098815918,-0.93
3.548002004623413,-0.93
4.74436616897583,-0.93
5.946468114852905,-0.97
7.158927917480469,-0.97
11.73041820526123,7.45
13.150034666061401,10.76
14.563068389892578,11.93
15.975047588348389,12.59
17.384076356887817,12.66
18.716431617736816,12.66
20.134862184524536,18.21
21.54961347579956,30.17
22.962100505828857,34.17
24.3738009929657,27.79
25.783833980560303,25.21
27.196829319000244,24.83
28.54865002632141,24.59
29.953582048416138,29.59
31.36482286453247,25.76
32.77901029586792,24.69
34.12684512138367,24.45
35.47399425506592,29.72
36.80720353126526,30.97
38.22102093696594,31.24
39.571953773498535,26.72
40.97753643989563,25.38
42.39280652999878,30.14
43.74434304237366,26.48
45.14498043060303,30.59
46.49453854560852,31.45
47.90922665596008,26.59
49.310147285461426,30.48
50.65042519569397,26.21
52.06310558319092,30.41
53.48249411582947,26.07
54.89670944213867,30.45
56.31061291694641,31.52
57.722986698150635,26.62
59.13434362411499,30.69
60.544716358184814,26.48
61.95462656021118,30.52
63.30647110939026,26.48
64.70424604415894,30.9
66.05463981628418,26.48
67.469398021698,30.62
68.80332851409912,26.62
70.22442531585693,25.59
71.55767679214478,24.72
72.91359806060791,30.28
74.32387137413025,32.21
75.73679089546204,32.45
77.14911413192749,27.0
78.56040549278259,30.69
79.95825290679932,32.31
81.37362432479858,32.69
88.69277286529541,1.79
90.01127529144287,1.76
91.31624865531921,1.76
92.628657579422,1.76
93.95002961158752,1.79
95.2642457485199,1.79
96.56588530540466,1.76
97.93073844909668,1.72
102.53196859359741,7.83
103.94860768318176,11.59
105.3628830909729,12.83
106.7724232673645,13.45
108.18809747695923,13.45
109.60121726989746,19.69
111.01439070701599,28.72
112.42770171165466,32.52
113.83801817893982,39.31
115.25084447860718,41.21
116.6510443687439,36.48
118.06525492668152,41.0
119.48179483413696,41.76
120.89416933059692,36.31
122.29723930358887,34.79
123.71552991867065,40.0
125.12985730171204,40.93
126.54282450675964,36.24
127.95675468444824,40.07
129.36747980117798,41.03
130.77892875671387,41.17
132.18779349327087,41.24
133.60005736351013,41.28
135.0006799697876,36.31
136.41451573371887,40.24
137.83165860176086,40.97
139.18157982826233,36.41
140.5942153930664,34.97
141.99317932128906,39.9
143.41116285324097,35.38
144.8251543045044,34.79
146.22729539871216,39.97
147.64068365097046,41.55
149.05735421180725,36.55
150.46207356452942,40.55
151.87780928611755,36.0
153.291645526886,40.17
154.70615124702454,41.48
162.01518726348877,1.72
163.32048225402832,1.66
164.64257264137268,1.69
165.9457004070282,1.72
167.25123143196106,1.72
168.57241034507751,1.69
169.87463855743408,1.69
171.2232151031494,1.72
175.81739592552185,7.86
177.23709654808044,11.55
178.65207076072693,18.38
180.0649390220642,34.62
181.39985299110413,55.1
182.81407976150513,73.86
184.1683464050293,86.03
185.56836605072021,103.72
186.91893482208252,115.59
188.32531809806824,113.86
189.73861122131348,119.41
191.15454387664795,114.24
192.48969340324402,119.62
193.90286779403687,119.55
195.31775665283203,120.34
196.73086500167847,121.52
198.1425805091858,115.21
199.5588824748993,119.86
200.97274899482727,121.38
202.37156987190247,121.66
203.78758239746094,121.62
205.19150185585022,120.69
206.61792302131653,120.9
208.02888464927673,121.0
209.44217038154602,120.9
210.78042769432068,121.31
212.1848006248474,122.14
213.60342288017273,121.41
220.91580510139465,1.62
222.23280572891235,1.59
223.56754064559937,1.59
224.88709330558777,1.48
226.19818711280823,1.55
227.5170624256134,1.55
228.8187644481659,1.55
230.13684344291687,1.59
234.7132909297943,6.48
