1.1208059787750244,-1.45,0
2.3546764850616455,-0.24,0
3.5617051124572754,-1.45,0
4.769725322723389,-1.28,0
5.977684497833252,-1.34,0
7.186612606048584,1.0,0
8.390640497207642,-0.52,0
9.58888292312622,-2.59,0
10.817318439483643,-1.66,0
12.061295747756958,-1.76,0
13.275977611541748,-1.97,0
14.477831363677979,-2.28,0
15.691473245620728,-2.07,0
16.9075345993042,-2.03,0
18.12248969078064,-1.93,0
19.335451126098633,-1.86,0
20.534645557403564,-1.69,0
21.78534960746765,-1.9,0
22.994515657424927,-2.0,0
24.20662569999695,-6.03,0
25.4063458442688,-4.21,0
26.624205112457275,-2.14,0
27.840355157852173,-2.45,0
29.056885719299316,-2.24,0
30.261850118637085,-2.07,0
31.517561435699463,-1.93,0
32.72971034049988,-1.59,0
33.92631959915161,-1.17,0
35.139336347579956,-1.97,0
36.33805537223816,-1.9,0
37.551313161849976,-1.93,0
38.74706292152405,-1.86,0
39.961358308792114,-2.14,0
41.199543952941895,-2.45,0
45.808372020721436,357.83,1
47.15808320045471,163.79,1
48.56871771812439,147.79,1
49.97976613044739,133.86,1
51.3770649433136,133.86,1
52.80112671852112,130.66,1
54.203057050704956,131.62,1
55.618133783340454,130.66,1
57.03690791130066,126.86,1
58.4492301940918,115.69,1
