1.1229753494262695,-1.97,0
2.363128423690796,-2.07,0
3.5753982067108154,-2.0,0
4.775376081466675,-2.03,0
9.362959146499634,15.55,1
10.773229122161865,77.9,1
12.181052446365356,80.79,1
13.585941791534424,111.1,1
14.934781074523926,340.93,1
16.351186752319336,389.45,1
17.754552364349365,445.31,1
19.097100734710693,481.97,1
20.44129753112793,105.21,1
21.86018705368042,113.72,1
23.206164836883545,120.93,1
24.610349655151367,128.03,1
26.0320827960968,134.72,1
27.433319807052612,141.31,1
28.786076545715332,146.86,1
30.189313411712646,152.97,1
31.597379684448242,158.86,1
33.01725792884827,163.93,1
34.43470025062561,168.97,1
35.77630066871643,173.38,1
37.10805320739746,177.21,1
38.52799415588379,181.41,1
39.94390034675598,185.52,1
41.34543418884277,188.17,1
42.69905376434326,190.79,1
44.1060950756073,190.41,1
45.5241014957428,189.31,1
46.93217420578003,187.07,1
48.27102589607239,184.41,1
49.678433895111084,180.83,1
56.99422073364258,-2.03,0
58.297754526138306,-2.0,0
59.61103653907776,-2.0,0
60.93514275550842,-1.97,0
62.24483394622803,-2.0,0
63.563284158706665,-1.97,0
64.91259121894836,-1.97,0
66.22065472602844,-1.93,0
70.79242086410522,25.07,1
72.19741773605347,38.14,1
73.61695432662964,55.14,1
75.0219657421112,64.41,1
76.36295747756958,73.34,1
77.79020571708679,81.76,1
79.20396971702576,90.21,1
80.60689568519592,98.31,1
82.02650547027588,106.21,1
83.36544680595398,113.0,1
84.77261090278625,120.69,1
86.19071745872498,127.59,1
87.53683543205261,133.9,1
88.94668865203857,140.28,1
90.28719592094421,146.03,1
91.70174670219421,152.1,1
93.0402102470398,156.93,1
94.45916771888733,162.28,1
95.86349272727966,164.17,1
97.28323984146118,163.48,1
98.6882700920105,161.24,1
100.10704827308655,157.24,1
