1.1073417663574219,-1.97,0
2.3492069244384766,-2.0,0
3.5589423179626465,-2.0,0
4.755854845046997,-1.93,0
7.977734565734863,-2.0,0
11.188589334487915,-2.0,0
12.397976636886597,-2.0,0
13.625065088272095,-2.07,0
14.828126192092896,-2.0,0
16.088587760925293,-2.03,0
17.28438925743103,-2.07,0
18.50221276283264,-2.07,0
19.69813585281372,-2.03,0
20.907899618148804,-2.0,0
22.129895210266113,-2.0,0
23.32524538040161,-2.03,0
24.544350624084473,-1.97,0
25.79153847694397,-1.97,0
29.011322259902954,-2.0,0
30.224846601486206,-2.03,0
31.44252896308899,-2.03,0
32.66524815559387,-2.0,0
33.87489676475525,-1.93,0
35.07910227775574,-2.03,0
36.32004261016846,-2.07,0
37.52995562553406,-2.0,0
38.73697066307068,-2.1,0
39.942646503448486,-1.97,0
41.1365327835083,-2.03,0
42.36377239227295,-1.93,0
43.58794808387756,-2.0,0
44.80743432044983,-1.97,0
46.05835008621216,-2.03,0
47.2716121673584,-2.07,0
48.47959589958191,-2.07,0
49.69743514060974,-2.03,0
50.930840730667114,-2.03,0
52.14917969703674,-2.0,0
53.3691303730011,-1.93,0
54.62327432632446,-2.0,0
55.8468496799469,-2.0,0
57.068703413009644,-2.1,0
58.2868173122406,-2.03,0
59.630656480789185,-2.03,0
60.846668004989624,-2.0,0
62.06447911262512,-2.03,0
63.27853751182556,-1.97,0
66.53822541236877,-2.03,0
67.74624037742615,-2.03,0
68.95655417442322,-2.03,0
70.16399216651917,-2.03,0
71.36952805519104,-2.07,0
72.57784628868103,-2.0,0
73.77574825286865,-1.93,0
77.01708126068115,-2.0,0
80.23709416389465,-2.03,0
81.44525980949402,-2.0,0
82.66380381584167,-2.03,0
83.87635827064514,-2.0,0
85.1013069152832,-1.97,0
86.31992149353027,-2.0,0
87.5369598865509,-2.0,0
88.77363300323486,-2.07,0
89.99266290664673,-2.0,0
