1.1071770191192627,-1.97,0
2.3371381759643555,-1.86,0
3.54376220703125,-2.03,0
4.746473550796509,-1.97,0
5.945401906967163,-1.97,0
10.635667324066162,69.59,1
12.052368879318237,85.03,1
13.46458625793457,79.59,1
14.878040075302124,70.34,1
16.28837275505066,61.41,1
17.62108087539673,55.24,1
18.968296766281128,51.38,1
20.310036659240723,51.21,1
21.65360426902771,49.31,1
23.003523588180542,48.55,1
24.349838495254517,46.0,1
25.75939965248108,44.76,1
27.16328001022339,42.45,1
28.584749937057495,41.86,1
29.997649431228638,41.34,1
31.327526569366455,41.79,1
32.74595880508423,42.28,1
34.08618497848511,40.76,1
35.427841663360596,39.69,1
36.78268003463745,39.45,1
38.185606718063354,38.9,1
39.53063082695007,40.93,1
40.87160277366638,39.14,1
42.2793710231781,40.76,1
43.70290279388428,41.48,1
45.03629922866821,41.45,1
46.4529914855957,39.83,1
47.79308342933655,38.66,1
49.21015954017639,40.07,1
50.54976034164429,40.52,1
51.96651649475098,40.34,1
53.36789035797119,41.0,1
54.78776454925537,41.07,1
56.13002419471741,41.24,1
57.532145500183105,39.52,1
58.94925594329834,39.0,1
60.366260290145874,38.59,1
61.768470764160156,39.66,1
63.18527030944824,40.59,1
70.48975276947021,-1.55,0
71.779217004776,-1.72,0
73.08767771720886,-1.76,0
74.37969136238098,-1.72,0
75.70653080940247,-1.72,0
77.00074625015259,-1.72,0
78.30735683441162,-1.72,0
79.6170437335968,-1.76,0
80.9138503074646,-1.72,0
82.22781872749329,-1.9,0
83.5206208229065,-1.76,0
84.8280119895935,-1.9,0
86.1700701713562,-1.86,0
87.47462677955627,-1.9,0
88.77461981773376,-1.83,0
90.07897686958313,-1.79,0
94.75736498832703,321.38,1
96.09729266166687,439.83,1
97.43877363204956,467.86,1
98.85708713531494,376.24,1
100.26259326934814,260.38,1
101.60899496078491,200.03,1
108.90960764884949,-1.79,0
110.23565721511841,-1.93,0
111.53965067863464,-1.83,0
112.8482494354248,-1.9,0
114.15426445007324,-1.86,0
115.45872235298157,-2.0,0
116.79583215713501,-1.86,0
118.11839318275452,-1.86,0
119.31570291519165,-1.9,0
120.51969265937805,-1.9,0
121.7129774093628,-1.86,0
122.92779588699341,-1.83,0
124.13892865180969,-1.79,0
125.34872055053711,-1.86,0
126.57916378974915,-1.86,0
127.79211282730103,-1.83,0
