1.102752685546875,-0.21
2.3204612731933594,-0.14
3.5523457527160645,-0.21
4.750573635101318,-0.21
7.516010046005249,219.07
8.857073545455933,297.66
10.199036598205566,322.72
11.614375114440918,254.0
13.021925449371338,151.69
14.435657978057861,56.48
15.845128774642944,19.03
17.26041555404663,8.93
18.66947340965271,9.34
22.366602182388306,-1.07
23.699037313461304,-1.17
25.015172243118286,-1.21
26.333091020584106,-1.17
27.675554037094116,-1.21
28.994324445724487,-1.24
30.312971115112305,-1.21
31.630862951278687,-1.24
32.938504219055176,-1.24
34.242955446243286,-1.31
35.553104877471924,-1.24
36.85248804092407,-1.28
38.200408697128296,-1.24
39.514697790145874,-1.31
40.813984394073486,-0.28
42.11443495750427,-1.17
44.89191818237305,-0.21
46.3020236492157,-0.28
47.64801573753357,-0.31
49.05298328399658,-0.31
50.39470171928406,-0.24
51.818297386169434,-0.21
53.225271701812744,-0.28
54.635326862335205,-0.31
56.05390286445618,-0.31
57.468669176101685,-0.24
58.87815809249878,-0.21
60.28593873977661,-0.21
61.7006356716156,-0.24
63.10797095298767,318.0
64.52179789543152,313.17
65.93000555038452,226.17
67.272225856781,124.62
68.68838739395142,34.69
70.10141253471375,8.24
71.44972324371338,1.66
72.86025524139404,1.86
74.26489090919495,4.59
75.60702967643738,6.14
76.95013666152954,7.24
78.37364935874939,7.76
79.78609418869019,8.31
81.11985564231873,8.52
82.54101061820984,8.86
83.94736504554749,8.31
85.28319001197815,9.83
86.63862133026123,9.62
88.03917121887207,9.45
89.39288449287415,10.14
90.80581498146057,9.69
92.21538519859314,10.62
93.62557172775269,9.76
94.9640908241272,9.0
96.36992359161377,10.45
97.71535420417786,10.9
99.12622261047363,10.31
100.53538584709167,9.59
101.95513534545898,10.48
103.35687804222107,9.72
104.78257894515991,10.83
106.18693590164185,9.9
107.59986567497253,10.17
109.01355743408203,9.66
110.42302513122559,10.14
111.84149169921875,9.97
113.24126172065735,10.17
114.65029311180115,9.03
116.06660175323486,10.14
119.76152682304382,-0.34
121.07425093650818,-0.41
122.39751648902893,-0.41
123.71647834777832,-0.41
125.03461408615112,-0.55
126.38337802886963,-0.59
127.70232486724854,-0.66
129.02152395248413,-0.69
130.32502007484436,-0.66
131.66137552261353,-0.62
132.95453023910522,-0.83
134.2783079147339,-0.72
135.6215054988861,-0.72
136.94137024879456,-0.62
138.25063514709473,-0.69
139.56218767166138,-0.69
142.32530689239502,265.52
143.73562359809875,322.52
145.15572428703308,277.86
146.56469321250916,188.1
147.98477339744568,60.21
149.39598894119263,20.14
150.80647611618042,10.41
152.2117509841919,9.34
153.6294994354248,12.76
155.04038071632385,16.17
156.43937873840332,18.55
157.85175323486328,20.1
159.27801489830017,19.72
160.61310386657715,20.14
161.96148705482483,20.48
163.29511404037476,20.0
164.6386685371399,20.17
166.05274319648743,20.45
167.39341187477112,20.1
171.08423805236816,0.38
172.4131212234497,0.17
173.7340259552002,0.14
175.03972458839417,-0.17
176.3313126564026,-0.28
177.63753819465637,-0.24
178.95790767669678,-0.24
180.24362349510193,-0.31
183.0174515247345,227.14
184.44075465202332,303.41
185.84783673286438,306.14
187.1935887336731,258.41
188.52817130088806,196.07
189.87123847007751,107.69
191.2274990081787,48.83
194.90228986740112,-2.0
196.22467422485352,-2.24
197.58166933059692,-2.1
198.88268184661865,-2.34
200.19694185256958,-2.34
201.4983034133911,-2.24
202.8098020553589,-2.28
204.13323402404785,-2.28
