1.1026732921600342,-0.79
2.3553521633148193,-0.72
3.565037488937378,-0.72
4.766603231430054,-0.83
5.973690748214722,-0.79
7.176573038101196,-0.79
8.382386207580566,-0.76
9.591528177261353,-0.9
10.79280424118042,-0.9
12.051722764968872,-0.83
13.259012222290039,-0.86
17.866626501083374,10.38
19.210160493850708,10.41
20.555598735809326,10.52
21.967430591583252,10.55
23.311371326446533,10.41
24.646384954452515,10.48
26.065027475357056,10.48
27.4754376411438,10.38
28.881409883499146,10.34
30.297844409942627,10.31
31.710538387298584,10.28
33.129106521606445,10.21
34.470521688461304,10.24
35.81363105773926,10.17
37.228034019470215,10.0
38.563151359558105,10.03
39.90677762031555,10.14
41.32279014587402,10.14
42.671520709991455,10.1
44.08342170715332,10.07
45.4212920665741,9.97
46.83242416381836,9.93
48.18281531333923,9.97
49.591245889663696,9.86
51.00306963920593,9.93
52.41528129577637,9.83
53.82841944694519,9.79
55.242812156677246,9.86
56.65326905250549,9.86
58.069092988967896,9.66
59.480692625045776,9.66
60.89386963844299,9.62
62.242177963256836,9.66
63.65651178359985,9.66
64.99169611930847,9.59
66.40471839904785,9.52
67.75650668144226,9.34
69.16376733779907,9.38
70.51016163825989,9.31
71.84666705131531,9.28
73.19754028320312,9.38
74.59911036491394,9.28
75.94915461540222,9.1
77.36517453193665,9.1
78.69942116737366,9.1
80.05673813819885,9.07
81.46185207366943,9.0
82.87978172302246,9.07
84.22655081748962,9.07
85.62787365913391,8.86
87.05415987968445,8.9
88.39448404312134,13.62
89.73684024810791,11.07
91.15294456481934,9.62
92.56509280204773,9.24
93.9663016796112,9.0
95.39179968833923,9.52
96.80079388618469,9.1
98.20520162582397,9.14
99.62544250488281,9.31
101.02954244613647,8.9
102.4454026222229,9.21
103.8627610206604,9.17
105.27172446250916,9.34
106.6876540184021,9.38
108.09138584136963,8.83
109.51523280143738,9.03
110.91738176345825,9.0
112.34272027015686,9.14
113.75299119949341,8.69
115.1545341014862,9.0
116.56835794448853,9.07
117.99153351783752,13.41
119.39701247215271,10.55
120.81761240959167,9.17
122.22071170806885,13.52
123.63432359695435,10.62
125.04396486282349,9.03
126.46577429771423,8.97
127.87444067001343,8.93
129.28668785095215,13.07
130.70024275779724,10.1
132.1157422065735,8.93
133.53050422668457,8.62
134.94231796264648,8.69
136.35414600372314,8.48
137.69837164878845,12.9
139.0990207195282,10.07
140.45141434669495,8.76
141.86640763282776,8.52
143.28262281417847,8.48
150.574547290802,7.48
151.8909068107605,7.52
153.19973182678223,7.38
154.5072681903839,7.38
155.8258147239685,7.52
157.1447639465332,7.31
158.46346378326416,7.41
159.81285905838013,7.34
164.39482474327087,7.07
165.74710154533386,7.1
167.08859610557556,7.1
168.4397850036621,7.1
169.84325885772705,6.93
171.18817615509033,7.0
172.5324010848999,6.97
173.95262575149536,6.9
175.2848858833313,11.93
176.62756061553955,14.76
178.0400426387787,16.1
179.39528894424438,11.76
180.80591440200806,14.66
182.15354824066162,15.97
183.5655026435852,15.93
184.89889311790466,16.34
186.32542085647583,15.83
187.73163390159607,16.21
189.08131861686707,15.93
190.4223816394806,11.55
191.76585793495178,14.07
193.17845153808594,15.38
194.5928018093109,15.83
196.0019829273224,15.83
197.4128828048706,15.9
198.82682132720947,15.66
200.23784399032593,11.21
201.65297174453735,13.76
203.06484460830688,15.03
204.47190833091736,15.38
205.8870348930359,15.55
207.30309081077576,15.52
208.63712620735168,15.45
209.98833584785461,11.03
211.4027717113495,13.21
212.81890559196472,14.17
214.22778964042664,14.62
215.6446714401245,14.79
216.976464509964,14.69
218.39432096481323,14.79
219.81007599830627,14.69
221.1434473991394,14.69
222.49265909194946,14.59
223.9048593044281,14.59
225.2585141658783,14.59
226.65925455093384,14.48
228.0724377632141,14.45
229.490247964859,14.38
230.90067505836487,14.48
232.31710767745972,14.62
233.6578245162964,14.52
235.07381939888,14.72
236.48956727981567,14.48
237.82336616516113,14.34
239.24325561523438,14.24
240.6423544883728,14.38
242.06919121742249,14.38
243.479022026062,14.41
244.89151549339294,16.38
246.29410409927368,18.72
247.71002411842346,18.59
249.1284523010254,18.21
256.42209029197693,9.07
257.7414209842682,9.31
259.03666615486145,9.28
260.34836864471436,9.34
261.6552050113678,9.45
262.97723627090454,9.28
264.27416491508484,9.34
265.62975907325745,9.48
270.2225959300995,9.34
271.63502073287964,9.31
273.0372543334961,9.1
274.45373487472534,8.21
275.8682613372803,7.24
277.27208709716797,6.34
278.6957242488861,10.28
280.10945868492126,16.45
281.5103371143341,19.66
282.863156080246,20.69
284.2755014896393,21.07
285.6936960220337,20.86
287.10125732421875,18.0
288.44277119636536,19.52
289.8543839454651,20.24
291.2666001319885,17.38
292.6152985095978,18.34
294.0273983478546,19.31
295.43147706985474,19.31
296.85447216033936,19.48
298.2614359855652,20.66
299.67794251441956,21.86
301.0920524597168,21.0
302.5038619041443,20.45
303.91563963890076,20.14
305.3178377151489,20.14
306.739381313324,20.0
308.15433406829834,20.1
309.5634741783142,23.76
310.97417664527893,23.83
312.38625168800354,20.0
313.7263276576996,18.72
315.13228726387024,14.76
316.54707503318787,21.55
317.9691607952118,21.07
319.3718843460083,20.31
320.7895050048828,19.97
322.20576763153076,27.52
323.53924345970154,30.17
324.95554423332214,27.62
326.3675048351288,25.62
327.71628522872925,24.79
329.1311414241791,21.76
330.5449113845825,14.1
331.8810496330261,23.62
339.2481105327606,-0.55
340.55290603637695,-0.59
341.8571217060089,-0.59
343.1744010448456,-0.66
344.4735960960388,-0.72
345.78549313545227,-0.72
347.0973093509674,-0.66
348.40972423553467,-0.69
352.9930214881897,796.86
354.4150171279907,3.03
355.8148183822632,5.69
357.23135018348694,6.28
358.64642810821533,6.17
360.0660903453827,5.62
361.47601532936096,6.17
362.8884975910187,6.1
364.29611134529114,6.17
365.70817160606384,6.55
367.05647587776184,6.55
368.4640369415283,6.9
369.8813953399658,6.83
371.28667521476746,7.0
372.7035253047943,7.62
374.0416142940521,7.76
375.45071148872375,7.59
376.86164712905884,7.86
378.21181631088257,7.86
379.6312186717987,8.0
381.043683052063,8.14
382.45623540878296,8.07
383.87079763412476,8.03
385.27845215797424,8.31
386.69025349617004,8.17
388.1026403903961,8.34
389.51809787750244,8.21
390.932165145874,8.38
392.3465139865875,8.28
393.7603089809418,8.17
395.16632056236267,8.28
396.5760567188263,8.24
397.92648577690125,8.21
399.3413579463959,8.17
400.7467038631439,8.17
402.1591191291809,8.21
403.56695890426636,8.24
404.9774646759033,8.17
406.393709897995,8.21
407.81286573410034,8.17
409.2178394794464,8.17
410.63998913764954,8.34
412.0432925224304,8.21
413.4567241668701,8.34
414.8723907470703,8.17
416.2852780818939,8.41
417.6949510574341,8.31
419.1103971004486,8.28
420.4497392177582,8.24
421.8631579875946,8.31
423.21541380882263,8.38
424.62542176246643,8.28
426.03503918647766,8.45
427.44800305366516,8.24
428.85901975631714,8.38
430.2793219089508,-1.69
431.6918911933899,-1.59
433.1057085990906,-1.52
434.5084903240204,-1.55
435.9266314506531,-1.59
437.340131521225,-1.59
438.75427174568176,-1.52
440.15610814094543,-1.52
441.57088351249695,-1.52
442.99327421188354,-1.52
444.4061789512634,-1.55
445.8044159412384,-1.55
447.29597067832947,-1.52
