1.1133124828338623,6.14
2.325958490371704,6.24
3.564899444580078,6.24
4.777257919311523,6.14
9.366427183151245,1.86
10.780863761901855,1.83
12.111826658248901,1.79
13.539337158203125,1.83
14.872523307800293,1.79
16.284459114074707,1.79
17.631743907928467,1.83
18.97939157485962,1.79
20.32761240005493,1.83
21.660539627075195,1.83
23.070300817489624,1.79
24.49540424346924,1.79
25.830665588378906,1.79
27.244240522384644,1.83
28.597402572631836,1.79
30.00707483291626,4.93
31.420823097229004,4.9
32.830848932266235,11.76
34.18008494377136,12.97
35.591196060180664,9.34
36.922818660736084,8.03
38.336236000061035,12.1
39.684611320495605,13.45
41.10024094581604,13.79
42.50547194480896,8.45
43.93128037452698,7.9
45.341657876968384,8.41
46.754552125930786,8.1
48.10371398925781,8.55
49.515597343444824,6.72
50.92620539665222,8.72
52.33892893791199,11.93
53.740989446640015,13.52
55.16649675369263,8.24
56.57664155960083,8.41
57.984402656555176,12.34
59.394696950912476,8.41
60.805049419403076,9.03
62.23143148422241,9.17
63.63151693344116,12.66
65.04545044898987,8.93
66.3959584236145,12.48
67.8138382434845,9.1
69.22706270217896,12.52
70.63727760314941,13.59
72.0501766204834,9.24
73.46339988708496,7.55
74.87423872947693,12.1
76.20895743370056,9.59
77.63594365119934,13.07
79.04956984519958,13.72
80.45053672790527,9.9
81.87478971481323,8.24
83.28239583969116,8.86
84.69570302963257,7.72
86.10844445228577,7.24
87.51360249519348,6.41
88.92393088340759,7.59
90.2738139629364,7.62
91.6853129863739,8.0
93.09713435173035,7.69
94.50645637512207,7.07
95.91726994514465,7.72
97.34337711334229,6.34
98.75682091712952,7.76
100.16327238082886,8.86
101.57662534713745,8.28
102.98647236824036,8.69
104.39913415908813,8.83
105.8185088634491,8.21
107.2231936454773,8.66
108.63775753974915,8.52
110.05055284500122,6.86
111.464599609375,7.97
112.8763780593872,6.9
114.28731203079224,6.62
115.69856786727905,12.07
117.1110610961914,7.0
118.52275490760803,6.9
119.93715572357178,11.86
121.34991669654846,9.21
122.76371312141418,8.86
124.17742943763733,12.59
125.59301161766052,10.07
127.00977969169617,8.97
128.42129158973694,7.62
129.83196115493774,12.59
131.24235701560974,10.1
132.65421175956726,7.97
