1.1052844524383545,-2.03,0
2.345673084259033,-2.0,0
3.552373170852661,-2.07,0
4.758327960968018,-2.14,0
5.963998556137085,-2.0,0
7.1704888343811035,-1.97,0
8.369231939315796,-1.97,0
12.95753288269043,130.45,1
14.301595211029053,106.38,1
15.712804794311523,102.28,1
17.11906909942627,100.76,1
18.45660924911499,100.17,1
19.79887819290161,99.72,1
21.218160152435303,99.59,1
22.62048864364624,99.48,1
23.96343493461609,99.14,1
25.38192892074585,99.03,1
26.789470195770264,98.93,1
28.12746238708496,99.1,1
29.46881890296936,99.17,1
30.888463020324707,99.17,1
32.29035544395447,96.86,1
39.59314560890198,-2.24,0
40.899816036224365,-2.17,0
42.20935010910034,-2.14,0
43.547802686691284,-2.17,0
44.85040330886841,-2.07,0
46.15793824195862,-2.07,0
47.46397876739502,-2.03,0
48.75436520576477,-2.14,0
50.07801914215088,-1.97,0
51.38465881347656,-2.0,0
52.72206473350525,-2.07,0
54.046385049819946,-2.07,0
55.35453152656555,-2.1,0
56.66208457946777,-2.0,0
57.96052169799805,-2.1,0
59.27975797653198,-1.97,0
63.84491276741028,130.55,1
65.19721460342407,106.14,1
66.59955620765686,101.79,1
67.95629048347473,101.03,1
69.3011326789856,100.17,1
70.63786125183105,99.66,1
71.97854351997375,99.48,1
73.31907272338867,99.07,1
74.67536497116089,99.1,1
76.08020853996277,98.93,1
77.41594648361206,98.83,1
78.82748508453369,98.76,1
80.2481632232666,98.69,1
81.65125179290771,98.62,1
83.0057590007782,98.59,1
90.29617190361023,-2.28,0
91.6010000705719,-2.14,0
92.92300844192505,-2.14,0
94.24559903144836,-2.14,0
95.55498147010803,-2.17,0
96.86193466186523,-2.07,0
98.18611240386963,-2.03,0
99.48343896865845,-2.1,0
100.80110168457031,-2.1,0
102.11138319969177,-2.07,0
103.42328381538391,-2.07,0
104.762535572052,-2.03,0
106.06998252868652,-2.03,0
107.37810802459717,-2.0,0
108.69122433662415,-2.03,0
110.00204586982727,-2.0,0
114.6068160533905,128.72,1
116.00776243209839,103.76,1
117.42243814468384,99.86,1
118.84318327903748,98.69,1
120.2439317703247,98.34,1
121.65640544891357,97.62,1
123.07659196853638,97.38,1
124.48540568351746,97.34,1
125.90118598937988,97.07,1
127.30856347084045,97.0,1
128.7159698009491,97.03,1
130.119854927063,96.97,1
131.537207365036,97.21,1
132.95462083816528,97.1,1
134.3679940700531,96.86,1
135.78151488304138,96.9,1
137.1816165447235,96.83,1
138.59917402267456,96.76,1
140.01401782035828,96.9,1
141.4171907901764,96.69,1
142.83506393432617,96.86,1
144.24583554267883,96.76,1
145.66015124320984,96.9,1
147.06463623046875,96.9,1
148.46867752075195,96.97,1
149.88889336585999,96.72,1
151.30536770820618,96.79,1
152.7061755657196,96.69,1
160.00061655044556,-2.17,0
161.3116192817688,-2.21,0
162.61838221549988,-2.17,0
163.92847394943237,-2.1,0
165.24802947044373,-2.07,0
166.54039025306702,-2.07,0
167.87258219718933,-2.1,0
169.18199825286865,-2.0,0
173.76790618896484,127.59,1
175.1192810535431,103.1,1
176.52921652793884,99.17,1
177.8693356513977,97.79,1
179.2101686000824,97.28,1
180.55137014389038,97.07,1
181.96840572357178,96.93,1
183.3720383644104,96.76,1
184.7916796207428,96.79,1
186.13499283790588,96.52,1
187.47950959205627,96.41,1
188.81770205497742,96.59,1
190.1563675403595,96.45,1
191.50764536857605,96.41,1
192.91286253929138,96.48,1
194.26330089569092,96.17,1
195.66690731048584,96.17,1
197.08491015434265,96.24,1
198.49445986747742,96.07,1
199.8309347629547,96.07,1
201.1866750717163,96.03,1
202.59239840507507,96.24,1
203.9322521686554,96.31,1
205.27433705329895,96.1,1
206.62798070907593,96.45,1
207.9670648574829,96.31,1
209.38262391090393,96.48,1
210.71449756622314,96.48,1
212.13089036941528,96.38,1
213.54759645462036,96.34,1
214.95105147361755,96.38,1
216.29838061332703,96.21,1
217.7028169631958,96.1,1
219.0586290359497,96.17,1
220.3988916873932,96.38,1
221.74048447608948,96.31,1
223.07630896568298,96.31,1
224.4863510131836,96.34,1
225.84025526046753,93.69,1
227.17939138412476,94.55,1
228.5820996761322,94.69,1
229.9289255142212,94.62,1
231.34533786773682,94.0,1
232.68820786476135,94.0,1
234.10216307640076,94.34,1
235.43973755836487,94.14,1
236.84758043289185,95.83,1
244.15204620361328,-2.17,0
245.4624764919281,-2.24,0
246.7663538455963,-2.21,0
248.07956886291504,-2.14,0
249.39296174049377,-2.14,0
250.74118494987488,-2.17,0
252.04184341430664,-2.03,0
253.338228225708,-2.03,0
254.5513401031494,-2.14,0
255.7470133304596,-2.0,0
256.9578125476837,-1.97,0
258.17174315452576,-2.03,0
259.37125992774963,-1.97,0
260.61290407180786,-2.03,0
261.82171630859375,-1.97,0
263.04054164886475,-1.93,0
264.241938829422,-1.97,0
265.45312905311584,-2.03,0
266.66247367858887,-2.03,0
267.8708198070526,-2.0,0
269.1103529930115,-1.9,0
270.3529965877533,-1.97,0
271.55885577201843,-1.93,0
272.7676577568054,-1.93,0
273.98469495773315,-1.93,0
275.1801390647888,-2.0,0
276.3922986984253,-2.07,0
277.6038250923157,-1.97,0
278.8060941696167,-2.0,0
280.0577392578125,-1.97,0
281.270250082016,-2.0,0
282.4835195541382,-1.93,0
283.6965034008026,-1.93,0
284.9006419181824,-1.86,0
286.0980021953583,-1.93,0
287.32180309295654,-2.0,0
288.56814455986023,-1.97,0
289.7765734195709,-2.0,0
290.98947978019714,-2.03,0
292.19734358787537,-1.93,0
293.41505455970764,-2.0,0
294.6199998855591,-1.97,0
295.8478558063507,-1.9,0
