1.1165401935577393,-1.55
2.32902193069458,-1.55
3.568937301635742,-1.48
4.775035381317139,-1.52
9.359309196472168,195.24
10.769112825393677,132.86
12.18153715133667,123.38
13.583415746688843,121.0
14.997853517532349,120.34
16.408605575561523,119.69
17.821015119552612,116.28
19.172635316848755,115.14
20.583671808242798,106.07
21.99141240119934,96.38
23.404168605804443,88.21
24.81766438484192,82.93
26.228296279907227,77.38
33.58597445487976,-2.52
34.90183138847351,-2.45
36.20371675491333,-2.41
37.505093812942505,-2.34
38.82247447967529,-2.28
40.12206149101257,-2.34
41.437588691711426,-2.24
42.752445697784424,-2.24
47.3621940612793,196.07
48.78769087791443,132.55
50.18692445755005,123.79
51.59700870513916,121.21
52.94480609893799,120.31
54.35772109031677,120.1
55.76870107650757,119.17
57.189446687698364,115.52
58.595948219299316,109.79
60.00678515434265,99.59
61.42166304588318,91.79
62.82292699813843,85.31
64.2325086593628,79.24
65.64353656768799,75.28
67.05619978904724,70.28
