1.115161657333374,-0.83
2.3667984008789062,-0.86
3.5753941535949707,-0.9
4.773387908935547,-0.9
5.98445725440979,-0.9
7.186721324920654,-0.83
11.770535469055176,325.41
13.19189167022705,548.55
14.603861808776855,26.17
16.01686143875122,-3.17
17.354912281036377,3.72
18.700500965118408,3.07
20.034276723861694,2.66
21.386709690093994,2.69
22.796442985534668,2.9
24.210676193237305,2.76
25.62058925628662,2.66
27.02997851371765,2.76
28.440189123153687,2.97
29.867305278778076,3.14
31.276819944381714,3.17
32.68911600112915,3.07
34.021145820617676,3.34
35.37408781051636,3.24
36.723676681518555,3.34
38.1290864944458,3.31
39.54375505447388,3.52
40.95667767524719,3.34
42.291430711746216,3.31
43.63544034957886,3.31
44.98362445831299,3.24
46.3324511051178,3.38
47.743319034576416,3.31
49.153812885284424,3.31
50.56698727607727,3.31
51.97874975204468,3.28
53.32457447052002,3.34
54.737520694732666,3.31
56.149593353271484,3.34
57.55975341796875,3.34
58.98091912269592,3.31
60.394357442855835,3.21
61.80705142021179,3.41
63.218979597091675,3.38
64.62944626808167,3.34
65.96315884590149,3.28
67.3142421245575,3.41
68.66126084327698,3.34
70.07365369796753,3.38
71.4070258140564,3.41
72.76002407073975,3.38
74.09704399108887,3.31
75.44560980796814,3.34
76.86044096946716,3.34
78.20883059501648,3.48
79.54447793960571,3.41
80.95524477958679,3.34
82.37072134017944,3.48
