1.1040318012237549,-0.93
2.3593039512634277,-0.93
3.576838254928589,-0.97
4.7827019691467285,-0.93
5.990606307983398,-1.0
7.20857048034668,-1.0
11.796433925628662,328.48
13.21126651763916,49.62
14.622397899627686,15.62
16.03253960609436,18.9
17.440988063812256,1.31
18.843578577041626,0.24
20.192402601242065,-0.17
21.60484266281128,-2.14
23.015095949172974,-97.38
24.432936429977417,-10.62
25.83486557006836,424.93
27.244904279708862,105.1
28.666232585906982,13.0
30.078242778778076,3.24
31.48881435394287,-2.34
32.90108776092529,5.93
34.23481822013855,0.66
35.5832839012146,-322.1
36.995766162872314,-25.28
38.40445947647095,-1.97
39.81614446640015,453.48
41.23113679885864,-709.31
42.642937898635864,-181.55
43.99380588531494,63.45
45.33552408218384,28.45
46.668344020843506,2.38
48.08020281791687,5.14
49.490020751953125,9.55
50.903160095214844,8.17
52.31532573699951,5.1
53.73518252372742,6.69
55.14561176300049,6.28
56.556533336639404,5.66
57.970492362976074,5.45
59.38033604621887,5.55
60.78918099403381,6.76
62.20226263999939,4.55
63.61322546005249,3.69
