1.1016194820404053,-2.03,0
2.3444290161132812,-1.97,0
3.5520052909851074,-1.93,0
4.755915403366089,-1.97,0
5.9583306312561035,-2.0,0
7.16035795211792,-1.97,0
11.730648756027222,15.76,1
13.150471687316895,20.83,1
14.562049865722656,25.72,1
15.975337028503418,29.86,1
17.38743305206299,34.17,1
18.727747917175293,37.72,1
20.06924533843994,41.34,1
21.41309142112732,44.31,1
22.750115394592285,47.31,1
24.103843927383423,50.07,1
25.50927472114563,52.83,1
26.92663884162903,55.48,1
28.267710208892822,57.66,1
35.56956648826599,-2.03,0
36.889559268951416,-2.07,0
38.18968725204468,-2.0,0
39.49746131896973,-2.1,0
40.80491495132446,-2.1,0
42.10373616218567,-1.97,0
43.44249653816223,-2.07,0
44.75373458862305,-1.93,0
49.321481704711914,125.31,1
50.73003315925598,102.9,1
52.146353006362915,99.03,1
53.564762115478516,97.72,1
54.966880083084106,97.21,1
56.38894057273865,96.79,1
57.726686239242554,96.69,1
59.14439535140991,96.62,1
60.54901719093323,96.34,1
61.9634473323822,96.9,1
63.36686038970947,96.93,1
64.78606224060059,96.97,1
66.1248128414154,97.14,1
67.5407280921936,97.14,1
68.88713645935059,96.62,1
76.19501066207886,-2.28,0
77.50222969055176,-2.24,0
78.81158065795898,-2.1,0
80.11429452896118,-2.14,0
81.42490887641907,-2.14,0
82.73577237129211,-2.14,0
84.08100652694702,-2.03,0
85.38659930229187,-2.0,0
86.69735503196716,-2.0,0
88.00309610366821,-2.03,0
89.32306337356567,-1.93,0
90.63027000427246,-2.03,0
91.9307382106781,-2.03,0
93.27978587150574,-1.93,0
94.59419322013855,-2.0,0
95.89226031303406,-1.97,0
100.48772382736206,125.97,1
101.89087581634521,103.83,1
103.30885553359985,100.17,1
104.71367120742798,99.0,1
106.1314537525177,98.38,1
107.53669238090515,98.1,1
108.95317554473877,97.93,1
110.35800790786743,97.83,1
111.78342199325562,97.79,1
113.1179690361023,97.69,1
114.53471302986145,97.9,1
115.93614196777344,97.62,1
117.3510799407959,97.66,1
118.76792287826538,95.9,1
126.07278418540955,-2.24,0
127.38122820854187,-2.14,0
128.70109343528748,-2.17,0
130.00696873664856,-2.14,0
131.3275647163391,-2.07,0
132.63413262367249,-2.1,0
133.97118020057678,-2.03,0
135.27259469032288,-2.0,0
136.57767415046692,-2.03,0
137.8853189945221,-2.0,0
139.20506119728088,-2.0,0
140.52022910118103,-2.07,0
141.82844948768616,-2.07,0
143.1696650981903,-2.03,0
144.48842358589172,-2.0,0
145.7981939315796,-2.0,0
150.38064813613892,125.86,1
151.79887461662292,103.93,1
153.19993376731873,100.1,1
154.6225244998932,98.93,1
156.02547335624695,98.41,1
157.44158482551575,98.1,1
158.8590269088745,97.97,1
160.25711846351624,97.76,1
161.67445731163025,97.86,1
163.02291584014893,97.9,1
164.42834949493408,97.62,1
165.76819467544556,97.38,1
167.11867547035217,95.07,1
168.52311730384827,80.14,1
169.86799931526184,81.59,1
171.2092685699463,81.69,1
172.549222946167,81.72,1
173.89179491996765,82.0,1
175.31322598457336,81.9,1
176.6581997871399,81.86,1
177.9956305027008,81.72,1
179.39759135246277,81.97,1
180.75397443771362,81.86,1
182.09492826461792,81.72,1
183.43965530395508,81.79,1
184.77660012245178,82.07,1
186.11690306663513,82.1,1
187.45615029335022,82.21,1
188.80972599983215,81.66,1
190.22418475151062,80.41,1
191.63674306869507,79.03,1
