1.1090593338012695,-1.93
2.351522922515869,-1.97
3.564504861831665,-1.86
4.77646017074585,-1.86
9.353612899780273,2.07
10.76571798324585,20.86
12.178687572479248,48.62
13.581461429595947,67.48
14.995474576950073,90.38
16.406668186187744,117.97
17.81996512413025,99.9
19.232701301574707,123.0
20.641335010528564,119.55
22.047528743743896,111.79
23.46715474128723,122.38
24.88108730316162,102.38
26.289546966552734,108.17
27.704774379730225,116.48
29.115882396697998,100.86
30.530327081680298,94.76
31.928247690200806,103.24
33.281513929367065,121.9
34.694958448410034,105.38
36.095702171325684,106.52
37.51029849052429,100.17
38.9209988117218,116.93
40.34247899055481,122.48
41.68519687652588,124.03
43.08987212181091,125.21
44.44049334526062,106.86
45.7820200920105,119.21
47.18434548377991,118.66
48.59474420547485,111.41
50.00899863243103,97.24
51.42838096618652,106.86
52.7717559337616,107.34
54.18458008766174,119.69
55.59608578681946,129.34
57.00758385658264,127.52
58.420984506607056,122.03
59.83492636680603,107.97
61.24603033065796,98.24
62.64179229736328,103.1
64.06015753746033,101.34
65.40746450424194,106.72
66.74401092529297,120.72
68.09410500526428,120.38
69.43943762779236,116.1
70.83918452262878,122.38
72.18640065193176,101.79
73.53332018852234,102.48
74.94321966171265,105.14
76.34568738937378,119.83
77.75871014595032,119.79
79.17915511131287,113.07
80.59367823600769,123.34
82.003671169281,102.07
83.34897303581238,122.17
84.74678134918213,110.38
86.16561388969421,115.31
87.56930875778198,119.72
88.98176836967468,121.59
90.40134572982788,103.69
91.74846291542053,112.41
93.15362620353699,94.55
94.556480884552,112.45
95.97112894058228,103.79
97.38114643096924,95.69
98.79184770584106,114.07
100.21358489990234,104.45
101.62558937072754,119.38
103.03419494628906,105.76
104.44553875923157,102.45
105.85789752006531,96.14
107.27561283111572,92.31
108.62007427215576,109.17
110.03239274024963,117.0
111.44161820411682,123.83
112.85615968704224,112.48
114.26978611946106,115.28
115.681161403656,122.79
