1.1211786270141602,-1.38,0
2.323011875152588,-1.38,0
3.555607795715332,-1.41,0
4.757095813751221,-1.41,0
5.959707736968994,-1.45,0
7.171452045440674,-1.41,0
8.368794679641724,-1.48,0
9.582448244094849,-1.38,0
10.796201944351196,-1.41,0
12.029420375823975,-1.34,0
13.242659091949463,-1.41,0
14.459380149841309,-1.38,0
15.67573356628418,-1.45,0
16.903183937072754,-1.45,0
18.112927675247192,-1.41,0
19.310839891433716,-1.38,0
20.521795988082886,-1.45,0
21.76494336128235,-1.48,0
22.96443748474121,-1.45,0
24.185269594192505,-1.34,0
25.38379168510437,-1.41,0
26.60122060775757,-1.45,0
27.823633909225464,-1.41,0
29.032965421676636,-1.45,0
30.286553382873535,-1.48,0
31.49021077156067,-1.41,0
32.70334267616272,-1.41,0
33.91881203651428,-1.41,0
35.12291240692139,-1.41,0
36.32237911224365,-1.41,0
37.53235459327698,-1.41,0
38.72932696342468,-1.45,0
39.97684717178345,-1.45,0
41.188037633895874,-1.41,0
42.38332772254944,-1.45,0
43.59630465507507,-1.41,0
44.809359073638916,-1.41,0
46.00742173194885,-1.45,0
47.21382284164429,-1.48,0
48.428935050964355,-1.45,0
49.676926374435425,-1.48,0
50.87587857246399,-1.41,0
52.104366064071655,-1.41,0
53.30215620994568,-1.41,0
54.53303647041321,-1.45,0
55.74655294418335,-1.48,0
56.951878786087036,-1.38,0
58.15956401824951,-1.38,0
59.42092275619507,-1.41,0
60.63609194755554,-1.38,0
61.83701276779175,-1.41,0
63.060824394226074,-1.41,0
64.26658749580383,-1.41,0
65.4782063961029,-1.38,0
66.67476081848145,-1.48,0
67.88519644737244,-1.45,0
69.12479448318481,-1.45,0
70.33584952354431,-1.45,0
71.54989981651306,-1.38,0
72.7414448261261,-1.41,0
73.93662738800049,-1.38,0
75.15882015228271,-1.31,0
76.34712219238281,-1.38,0
77.59349584579468,-1.38,0
78.7976188659668,-1.41,0
79.99845361709595,-1.41,0
81.1947717666626,-1.45,0
82.40911316871643,-1.48,0
83.61501622200012,-1.41,0
84.82341742515564,-1.48,0
86.02237248420715,-1.41,0
87.26665544509888,-1.45,0
88.47358465194702,-1.41,0
89.67358231544495,-1.45,0
90.8685986995697,-1.34,0
92.07304668426514,-1.41,0
93.28377103805542,-1.38,0
94.49775886535645,-1.41,0
95.69757580757141,-1.41,0
96.9428813457489,-1.45,0
98.15622353553772,-1.45,0
99.3527901172638,-1.48,0
100.56397438049316,-1.45,0
101.776296377182,-1.31,0
102.98056149482727,-1.38,0
104.19707870483398,-1.38,0
105.39537501335144,-1.45,0
106.65421676635742,-1.34,0
107.853098154068,-1.41,0
109.06423425674438,-1.38,0
110.26006031036377,-1.41,0
111.46615958213806,-1.41,0
112.68014240264893,-1.45,0
113.89345622062683,-1.38,0
115.09374117851257,-1.48,0
116.33701181411743,-1.38,0
117.54951643943787,-1.45,0
118.76347637176514,-1.41,0
119.96779012680054,-1.45,0
121.189768075943,-1.48,0
122.39780259132385,-1.41,0
123.61146116256714,-1.45,0
124.85809898376465,-1.45,0
126.06206774711609,-1.48,0
127.27445411682129,-1.41,0
128.48400115966797,-1.41,0
129.69571685791016,-1.41,0
130.89567470550537,-1.41,0
132.1114900112152,-1.48,0
133.35727381706238,-1.45,0
134.54927730560303,-1.34,0
135.7614781856537,-1.38,0
136.97543692588806,-1.41,0
138.17145442962646,-1.48,0
139.38542437553406,-1.45,0
140.6047396659851,-1.38,0
141.81830286979675,-1.52,0
143.04808044433594,-1.45,0
144.27865386009216,-1.38,0
145.49198961257935,-1.38,0
146.7077248096466,-1.48,0
147.92890691757202,-1.45,0
149.14322352409363,-1.41,0
150.36057567596436,-1.41,0
151.61283206939697,-1.52,0
