1.1064033508300781,-1.83,0
2.352386951446533,-1.9,0
3.5644195079803467,-1.83,0
4.763427734375,-1.83,0
5.9614198207855225,-1.86,0
7.182487964630127,-1.86,0
8.381293058395386,-1.9,0
12.967029333114624,243.59,1
14.389876127243042,138.03,1
15.800311088562012,127.86,1
17.214523553848267,125.79,1
18.62242603302002,124.97,1
19.951435804367065,125.03,1
21.370698928833008,124.79,1
22.78038716316223,124.48,1
24.19802713394165,124.79,1
25.602946519851685,117.48,1
27.01983880996704,111.86,1
28.435008764266968,107.24,1
29.84195899963379,102.07,1
31.247648239135742,97.28,1
32.667927980422974,93.24,1
34.08184576034546,89.97,1
35.425538778305054,86.97,1
36.83608388900757,82.97,1
38.2454788684845,79.97,1
39.65594029426575,77.1,1
40.997915744781494,75.07,1
42.400339126586914,73.03,1
43.75447106361389,70.66,1
45.159040451049805,68.48,1
46.57571792602539,66.07,1
47.98956060409546,63.79,1
49.401212215423584,62.79,1
50.80851626396179,61.28,1
52.22402262687683,59.83,1
53.63783407211304,58.59,1
55.03978133201599,57.03,1
56.46482253074646,56.76,1
57.867875814437866,54.86,1
59.27627348899841,52.9,1
60.68449640274048,52.86,1
62.09925127029419,52.07,1
63.508272647857666,51.45,1
64.92579460144043,50.86,1
66.26295709609985,49.97,1
67.60186576843262,48.97,1
69.01701736450195,48.28,1
70.43834400177002,47.66,1
77.74724864959717,-1.93,0
79.0648102760315,-2.0,0
80.38124895095825,-1.93,0
81.69115257263184,-1.97,0
82.99733972549438,-1.9,0
84.30702805519104,-1.86,0
85.63244342803955,-1.79,0
86.97225499153137,-1.79,0
91.55719351768494,31.28,1
92.96684670448303,36.24,1
94.38802862167358,41.21,1
95.72957968711853,45.59,1
97.15075898170471,49.66,1
98.55396318435669,54.03,1
99.96993017196655,57.62,1
101.37292528152466,61.34,1
102.79752087593079,64.69,1
104.20845580101013,67.9,1
105.60760426521301,71.31,1
107.02933955192566,74.79,1
108.43795394897461,78.0,1
109.84907531738281,80.52,1
111.26074433326721,83.34,1
112.67464804649353,85.76,1
114.01562714576721,88.21,1
115.43060612678528,90.72,1
116.83134341239929,92.79,1
118.25038814544678,94.97,1
119.66026377677917,97.03,1
121.06550669670105,98.97,1
122.48107290267944,100.69,1
123.89963030815125,101.1,1
125.31195211410522,101.24,1
126.72012424468994,101.24,1
128.12428998947144,100.55,1
129.54594945907593,99.41,1
130.94752168655396,98.41,1
132.36636805534363,97.0,1
133.78243589401245,95.17,1
135.18392181396484,93.38,1
136.6021809577942,91.45,1
138.01274466514587,89.31,1
139.4196434020996,87.03,1
140.83952116966248,84.55,1
142.24568843841553,82.07,1
143.66339635849,79.55,1
145.0649755001068,77.0,1
146.47988533973694,74.21,1
147.89367079734802,71.62,1
149.29685044288635,69.03,1
150.71898555755615,66.45,1
152.13178944587708,64.14,1
153.52955532073975,61.9,1
154.9455988407135,59.45,1
156.36474204063416,57.24,1
157.7751009464264,54.93,1
159.19103145599365,52.97,1
160.60179328918457,50.83,1
161.93138694763184,48.93,1
163.28465580940247,47.24,1
164.68706917762756,45.62,1
166.11210989952087,43.86,1
167.45232820510864,42.48,1
168.7963891029358,40.9,1
170.13339757919312,39.79,1
171.5530698299408,37.76,1
172.89529514312744,37.52,1
174.2995047569275,36.52,1
175.71814703941345,35.48,1
177.12865924835205,34.83,1
178.47392106056213,34.07,1
179.8719618320465,33.38,1
181.29307055473328,32.72,1
182.63260054588318,32.14,1
183.97178888320923,31.97,1
185.38459038734436,31.62,1
186.80530524253845,31.28,1
188.2205104827881,30.93,1
189.55945825576782,31.0,1
190.96226119995117,30.79,1
192.38759207725525,30.86,1
193.79882669448853,30.72,1
195.21028780937195,30.93,1
196.62458562850952,31.0,1
198.0347843170166,31.21,1
199.44285893440247,31.17,1
200.85723996162415,31.38,1
202.26795649528503,31.66,1
203.59759902954102,31.79,1
205.02477622032166,32.14,1
206.42801022529602,32.34,1
207.8337950706482,32.72,1
209.25621342658997,33.1,1
210.66979837417603,33.38,1
212.01290845870972,33.62,1
213.42500019073486,34.03,1
214.82380509376526,34.34,1
216.25003600120544,34.93,1
223.5527322292328,-2.1,0
224.8949065208435,-1.93,0
226.2036280632019,-1.97,0
227.5213167667389,-2.0,0
228.82637882232666,-2.0,0
230.14804816246033,-1.97,0
231.4604377746582,-1.9,0
232.76401710510254,-1.83,0
233.96764826774597,-1.93,0
235.20110821723938,-1.86,0
236.41856360435486,-1.93,0
237.6259093284607,-1.9,0
238.83484363555908,-1.83,0
240.0464141368866,-1.9,0
241.26418089866638,-1.83,0
