1.1081371307373047,-1.79
2.3652122020721436,-1.9
3.5861923694610596,-1.83
4.792618036270142,-1.83
7.566751003265381,157.83
8.97819447517395,215.83
10.390215396881104,233.38
11.790094375610352,235.97
13.20304536819458,237.55
14.614845275878906,235.97
15.958727359771729,235.07
17.365276098251343,240.17
18.70934247970581,237.07
20.129161834716797,236.14
21.535826206207275,235.0
25.230154275894165,1.86
26.542075872421265,1.83
27.8864529132843,1.9
29.195807695388794,1.83
31.158528804779053,1.9
31.77974772453308,1.66
32.39959120750427,6.28
33.0229229927063,1.93
