1.115285873413086,-1.97,0
2.364428997039795,-1.97,0
3.5761494636535645,-1.93,0
4.7871692180633545,0.31,0
9.38418984413147,20.52,1
10.795515298843384,22.45,1
12.206960439682007,25.14,1
13.612887382507324,24.28,1
15.028156518936157,28.14,1
16.429853200912476,33.48,1
17.843065977096558,47.97,1
19.197078466415405,51.79,1
20.531695127487183,64.03,1
21.946939945220947,78.52,1
23.362680673599243,84.52,1
24.761369228363037,90.21,1
26.177324771881104,93.55,1
27.592761754989624,100.59,1
29.008045196533203,105.93,1
30.409683227539062,111.45,1
31.823642253875732,116.38,1
33.24189376831055,120.83,1
34.65432643890381,125.07,1
35.993170976638794,128.9,1
37.40770387649536,97.38,1
38.80758881568909,99.62,1
40.22248077392578,108.93,1
41.63841199874878,23.14,1
42.9749059677124,1.97,1
44.32607817649841,1.76,1
45.74109888076782,1.69,1
47.075618505477905,1.66,1
48.49075698852539,1.55,1
49.9084894657135,1.45,1
51.30864858627319,1.17,1
52.72348666191101,1.03,1
54.13859701156616,0.9,1
55.538474559783936,0.76,1
56.95202136039734,0.52,1
58.36710166931152,0.31,1
59.78335618972778,0.17,1
61.19872784614563,0.0,1
62.59907793998718,-0.1,1
64.0140278339386,-0.17,1
65.43525695800781,-0.31,1
66.84086608886719,-0.41,1
68.2479453086853,-0.45,1
69.66637849807739,-0.66,1
71.07852244377136,-0.72,1
72.41511797904968,-0.72,1
73.82995796203613,-0.76,1
75.24931406974792,-0.83,1
76.65026307106018,-0.9,1
78.0715844631195,-0.97,1
79.4791054725647,-0.97,1
80.89526510238647,-1.07,1
82.29649686813354,-1.21,1
83.7131450176239,-1.17,1
85.13045954704285,-1.21,1
86.52999305725098,-0.69,1
