1.1204698085784912,-1.76,0
2.3554575443267822,-1.79,0
3.5662825107574463,-1.83,0
4.768134117126465,-1.86,0
5.983802318572998,-1.76,0
7.192502737045288,-1.83,0
11.788103580474854,339.28,1
13.199479341506958,136.34,1
14.613571643829346,129.72,1
16.025189638137817,126.21,1
17.426591873168945,124.1,1
18.768795251846313,123.76,1
20.177783489227295,123.97,1
21.589895486831665,123.55,1
23.01474380493164,123.69,1
24.417819499969482,114.59,1
25.835248947143555,107.93,1
27.249834775924683,106.79,1
28.656153440475464,101.07,1
30.07242512702942,179.0,1
31.479987621307373,33.72,1
32.8955397605896,54.34,1
34.29941129684448,54.97,1
35.64260911941528,55.79,1
37.048325538635254,54.48,1
38.466137170791626,54.41,1
39.88500428199768,52.79,1
41.29241394996643,52.21,1
42.63158988952637,52.07,1
44.038110971450806,50.97,1
45.45190763473511,50.83,1
46.87614464759827,50.1,1
48.28503131866455,49.1,1
49.687713384628296,48.24,1
51.09505319595337,47.59,1
52.50878405570984,47.1,1
53.92785120010376,46.03,1
55.3984751701355,45.55,1
56.813714027404785,44.31,1
