1.1045222282409668,1.9,0
2.3425164222717285,1.86,0
3.562544107437134,1.9,0
4.775136947631836,1.83,0
5.98855185508728,1.9,0
10.569709539413452,5.0,1
11.982325553894043,13.38,1
13.393351316452026,22.41,1
14.806435585021973,31.21,1
16.211681604385376,33.93,1
17.614375114440918,37.48,1
18.97282361984253,38.07,1
20.314577341079712,38.14,1
21.65310835838318,37.9,1
23.070579290390015,40.86,1
24.40865731239319,39.97,1
25.810999155044556,41.0,1
27.234545946121216,40.17,1
28.63844871520996,39.28,1
30.060187101364136,39.62,1
31.46135449409485,38.59,1
32.882495403289795,39.24,1
34.29038858413696,40.9,1
35.69551873207092,40.03,1
37.116162061691284,39.17,1
38.51744771003723,39.41,1
39.93373775482178,38.48,1
41.35135865211487,39.14,1
42.75662159919739,40.9,1
44.169577836990356,40.1,1
45.508384227752686,39.1,1
46.91934561729431,39.66,1
48.33799910545349,38.69,1
49.73994588851929,39.14,1
51.163963079452515,38.1,1
52.564709186553955,38.59,1
53.98742604255676,38.97,1
55.3947958946228,40.86,1
56.801549196243286,40.28,1
58.2224497795105,41.07,1
59.62528991699219,40.48,1
61.033921003341675,39.31,1
62.4547221660614,40.86,1
63.85562252998352,40.07,1
65.20005297660828,39.31,1
66.62043786048889,40.83,1
67.95468258857727,40.34,1
69.37085723876953,39.52,1
70.78744459152222,39.48,1
72.1955463886261,40.93,1
73.60300660133362,40.28,1
75.02537512779236,39.31,1
76.36530709266663,40.93,1
77.77912163734436,40.45,1
79.17924475669861,39.41,1
80.59487223625183,40.93,1
81.93713665008545,40.34,1
83.35230231285095,39.52,1
84.76784563064575,41.14,1
86.17258787155151,40.72,1
87.5931568145752,39.62,1
89.00252485275269,38.83,1
90.41560792922974,39.52,1
91.81735372543335,38.66,1
93.22899293899536,41.17,1
94.64873671531677,40.48,1
95.97996926307678,39.55,1
97.39103889465332,38.79,1
98.8154673576355,39.41,1
100.21307420730591,39.69,1
101.63357710838318,41.45,1
103.03771209716797,40.93,1
104.45790123939514,40.21,1
105.8663079738617,39.41,1
107.27152252197266,38.66,1
108.69115543365479,39.14,1
110.09834027290344,41.31,1
111.51669478416443,40.93,1
112.93008756637573,40.0,1
114.33372473716736,39.1,1
115.74237632751465,41.38,1
117.16042876243591,40.69,1
118.56306648254395,39.69,1
119.97359037399292,41.62,1
121.39789414405823,40.97,1
122.81094288825989,39.97,1
124.21949219703674,39.1,1
125.6207709312439,38.79,1
127.04600429534912,39.72,1
128.44832921028137,41.52,1
129.87087512016296,40.66,1
131.27203273773193,39.69,1
132.69372653961182,38.79,1
134.09411787986755,41.31,1
141.39488863945007,3.69,0
142.70955085754395,3.76,0
144.0338432788849,3.69,0
145.36718606948853,3.66,0
146.6744086742401,3.76,0
148.03381371498108,3.79,0
149.3585946559906,3.72,0
150.6830985546112,3.72,0
155.27190399169922,1.1,1
156.69208931922913,8.55,1
158.1038613319397,21.03,1
159.51576590538025,32.03,1
160.85966873168945,35.93,1
162.2653625011444,36.83,1
163.61773204803467,36.83,1
165.02607011795044,39.93,1
166.4289357662201,39.72,1
167.8510720729828,40.1,1
169.2513027191162,40.07,1
170.66313695907593,39.9,1
172.00805521011353,39.9,1
173.42551970481873,39.9,1
174.76202511787415,40.0,1
176.10467624664307,40.14,1
177.44652605056763,40.0,1
178.79091882705688,40.07,1
180.21143674850464,39.9,1
181.6214292049408,40.03,1
182.9633858203888,40.07,1
184.37552571296692,40.1,1
185.7912836074829,40.0,1
187.19499707221985,40.0,1
188.5403003692627,40.0,1
189.87885069847107,39.86,1
191.23471808433533,39.93,1
192.64259815216064,39.76,1
193.98524475097656,39.86,1
195.38995242118835,40.03,1
196.8092005252838,39.93,1
198.22182369232178,40.0,1
199.62427234649658,39.97,1
200.9779920578003,40.0,1
202.38913321495056,40.07,1
203.79859471321106,40.14,1
205.13975548744202,40.24,1
206.55561804771423,40.07,1
207.96097254753113,40.24,1
209.37973809242249,40.1,1
210.7854025363922,40.17,1
212.1971402168274,40.31,1
213.5439097881317,40.1,1
214.94731426239014,40.14,1
216.3656575679779,40.17,1
217.7695333957672,40.21,1
219.18934774398804,40.07,1
220.60346126556396,40.1,1
222.00678181648254,40.14,1
223.42868614196777,40.28,1
224.82828998565674,39.79,1
226.24584889411926,39.52,1
227.65241599082947,39.45,1
229.06214380264282,39.86,1
230.41643357276917,40.07,1
231.82389616966248,40.1,1
233.24195289611816,40.28,1
234.65464568138123,39.62,1
236.0596420764923,39.34,1
237.47707557678223,39.24,1
238.88249564170837,39.07,1
240.28779077529907,39.38,1
241.71260714530945,40.0,1
243.1192078590393,39.86,1
244.52986121177673,39.1,1
245.93850374221802,39.24,1
247.3509738445282,40.0,1
248.7665319442749,39.66,1
250.16692900657654,39.97,1
251.5855782032013,39.97,1
253.0015745162964,39.62,1
254.40750861167908,39.69,1
255.81556034088135,39.86,1
257.2336525917053,40.21,1
258.63686180114746,40.28,1
260.058557510376,39.52,1
261.46392703056335,40.07,1
262.8812692165375,40.0,1
264.297070980072,40.07,1
265.7054874897003,40.1,1
267.11501455307007,39.76,1
268.5289764404297,40.0,1
269.93293285369873,40.0,1
271.35442757606506,40.1,1
272.7622621059418,40.1,1
274.1796238422394,40.0,1
275.5822563171387,40.07,1
276.99964928627014,40.1,1
278.4046792984009,40.14,1
279.8234133720398,40.0,1
287.12759733200073,0.86,0
288.45169734954834,0.69,0
289.774995803833,0.83,0
291.097136259079,0.72,0
292.4035859107971,0.69,0
293.7261893749237,0.72,0
295.0777757167816,0.72,0
296.3882346153259,0.72,0
300.9785716533661,1.55,1
302.3943827152252,1.76,1
303.79637813568115,2.62,1
305.2124812602997,5.28,1
306.6296052932739,8.69,1
308.03326630592346,12.79,1
309.4463450908661,17.17,1
310.8708462715149,21.9,1
312.27485489845276,27.14,1
313.68844079971313,32.31,1
315.1094365119934,37.03,1
316.51664876937866,41.69,1
317.93355536460876,45.55,1
319.334835767746,48.97,1
320.7540817260742,51.69,1
322.09212827682495,54.31,1
323.4467074871063,56.07,1
324.8479950428009,57.38,1
326.26672887802124,58.14,1
327.6745750904083,58.55,1
329.01454758644104,58.41,1
330.43154215812683,58.17,1
331.77044701576233,57.55,1
333.1122741699219,56.76,1
334.53115224838257,55.55,1
335.93953251838684,53.97,1
337.3568034172058,52.0,1
338.7706320285797,49.93,1
340.11132526397705,47.41,1
341.51914715766907,44.76,1
342.86558175086975,42.52,1
344.26809430122375,40.34,1
345.69065284729004,38.21,1
347.095796585083,36.31,1
348.5139081478119,34.52,1
349.9161202907562,33.45,1
351.33078956604004,32.83,1
352.74339842796326,32.41,1
354.090402841568,32.31,1
355.43125462532043,32.07,1
356.8363001346588,32.17,1
358.1808400154114,32.21,1
359.5280909538269,32.28,1
360.9415044784546,32.62,1
362.2868847846985,33.03,1
363.6904230117798,33.72,1
365.0404095649719,34.24,1
366.4543390274048,35.14,1
367.79511404037476,35.79,1
369.2071657180786,36.52,1
370.547536611557,37.41,1
371.8921730518341,38.07,1
373.2238531112671,38.79,1
374.6487693786621,39.62,1
376.0503351688385,40.28,1
377.4734227657318,40.93,1
378.8136818408966,41.48,1
380.1539924144745,42.07,1
381.49438881874084,42.48,1
382.9019265174866,42.93,1
384.32004570961,43.17,1
385.7266390323639,43.79,1
387.14571142196655,43.79,1
388.5504972934723,43.59,1
389.89327096939087,43.76,1
391.3128595352173,43.45,1
392.725355386734,43.62,1
394.1330885887146,43.38,1
395.5415709018707,43.34,1
396.9596469402313,43.17,1
398.36282110214233,42.93,1
399.7772309780121,42.55,1
401.1947138309479,42.14,1
402.5959596633911,41.66,1
404.01216554641724,41.38,1
405.35255551338196,41.03,1
406.7692654132843,40.55,1
408.1884837150574,40.07,1
409.53133177757263,39.66,1
410.9346675872803,39.38,1
412.3537714481354,39.17,1
413.7627520561218,38.9,1
415.1040141582489,38.76,1
416.50616097450256,38.69,1
417.92701506614685,38.48,1
419.32896661758423,38.38,1
420.75193977355957,38.24,1
422.15833806991577,38.21,1
423.56425881385803,38.28,1
424.98648500442505,38.17,1
432.29391264915466,1.69,0
433.6027843952179,1.69,0
434.9195454120636,1.66,0
436.2627685070038,1.69,0
437.5718660354614,1.69,0
438.88843750953674,1.69,0
440.2001209259033,1.62,0
441.5054724216461,1.69,0
442.72004795074463,1.69,0
443.9379777908325,1.69,0
445.1408429145813,1.69,0
446.3950545787811,1.66,0
447.5965209007263,1.69,0
448.81265211105347,1.62,0
450.02581453323364,1.66,0
451.23948526382446,1.69,0
452.4462730884552,1.66,0
453.6564872264862,1.66,0
454.85987615585327,1.66,0
456.10709381103516,1.69,0
457.31745648384094,1.72,0
458.5308213233948,1.69,0
459.7558991909027,1.69,0
