1.1090025901794434,-1.83,0
2.348212957382202,-1.83,0
3.556023120880127,-1.76,0
4.75167989730835,-1.86,0
9.326336145401001,1.66,1
10.743345022201538,-0.52,1
12.144885778427124,-0.59,1
13.568367004394531,0.97,1
14.98102593421936,1.31,1
16.3798406124115,3.17,1
17.728054761886597,2.97,1
19.07923197746277,3.76,1
20.493711233139038,3.52,1
21.90580153465271,4.28,1
23.318737745285034,4.28,1
24.6534640789032,3.9,1
26.073591709136963,4.38,1
27.48653554916382,4.34,1
28.89857840538025,4.66,1
30.311415672302246,4.14,1
31.723984003067017,4.24,1
33.130558490753174,2.86,1
34.54996180534363,3.72,1
35.96336364746094,3.62,1
37.376490116119385,6.0,1
38.788209438323975,5.34,1
40.19769096374512,5.14,1
41.61352324485779,4.28,1
43.02525472640991,4.03,1
44.43840193748474,5.21,1
45.84533667564392,5.48,1
47.26447820663452,7.79,1
48.67799973487854,6.1,1
50.09068942070007,6.0,1
51.5036256313324,5.83,1
52.911702156066895,5.62,1
54.328126668930054,5.86,1
55.7401762008667,6.07,1
57.15292978286743,5.86,1
58.564372539520264,5.72,1
59.964869022369385,4.9,1
61.39193630218506,3.59,1
62.804959774017334,4.41,1
64.2180106639862,3.55,1
65.56230664253235,3.66,1
66.90603041648865,3.38,1
68.31815123558044,4.45,1
69.66187143325806,4.21,1
71.06519317626953,4.41,1
72.41860961914062,4.41,1
73.76314902305603,4.41,1
75.09953927993774,4.66,1
76.51941537857056,4.93,1
77.93013882637024,4.83,1
79.34621405601501,5.72,1
80.68194818496704,5.79,1
82.10158443450928,5.69,1
83.43244576454163,5.45,1
84.84926915168762,5.31,1
86.2024199962616,5.31,1
87.61560988426208,5.45,1
88.96231198310852,5.45,1
90.36449766159058,5.55,1
91.7168915271759,5.45,1
93.12974882125854,5.21,1
94.46711087226868,4.93,1
95.882155418396,4.9,1
97.29843282699585,4.76,1
98.7110915184021,4.93,1
100.1241524219513,4.79,1
101.53053832054138,4.93,1
102.95186233520508,4.59,1
104.36455202102661,5.03,1
105.77563548088074,4.79,1
113.08368611335754,-1.72,0
114.38405466079712,-1.76,0
115.71824836730957,-1.83,0
117.03175759315491,-1.79,0
118.34272527694702,-1.83,0
119.69720602035522,-1.83,0
121.01442170143127,-1.93,0
122.33223867416382,-1.93,0
126.92132496833801,2.17,1
128.3315930366516,1.83,1
129.74931263923645,2.59,1
131.1611328125,5.48,1
132.56456422805786,5.9,1
133.98352885246277,8.79,1
135.39761352539062,8.83,1
136.80992245674133,8.83,1
138.22233319282532,8.66,1
139.6329083442688,8.72,1
141.0497224330902,9.1,1
142.4518415927887,9.38,1
143.86743235588074,9.34,1
145.28123116493225,9.17,1
146.69973182678223,11.62,1
148.11164617538452,11.97,1
149.52370715141296,10.59,1
150.9368724822998,10.86,1
152.3504023551941,10.76,1
153.74897408485413,10.79,1
155.1698775291443,10.69,1
156.5899248123169,10.52,1
158.0019567012787,10.45,1
159.41406273841858,10.52,1
160.82607221603394,9.66,1
162.23270750045776,10.0,1
163.648939371109,9.97,1
165.06542539596558,10.03,1
166.40822553634644,9.62,1
167.74852967262268,9.72,1
169.16678667068481,9.28,1
170.50934553146362,9.03,1
171.92139983177185,9.24,1
173.33445024490356,8.97,1
174.73310804367065,9.1,1
176.1605441570282,9.14,1
177.57356715202332,9.17,1
178.91734528541565,9.24,1
180.3286726474762,9.62,1
181.7427146434784,9.55,1
183.15574145317078,9.83,1
184.56868195533752,11.21,1
185.98187947273254,11.55,1
187.38619375228882,10.38,1
188.80120611190796,10.41,1
190.1504511833191,10.34,1
191.56548976898193,10.31,1
192.96853756904602,10.0,1
194.39109754562378,10.07,1
195.8033242225647,9.66,1
197.2150104045868,10.1,1
198.62747955322266,10.1,1
200.03399658203125,10.14,1
201.45228362083435,9.86,1
202.8661711215973,9.86,1
204.27840328216553,9.79,1
205.69083714485168,9.79,1
212.98646998405457,-1.48,0
214.3367371559143,-1.48,0
215.63449501991272,-1.59,0
216.957825422287,-1.69,0
218.26815533638,-1.76,0
219.57270646095276,-1.72,0
220.88725805282593,-1.76,0
222.18604111671448,-1.66,0
226.80125212669373,3.0,1
228.21715331077576,3.59,1
229.57064199447632,5.9,1
230.98737359046936,9.66,1
232.40071821212769,11.9,1
233.81335401535034,12.38,1
235.22638082504272,12.07,1
236.63383984565735,12.59,1
238.05221247673035,13.0,1
239.46344995498657,13.45,1
240.87061643600464,13.97,1
242.28860926628113,14.24,1
243.7014787197113,15.72,1
245.1147277355194,15.52,1
246.5209789276123,15.55,1
247.94082045555115,14.48,1
249.3512008190155,14.07,1
250.76654648780823,14.17,1
252.1779272556305,14.48,1
253.58985924720764,14.45,1
255.00201296806335,14.52,1
256.4047977924347,14.45,1
257.8281099796295,14.21,1
259.2412476539612,14.48,1
260.65518856048584,14.48,1
262.0678024291992,14.72,1
263.4802670478821,14.79,1
264.8882348537445,14.41,1
266.3046610355377,14.55,1
267.70564103126526,14.52,1
269.12944054603577,14.38,1
270.5425009727478,14.1,1
271.95554184913635,17.28,1
273.36959743499756,16.1,1
274.7826364040375,15.55,1
276.1946756839752,16.76,1
277.60675835609436,15.34,1
279.0194432735443,14.9,1
280.4305636882782,15.14,1
281.8389401435852,14.83,1
283.25688886642456,14.93,1
284.6711883544922,14.69,1
286.0839653015137,15.24,1
287.4893262386322,14.62,1
288.90564036369324,14.9,1
290.3215696811676,14.69,1
291.7333149909973,14.79,1
293.1387085914612,14.38,1
294.5580451488495,14.41,1
295.97159457206726,16.62,1
297.38592982292175,16.48,1
298.7887282371521,16.9,1
300.21142196655273,16.17,1
301.6234655380249,16.97,1
303.03586626052856,16.31,1
304.43993306159973,16.76,1
311.7558810710907,-1.24,0
313.07783460617065,-1.45,0
314.3875951766968,-1.48,0
315.7248456478119,-1.59,0
317.07336688041687,-1.59,0
318.389044046402,-1.76,0
319.7080490589142,-1.69,0
321.00695061683655,-1.62,0
325.6068186759949,4.24,1
327.0242781639099,5.03,1
328.35727047920227,6.76,1
329.77171444892883,9.97,1
331.19438076019287,13.48,1
332.606648683548,16.14,1
333.9516553878784,16.79,1
335.3569576740265,15.97,1
336.70788955688477,17.17,1
338.1217694282532,19.69,1
339.46239852905273,18.72,1
340.8109452724457,20.24,1
342.2237708568573,19.83,1
343.5667791366577,19.31,1
344.9120237827301,19.52,1
346.3215010166168,19.93,1
347.66793394088745,19.59,1
349.00735807418823,19.76,1
350.3563313484192,19.76,1
351.6917269229889,19.52,1
353.0413010120392,19.69,1
354.4556088447571,19.76,1
355.8011751174927,19.31,1
357.13874197006226,19.48,1
358.4887933731079,19.62,1
359.832439661026,19.21,1
361.1757662296295,22.59,1
362.59026408195496,21.45,1
363.9220929145813,20.55,1
365.27479004859924,20.79,1
366.68900632858276,21.21,1
368.10255312919617,20.86,1
369.4438941478729,20.34,1
370.7913706302643,20.72,1
372.13568139076233,20.69,1
373.5398499965668,20.14,1
374.8915615081787,20.38,1
376.2366421222687,20.48,1
377.5808663368225,19.76,1
378.99190044403076,19.83,1
380.33695363998413,19.97,1
381.74024271965027,19.66,1
383.0904026031494,19.83,1
384.5077760219574,19.38,1
385.85112285614014,20.9,1
387.2567138671875,20.34,1
388.6750729084015,20.66,1
390.0202615261078,21.14,1
391.4333028793335,20.62,1
392.84008741378784,19.31,1
394.25707960128784,19.21,1
395.6704351902008,20.79,1
397.08240509033203,19.48,1
398.49451661109924,19.48,1
399.90683484077454,19.69,1
401.3083727359772,20.83,1
402.7337989807129,20.1,1
404.07540369033813,20.34,1
405.4217224121094,20.52,1
406.8347718715668,20.41,1
414.14129185676575,-0.86,0
415.48904275894165,-1.1,0
416.7929985523224,-1.17,0
418.10837602615356,-1.28,0
419.41418194770813,-1.34,0
420.7282204627991,-1.48,0
422.04003143310547,-1.45,0
423.3404631614685,-1.55,0
427.94159483909607,5.45,1
429.34150075912476,6.86,1
430.69866275787354,11.69,1
432.11072278022766,15.17,1
433.5226299762726,17.72,1
434.9356677532196,20.66,1
436.280864238739,20.03,1
437.6931085586548,22.55,1
439.09219694137573,22.38,1
440.5097224712372,22.72,1
441.92888736724854,22.66,1
443.34249091148376,23.38,1
444.676899433136,22.9,1
446.09396982192993,23.48,1
447.5108046531677,24.17,1
448.9231071472168,26.31,1
450.32662534713745,26.41,1
451.7417929172516,24.97,1
453.1613504886627,25.03,1
454.5749201774597,25.17,1
455.9746103286743,25.07,1
457.4012978076935,26.62,1
458.81340169906616,26.76,1
460.22549700737,25.31,1
461.63752126693726,25.07,1
463.04955101013184,24.76,1
464.46207308769226,24.38,1
465.87598848342896,24.38,1
467.2896649837494,24.28,1
468.7028560638428,24.31,1
470.11575651168823,24.55,1
471.52781915664673,24.55,1
472.9398605823517,24.72,1
474.35189294815063,25.0,1
475.759663105011,26.93,1
477.10879588127136,26.38,1
478.5121440887451,25.07,1
479.9340810775757,24.83,1
481.34626030921936,24.41,1
482.75841641426086,24.41,1
484.10121965408325,24.38,1
485.5124092102051,24.41,1
486.9292948246002,26.31,1
488.32886266708374,26.62,1
489.75340247154236,26.72,1
491.1619954109192,25.07,1
492.57812666893005,25.0,1
493.97911167144775,25.21,1
495.33456540107727,24.97,1
496.67928314208984,26.72,1
498.0926818847656,26.62,1
499.49580931663513,25.03,1
500.91874051094055,24.97,1
502.33171224594116,24.66,1
503.74318408966064,24.52,1
505.1558735370636,24.48,1
506.5608093738556,24.38,1
507.978577375412,24.34,1
509.3250002861023,24.45,1
510.73798632621765,26.45,1
512.1459386348724,26.93,1
519.4488520622253,-0.1,0
520.7993795871735,-0.17,0
522.1141815185547,-0.21,0
523.4224474430084,-0.28,0
524.736496925354,-0.34,0
526.0486509799957,-0.45,0
527.363228559494,-0.48,0
528.6672201156616,-0.48,0
533.2978956699371,5.34,1
534.7134327888489,8.79,1
536.1328368186951,14.03,1
537.545168876648,20.34,1
538.9448728561401,23.31,1
540.3641741275787,23.0,1
541.7840297222137,24.48,1
543.197448015213,24.93,1
544.5968198776245,27.79,1
545.9534723758698,27.48,1
547.3644416332245,27.31,1
548.7787466049194,27.83,1
550.1802418231964,30.17,1
551.6063373088837,30.03,1
553.0193777084351,29.76,1
554.4315133094788,30.07,1
555.8433969020844,29.76,1
557.2564761638641,29.66,1
558.6637761592865,29.97,1
560.0817513465881,29.41,1
561.4942934513092,29.86,1
562.8952264785767,29.86,1
564.3207280635834,29.41,1
565.6644313335419,29.41,1
567.0627090930939,29.66,1
568.4897902011871,29.69,1
569.8993558883667,29.34,1
571.3159477710724,30.03,1
572.7293663024902,29.45,1
574.1420230865479,29.52,1
575.546035528183,29.69,1
576.9671249389648,29.59,1
578.379029750824,32.14,1
579.791207075119,31.03,1
581.1959187984467,30.72,1
582.6173026561737,30.93,1
584.0300140380859,30.93,1
585.443395614624,30.52,1
586.8564412593842,30.62,1
588.2694656848907,30.31,1
589.6815304756165,30.0,1
591.0938866138458,30.07,1
592.5056176185608,29.83,1
593.9185025691986,29.59,1
595.331693649292,29.76,1
596.7452836036682,29.97,1
598.1579041481018,29.55,1
599.563814163208,29.9,1
600.9838738441467,29.72,1
602.395984172821,29.48,1
603.7987685203552,29.76,1
605.2200012207031,29.55,1
606.63258934021,29.59,1
608.0460357666016,29.86,1
609.4583313465118,29.72,1
610.8638763427734,29.41,1
612.286235332489,29.48,1
613.6986236572266,29.93,1
615.1087877750397,29.52,1
616.5152089595795,29.86,1
617.9339501857758,29.93,1
625.2996952533722,-0.48,0
626.6216125488281,-0.52,0
627.9427297115326,-0.59,0
629.2669968605042,-0.59,0
630.5878129005432,-0.76,0
631.9135859012604,-0.69,0
633.2322173118591,-0.69,0
634.5816535949707,-0.76,0
639.1798377037048,21.76,1
640.5905363559723,235.28,1
642.0003118515015,323.07,1
643.4163281917572,336.1,1
644.8166968822479,335.62,1
646.2413065433502,335.24,1
647.5839793682098,334.55,1
648.9943749904633,333.03,1
650.3384275436401,332.76,1
651.7507672309875,332.38,1
653.0926470756531,332.34,1
654.4365384578705,332.45,1
655.7786071300507,331.93,1
657.1840269565582,332.14,1
658.6008789539337,332.38,1
660.0137786865234,331.59,1
661.4257893562317,326.59,1
662.8378102779388,330.86,1
664.1676073074341,329.69,1
665.586354970932,329.1,1
666.934942483902,329.59,1
668.3337073326111,329.62,1
669.7590687274933,329.97,1
671.1660439968109,330.24,1
672.5156826972961,329.9,1
673.9213018417358,330.72,1
675.3392214775085,330.17,1
676.7511875629425,330.17,1
678.1639935970306,330.03,1
679.5653183460236,329.34,1
680.9862186908722,328.07,1
682.3980927467346,327.97,1
683.8084127902985,327.45,1
685.2162337303162,326.07,1
686.6321773529053,326.34,1
688.0423803329468,326.17,1
689.4546654224396,325.45,1
690.8668086528778,325.31,1
692.2014448642731,325.45,1
693.6162109375,325.9,1
695.0190994739532,325.86,1
696.4417834281921,316.48,1
697.8521683216095,300.34,1
699.1969759464264,277.66,1
700.6090042591095,774.41,1
