1.1087336540222168,8.41
2.321488857269287,8.48
3.5600929260253906,8.45
4.763577222824097,8.45
9.338143587112427,1.76
10.74996042251587,1.72
12.163012981414795,1.69
13.573348999023438,11.83
14.98621392250061,16.21
16.397696495056152,17.31
17.808724403381348,19.79
19.15796947479248,20.34
20.567923069000244,20.03
21.91656231880188,19.83
23.32329535484314,20.07
24.731469869613647,20.0
26.143396377563477,20.24
27.558756589889526,19.97
28.967808485031128,19.9
30.383326530456543,19.86
31.79637384414673,19.9
33.21099328994751,19.97
34.626277923583984,19.9
35.97087383270264,19.97
37.37770342826843,20.0
38.78151345252991,20.0
40.20764684677124,19.86
41.61795115470886,19.69
43.02000117301941,19.76
44.43324828147888,19.83
45.84911561012268,19.86
47.26035284996033,19.83
48.66708326339722,21.03
50.024402141571045,21.28
51.43167757987976,20.97
52.845972537994385,20.48
54.254589319229126,20.07
55.66597604751587,19.66
57.080660820007324,19.24
58.495084047317505,18.97
59.907331466674805,19.59
61.31633949279785,19.76
62.72994923591614,19.79
64.1391053199768,19.83
65.5443685054779,20.93
66.9708080291748,21.34
68.36930584907532,20.86
69.78687262535095,20.45
71.19674372673035,20.07
72.61051535606384,19.59
74.02459979057312,19.28
75.43481755256653,18.9
76.85338973999023,20.21
78.25654816627502,19.9
79.67081356048584,19.9
81.08125042915344,19.83
82.50347304344177,19.93
83.91569066047668,19.9
85.32610130310059,19.86
86.72623324394226,19.97
88.14105296134949,19.93
89.49129796028137,19.79
90.89344310760498,19.79
92.30898571014404,19.79
93.72684597969055,19.9
95.12581372261047,19.69
96.54326248168945,19.72
97.95268511772156,19.83
99.36720442771912,19.86
100.78372240066528,19.79
102.20278668403625,19.83
103.60600733757019,19.66
105.02763080596924,19.76
106.42667889595032,20.0
107.84142136573792,19.79
109.25742101669312,19.79
110.67622208595276,19.86
112.07307076454163,19.79
113.49913167953491,19.69
114.90561985969543,19.83
116.3189947605133,19.76
117.73161554336548,19.62
119.15005826950073,20.07
120.55920219421387,20.17
121.96934413909912,20.0
123.38110089302063,19.97
124.79189920425415,20.24
126.20524883270264,20.03
127.62122178077698,19.9
129.02589225769043,19.72
130.44415402412415,19.9
131.85378551483154,19.83
133.26439261436462,19.76
140.5552773475647,1.59
141.86845302581787,1.62
143.18376183509827,1.55
144.50410842895508,1.55
145.81668519973755,1.62
147.1417601108551,1.62
148.45238852500916,1.62
149.8070969581604,1.59
154.38225173950195,8.34
155.7923548221588,8.28
157.2013680934906,10.48
158.61363911628723,13.28
160.02707743644714,16.83
161.44600629806519,20.97
162.7848289012909,25.24
164.19192600250244,29.83
165.54601764678955,33.86
166.95990085601807,38.21
168.2994647026062,41.9
169.71023321151733,45.48
171.0567421913147,48.72
172.4599826335907,51.55
173.81062984466553,54.28
175.22391629219055,56.55
176.5674204826355,58.34
177.98015975952148,60.21
179.38221859931946,61.59
180.73602747917175,62.38
182.07807683944702,62.83
183.47667479515076,63.41
184.8333420753479,63.31
186.23928141593933,63.07
187.6511836051941,63.03
189.06313920021057,62.66
190.47472620010376,62.0
191.89141607284546,61.07
193.2913498878479,59.86
194.70909810066223,58.79
196.1252977848053,57.45
197.53966331481934,56.07
198.8828616142273,54.93
200.28852772712708,53.62
201.6374192237854,52.45
203.04117441177368,51.28
204.452463388443,50.14
205.86815190315247,49.17
207.2829988002777,48.28
208.68409991264343,47.55
210.1083767414093,46.86
211.50512719154358,46.17
212.85897612571716,45.9
214.26989316940308,45.48
215.68477487564087,45.24
217.08587956428528,45.31
218.50465488433838,45.24
219.91643953323364,45.17
221.33267998695374,45.0
222.74336862564087,45.07
224.08512449264526,45.31
225.49799609184265,45.34
226.89674711227417,45.72
228.32226872444153,46.21
229.7280740737915,46.52
231.13752627372742,46.83
232.55241870880127,47.55
233.90038084983826,47.93
235.3142604827881,48.34
236.72223901748657,48.69
238.12512063980103,49.17
239.5368688106537,49.55
240.95059776306152,50.1
242.36124420166016,50.34
243.77287077903748,50.62
245.18658208847046,50.83
246.60845375061035,51.1
248.0151572227478,51.31
249.42580389976501,51.34
250.8340117931366,51.41
252.24150347709656,51.48
253.6545226573944,51.38
255.0707323551178,51.1
256.48894596099854,51.21
257.9025001525879,51.1
259.30321073532104,50.86
260.71549916267395,50.69
262.1238217353821,50.72
263.54200434684753,50.83
264.95569610595703,50.69
266.36019945144653,50.59
267.77181220054626,50.62
269.1812162399292,50.62
270.60139060020447,50.28
272.00408816337585,50.17
273.4233603477478,50.31
274.8373372554779,50.14
276.2529766559601,50.03
277.659366607666,50.07
279.0634882450104,49.79
286.36756014823914,8.24
287.7268240451813,8.28
289.03237295150757,8.24
290.3446924686432,8.34
291.66042852401733,8.28
292.97039246559143,8.41
294.2811281681061,8.38
295.6003887653351,8.31
296.9122347831726,8.38
298.26528239250183,8.31
299.5739641189575,8.31
300.89773392677307,8.31
302.215539932251,8.34
303.53227519989014,8.34
304.8424208164215,8.31
306.15847969055176,8.38
310.77702832221985,1.55
312.17950081825256,1.59
313.59171867370605,14.9
315.0046715736389,24.34
316.4237787723541,29.52
317.8404061794281,32.41
319.2527606487274,35.69
320.59681463241577,36.48
321.9987881183624,37.24
323.3504054546356,37.17
324.68694376945496,37.07
326.0925269126892,39.17
327.4466755390167,39.69
328.7883825302124,39.62
330.1325285434723,39.48
331.47811913490295,39.48
332.81584644317627,39.31
334.22480821609497,39.45
335.57487297058105,39.55
336.9838628768921,39.52
338.3240237236023,39.52
339.7415523529053,39.52
341.07739448547363,39.38
342.48807311058044,39.69
343.8403820991516,39.52
345.25155806541443,39.45
346.5930712223053,39.55
347.9344735145569,39.48
349.2746515274048,39.55
350.61897253990173,39.45
351.9692521095276,41.38
353.30563592910767,41.1
354.65347623825073,40.52
356.05438923835754,39.76
357.40855288505554,39.48
358.74890542030334,39.45
360.08871936798096,39.48
361.4365704059601,39.34
362.77918672561646,40.21
364.184960603714,39.55
365.53645730018616,41.52
366.9480092525482,41.07
368.35985112190247,40.41
369.69887137413025,39.76
371.0479712486267,39.52
372.3885130882263,39.55
373.7281448841095,39.45
375.1460711956024,39.66
376.4838979244232,39.79
377.8908848762512,39.59
379.24083185195923,39.83
380.6415505409241,41.1
381.9931824207306,40.45
383.40731549263,39.76
384.81626772880554,39.55
386.22175908088684,39.72
387.6344347000122,39.62
389.0453896522522,39.69
390.39586091041565,39.79
391.80828881263733,41.0
399.09983944892883,1.17
400.40326142311096,1.21
401.7044777870178,1.17
403.0151674747467,1.24
404.35432028770447,1.28
405.6653859615326,1.14
406.96402168273926,1.1
408.27178049087524,1.1
409.5856029987335,1.21
410.9015443325043,1.17
412.20674180984497,1.1
413.51289987564087,1.24
414.8118453025818,1.17
416.1644239425659,1.14
417.47448992729187,1.07
418.7865557670593,1.1
423.34854555130005,1.48
424.7626578807831,1.52
426.10133838653564,1.55
427.446825504303,1.52
428.7956795692444,12.62
430.2083697319031,18.24
431.5515818595886,19.07
432.96374702453613,20.76
434.30938363075256,21.14
435.65163588523865,20.93
437.06151962280273,20.59
438.4087874889374,20.24
439.81866550445557,19.93
441.3689694404602,19.55
442.91031408309937,19.14
444.3988788127899,18.9
445.8081729412079,19.93
447.15585470199585,19.83
448.5688638687134,19.62
450.05225110054016,21.21
451.5266602039337,21.1
452.9420053958893,20.69
454.35534286499023,20.31
455.696968793869,19.97
457.0363676548004,19.66
458.3808259963989,19.17
459.72978138923645,18.83
461.073548078537,18.59
462.41337156295776,20.17
463.7594769001007,19.76
465.17332458496094,19.52
466.579243183136,20.9
467.9265739917755,20.66
469.2669060230255,20.28
470.609361410141,19.97
472.01756143569946,19.45
473.3673961162567,20.66
474.77866673469543,20.41
476.1912724971771,20.07
477.6046893596649,19.69
479.0102880001068,19.83
480.35745215415955,19.9
481.70182943344116,19.48
483.1091754436493,19.97
484.5238244533539,19.59
485.9294910430908,19.97
487.3422529697418,19.72
488.76182556152344,19.28
490.1653594970703,19.21
491.57746958732605,19.34
492.92755937576294,19.28
494.3325092792511,19.14
495.74499559402466,19.21
497.16073846817017,20.66
498.5735354423523,20.38
499.9733474254608,19.97
501.3879427909851,19.59
502.7974638938904,19.21
504.216979265213,20.45
505.62929010391235,20.34
507.0405921936035,20.0
508.4504141807556,19.66
509.86718344688416,19.31
511.28178191185,19.34
512.6876609325409,19.31
514.1014068126678,19.48
515.5119724273682,20.97
516.9276661872864,20.97
518.2710294723511,20.55
519.6705830097198,20.07
521.0956597328186,19.79
522.5092861652374,19.45
523.9135336875916,20.52
525.3249912261963,20.76
526.7388381958008,20.38
528.1513235569,20.0
529.5612823963165,19.62
530.985151052475,19.21
532.39501953125,19.38
533.8060069084167,19.17
535.2177426815033,19.21
536.6215641498566,19.38
538.0398511886597,21.62
539.4450829029083,21.59
540.7958478927612,21.14
542.2047719955444,20.76
543.6195254325867,20.34
545.0340068340302,20.03
546.4394364356995,19.66
547.8565490245819,19.79
549.2628996372223,20.14
556.5664486885071,1.34
557.8773901462555,1.17
559.1916921138763,1.17
560.4996402263641,1.21
561.8471245765686,1.21
563.1580834388733,1.24
564.4723391532898,1.21
565.7885060310364,1.17
570.3639061450958,1.72
571.769193649292,23.38
573.1794834136963,44.83
574.5973269939423,60.52
575.9985918998718,70.41
577.4232127666473,77.48
578.8349621295929,81.97
580.2444016933441,86.66
581.6543853282928,90.97
583.0667312145233,92.03
584.4790089130402,93.9
585.8937244415283,96.17
587.3059611320496,96.69
588.7066707611084,98.03
590.1171617507935,98.55
591.5405430793762,98.17
592.9520490169525,98.41
594.3526477813721,98.07
595.7670929431915,98.38
597.1763331890106,98.72
598.6006290912628,98.45
599.9986536502838,99.28
601.4252834320068,99.55
602.8232400417328,99.9
604.2485883235931,98.79
605.6474788188934,99.9
607.0586309432983,100.79
608.470291852951,99.28
609.8803751468658,101.21
611.2897026538849,100.76
612.7061536312103,99.62
620.0130546092987,1.52
621.3310832977295,1.31
622.6521747112274,1.48
624.0107750892639,1.48
625.3215484619141,1.48
626.6458878517151,1.55
627.9612061977386,1.62
629.2831919193268,1.52
