1.1085741519927979,-1.72,0
2.34322190284729,-24.45,0
3.5501492023468018,-11.93,0
4.750175952911377,-0.28,0
5.951203346252441,-2.55,0
7.155119895935059,-3.24,0
8.352080821990967,0.52,0
9.567055702209473,-0.38,0
10.764222860336304,-3.1,0
12.009835481643677,-1.1,0
16.60745358467102,392.1,1
17.961477041244507,177.93,1
19.305098056793213,142.83,1
20.717539072036743,132.1,1
22.119322538375854,131.31,1
23.53729557991028,130.38,1
24.876103401184082,130.69,1
26.280739068984985,131.24,1
27.63817572593689,124.45,1
29.050302743911743,115.17,1
