1.1053798198699951,-2.0,0
2.35201096534729,-1.97,0
3.5621132850646973,-2.03,0
4.76557993888855,-2.03,0
5.979691743850708,-2.03,0
7.202436447143555,-2.03,0
8.406769275665283,-2.0,0
9.60422658920288,-2.0,0
14.189061641693115,330.17,1
15.613605499267578,298.34,1
17.025766611099243,301.17,1
18.438493967056274,-31.24,1
19.850131034851074,303.34,1
21.261322021484375,251.1,1
22.674325942993164,197.21,1
24.08663320541382,153.07,1
25.49823546409607,116.76,1
26.91035509109497,89.9,1
28.32241129875183,70.14,1
29.734501361846924,53.76,1
31.145455598831177,43.17,1
32.55709099769592,36.72,1
33.90125322341919,25.0,1
35.30579376220703,22.83,1
36.7269127368927,17.97,1
38.14035964012146,15.24,1
39.553513050079346,12.59,1
40.964797019958496,9.79,1
42.37147641181946,9.69,1
43.78887915611267,6.45,1
