1.115201473236084,-0.72
2.3562183380126953,-0.59
3.5651607513427734,-0.59
4.775452136993408,-0.72
5.981205463409424,-0.62
7.188458204269409,-0.62
9.951666116714478,390.52
11.37734603881836,507.07
12.788401126861572,267.14
14.199424266815186,93.03
15.605162143707275,30.9
17.008965253829956,9.93
18.362282514572144,10.62
19.70687961578369,17.17
21.103973627090454,25.28
22.519672870635986,29.55
23.930575370788574,30.24
25.354635000228882,30.79
29.049447298049927,-2.14
30.3506977558136,-2.34
31.668572902679443,-2.45
32.99101114273071,-2.52
34.29512119293213,-2.52
35.60407209396362,-2.55
36.92439007759094,-2.62
38.25368690490723,-2.72
39.558632612228394,-2.66
40.853413820266724,-2.76
42.17471098899841,-2.69
43.47966384887695,-2.79
44.790743350982666,-2.69
46.084352254867554,-2.69
47.403801918029785,-2.69
48.73408031463623,-2.76
51.49783110618591,466.03
52.919981241226196,492.72
54.32568287849426,175.34
55.74134135246277,45.69
57.15254831314087,14.69
58.56209659576416,6.86
59.97002816200256,2.9
61.39074993133545,1.59
62.7923743724823,2.69
64.21350836753845,8.86
65.55085611343384,10.79
66.96784973144531,11.86
68.29917001724243,11.93
69.65464043617249,10.31
71.06892800331116,9.52
72.40793204307556,6.24
73.75558924674988,10.17
75.08991742134094,9.59
76.43787097930908,8.41
77.84369349479675,13.03
81.53577518463135,1.1
82.83525729179382,-0.03
84.17931771278381,-0.79
85.48457193374634,-1.14
86.80142641067505,-1.41
88.10903596878052,-1.45
89.41080641746521,-1.66
90.71768593788147,-1.72
92.02736783027649,-1.79
93.37906765937805,-1.86
94.68483996391296,-1.86
95.98442697525024,-1.86
97.3047935962677,-1.83
98.61224603652954,-1.83
99.94128918647766,-1.9
101.25565028190613,-1.93
104.03198432922363,9.52
105.45002388954163,15.17
106.85830688476562,19.45
108.19635486602783,20.86
109.62246870994568,21.1
110.9649600982666,18.9
112.3746120929718,20.59
113.78926515579224,20.93
115.1907742023468,18.38
116.60656523704529,19.66
118.02503538131714,19.45
119.43773245811462,19.69
120.84791874885559,19.62
122.25980734825134,19.59
123.6744647026062,19.52
125.16159057617188,19.41
126.57252478599548,19.38
127.98139762878418,19.79
129.38505601882935,19.93
130.80802750587463,21.28
132.20902180671692,19.59
133.61970806121826,18.97
135.04309368133545,20.93
136.45052027702332,19.17
137.87145495414734,19.59
139.27830266952515,21.17
140.68726634979248,17.83
142.10953998565674,20.34
143.51136994361877,20.9
144.92773580551147,18.59
146.34442591667175,20.28
147.7586441040039,20.62
149.1587598323822,20.45
150.57340168952942,18.21
151.99640893936157,20.07
153.40444540977478,20.03
154.8163161277771,20.34
156.2325472831726,20.34
157.63976526260376,20.1
159.05287909507751,19.93
160.46034121513367,19.93
161.87818002700806,19.48
163.28338980674744,19.31
164.62842392921448,19.1
166.04336786270142,18.62
167.37843537330627,20.41
168.78918647766113,18.55
170.20574355125427,19.28
171.54842019081116,20.69
172.88606452941895,20.93
174.23394536972046,20.17
175.58370876312256,20.45
176.92619609832764,17.83
178.27094984054565,19.62
179.68195486068726,19.72
181.01974272727966,19.52
182.3605716228485,19.38
183.7796642780304,18.69
185.12394046783447,20.41
186.46719694137573,18.34
187.80525732040405,18.83
189.139812707901,16.62
190.48854851722717,18.52
191.90673732757568,20.24
193.24670457839966,20.66
194.66280341148376,21.31
195.99984502792358,21.9
197.4018907546997,19.86
201.1011197566986,-0.24
202.4169590473175,-0.45
203.73007106781006,-0.48
205.08061528205872,-0.55
206.38213539123535,-0.62
207.68259167671204,-0.69
208.98506569862366,-0.66
210.30481219291687,-0.72
213.06467986106873,375.9
214.4162561893463,509.07
215.75653553009033,395.17
217.17220854759216,167.14
218.51626229286194,60.17
222.22606587409973,-3.0
223.52396845817566,-3.03
224.83230686187744,-3.14
226.17085552215576,-3.17
227.4666759967804,-3.17
228.8086338043213,-3.17
230.11155605316162,-3.21
231.41982674598694,-3.21
