1.1179609298706055,-2.14,0
2.3574187755584717,-2.17,0
3.5636041164398193,-2.14,0
4.76346755027771,-2.24,0
9.345797300338745,-3.52,1
10.75779938697815,-1.83,1
12.156550884246826,-0.79,1
13.578007698059082,23.97,1
14.91506052017212,31.07,1
16.326857566833496,37.28,1
17.682023286819458,39.0,1
19.01943278312683,39.31,1
20.366792917251587,49.55,1
21.784406423568726,42.07,1
23.118129014968872,36.55,1
24.5376079082489,48.03,1
25.949677228927612,56.48,1
27.35714864730835,55.45,1
28.76101064682007,52.76,1
30.176676750183105,51.28,1
31.59114098548889,49.24,1
33.006369829177856,44.72,1
34.34125638008118,51.34,1
35.69190502166748,53.24,1
37.02605056762695,50.28,1
38.43345785140991,48.17,1
39.78776931762695,46.76,1
41.12137985229492,44.31,1
42.47463321685791,49.66,1
43.81360220909119,48.9,1
45.15699338912964,47.41,1
46.564985275268555,50.24,1
47.909302711486816,54.83,1
49.32238960266113,53.52,1
50.65877103805542,50.48,1
52.00562381744385,44.83,1
53.41344881057739,50.93,1
54.83586764335632,47.24,1
56.238147020339966,45.1,1
57.65003991127014,47.03,1
59.07047986984253,50.31,1
60.48127603530884,49.86,1
61.88396859169006,45.38,1
63.302175760269165,44.45,1
64.70756816864014,49.07,1
66.06198453903198,50.28,1
73.36797213554382,-2.52,0
74.65128970146179,-2.31,0
75.99755883216858,-2.14,0
77.29601049423218,-2.1,0
78.59753179550171,-2.17,0
79.90165710449219,-2.14,0
81.21246647834778,-2.03,0
82.52945303916931,-2.17,0
87.13005995750427,-9.62,1
88.472496509552,-1.52,1
89.88207268714905,25.93,1
91.29488968849182,52.14,1
92.6404139995575,62.69,1
94.0536196231842,66.69,1
95.4609797000885,73.69,1
96.87126731872559,80.76,1
98.21648907661438,83.41,1
99.62936067581177,87.55,1
101.03155660629272,81.69,1
102.3827428817749,87.45,1
103.72283363342285,87.72,1
105.13013339042664,82.0,1
106.54263067245483,87.72,1
107.89052534103394,85.83,1
109.30243039131165,86.31,1
110.71868538856506,86.41,1
112.13077998161316,91.48,1
113.53853607177734,90.83,1
114.88348007202148,90.28,1
116.29970836639404,90.93,1
117.71184158325195,92.45,1
119.0486056804657,86.79,1
120.45124745368958,88.52,1
121.86818408966064,86.45,1
123.21955013275146,88.24,1
124.63208365440369,90.14,1
126.03301501274109,88.0,1
127.44889235496521,85.97,1
128.86533641815186,87.76,1
130.26389336585999,88.97,1
131.61450028419495,89.41,1
133.02431392669678,84.83,1
134.3750548362732,87.69,1
135.7817828655243,83.59,1
137.12819075584412,85.38,1
138.53368663787842,87.97,1
139.94308519363403,89.52,1
141.36004900932312,87.66,1
142.76534628868103,85.45,1
144.17822313308716,88.83,1
145.58959889411926,88.24,1
147.0063829421997,90.14,1
148.40702486038208,90.9,1
149.82192468643188,90.1,1
151.24236178398132,90.0,1
152.64665293693542,93.41,1
154.05819177627563,87.97,1
161.36304092407227,-2.45,0
162.67155981063843,-2.28,0
163.96151876449585,-2.31,0
165.27146291732788,-2.17,0
166.57397985458374,-2.21,0
167.87396883964539,-2.14,0
169.18235778808594,-2.14,0
170.5076446533203,-2.1,0
175.08802723884583,187.28,1
176.43294596672058,147.48,1
177.78099417686462,147.0,1
179.12234735488892,136.38,1
180.46454191207886,142.1,1
181.8013825416565,90.66,1
183.22504591941833,59.21,1
184.63606119155884,53.0,1
186.04710268974304,59.79,1
187.3839509487152,89.48,1
188.7989592552185,126.62,1
190.13275623321533,98.48,1
191.47459530830383,1.59,1
192.8312349319458,0.07,1
194.16157722473145,129.62,1
195.58611583709717,-0.17,1
196.99954843521118,-1.41,1
198.33331418037415,-1.45,1
199.75636053085327,-1.45,1
201.08564519882202,-1.45,1
202.5120565891266,-1.34,1
203.85699725151062,0.48,1
205.26324129104614,0.72,1
206.6002402305603,0.83,1
208.01618003845215,0.83,1
209.36183500289917,0.69,1
210.78352975845337,0.55,1
212.11574602127075,0.72,1
213.5338373184204,0.76,1
214.88497734069824,0.86,1
216.28989672660828,0.9,1
217.63928747177124,0.83,1
219.04909825325012,0.79,1
220.3968152999878,0.97,1
221.80926775932312,0.83,1
223.1523096561432,0.72,1
224.49403309822083,0.86,1
225.90962982177734,0.83,1
227.32691287994385,0.69,1
228.74058747291565,0.97,1
