1.1078433990478516,-1.52,0
2.3380441665649414,-1.45,0
3.54699969291687,-1.48,0
4.752723693847656,-1.38,0
5.9618048667907715,-1.52,0
7.164754390716553,-1.48,0
8.382736206054688,-1.52,0
9.588268041610718,-1.45,0
10.80299186706543,-1.41,0
15.4320650100708,69.9,1
16.846101999282837,24.72,1
18.259117126464844,14.93,1
19.58937644958496,23.0,1
21.004255771636963,11.86,1
22.34828543663025,10.28,1
23.761414051055908,9.79,1
25.116021394729614,11.0,1
26.52052617073059,11.97,1
27.86038565635681,12.9,1
29.28528618812561,12.52,1
30.683172702789307,15.76,1
32.0950288772583,20.21,1
33.51134467124939,28.79,1
34.93166255950928,1100.0,1
36.348793268203735,14.69,1
37.67778444290161,-1.76,1
39.031068563461304,-1.66,1
40.43951916694641,-1.83,1
41.790207624435425,-2.1,1
43.192466497421265,-2.76,1
44.540117263793945,-3.66,1
45.9623167514801,44.45,1
47.371105909347534,38.59,1
48.780741930007935,37.66,1
50.1987099647522,37.72,1
51.54240870475769,39.62,1
52.95116972923279,39.93,1
54.290868282318115,36.83,1
55.71360540390015,35.0,1
57.11365795135498,33.28,1
58.5396363735199,31.28,1
59.95413541793823,31.21,1
61.35501146316528,30.72,1
62.7704119682312,33.66,1
64.1875319480896,37.24,1
65.52932047843933,34.83,1
66.86511445045471,35.45,1
68.29031348228455,37.21,1
69.70334506034851,29.52,1
71.10938453674316,26.62,1
72.44839334487915,24.86,1
73.79307770729065,25.1,1
75.13488364219666,27.1,1
76.48469567298889,28.28,1
77.82130336761475,26.1,1
79.24126195907593,28.45,1
80.65462398529053,36.45,1
82.06347060203552,33.28,1
83.47662615776062,25.48,1
84.82821846008301,23.83,1
86.16357064247131,18.72,1
87.57869076728821,24.62,1
88.92326402664185,23.21,1
90.34124279022217,24.59,1
91.75421953201294,22.21,1
93.16091132164001,26.48,1
94.50993871688843,24.62,1
95.91601848602295,23.62,1
97.32478976249695,24.0,1
98.74141025543213,26.0,1
100.15884780883789,28.62,1
101.57210683822632,27.21,1
102.97424173355103,24.66,1
104.39413118362427,23.59,1
105.80198335647583,33.93,1
107.22022485733032,34.59,1
108.56662368774414,27.07,1
109.97574663162231,28.45,1
111.38836741447449,23.41,1
112.72646760940552,24.1,1
114.14841485023499,18.59,1
115.56120729446411,81.45,1
116.9656548500061,42.9,1
118.37827658653259,19.62,1
119.79753828048706,21.72,1
121.2105827331543,20.97,1
122.6160318851471,24.62,1
124.03589582443237,17.03,1
125.44967937469482,17.21,1
126.85281872749329,20.48,1
128.27473902702332,18.79,1
129.67689418792725,23.07,1
131.03047060966492,27.17,1
132.44384288787842,28.59,1
133.8549337387085,30.17,1
135.25620293617249,24.07,1
136.67453694343567,28.9,1
138.08463501930237,28.17,1
139.42656636238098,27.69,1
140.8481924533844,30.17,1
142.26083326339722,30.72,1
143.6761269569397,29.62,1
145.08098196983337,31.59,1
146.49523544311523,30.83,1
147.91221261024475,29.52,1
149.31982612609863,29.14,1
150.65524673461914,29.59,1
152.0748052597046,28.69,1
153.49277257919312,29.52,1
154.8997814655304,29.03,1
156.23712182044983,29.45,1
157.65207600593567,31.41,1
159.0606198310852,30.21,1
160.477281332016,29.0,1
161.82193541526794,31.1,1
163.16055512428284,30.24,1
164.50475883483887,29.1,1
165.92299795150757,30.03,1
167.26571440696716,31.52,1
168.6837978363037,31.83,1
170.02541279792786,33.17,1
171.3700726032257,39.72,1
172.7152419090271,33.86,1
174.12362837791443,34.69,1
175.47091913223267,36.48,1
176.88231205940247,43.17,1
178.2262692451477,39.38,1
179.5671672821045,36.34,1
180.91130566596985,32.1,1
182.3213815689087,30.28,1
183.6689054965973,29.07,1
185.0812520980835,28.1,1
186.41318249702454,26.93,1
187.8238489627838,28.66,1
189.2362196445465,28.69,1
190.57593727111816,29.03,1
191.93401169776917,28.79,1
193.3431692123413,29.07,1
194.74822807312012,29.21,1
196.16757988929749,29.31,1
197.49672985076904,28.9,1
198.9094033241272,29.21,1
200.25985145568848,28.9,1
201.67584133148193,29.03,1
203.01141738891602,29.93,1
204.42885446548462,33.1,1
205.765296459198,31.97,1
207.11822128295898,30.59,1
208.45612215995789,29.34,1
209.87359929084778,29.1,1
211.20445561408997,32.72,1
212.54958033561707,30.83,1
213.8961079120636,35.55,1
215.3128216266632,33.9,1
216.6548342704773,32.21,1
223.96183705329895,-0.97,0
225.26232504844666,-1.1,0
226.59618759155273,-1.07,0
227.92012453079224,-1.17,0
229.2239637374878,-1.17,0
230.52084016799927,-1.14,0
231.83498406410217,-1.24,0
233.15128326416016,-1.24,0
237.72800278663635,466.41,1
239.14471578598022,606.14,1
240.5657560825348,449.55,1
241.96646237373352,290.07,1
243.38725757598877,207.41,1
244.7995264530182,59.0,1
246.21056056022644,178.17,1
247.61584973335266,126.97,1
249.0222146511078,107.0,1
250.43433117866516,91.76,1
251.8508746623993,85.41,1
253.1967384815216,79.28,1
254.6109790802002,72.28,1
256.0220456123352,67.0,1
257.4310917854309,64.62,1
258.8359076976776,57.48,1
260.24444818496704,66.52,1
261.5961980819702,70.38,1
263.00488114356995,70.59,1
264.41379499435425,62.83,1
265.8304545879364,58.69,1
267.23245215415955,57.55,1
268.6407268047333,73.31,1
270.0647370815277,69.48,1
271.47285509109497,68.1,1
272.8838562965393,22.38,1
274.2895975112915,18.34,1
275.7131812572479,26.17,1
277.1160397529602,32.24,1
278.52703738212585,39.1,1
279.95057940483093,41.17,1
281.3609380722046,55.24,1
282.77031564712524,61.03,1
284.17739510536194,70.48,1
291.4785282611847,-1.07,0
292.79536056518555,-1.1,0
294.1186988353729,-1.1,0
295.4374120235443,-1.17,0
296.7797465324402,-1.24,0
298.1026589870453,-1.17,0
299.42293071746826,-1.28,0
300.74311780929565,-1.14,0
305.3459243774414,15.9,1
306.7564871311188,32.86,1
308.1751582622528,46.9,1
309.57897996902466,66.34,1
310.98893094062805,71.9,1
312.3995113372803,80.72,1
313.82495951652527,89.21,1
315.2387926578522,68.93,1
316.644659280777,112.17,1
318.0599594116211,116.03,1
319.4673697948456,122.0,1
320.8747968673706,111.52,1
322.28758335113525,-14.17,1
323.63683676719666,644.55,1
324.97736835479736,731.28,1
326.3229444026947,520.76,1
327.7365086078644,315.83,1
329.07829117774963,214.59,1
330.49157214164734,154.14,1
331.82475566864014,121.79,1
333.2388536930084,-1100.0,1
334.5760889053345,59.72,1
335.9879744052887,51.93,1
337.3437490463257,64.1,1
338.6817994117737,72.97,1
340.02987003326416,78.34,1
347.33892011642456,-1.07,0
348.63071870803833,-1.17,0
349.9371495246887,-1.21,0
351.27427792549133,-1.21,0
352.5763976573944,-1.21,0
353.8708140850067,-1.21,0
355.17931628227234,-1.21,0
356.47064232826233,-1.31,0
361.060359954834,9.31,1
362.41253995895386,40.79,1
363.7484800815582,87.86,1
365.1626834869385,130.45,1
366.50382018089294,183.9,1
367.8408398628235,211.62,1
369.19350481033325,261.86,1
370.539528131485,287.55,1
371.8699526786804,297.1,1
373.29559445381165,329.17,1
374.70116329193115,332.83,1
376.0477387905121,328.34,1
377.46233677864075,316.41,1
378.79113936424255,299.38,1
380.1364984512329,284.93,1
381.49050879478455,271.79,1
382.899010181427,258.55,1
384.30486392974854,245.59,1
385.7187376022339,233.93,1
393.0830936431885,2.28,0
394.3830506801605,3.21,0
395.68703722953796,3.21,0
397.00476121902466,3.07,0
398.32420802116394,3.14,0
399.6331434249878,3.1,0
400.9306547641754,3.1,0
402.23290395736694,3.1,0
403.48559403419495,3.17,0
404.6938257217407,3.14,0
405.89845752716064,3.17,0
407.10386204719543,3.48,0
408.2953248023987,3.21,0
409.5132236480713,3.31,0
410.71637654304504,2.93,0
411.92002272605896,3.1,0
413.16217589378357,3.07,0
414.3693335056305,3.1,0
415.5729262828827,3.07,0
416.7771670818329,2.97,0
417.9941842556,2.97,0
419.19237542152405,2.97,0
420.3964705467224,3.03,0
421.6101484298706,3.0,0
422.85147738456726,3.0,0
424.05914998054504,2.97,0
425.262642621994,3.03,0
426.45395970344543,3.1,0
427.66036009788513,3.0,0
428.8569498062134,3.0,0
430.070809841156,2.86,0
431.27987265586853,3.0,0
432.51225900650024,2.86,0
433.72148728370667,2.9,0
434.9192147254944,2.79,0
436.12944173812866,2.83,0
437.3387665748596,2.97,0
438.544312953949,2.9,0
439.74483036994934,2.9,0
440.94553780555725,2.86,0
442.180538892746,2.79,0
443.3742938041687,2.79,0
444.574688911438,2.79,0
445.7945833206177,2.72,0
446.99271726608276,2.76,0
448.2023046016693,2.41,0
449.40131402015686,2.9,0
450.5934579372406,2.83,0
451.83855080604553,2.72,0
453.04165863990784,2.72,0
454.23572969436646,2.76,0
455.4454016685486,2.86,0
456.6492829322815,2.69,0
457.8504149913788,2.72,0
459.06174540519714,2.69,0
460.2506031990051,2.79,0
461.48831248283386,2.72,0
462.70599937438965,2.76,0
463.91656732559204,3.07,0
465.1205086708069,2.07,0
466.321572303772,1.79,0
467.51779770851135,3.24,0
468.72515845298767,2.55,0
469.9321343898773,2.59,0
471.1756966114044,2.0,0
472.3849241733551,2.34,0
473.58399271965027,2.55,0
474.78583812713623,2.55,0
475.9928135871887,2.48,0
477.20163345336914,2.55,0
478.40330052375793,2.52,0
479.619996547699,2.48,0
480.85949969291687,2.55,0
482.09164547920227,2.48,0
