1.115180492401123,-1.79,0
2.3489885330200195,-1.83,0
3.560122489929199,-1.76,0
4.7581565380096436,-1.72,0
5.968202114105225,-1.69,0
7.175707578659058,-1.83,0
11.751096725463867,0.93,1
13.177150964736938,0.55,1
14.590531587600708,11.21,1
16.00358819961548,16.66,1
17.405134439468384,21.52,1
18.76099705696106,23.66,1
20.1004900932312,24.28,1
21.441415309906006,28.38,1
22.779492616653442,28.79,1
24.133776426315308,28.97,1
25.54534411430359,29.17,1
26.960134506225586,28.9,1
28.37162971496582,28.59,1
29.707697868347168,28.69,1
31.121781587600708,27.48,1
32.539421796798706,28.41,1
33.948463916778564,30.83,1
35.289785861968994,29.07,1
36.64265203475952,28.66,1
38.0512752532959,29.83,1
39.39979076385498,28.72,1
40.8080096244812,28.48,1
42.147064447402954,31.34,1
43.49591374397278,29.38,1
44.90856742858887,28.86,1
46.253302812576294,31.24,1
47.66139197349548,29.0,1
49.0828492641449,28.62,1
50.489938735961914,30.9,1
51.898011445999146,29.31,1
53.320159912109375,28.66,1
54.7237389087677,31.1,1
56.14405798912048,29.1,1
57.54955172538757,31.07,1
58.9712278842926,29.1,1
60.38429522514343,28.97,1
61.796350717544556,30.66,1
63.20316004753113,29.17,1
64.61432957649231,30.93,1
65.95335102081299,29.28,1
67.30135083198547,27.9,1
68.64364814758301,28.69,1
70.06450414657593,31.03,1
71.39726042747498,31.48,1
72.8066623210907,29.38,1
74.15116000175476,31.28,1
75.50418949127197,29.24,1
76.9124665260315,28.93,1
78.31476259231567,29.1,1
79.67194080352783,29.21,1
81.07869172096252,29.07,1
82.41483783721924,29.1,1
83.83045673370361,29.17,1
85.24384641647339,28.86,1
86.66587114334106,31.24,1
88.004399061203,31.52,1
89.4150652885437,29.45,1
90.76245379447937,29.31,1
92.16600918769836,28.9,1
93.50978183746338,28.76,1
94.86061120033264,28.86,1
96.18787240982056,31.34,1
97.61032271385193,29.66,1
99.01749110221863,30.38,1
100.43117952346802,29.66,1
101.84691524505615,28.93,1
103.26037621498108,29.03,1
104.66036748886108,31.31,1
106.08503103256226,31.79,1
107.42809057235718,31.1,1
108.8375780582428,31.86,1
110.2381956577301,29.83,1
111.64911007881165,30.55,1
113.07291865348816,29.79,1
114.48575687408447,29.52,1
115.8867290019989,28.97,1
117.31045389175415,29.17,1
118.7099015712738,29.0,1
120.13170409202576,29.21,1
121.5345106124878,29.17,1
122.95668387413025,31.45,1
124.35904955863953,31.79,1
125.76679015159607,29.41,1
127.18247723579407,28.28,1
128.58948826789856,29.03,1
130.01395201683044,29.03,1
131.42235708236694,29.14,1
132.82669520378113,29.1,1
134.24946665763855,29.21,1
135.65332674980164,31.48,1
137.0613079071045,31.76,1
138.4709141254425,31.93,1
139.88852214813232,29.55,1
141.2343099117279,29.41,1
142.65153312683105,31.38,1
144.0526421070099,29.14,1
145.4729905128479,29.1,1
146.88763093948364,31.21,1
148.29555797576904,29.59,1
149.70970559120178,31.38,1
151.11882662773132,29.59,1
152.5320703983307,31.48,1
153.94100499153137,29.41,1
155.3530309200287,29.24,1
156.76308631896973,29.17,1
158.1795575618744,29.1,1
159.5776982307434,29.21,1
160.92415857315063,31.45,1
162.26511240005493,27.17,1
163.6190733909607,27.66,1
164.9515233039856,27.86,1
166.37534976005554,27.97,1
167.7833013534546,30.41,1
169.1857829093933,30.86,1
170.61148762702942,30.9,1
171.9520287513733,31.07,1
173.35809683799744,30.86,1
174.70942091941833,28.45,1
176.05252742767334,28.28,1
177.46476531028748,27.97,1
178.86529111862183,28.07,1
180.2073974609375,30.34,1
181.62599158287048,31.0,1
182.975590467453,29.38,1
184.38359355926514,31.21,1
185.72231888771057,29.66,1
187.06987929344177,29.1,1
188.47828102111816,29.28,1
189.82695174217224,29.21,1
191.15719866752625,29.52,1
192.58333253860474,29.66,1
193.98130798339844,29.83,1
195.3254792690277,31.97,1
196.6810610294342,30.41,1
198.0165457725525,30.1,1
199.43560671806335,28.69,1
200.7705671787262,29.62,1
202.1199471950531,29.72,1
203.46340203285217,32.03,1
204.87579560279846,30.34,1
206.21979331970215,30.17,1
207.55641865730286,30.34,1
208.96555829048157,30.45,1
210.3711142539978,30.69,1
211.72389888763428,30.66,1
213.05600142478943,30.62,1
214.47104024887085,30.97,1
215.81097626686096,31.14,1
217.23686265945435,30.97,1
218.5764832496643,31.07,1
219.9903883934021,29.45,1
221.3925929069519,29.41,1
222.81258845329285,29.69,1
224.15576100349426,29.86,1
225.5652220249176,30.03,1
226.90225744247437,30.31,1
228.31480360031128,30.38,1
229.72608542442322,30.55,1
231.13950157165527,29.66,1
232.4908525943756,29.28,1
233.89953756332397,29.21,1
235.23272252082825,29.45,1
236.65835452079773,29.52,1
238.05668377876282,29.66,1
239.46563363075256,30.38,1
240.88577938079834,29.24,1
242.29845452308655,29.62,1
243.69970870018005,29.9,1
245.12542581558228,30.07,1
246.52841329574585,30.21,1
247.95005249977112,30.31,1
249.36064767837524,30.38,1
250.77343821525574,30.59,1
252.17509579658508,30.66,1
253.5837640762329,30.79,1
255.00608706474304,28.34,1
256.4108612537384,28.1,1
257.75459718704224,28.1,1
259.1726689338684,29.07,1
260.58793687820435,29.41,1
267.9030239582062,-1.28,0
269.26083612442017,-1.41,0
270.57211351394653,-1.48,0
271.88493752479553,-1.45,0
273.20309710502625,-1.48,0
274.5101022720337,-1.52,0
275.82825446128845,-1.52,0
277.1496560573578,-1.59,0
281.7202367782593,10.55,1
283.130930185318,17.93,1
284.54972410202026,31.38,1
285.901903629303,40.93,1
287.3101849555969,47.83,1
288.71807885169983,51.14,1
290.1271517276764,55.59,1
291.53711438179016,55.28,1
292.94832825660706,58.69,1
294.36434626579285,58.9,1
295.78448724746704,58.03,1
297.1877384185791,56.97,1
298.6010229587555,57.0,1
300.0133845806122,60.52,1
301.4247713088989,57.86,1
302.8342034816742,60.79,1
304.2523031234741,61.79,1
305.6593358516693,59.9,1
307.0651273727417,59.79,1
308.4887320995331,63.14,1
309.9009666442871,59.24,1
311.3100140094757,59.59,1
312.71888732910156,60.34,1
314.1369709968567,60.72,1
315.5490210056305,60.93,1
316.9620051383972,60.59,1
318.36184310913086,61.1,1
319.71156549453735,59.17,1
321.12790536880493,59.55,1
322.45819878578186,61.45,1
323.87777185440063,59.17,1
325.2788939476013,58.1,1
326.694039106369,59.66,1
328.0457994937897,59.97,1
329.4475882053375,59.66,1
330.79570960998535,59.28,1
332.2035171985626,59.41,1
333.6267263889313,60.17,1
334.97034668922424,60.97,1
336.37230348587036,59.76,1
337.7851068973541,59.0,1
339.19167947769165,60.55,1
340.54631328582764,61.48,1
341.87827825546265,58.59,1
343.2902808189392,59.93,1
344.70463705062866,60.38,1
346.05023431777954,60.59,1
347.4669508934021,60.38,1
348.86792492866516,60.28,1
350.22210359573364,60.72,1
351.6301259994507,59.86,1
353.04534244537354,59.97,1
354.45189666748047,60.21,1
355.78683972358704,60.31,1
357.20851159095764,59.83,1
358.6177887916565,60.21,1
360.03573417663574,60.66,1
361.37871384620667,59.76,1
362.71180725097656,59.97,1
364.0633454322815,60.24,1
365.464337348938,62.1,1
366.8744766712189,61.59,1
368.2326862812042,60.86,1
369.6317775249481,59.83,1
370.9871172904968,60.03,1
372.32205510139465,60.03,1
373.7350330352783,59.66,1
375.08550691604614,59.59,1
376.4148681163788,59.86,1
377.7666940689087,59.1,1
379.18245100975037,58.93,1
380.58442425727844,59.24,1
381.99474143981934,58.76,1
383.33915758132935,58.21,1
384.7476074695587,58.79,1
386.0993947982788,58.17,1
387.5017149448395,60.03,1
388.9265332221985,58.66,1
390.3398914337158,57.52,1
391.67881321907043,57.69,1
393.0887715816498,60.03,1
394.42892026901245,58.83,1
395.84306359291077,58.93,1
397.1879463195801,59.38,1
398.5875105857849,59.17,1
400.0053651332855,59.52,1
401.4272997379303,58.79,1
402.8382065296173,61.76,1
404.24641823768616,60.1,1
405.5862281322479,57.9,1
406.99695014953613,59.03,1
414.292334318161,9.72,0
415.59328627586365,9.76,0
416.91763949394226,9.79,0
418.22994017601013,9.69,0
419.56497502326965,9.72,0
420.88583040237427,9.69,0
422.1776623725891,9.72,0
423.49740839004517,9.59,0
428.09030079841614,-0.69,1
429.5036082267761,10.03,1
430.8351421356201,40.21,1
432.25816822052,66.41,1
433.6637399196625,70.76,1
435.07403349876404,74.48,1
436.41306138038635,79.14,1
437.7651708126068,81.31,1
439.1800787448883,84.21,1
440.52007007598877,83.76,1
441.8657855987549,85.76,1
443.26616501808167,86.03,1
444.6839609146118,88.07,1
446.02793169021606,87.59,1
447.37705540657043,88.62,1
448.78942036628723,88.62,1
450.11991453170776,91.1,1
451.4751765727997,91.79,1
452.81235098838806,88.97,1
454.1584630012512,91.31,1
455.56902265548706,89.21,1
456.9794707298279,91.48,1
458.3990204334259,91.79,1
459.80120825767517,89.76,1
461.20896649360657,91.9,1
462.63299655914307,92.1,1
464.0458209514618,91.93,1
465.4531502723694,89.79,1
466.79431414604187,89.41,1
468.12997341156006,91.59,1
469.472927570343,92.07,1
470.8950562477112,92.17,1
472.31029510498047,92.1,1
473.6465678215027,89.93,1
474.9876036643982,92.03,1
476.4022808074951,92.62,1
477.74709844589233,92.55,1
479.15425539016724,92.52,1
480.5746579170227,90.59,1
481.97590470314026,92.52,1
483.39725947380066,90.59,1
484.8031601905823,90.0,1
486.22231912612915,90.41,1
487.635427236557,92.76,1
489.04069447517395,89.72,1
490.4515960216522,89.28,1
491.8549566268921,90.93,1
493.264967918396,90.0,1
494.6807646751404,90.21,1
496.10192823410034,93.55,1
497.5118291378021,89.66,1
498.9232532978058,89.45,1
500.2573356628418,89.45,1
501.6683351993561,90.03,1
503.08510994911194,88.52,1
504.5017695426941,87.79,1
505.9106659889221,90.0,1
507.31932616233826,89.83,1
508.72527718544006,91.41,1
510.1340672969818,90.07,1
511.49059987068176,90.69,1
512.8997147083282,87.9,1
520.1988315582275,-1.45,0
521.5033218860626,-1.55,0
522.8082263469696,-1.52,0
524.159818649292,-1.59,0
525.4820494651794,-1.62,0
526.7977061271667,-1.62,0
528.1021347045898,-1.59,0
529.3980755805969,-1.62,0
533.99853682518,-0.34,1
535.4141037464142,57.34,1
536.8324918746948,86.97,1
538.242133140564,110.14,1
539.6520144939423,137.21,1
541.0675101280212,160.38,1
542.4715704917908,180.1,1
543.883540391922,197.34,1
545.3009550571442,213.55,1
546.7000308036804,231.79,1
548.1279900074005,242.03,1
549.5392990112305,247.52,1
550.9511501789093,248.62,1
552.3554544448853,246.31,1
553.7728774547577,221.59,1
555.1851742267609,217.55,1
556.5883104801178,216.97,1
558.0072782039642,204.72,1
559.4179310798645,193.14,1
560.8164713382721,182.79,1
562.2387158870697,172.45,1
563.5791130065918,163.24,1
564.9172830581665,153.52,1
566.2691376209259,145.38,1
567.6836628913879,136.79,1
569.085506439209,128.45,1
570.5016815662384,122.03,1
571.9089639186859,115.31,1
573.3180041313171,108.52,1
574.7243745326996,102.21,1
576.1491396427155,97.03,1
577.5524826049805,93.9,1
578.9765615463257,88.72,1
586.3583590984344,0.1,0
587.6596677303314,-0.07,0
588.9860589504242,-0.38,0
590.3030989170074,-0.52,0
591.6198432445526,-0.72,0
592.9172010421753,-0.86,0
594.2481648921967,-0.97,0
595.5861496925354,-1.24,0
596.801176071167,-1.31,0
598.0099909305573,-1.41,0
599.230865240097,0.62,0
600.4529902935028,-0.93,0
601.6612019538879,-1.69,0
602.8850190639496,-1.41,0
604.0903625488281,-1.69,0
