1.1049561500549316,-1.1,0
2.3429558277130127,-1.07,0
3.5429675579071045,-1.1,0
4.744550704956055,-1.0,0
9.325079917907715,20.69,1
10.736979484558105,29.97,1
12.150125980377197,26.41,1
13.558195352554321,23.9,1
14.975812673568726,21.66,1
16.380220413208008,19.72,1
17.719545602798462,18.1,1
19.073249578475952,16.41,1
20.489375114440918,15.1,1
21.901062488555908,13.72,1
23.304968118667603,12.55,1
24.64904475212097,11.48,1
26.066840887069702,10.52,1
27.484121561050415,9.55,1
28.893073320388794,8.72,1
30.306743621826172,7.86,1
31.707291841506958,8.1,1
33.13112187385559,6.38,1
34.535478353500366,6.07,1
35.88994860649109,12.14,1
37.30306553840637,5.0,1
38.71494674682617,4.52,1
40.12697076797485,4.07,1
41.4679741859436,3.45,1
42.87716197967529,4.17,1
44.28507733345032,2.93,1
45.70430111885071,2.17,1
47.046021938323975,1.97,1
48.46655750274658,1.9,1
49.88012099266052,1.76,1
51.29430365562439,1.76,1
52.69946622848511,1.76,1
54.10727596282959,1.69,1
55.529865980148315,1.55,1
56.929672956466675,1.41,1
58.34404802322388,1.28,1
59.76060700416565,1.21,1
61.17881679534912,1.1,1
62.591020345687866,0.83,1
64.00089311599731,0.76,1
65.41794490814209,0.69,1
66.76409196853638,0.62,1
68.16548490524292,0.48,1
69.5201530456543,0.38,1
70.92799210548401,-0.52,1
72.27522349357605,-0.07,1
73.6868064403534,-0.1,1
75.09407472610474,0.03,1
76.51336574554443,0.07,1
77.91924238204956,-0.1,1
79.33750605583191,-0.38,1
80.74334740638733,-0.21,1
82.15984225273132,-0.34,1
83.57636046409607,-0.41,1
84.98091673851013,-0.41,1
