1.1079249382019043,-1.9,0
2.34734845161438,-1.93,0
3.5549211502075195,-1.83,0
4.756576299667358,-1.97,0
5.960856676101685,-1.86,0
7.173614978790283,-1.86,0
8.367014408111572,-1.9,0
9.562429189682007,-1.93,0
10.775120496749878,-1.79,0
15.414205312728882,3.24,1
16.834562301635742,2.45,1
18.246524333953857,2.93,1
19.590856552124023,10.55,1
20.989893674850464,7.76,1
22.34587025642395,6.72,1
23.687777996063232,7.9,1
25.103973627090454,5.48,1
26.512206077575684,4.24,1
27.91683840751648,3.38,1
29.334778308868408,3.62,1
30.751811027526855,2.66,1
32.16386818885803,2.45,1
33.507989168167114,1.86,1
34.91029906272888,1.93,1
36.26533079147339,2.31,1
37.67949962615967,1.66,1
39.019638776779175,1.59,1
40.42390584945679,1.48,1
41.77766513824463,1.21,1
43.19485855102539,1.1,1
44.59897589683533,0.97,1
46.016127586364746,0.76,1
47.36023163795471,0.59,1
48.76219320297241,0.31,1
50.17979049682617,0.31,1
51.604103803634644,0.17,1
53.005059242248535,0.0,1
54.42457342147827,0.0,1
55.8286406993866,-0.21,1
57.24961590766907,-0.24,1
58.66379499435425,-0.45,1
60.06626081466675,-0.45,1
61.48001027107239,-0.69,1
62.89791226387024,-0.72,1
64.24281811714172,-0.72,1
65.58186030387878,-0.76,1
67.00385189056396,-0.83,1
68.34616923332214,-0.79,1
69.75536251068115,-1.0,1
71.09552955627441,-1.0,1
72.43556928634644,-1.28,1
73.85299324989319,-1.1,1
75.19412612915039,-1.0,1
76.61073875427246,-1.17,1
