1.110652208328247,-1.9,0
2.354400396347046,-1.93,0
3.559413433074951,-1.93,0
4.7630860805511475,-1.86,0
9.343308210372925,144.03,1
10.756725549697876,141.97,1
12.170307159423828,137.72,1
13.582820415496826,136.62,1
20.898465871810913,-1.97,0
22.247333765029907,-1.9,0
23.559053421020508,-1.93,0
25.139954805374146,-1.86,0
28.69278573989868,-1.86,0
32.241384744644165,-1.86,0
39.71999406814575,145.17,1
41.17537879943848,-8.79,1
42.490293741226196,-3.9,1
43.84489321708679,-2.52,1
45.154255390167236,-2.0,1
46.46587061882019,-1.9,1
47.77799201011658,-1.86,1
49.090938091278076,-1.86,1
50.40808629989624,-1.9,1
51.72326111793518,-1.76,1
53.044063568115234,-1.86,1
