1.113321304321289,5.9
2.323404312133789,5.9
3.5621497631073,5.86
4.772455215454102,5.86
9.364547729492188,10.28
10.777997493743896,44.69
12.184371948242188,105.34
13.59282398223877,172.76
14.939398765563965,229.34
16.344029426574707,282.9
17.698126554489136,330.9
19.110739946365356,374.34
20.44715714454651,411.24
21.866812705993652,446.66
23.195977210998535,477.0
24.542367219924927,502.69
25.96487784385681,529.03
27.368285417556763,553.86
28.71919059753418,574.93
30.132960557937622,593.66
31.462936401367188,609.9
32.886029958724976,626.31
34.21977376937866,638.79
35.63624358177185,652.66
36.980387687683105,658.17
38.3827121257782,657.07
39.72933316230774,648.38
41.08134722709656,636.69
42.42521905899048,621.1
43.766876459121704,603.07
45.11126184463501,583.1
46.51764392852783,561.69
47.85969519615173,541.93
49.266435384750366,522.0
50.67443609237671,501.21
52.09886717796326,485.17
53.500314474105835,470.69
54.910927295684814,457.97
56.332571268081665,450.31
57.73571825027466,444.24
59.159560680389404,442.62
60.5670440196991,442.79
61.97378921508789,446.52
63.38407301902771,451.93
64.72572684288025,459.21
66.07898473739624,468.41
67.42370676994324,474.76
68.76497769355774,482.38
70.11076045036316,490.69
71.51212501525879,496.97
72.86536717414856,502.38
74.19644546508789,507.66
75.55090379714966,511.24
76.88350081443787,514.76
78.23270630836487,517.48
79.57465195655823,518.24
80.91523003578186,519.07
82.33700752258301,518.14
83.68003606796265,517.0
85.08776450157166,514.59
86.42944979667664,511.55
87.76477432250977,511.14
89.1813600063324,508.14
90.52785539627075,505.31
91.93847560882568,503.17
93.35524082183838,500.62
94.6982524394989,499.14
96.10946655273438,497.59
97.51126408576965,496.03
98.93435549736023,494.38
100.34536600112915,494.14
101.74212527275085,493.45
103.15746474266052,493.93
104.49844932556152,493.28
105.85349774360657,493.03
107.26465678215027,493.52
108.60008001327515,494.03
110.01929259300232,495.45
111.35460424423218,496.24
112.75944447517395,496.76
114.11832308769226,497.72
115.44557881355286,497.03
116.80221176147461,499.34
118.21571850776672,499.1
119.5572235584259,500.28
120.89548420906067,501.21
122.31269598007202,501.07
123.71129560470581,501.24
125.13448810577393,500.93
126.54040122032166,500.55
127.88607454299927,499.9
135.1784167289734,6.97
136.50108909606934,7.07
137.81211686134338,7.14
139.11583948135376,7.07
140.46664476394653,7.17
141.77904748916626,7.1
143.08316206932068,7.14
144.39403295516968,7.17
145.6123502254486,7.21
146.81244707107544,7.17
148.03532123565674,7.17
149.2253749370575,7.14
150.4734845161438,7.24
151.68604850769043,7.28
152.90349674224854,7.17
154.1104600429535,7.21
155.3180284500122,7.24
156.52155685424805,6.79
157.7387716770172,6.52
158.9484043121338,6.59
160.19256734848022,6.83
161.38208627700806,6.83
162.57867407798767,6.83
163.7799174785614,6.76
164.98466038703918,6.79
166.17866826057434,6.76
167.36022472381592,6.69
168.5595841407776,6.72
169.79520869255066,6.66
170.9884934425354,6.76
172.18519234657288,6.97
173.37976837158203,7.1
174.5843870639801,7.0
175.80087614059448,7.1
176.99785590171814,7.14
178.20892310142517,7.14
