1.1197187900543213,-2.0,0
2.3540232181549072,-1.93,0
3.5591530799865723,-1.97,0
4.75999116897583,-1.93,0
5.964021921157837,-1.9,0
11.572829246520996,273.83,1
12.986336469650269,386.07,1
14.399381160736084,431.72,1
15.742202758789062,371.9,1
17.147334575653076,268.1,1
18.496272087097168,206.76,1
19.83872413635254,157.41,1
27.141513347625732,-1.97,0
28.44368600845337,-1.97,0
29.75451946258545,-1.93,0
31.0611093044281,-1.9,0
32.37330102920532,-1.83,0
33.71617650985718,-1.86,0
35.00585103034973,-1.86,0
36.29565739631653,-1.9,0
37.58953046798706,-1.97,0
38.9013466835022,-1.97,0
40.208733320236206,-1.86,0
41.507219552993774,-1.83,0
42.804768323898315,-1.9,0
44.15398645401001,-1.86,0
45.45808696746826,-1.93,0
46.752180337905884,-1.93,0
52.33045935630798,273.72,1
53.737942695617676,379.79,1
55.09431600570679,424.41,1
56.43227458000183,387.97,1
57.83351135253906,280.24,1
59.25261402130127,208.24,1
60.670042514801025,145.97,1
67.97912335395813,-1.83,0
