1.1070799827575684,-2.0,0
2.3489348888397217,-1.97,0
3.562488079071045,-1.9,0
4.77315354347229,-1.97,0
9.362162351608276,-3.14,1
10.774191617965698,-3.34,1
12.186160802841187,0.55,1
13.58834719657898,0.34,1
15.004077672958374,1.41,1
16.410629987716675,1.21,1
17.768529415130615,1.76,1
19.10463309288025,1.86,1
20.44970154762268,1.76,1
21.78931951522827,2.1,1
23.133079767227173,2.69,1
24.478105545043945,2.1,1
25.896897554397583,3.24,1
27.30254864692688,3.41,1
28.721380472183228,2.97,1
30.13883948326111,3.28,1
31.547592878341675,2.97,1
32.954740047454834,3.34,1
34.29588532447815,3.1,1
35.65215849876404,3.76,1
37.05629372596741,4.34,1
38.47950720787048,4.14,1
39.88770008087158,4.69,1
41.232994556427,4.41,1
42.63550329208374,4.69,1
44.047966718673706,4.17,1
45.467021226882935,4.48,1
46.88488841056824,4.45,1
48.28722357749939,4.17,1
49.707223892211914,4.83,1
51.112027645111084,4.17,1
52.467262744903564,4.55,1
53.811113595962524,4.1,1
55.221736431121826,4.69,1
56.637665033340454,4.79,1
58.046738386154175,4.31,1
59.45869755744934,5.21,1
60.86671781539917,4.66,1
62.286856174468994,4.66,1
63.68876767158508,5.07,1
65.03155589103699,5.38,1
66.3860490322113,5.45,1
67.7269229888916,5.62,1
69.0769772529602,5.14,1
70.49027514457703,5.38,1
71.82910776138306,5.59,1
73.17569136619568,5.1,1
74.5150556564331,5.31,1
75.92525053024292,5.48,1
77.34199452400208,5.41,1
78.68068671226501,5.03,1
80.02609086036682,5.34,1
81.43567657470703,5.38,1
82.79045367240906,4.93,1
84.20309567451477,5.07,1
85.60658383369446,5.31,1
86.95013332366943,5.31,1
88.28991270065308,4.93,1
89.64327120780945,5.07,1
91.06094741821289,5.28,1
92.46037554740906,5.17,1
93.8118166923523,4.93,1
95.2307391166687,5.0,1
96.56564283370972,5.21,1
97.98066091537476,4.69,1
99.39923644065857,4.76,1
100.80564641952515,4.93,1
102.22559523582458,5.1,1
103.62901329994202,4.62,1
105.04645609855652,4.79,1
106.46224427223206,4.97,1
107.86487913131714,5.03,1
109.29026484489441,4.59,1
110.69252490997314,4.72,1
112.18267464637756,5.72,1
113.6622302532196,5.59,1
115.21545124053955,5.21,1
122.65670228004456,-1.97,0
124.0785653591156,-1.93,0
125.50489330291748,-1.86,0
126.8427836894989,-1.86,0
128.27681732177734,-1.86,0
129.70023369789124,-1.93,0
131.16764163970947,-1.97,0
132.60235214233398,-1.83,0
137.35492086410522,-2.93,1
138.77021622657776,0.72,1
140.23607516288757,1.38,1
141.79460740089417,1.76,1
143.27806663513184,2.45,1
144.8234121799469,3.48,1
146.23177456855774,4.76,1
147.79176592826843,5.38,1
149.27448987960815,5.28,1
150.8204267024994,6.55,1
152.22800612449646,6.55,1
153.71168637275696,7.72,1
155.19414687156677,7.59,1
156.7494740486145,8.59,1
158.16224098205566,8.41,1
159.71362209320068,8.41,1
161.1819772720337,8.41,1
162.67420721054077,8.66,1
164.15780115127563,8.97,1
165.63601660728455,9.52,1
167.11203694343567,9.24,1
168.6700782775879,9.59,1
170.1510763168335,9.55,1
171.6328570842743,9.24,1
173.1047728061676,9.59,1
174.58475184440613,9.45,1
176.06692624092102,9.24,1
177.5485179424286,9.66,1
179.04004430770874,9.66,1
180.44271969795227,9.45,1
181.9877269268036,9.86,1
183.48386979103088,9.79,1
184.96661472320557,9.59,1
186.434396982193,9.72,1
187.92722940444946,9.76,1
189.33702397346497,10.66,1
190.81678080558777,10.41,1
192.23258876800537,10.34,1
193.57262015342712,10.1,1
194.98259449005127,10.14,1
196.400719165802,10.28,1
197.82037377357483,10.1,1
199.2250633239746,10.1,1
200.64214634895325,10.28,1
202.04569625854492,10.03,1
203.46376824378967,10.14,1
204.8691041469574,10.14,1
206.28654956817627,9.93,1
207.70388793945312,10.07,1
209.11547923088074,10.14,1
210.52051544189453,9.93,1
211.94144773483276,9.93,1
213.3572816848755,10.14,1
214.76890397071838,9.97,1
216.17690205574036,10.1,1
217.58171772956848,10.21,1
219.00518894195557,9.97,1
220.40822100639343,9.97,1
221.82736539840698,10.17,1
223.24718689918518,10.0,1
224.65378093719482,10.76,1
226.0579869747162,10.55,1
227.47816610336304,10.34,1
228.8944125175476,10.41,1
230.29651641845703,10.52,1
231.71739625930786,10.28,1
233.1201570034027,10.34,1
234.5383563041687,10.38,1
235.95665645599365,10.17,1
237.36164712905884,10.41,1
238.7856240272522,10.31,1
240.18601441383362,10.03,1
241.54105401039124,10.41,1
242.94497656822205,10.28,1
244.35700488090515,10.0,1
245.77517533302307,10.28,1
247.1890070438385,10.21,1
248.60223817825317,9.93,1
250.01946830749512,10.24,1
251.4235336780548,10.07,1
252.84136176109314,9.97,1
254.25343942642212,10.21,1
255.6732213497162,10.14,1
257.08079528808594,9.86,1
258.4945640563965,10.17,1
259.90341114997864,10.0,1
261.3171806335449,9.83,1
262.722868680954,10.14,1
264.13995838165283,9.97,1
265.5596618652344,9.79,1
266.96103739738464,10.07,1
268.3809959888458,9.9,1
269.7967720031738,9.79,1
271.2025589942932,9.86,1
278.5127365589142,-2.0,0
279.81525778770447,-2.0,0
281.1396453380585,-2.0,0
282.45219254493713,-2.0,0
283.80273485183716,-1.97,0
285.11255049705505,-1.93,0
286.4334919452667,-1.93,0
287.7468452453613,-1.97,0
292.3542854785919,-2.97,1
293.77186369895935,1.41,1
295.1758153438568,1.83,1
296.5976243019104,2.28,1
298.00925064086914,4.86,1
299.40908217430115,6.07,1
300.8302073478699,6.76,1
302.2330403327942,7.72,1
303.65000796318054,8.79,1
305.0663022994995,8.79,1
306.4829170703888,9.97,1
307.88635444641113,11.1,1
309.30517983436584,10.79,1
310.7239263057709,12.14,1
312.13517904281616,11.69,1
313.5382034778595,11.93,1
314.9534249305725,12.93,1
316.3685185909271,13.03,1
317.7859330177307,12.83,1
319.1956787109375,12.86,1
320.59912848472595,14.28,1
322.0164313316345,13.97,1
323.4399552345276,13.79,1
324.8431131839752,13.9,1
326.1962025165558,13.97,1
327.59750628471375,14.03,1
329.0158386230469,14.07,1
330.4268341064453,14.03,1
331.84348011016846,14.38,1
333.25509333610535,14.28,1
334.66231536865234,15.1,1
336.0844793319702,14.97,1
337.4891264438629,14.93,1
338.90767192840576,14.9,1
340.3228693008423,14.97,1
341.7236580848694,14.97,1
343.1389262676239,14.93,1
344.4937815666199,15.0,1
345.90701818466187,14.93,1
347.3155963420868,15.0,1
348.7333469390869,14.93,1
350.1432738304138,15.03,1
351.5547182559967,14.93,1
352.9713969230652,14.97,1
354.3031747341156,14.93,1
355.72630310058594,14.93,1
357.14215660095215,14.97,1
358.545592546463,14.86,1
359.8876030445099,15.0,1
361.30995631217957,14.97,1
362.7142143249512,15.0,1
364.12973713874817,14.97,1
365.4816663265228,14.93,1
366.82715487480164,14.93,1
368.2364637851715,14.97,1
369.65178871154785,14.97,1
370.9968898296356,15.0,1
372.4001386165619,14.93,1
373.7486608028412,14.97,1
375.16224360466003,14.9,1
376.4993453025818,15.07,1
377.91718077659607,15.07,1
379.25956773757935,14.86,1
380.6756098270416,14.93,1
382.09409952163696,14.97,1
383.4937844276428,14.97,1
384.911958694458,14.93,1
386.33171558380127,15.14,1
387.73277592658997,14.93,1
389.1514194011688,14.9,1
390.5556888580322,14.9,1
391.98091101646423,15.0,1
393.3228061199188,14.97,1
394.7279682159424,14.97,1
396.145720243454,15.1,1
397.55362606048584,14.86,1
398.9710466861725,15.0,1
400.37658429145813,14.97,1
401.79118514060974,14.97,1
403.21289587020874,15.03,1
404.6130042076111,15.07,1
406.0358350276947,14.93,1
407.43751788139343,14.93,1
408.85175037384033,15.03,1
410.266544342041,14.97,1
411.68158888816833,15.0,1
413.09877586364746,14.97,1
414.50249123573303,14.93,1
415.922815322876,15.03,1
417.32556080818176,15.03,1
418.7444143295288,15.07,1
420.16226863861084,14.97,1
421.5650544166565,14.93,1
422.98548913002014,15.17,1
424.393004655838,15.0,1
425.8123915195465,14.86,1
427.15793442726135,14.9,1
434.44880747795105,-1.69,0
435.79899191856384,-1.72,0
437.1083962917328,-1.76,0
438.4321537017822,-1.72,0
439.73354959487915,-1.83,0
441.05749249458313,-1.79,0
442.3670036792755,-1.79,0
443.67390537261963,-1.86,0
448.31053924560547,67.79,1
449.7274844646454,52.86,1
451.1320662498474,50.52,1
452.5552306175232,47.62,1
453.9635193347931,44.86,1
455.30558466911316,42.52,1
456.7245943546295,39.21,1
458.13912868499756,36.55,1
459.5496129989624,34.9,1
460.9635121822357,32.86,1
462.3650150299072,31.9,1
463.7837917804718,30.86,1
465.1870481967926,29.93,1
466.6090807914734,29.03,1
468.01697301864624,28.28,1
469.4384765625,27.31,1
470.8391432762146,26.52,1
472.2666382789612,25.55,1
473.67656779289246,25.79,1
475.0867238044739,24.83,1
476.4343605041504,24.93,1
477.8360855579376,23.69,1
479.2561707496643,23.9,1
480.67363238334656,23.07,1
482.07760787010193,23.17,1
483.4982662200928,23.24,1
484.91211223602295,22.03,1
486.3218369483948,22.21,1
487.72147011756897,22.24,1
489.06855964660645,22.21,1
490.4908392429352,21.79,1
491.89578080177307,21.24,1
493.30203318595886,21.31,1
494.7163767814636,21.38,1
496.1425280570984,21.24,1
497.5483341217041,21.17,1
498.9694812297821,21.21,1
500.3713665008545,21.07,1
501.7891945838928,20.83,1
503.1921167373657,20.76,1
504.5419878959656,20.69,1
505.87981152534485,20.41,1
507.2984654903412,20.59,1
508.7195568084717,20.45,1
510.1228687763214,20.38,1
511.46222615242004,20.38,1
512.8880622386932,20.28,1
514.2927997112274,20.31,1
521.6213428974152,-1.66,0
522.9230363368988,-1.83,0
524.229193687439,-1.79,0
525.5522980690002,-1.83,0
526.8490493297577,-1.76,0
528.1750361919403,-1.9,0
529.5159635543823,-1.83,0
530.8233654499054,-1.83,0
535.4145636558533,-7.48,1
536.8180966377258,-1.41,1
538.24023270607,1.07,1
539.6513874530792,3.59,1
541.06254529953,8.03,1
542.4716868400574,10.76,1
543.8817925453186,13.0,1
545.3061542510986,14.03,1
546.6492004394531,15.0,1
548.0528807640076,16.03,1
549.4689195156097,17.03,1
550.8805992603302,18.1,1
552.302303314209,19.0,1
553.7039413452148,20.0,1
555.1256952285767,19.83,1
556.5312490463257,20.69,1
557.9518325328827,20.59,1
559.3583538532257,21.66,1
560.7634360790253,21.38,1
562.1795132160187,22.62,1
563.6040344238281,22.48,1
565.0108938217163,22.31,1
566.4283022880554,23.34,1
