1.10903000831604,-1.93,0
2.3491945266723633,-1.93,0
3.552985906600952,-1.93,0
4.754001617431641,-1.93,0
5.956723690032959,-1.9,0
7.166121482849121,-1.9,0
11.755300045013428,127.97,1
13.170781135559082,102.79,1
14.581911087036133,99.21,1
15.99341106414795,98.34,1
17.325960636138916,97.52,1
18.67881679534912,97.45,1
20.01663875579834,97.17,1
21.433497667312622,97.03,1
22.835322856903076,96.76,1
24.188676357269287,96.66,1
25.59947633743286,96.52,1
26.999643564224243,96.55,1
28.416720151901245,96.55,1
29.755104780197144,96.34,1
31.17703890800476,94.69,1
38.4768545627594,-1.97,0
39.78139090538025,-1.93,0
41.08690357208252,-1.79,0
42.4392523765564,-1.79,0
43.745925426483154,-1.86,0
45.0466833114624,-1.79,0
46.35617661476135,-1.79,0
47.66362810134888,-1.79,0
48.97134184837341,-1.69,0
50.2796425819397,-1.72,0
51.5892128944397,-1.79,0
52.93856430053711,-1.79,0
54.244568824768066,-1.79,0
55.55351781845093,-1.69,0
56.844635248184204,-1.76,0
58.15057897567749,-1.83,0
62.73647999763489,129.21,1
64.14287662506104,103.48,1
65.49848985671997,99.79,1
66.89935350418091,98.83,1
68.24298524856567,97.79,1
69.59709072113037,97.86,1
70.93731689453125,97.66,1
72.27514028549194,97.38,1
73.61943674087524,97.41,1
74.96290588378906,97.14,1
76.30362296104431,97.14,1
77.72590756416321,97.41,1
79.13622999191284,97.31,1
80.54238390922546,97.24,1
81.89061760902405,97.14,1
89.20249700546265,-1.69,0
90.50036787986755,-1.69,0
91.8078682422638,-1.55,0
93.11449313163757,-1.52,0
94.46637034416199,-1.55,0
95.77518701553345,-1.66,0
97.08428812026978,-1.59,0
98.37738561630249,-1.62,0
99.68839931488037,-1.48,0
101.00005316734314,-1.55,0
102.29183959960938,-1.66,0
103.60065126419067,-1.66,0
104.95358347892761,-1.55,0
106.25048446655273,-1.45,0
107.56041717529297,-1.66,0
108.86565899848938,-1.72,0
113.46891355514526,129.03,1
114.81951117515564,104.1,1
116.21558451652527,100.31,1
117.63324332237244,99.07,1
119.03915357589722,98.55,1
120.45885610580444,98.24,1
121.85987830162048,97.62,1
123.27172374725342,97.76,1
124.68406105041504,97.93,1
126.10358095169067,97.45,1
127.51334285736084,97.34,1
128.93354654312134,97.55,1
130.2643597126007,97.76,1
131.6044111251831,97.72,1
133.03111672401428,98.03,1
134.36181712150574,97.9,1
135.78081703186035,97.86,1
137.18413162231445,97.59,1
138.59966373443604,97.03,1
140.02157545089722,97.79,1
141.42313861846924,98.07,1
142.77405190467834,97.79,1
144.17784070968628,97.66,1
145.59784626960754,97.79,1
147.00390601158142,98.0,1
148.42026543617249,97.97,1
149.82967567443848,98.1,1
151.23784255981445,97.86,1
158.55962586402893,-1.97,0
159.86613655090332,-1.86,0
161.18758082389832,-1.9,0
162.48197674751282,-1.93,0
163.79134440422058,-1.93,0
165.0835394859314,-1.86,0
166.43671941757202,-1.9,0
167.7373468875885,-1.93,0
172.31976294517517,17.55,1
173.66702795028687,24.9,1
175.0095672607422,29.45,1
176.3592402935028,35.83,1
177.69814348220825,40.31,1
179.04483461380005,47.1,1
180.45328426361084,49.1,1
181.79559969902039,53.38,1
183.1445050239563,57.31,1
184.48470520973206,60.76,1
185.82478094100952,63.17,1
187.16398215293884,66.86,1
188.5706970691681,69.9,1
189.91968989372253,71.0,1
191.25918316841125,73.34,1
192.67882370948792,76.52,1
194.08771753311157,78.9,1
195.4321563243866,80.52,1
196.775954246521,80.21,1
198.11771535873413,82.48,1
199.5293049812317,83.34,1
200.86737942695618,84.34,1
202.28586769104004,86.03,1
203.63060545921326,88.0,1
205.0402956008911,88.97,1
206.37728691101074,88.45,1
207.79090929031372,89.72,1
209.19436693191528,91.03,1
210.54798913002014,93.79,1
211.95202565193176,95.0,1
213.35980319976807,94.69,1
214.71422004699707,94.83,1
216.11690545082092,94.93,1
217.46871399879456,94.69,1
218.81225061416626,95.14,1
220.1505286693573,95.03,1
221.5525667667389,95.24,1
222.97659921646118,95.21,1
230.28095865249634,-2.31,0
231.57264399528503,-2.21,0
232.8951392173767,-2.14,0
234.18606638908386,-2.07,0
235.4968285560608,-2.21,0
236.80264472961426,-2.03,0
238.1233651638031,-2.1,0
239.45455121994019,-2.07,0
240.6703019142151,-2.07,0
241.884911775589,-2.03,0
243.08515238761902,-2.0,0
244.31749510765076,-1.97,0
