1.1074409484863281,5.21,0
2.3291594982147217,5.28,0
3.5338022708892822,5.21,0
4.735381126403809,5.21,0
9.310161113739014,5.14,1
10.72245478630066,5.69,1
12.066444396972656,6.69,1
13.478844165802002,8.34,1
14.89068603515625,10.38,1
16.302795886993408,12.79,1
17.64736294746399,15.31,1
19.060739755630493,17.83,1
20.403712034225464,20.1,1
21.81824040412903,22.17,1
23.161672592163086,23.76,1
24.506648063659668,25.17,1
25.8512864112854,26.31,1
27.263163089752197,26.76,1
28.60686683654785,27.24,1
30.019744157791138,27.31,1
31.432312726974487,26.97,1
32.84462022781372,26.38,1
34.18748354911804,25.14,1
35.53066086769104,24.1,1
36.87190842628479,23.03,1
38.28439807891846,22.03,1
39.62739133834839,21.28,1
40.970362424850464,20.41,1
42.313313245773315,19.66,1
43.65551400184631,19.0,1
44.99874973297119,18.24,1
46.34125208854675,17.55,1
47.75422954559326,16.83,1
49.16771411895752,16.24,1
50.51018834114075,16.45,1
51.92215347290039,16.38,1
53.26785731315613,16.79,1
54.67894101142883,17.17,1
56.022075176239014,17.45,1
57.43404412269592,18.03,1
58.846435546875,18.79,1
60.25801968574524,19.38,1
61.670714139938354,19.97,1
63.08298945426941,20.41,1
64.49593901634216,20.97,1
65.83890509605408,21.31,1
67.18158316612244,21.69,1
68.52506184577942,21.9,1
69.93596410751343,21.79,1
71.34756755828857,21.86,1
72.69032168388367,21.97,1
74.03345942497253,21.55,1
75.37575078010559,21.28,1
76.7187020778656,20.97,1
78.06137681007385,20.66,1
79.40531492233276,20.62,1
80.81560778617859,20.21,1
82.15860652923584,20.07,1
83.50159049034119,19.83,1
84.84450149536133,19.55,1
86.18793058395386,19.21,1
87.5305244922638,19.03,1
88.87277269363403,19.03,1
90.28396272659302,18.83,1
91.695641040802,19.0,1
93.03841304779053,19.28,1
94.38112759590149,19.52,1
95.72495627403259,19.72,1
97.06743240356445,19.93,1
98.41033887863159,20.1,1
99.75272536277771,20.17,1
101.16430401802063,20.45,1
102.57537508010864,20.34,1
103.9863429069519,19.93,1
105.32976841926575,19.76,1
106.74387311935425,19.52,1
108.08516359329224,19.66,1
109.49871897697449,19.93,1
110.84203624725342,20.0,1
112.25304317474365,20.1,1
113.66405892372131,20.31,1
115.07507395744324,20.24,1
116.48550510406494,19.93,1
117.89734244346619,20.03,1
119.30933952331543,19.97,1
120.72094106674194,19.72,1
122.1327154636383,19.83,1
123.54465413093567,20.0,1
124.95787572860718,19.86,1
126.3695855140686,19.97,1
127.78057622909546,20.03,1
129.1237666606903,20.1,1
130.53574633598328,20.34,1
131.94797563552856,20.03,1
133.36024522781372,20.21,1
134.77261328697205,20.07,1
136.11509323120117,20.17,1
137.45832633972168,20.24,1
138.80061721801758,20.76,1
140.21170687675476,20.28,1
141.55636382102966,21.34,1
142.89758777618408,21.38,1
144.30892157554626,22.17,1
145.7204921245575,22.24,1
147.13276171684265,22.17,1
148.47596430778503,22.1,1
149.8864209651947,21.79,1
151.22938084602356,21.45,1
152.64235138893127,21.21,1
154.0543441772461,20.93,1
155.46649956703186,20.62,1
156.80745244026184,20.31,1
158.2197232246399,19.97,1
159.56448674201965,19.69,1
160.90622806549072,19.52,1
162.2501986026764,19.28,1
163.5928328037262,19.14,1
165.00414180755615,18.93,1
166.34885025024414,18.69,1
167.69019985198975,19.0,1
169.03393030166626,19.21,1
170.37605452537537,19.38,1
171.72053718566895,19.52,1
173.06212282180786,19.76,1
174.40596556663513,19.86,1
175.7482361793518,20.0,1
177.15896010398865,20.07,1
178.50290513038635,20.17,1
179.84426856040955,20.17,1
181.18916296958923,20.34,1
182.53090524673462,20.59,1
183.87479710578918,20.52,1
185.21673560142517,20.55,1
186.56067061424255,20.52,1
187.90349960327148,20.62,1
189.31397104263306,20.31,1
196.6220519542694,-1.66,0
197.92448687553406,-1.69,0
199.23746466636658,-1.76,0
200.53856420516968,-1.86,0
201.8472888469696,-1.9,0
203.14432287216187,-1.83,0
204.45144867897034,-1.86,0
205.78598141670227,-1.93,0
207.09377717971802,-1.86,0
208.39938235282898,-1.9,0
209.71035408973694,-2.0,0
211.0124750137329,-1.93,0
212.32330679893494,-1.9,0
213.62526679039001,-1.97,0
214.9706530570984,-1.83,0
216.26717805862427,-2.0,0
220.86157631874084,786.79,1
222.27413058280945,759.55,1
223.68615865707397,466.97,1
225.09825372695923,268.83,1
226.5107650756836,160.72,1
227.92115592956543,105.66,1
229.33164048194885,81.17,1
230.7439730167389,69.55,1
238.0380072593689,0.48,0
239.3502655029297,0.45,0
240.66316938400269,0.34,0
241.97176933288574,0.38,0
243.279798746109,0.41,0
244.62655448913574,0.38,0
245.93571066856384,0.38,0
247.24623489379883,0.41,0
251.84162187576294,6.79,1
253.25414299964905,50.48,1
254.6655547618866,77.9,1
256.077529668808,91.72,1
257.48910689353943,97.1,1
258.90037202835083,99.97,1
260.3124346733093,99.69,1
261.7228820323944,101.83,1
263.133309841156,101.59,1
264.54573369026184,99.45,1
265.957275390625,96.38,1
267.36971950531006,95.52,1
268.78198313713074,100.9,1
270.1932590007782,101.93,1
271.60623383522034,102.21,1
273.0173919200897,103.17,1
274.4290280342102,101.83,1
275.83929538726807,102.45,1
277.2501699924469,103.48,1
278.6617774963379,96.76,1
280.07218956947327,84.72,1
281.48407101631165,82.79,1
282.896124124527,88.0,1
284.3088128566742,112.93,1
285.7203505039215,110.93,1
287.13296389579773,108.38,1
288.5455090999603,104.79,1
289.95592856407166,105.1,1
291.367214679718,102.24,1
298.66143345832825,-275.17,0
299.96995663642883,-345.48,0
301.2857096195221,-438.03,0
302.5997006893158,-568.48,0
303.9490616321564,-798.66,0
305.26517152786255,-1100.0,0
306.5806348323822,-1100.0,0
307.88999485969543,-1100.0,0
309.10358810424805,-1100.0,0
310.31690216064453,-1100.0,0
311.5278751850128,-1100.0,0
312.7369306087494,-1100.0,0
313.98443818092346,-1100.0,0
315.1978859901428,-1100.0,0
316.4170780181885,-1043.0,0
317.633455991745,-467.66,0
318.8440885543823,-137.97,0
320.048376083374,-55.21,0
321.25234866142273,-42.79,0
322.4509708881378,-19.69,0
323.6933264732361,-9.69,0
324.89103150367737,-5.28,0
326.0932834148407,-4.0,0
327.303261756897,-4.07,0
328.5092430114746,-4.03,0
329.7171416282654,-1.9,0
330.9171974658966,-1.83,0
332.12231397628784,-1.79,0
333.3627972602844,-1.41,0
334.560387134552,-1.07,0
335.76503443717957,-1.07,0
336.9621043205261,-1.07,0
338.1636817455292,-1.14,0
339.3669412136078,-1.07,0
340.57202434539795,-1.07,0
341.7750246524811,-1.07,0
343.0122084617615,-1.03,0
344.21705436706543,-1.14,0
345.42093992233276,-1.1,0
346.6259434223175,-1.14,0
347.83374428749084,-1.1,0
349.04014682769775,-1.17,0
350.2428538799286,-1.0,0
351.44692373275757,-1.14,0
352.6848177909851,-1.14,0
353.8927798271179,-1.14,0
355.09176993370056,-1.14,0
356.2896726131439,-1.17,0
357.4967246055603,-1.07,0
358.69123101234436,-1.21,0
359.8935718536377,-1.21,0
361.0926558971405,-1.24,0
362.3316431045532,-1.24,0
363.5375282764435,-1.24,0
364.7385230064392,-1.31,0
365.9425759315491,-1.31,0
367.14719796180725,-1.31,0
368.3482415676117,-1.34,0
369.56398725509644,-1.41,0
