3.1052021980285645,4.9
6.360918760299683,4.9
3.1138112545013428,4.72
6.325937986373901,4.83
9.542656660079956,4.79
12.757612228393555,4.72
19.342437982559204,1.45
22.893598079681396,1.41
26.37536883354187,1.41
29.926270008087158,1.31
33.46608352661133,16.41
37.022337198257446,20.34
40.49476981163025,22.76
44.054975748062134,24.28
47.59230971336365,25.52
51.14184236526489,26.9
54.68997025489807,26.97
58.2417938709259,27.72
65.01129269599915,27.79
68.48929953575134,29.24
72.040358543396,28.79
75.59071564674377,28.55
