3.1180927753448486,4.59
6.359361410140991,4.52
9.571269750595093,4.48
12.779359340667725,4.41
19.378464937210083,1.55
26.120549201965332,1.59
29.683292150497437,1.52
36.43720746040344,17.31
39.98819088935852,21.28
43.53928065299988,23.9
47.02039861679077,24.69
50.571505069732666,27.1
54.123732805252075,26.0
57.6657919883728,27.55
61.2111701965332,27.31
64.75717425346375,28.31
68.2380428314209,28.52
71.7923104763031,28.24
75.26770997047424,28.93
78.82241797447205,28.97
82.3042585849762,28.83
85.85105657577515,28.52
89.3445611000061,29.83
92.89424657821655,29.48
96.36770033836365,29.9
99.9269847869873,29.21
103.47925066947937,29.0
106.95672130584717,29.41
110.50046443939209,29.31
114.05662631988525,28.83
117.60334825515747,29.52
121.15718078613281,29.24
124.77868247032166,29.31
