1.1189992427825928,4.9
2.3340978622436523,5.0
3.549748420715332,4.86
4.7603559494018555,4.93
9.3516526222229,147.03
10.76259469985962,193.83
12.172641277313232,208.21
13.587717056274414,212.14
14.987951278686523,201.24
16.401095390319824,178.55
23.72107481956482,-1.17
25.03766417503357,-1.14
26.35232377052307,-1.1
27.667509078979492,-1.21
28.967082262039185,-1.14
30.283071517944336,-1.14
31.643707036972046,-1.07
32.96158981323242,-1.03
37.536985635757446,146.41
38.95030474662781,195.97
40.36511445045471,208.83
41.766276597976685,212.83
43.19226312637329,200.69
44.59905409812927,177.14
51.98097085952759,-1.21
53.298030614852905,-1.24
54.617493629455566,-1.21
55.91807842254639,-1.34
57.23353362083435,-1.28
58.55018854141235,-1.21
59.86764574050903,-1.24
61.18417453765869,-1.14
65.80987763404846,145.86
67.16329836845398,195.07
68.51010513305664,209.14
69.84459280967712,213.41
71.25495553016663,212.59
72.66741156578064,191.66
79.97538423538208,-1.45
81.29419827461243,-1.41
82.62727952003479,-1.41
83.9582576751709,-1.34
85.40293145179749,-1.34
86.72866725921631,-1.38
