1.1195368766784668,-2.21,0
2.352818012237549,-2.21,0
3.557798385620117,-2.21,0
4.7557761669158936,-2.1,0
9.328040838241577,5.66,1
10.74229907989502,10.93,1
12.14840316772461,29.14,1
13.564097881317139,38.21,1
14.9729483127594,44.69,1
16.39357876777649,44.48,1
17.727879524230957,50.03,1
19.073155164718628,50.31,1
20.426301956176758,45.79,1
21.76959800720215,49.97,1
23.181476593017578,46.55,1
24.52568221092224,45.79,1
25.938397884368896,48.31,1
27.34936833381653,48.79,1
28.76337957382202,48.97,1
30.175093412399292,49.21,1
31.586318731307983,49.0,1
32.984806537628174,48.86,1
34.408294916152954,48.76,1
35.746039152145386,48.83,1
37.16422462463379,50.48,1
38.576244592666626,50.62,1
39.97735142707825,50.48,1
41.328049182891846,50.38,1
42.671595096588135,50.38,1
44.01437544822693,50.59,1
45.35074853897095,50.38,1
46.69221377372742,50.07,1
48.11435317993164,49.66,1
49.528008222579956,48.24,1
50.93996810913086,49.86,1
52.347217082977295,49.86,1
53.75506591796875,49.93,1
55.16828107833862,49.86,1
56.58691215515137,49.62,1
57.98917865753174,49.76,1
59.40531921386719,51.97,1
60.82093167304993,54.24,1
62.225574016571045,53.83,1
63.6345055103302,50.17,1
65.04380583763123,49.86,1
66.39357161521912,50.0,1
67.74071311950684,49.9,1
69.0846803188324,48.28,1
70.49549412727356,49.38,1
71.82545351982117,49.55,1
73.1811830997467,49.72,1
74.5247483253479,49.62,1
75.86296606063843,51.86,1
77.21255707740784,50.14,1
78.55236268043518,49.62,1
79.96649694442749,49.52,1
81.3780312538147,49.31,1
82.78955411911011,49.62,1
84.20058512687683,49.48,1
85.53572177886963,49.45,1
86.94985818862915,49.45,1
88.29109311103821,48.14,1
89.62903928756714,49.17,1
90.98177552223206,49.0,1
92.3816077709198,49.55,1
93.73890113830566,49.45,1
95.0819296836853,52.41,1
96.49060988426208,49.93,1
97.89295625686646,49.38,1
99.30960607528687,49.41,1
100.72793507575989,49.21,1
102.13481163978577,48.21,1
103.55221390724182,51.59,1
104.95301175117493,52.48,1
106.3668200969696,52.72,1
107.78641295433044,49.72,1
109.19962906837463,52.79,1
110.60782527923584,49.79,1
112.01636242866516,49.31,1
113.43131470680237,52.86,1
114.83177924156189,52.34,1
116.25397682189941,53.45,1
117.66564440727234,53.93,1
119.08101654052734,49.62,1
120.48167133331299,49.34,1
121.89227247238159,49.14,1
123.3119866847992,49.17,1
124.71329259872437,49.38,1
126.13267397880554,49.21,1
127.53571367263794,49.03,1
128.96157383918762,51.52,1
130.3698661327362,53.48,1
131.78060460090637,49.66,1
133.1967589855194,49.17,1
140.5733766555786,-1.9,0
141.8648600578308,-1.93,0
143.1865861415863,-1.97,0
144.49263906478882,-1.97,0
145.80786848068237,-2.0,0
147.12638401985168,-2.0,0
148.4362757205963,-2.03,0
149.76081013679504,-2.03,0
151.10433721542358,-1.97,0
152.41905736923218,-2.14,0
153.738356590271,-2.0,0
155.0430612564087,-2.03,0
156.37081050872803,-2.07,0
157.6883647441864,-2.1,0
158.99522018432617,-2.07,0
160.31009340286255,-2.1,0
161.64545273780823,-2.14,0
162.95860362052917,-2.07,0
164.26308870315552,-2.14,0
165.56637954711914,-2.07,0
166.8560495376587,-2.14,0
168.16576194763184,-2.14,0
169.48103284835815,-2.17,0
170.77996492385864,-2.17,0
172.13357090950012,-2.07,0
173.43343329429626,-2.14,0
174.73382425308228,-2.1,0
176.04351544380188,-2.1,0
177.3402373790741,-2.1,0
178.64677095413208,-2.1,0
179.9412431716919,-2.1,0
181.25056099891663,-2.07,0
182.5630395412445,-2.1,0
183.89152431488037,-2.62,0
185.18833947181702,-3.1,0
189.7759747505188,10.1,1
191.11935091018677,11.66,1
192.45946073532104,21.14,1
193.88608312606812,31.97,1
195.22722578048706,38.03,1
196.64033484458923,43.21,1
198.04659605026245,47.93,1
199.46817302703857,49.41,1
200.80750846862793,46.76,1
202.21775078773499,48.86,1
203.62226390838623,46.41,1
205.04442358016968,48.45,1
206.37532258033752,49.62,1
207.72481226921082,49.21,1
209.1278874874115,50.1,1
210.47543740272522,49.1,1
211.82214260101318,50.45,1
213.23526215553284,50.38,1
214.57083821296692,49.69,1
215.99475502967834,48.76,1
217.33826565742493,49.03,1
218.74629664421082,48.86,1
220.0823736190796,48.38,1
221.5000159740448,52.1,1
222.84418606758118,51.93,1
224.256285905838,47.38,1
225.66943788528442,47.0,1
227.07863306999207,47.14,1
228.48953485488892,50.17,1
229.8915662765503,50.31,1
231.23553347587585,51.34,1
232.57774209976196,47.9,1
233.9311339855194,47.52,1
235.34719562530518,50.59,1
236.68607354164124,51.66,1
238.10247373580933,50.97,1
239.49882745742798,48.21,1
240.91301155090332,47.41,1
242.33344769477844,50.17,1
243.7368757724762,48.07,1
245.1468710899353,51.17,1
246.5595624446869,51.62,1
247.9831018447876,48.24,1
249.39322972297668,47.83,1
250.80759692192078,47.59,1
252.2104880809784,50.66,1
253.63096952438354,48.1,1
255.02748084068298,50.66,1
256.37170815467834,50.97,1
257.78746461868286,48.17,1
259.20599722862244,47.28,1
260.6163053512573,50.9,1
262.0235240459442,48.17,1
263.44344902038574,50.79,1
264.8553264141083,48.1,1
266.2568416595459,47.38,1
267.67427587509155,47.45,1
269.0785975456238,50.38,1
270.5005180835724,50.62,1
271.9123113155365,51.55,1
273.25104808807373,51.62,1
274.65911960601807,51.62,1
276.006560087204,48.34,1
277.41250133514404,47.59,1
278.82239151000977,47.48,1
280.23166823387146,50.93,1
281.6516373157501,50.59,1
283.0606601238251,50.97,1
284.47933316230774,48.0,1
285.8900158405304,47.86,1
287.2984952926636,47.45,1
288.70679545402527,50.86,1
290.1261456012726,48.14,1
291.52394795417786,50.52,1
292.9487726688385,48.21,1
294.36282420158386,50.93,1
295.7652316093445,48.0,1
297.1873517036438,47.55,1
298.5917866230011,47.38,1
300.00188422203064,50.66,1
301.4204988479614,48.17,1
302.82619071006775,47.79,1
304.23726320266724,47.72,1
305.65362095832825,51.14,1
307.0527334213257,51.59,1
308.476464509964,51.76,1
309.8898546695709,48.48,1
311.29464840888977,48.38,1
312.71484661102295,51.34,1
314.11921429634094,51.93,1
315.53288650512695,49.07,1
316.94913601875305,50.69,1
324.23985266685486,-2.0,0
325.55625557899475,-1.97,0
326.86106610298157,-2.0,0
328.199337720871,-2.03,0
329.4841630458832,-2.1,0
330.80906653404236,-0.41,0
332.09970235824585,-2.03,0
333.41354489326477,-2.17,0
334.7002491950989,-2.24,0
336.01625895500183,-2.1,0
337.3095245361328,-2.55,0
338.6119387149811,11.97,0
339.96471118927,18.9,0
341.2640805244446,19.17,0
342.5547716617584,19.38,0
343.85463857650757,20.69,0
345.15701174736023,21.0,0
346.47392439842224,21.1,0
347.78050899505615,21.38,0
349.07817006111145,21.86,0
350.37389302253723,21.93,0
351.7338271141052,22.0,0
353.0252251625061,22.31,0
354.3299677371979,22.48,0
355.63902258872986,22.59,0
356.93605875968933,22.69,0
358.2439270019531,22.83,0
359.5437903404236,22.97,0
360.8471064567566,23.14,0
362.1809368133545,23.24,0
363.48111391067505,23.38,0
364.79068541526794,23.45,0
366.1065456867218,23.66,0
367.39629101753235,16.59,0
368.7111065387726,17.55,0
373.2830538749695,41.69,1
374.63631677627563,39.0,1
375.9696388244629,43.03,1
377.39043068885803,44.45,1
378.7355091571808,48.41,1
380.07429671287537,49.59,1
381.4225764274597,50.0,1
382.83040976524353,38.59,1
384.1701428890228,44.41,1
385.514351606369,44.41,1
386.9256455898285,47.79,1
388.33543634414673,49.76,1
389.6704053878784,49.86,1
391.0167713165283,49.97,1
392.36959409713745,49.76,1
393.7052640914917,49.9,1
395.11110639572144,39.07,1
396.5230095386505,45.0,1
397.93805956840515,46.76,1
405.3178644180298,21.21,0
406.61763167381287,21.41,0
407.9348521232605,21.52,0
409.2343327999115,21.76,0
410.54738092422485,21.97,0
411.8547008037567,22.0,0
413.1663987636566,22.14,0
414.4806454181671,22.31,0
415.81520318984985,22.52,0
417.13362169265747,22.59,0
418.4442582130432,22.72,0
419.75661158561707,14.59,0
421.0658628940582,16.24,0
422.3883373737335,17.79,0
423.68389225006104,18.83,0
424.9917907714844,18.86,0
426.3376576900482,19.59,0
427.6460030078888,19.93,0
428.9509403705597,20.14,0
430.2644441127777,20.41,0
431.57363653182983,20.66,0
432.88023829460144,20.79,0
434.198326587677,20.97,0
435.5015501976013,21.17,0
436.8427891731262,21.34,0
438.1498303413391,21.52,0
439.45024275779724,21.62,0
440.7606420516968,21.76,0
442.075980424881,22.0,0
443.3710238933563,22.14,0
444.6774299144745,22.21,0
446.0267310142517,22.45,0
447.3248333930969,22.52,0
448.6465656757355,22.69,0
449.9450149536133,16.0,0
454.54298067092896,41.31,1
455.94670248031616,38.97,1
457.35544061660767,42.86,1
458.7013967037201,44.28,1
460.1115713119507,45.45,1
