1.112163782119751,7.76
2.317199230194092,7.83
3.5508170127868652,7.9
4.752526044845581,7.86
9.328415632247925,16.83
10.745357513427734,87.93
12.153650522232056,147.55
13.554299354553223,199.9
14.975998401641846,249.38
16.37867045402527,295.24
17.792813777923584,337.76
19.209575414657593,377.07
20.611459732055664,412.28
22.022770166397095,446.45
23.368824005126953,477.1
24.781392097473145,505.21
26.194849252700806,532.76
27.611121654510498,557.66
28.944918632507324,577.83
30.35719919204712,598.83
37.664740562438965,7.76
38.97265124320984,7.83
40.274906635284424,7.83
41.591731548309326,7.79
42.931114196777344,7.9
44.256596088409424,8.0
45.589593172073364,7.97
