1.1102666854858398,0.31,0
2.341451644897461,0.41,0
3.547053813934326,0.41,0
4.737156867980957,0.38,0
5.946308374404907,0.31,0
10.528526782989502,0.41,1
11.871302604675293,0.48,1
13.284221887588501,0.59,1
14.688281059265137,0.41,1
16.107614994049072,0.55,1
17.45143151283264,0.66,1
18.79217553138733,0.48,1
20.133883953094482,0.48,1
21.487836599349976,0.52,1
22.820741653442383,-4.48,1
24.17693018913269,-2.17,1
25.51685667037964,-0.14,1
26.932115077972412,-1.79,1
28.33719563484192,-1.76,1
29.744889974594116,-1.83,1
31.10085368156433,-2.86,1
32.504541635513306,-0.28,1
33.84431719779968,-8.55,1
35.27207112312317,-2.1,1
36.60955095291138,-9.24,1
38.017987966537476,-1.41,1
39.37048363685608,-3.62,1
40.709856271743774,-2.24,1
42.11451554298401,1.41,1
43.468987703323364,-1.76,1
44.809672594070435,-1.76,1
46.227277517318726,-1.9,1
47.56406092643738,-1.9,1
48.97906279563904,-1.93,1
50.38934898376465,-1.9,1
51.74143695831299,-1.9,1
53.143630027770996,-1.93,1
54.56362843513489,-2.07,1
55.981422662734985,-1.86,1
57.32399940490723,-1.93,1
58.73005414009094,-1.86,1
60.150789976119995,-2.97,1
61.551148414611816,12.48,1
62.96934914588928,13.38,1
64.38622450828552,14.31,1
65.789217710495,14.66,1
67.13826489448547,15.03,1
68.4781379699707,15.17,1
69.90405321121216,15.72,1
71.24824571609497,15.79,1
72.59179139137268,15.9,1
73.92846965789795,15.79,1
75.26675510406494,15.9,1
76.6236481666565,15.9,1
77.96052813529968,15.83,1
79.30069470405579,452.03,1
80.72394227981567,504.41,1
82.12863516807556,267.48,1
83.47321391105652,127.31,1
84.81464576721191,58.86,1
86.23502969741821,49.69,1
87.6401162147522,56.79,1
88.98392724990845,38.24,1
90.32642245292664,29.31,1
91.73412585258484,26.66,1
93.08759903907776,25.93,1
94.49111890792847,25.66,1
95.83982682228088,25.52,1
102.41335391998291,26.21,0
103.72122001647949,26.14,0
105.03344416618347,26.21,0
106.37743854522705,26.17,0
107.68667221069336,26.24,0
108.9898271560669,26.14,0
110.31351709365845,26.07,0
111.61194205284119,26.1,0
112.92238330841064,26.17,0
114.23150753974915,26.24,0
115.53871464729309,26.21,0
116.87890768051147,26.14,0
118.18764472007751,26.14,0
119.50973773002625,26.0,0
120.82701683044434,26.14,0
122.13345766067505,26.07,0
126.72022199630737,25.76,1
128.0761432647705,25.55,1
129.41796922683716,25.62,1
130.825825214386,25.59,1
132.16397619247437,25.52,1
133.58293652534485,25.66,1
134.92501211166382,25.48,1
136.2653305530548,25.52,1
137.6893060207367,25.66,1
139.09944462776184,25.69,1
140.50120186805725,25.76,1
141.8430404663086,25.62,1
143.25537276268005,25.69,1
144.68156385421753,25.59,1
146.091557264328,25.66,1
147.43550443649292,25.59,1
148.85473680496216,25.55,1
150.26188325881958,25.52,1
151.67692255973816,25.55,1
153.09116005897522,25.48,1
154.5003423690796,25.52,1
155.90940284729004,25.48,1
157.32646822929382,25.48,1
158.66940474510193,25.52,1
160.07746982574463,25.41,1
161.48872137069702,25.41,1
162.90756487846375,25.38,1
164.25750923156738,25.24,1
165.58670496940613,25.24,1
166.93403458595276,25.31,1
168.28649377822876,25.24,1
169.6297287940979,25.24,1
171.0375154018402,25.17,1
172.39072108268738,25.21,1
173.79115653038025,2.38,1
175.14487838745117,8.69,1
176.48611545562744,-0.79,1
177.82337379455566,-1.21,1
179.23791933059692,-1.38,1
180.59260272979736,-1.41,1
181.99641585350037,-1.62,1
183.33539962768555,-1.55,1
184.74956512451172,6.14,1
186.16499137878418,-1.59,1
187.58382368087769,-1.14,1
188.9258873462677,-1.76,1
190.27131700515747,2.38,1
191.61027359962463,39.48,1
192.9493236541748,58.52,1
194.36256051063538,58.31,1
195.78486394882202,55.62,1
197.12651443481445,51.03,1
198.46859765052795,-13.17,1
199.8123710155487,-1.14,1
201.2316460609436,34.14,1
202.56322407722473,-0.69,1
203.92027282714844,-1.21,1
205.33224201202393,-1.28,1
206.67661237716675,-1.45,1
208.01589274406433,-1.55,1
209.41957187652588,-1.62,1
210.83642029762268,-1.59,1
212.24824595451355,-1.66,1
