1.1135339736938477,6.38
2.3686511516571045,6.48
3.573934316635132,6.52
4.788562774658203,6.48
6.003170728683472,6.41
7.2208781242370605,6.41
11.80272364616394,1.03
13.215930223464966,0.9
14.628638505935669,0.86
16.03272533416748,0.79
17.381211280822754,0.86
18.728073596954346,0.83
20.062366724014282,0.86
21.412141799926758,0.76
22.759702444076538,0.79
24.095556497573853,0.79
25.50369429588318,0.76
26.93044877052307,0.86
28.34121036529541,8.1
29.75354266166687,10.59
31.164363622665405,11.07
32.575913429260254,11.14
33.90858769416809,10.17
35.25715923309326,11.34
36.60465884208679,11.52
38.01896047592163,9.17
39.354289531707764,7.21
40.707313776016235,5.69
42.12073087692261,8.21
43.45329260826111,10.14
44.80169153213501,8.76
46.145912408828735,7.21
47.492783069610596,9.48
48.84446597099304,10.9
50.24278688430786,7.45
51.59619927406311,5.72
52.94492769241333,10.17
54.283825159072876,11.72
55.62029051780701,11.48
56.97220277786255,8.14
58.38298296928406,11.21
59.79591679573059,9.41
61.206663846969604,10.69
62.61913275718689,11.62
64.03046584129333,6.55
65.37796688079834,10.59
66.72578191757202,7.1
68.05833148956299,10.1
69.40905928611755,11.31
70.75616145133972,7.03
72.16812586784363,10.17
73.50912046432495,7.0
74.86234545707703,9.97
76.20738887786865,11.28
77.55128312110901,11.24
78.88874912261963,6.45
80.29822087287903,9.93
81.64832353591919,11.38
83.05779194831848,11.38
84.46976447105408,7.17
85.87885618209839,10.24
87.22527313232422,11.31
88.57955694198608,11.59
89.91181230545044,8.28
91.32692265510559,6.28
92.67741703987122,9.97
94.09107375144958,8.38
95.50466442108154,10.38
96.90223503112793,7.21
98.25828504562378,10.24
99.67057132720947,11.14
101.08010196685791,11.41
102.4914288520813,8.62
103.90200209617615,7.62
105.31299924850464,9.9
106.72825264930725,6.97
108.13760828971863,11.31
109.55171012878418,11.48
110.96554732322693,8.59
112.37581014633179,7.31
113.78601908683777,10.48
115.2121422290802,11.34
116.6221182346344,7.93
118.02174615859985,7.48
119.43442726135254,10.52
120.85114526748657,11.45
122.2643370628357,11.76
123.61403918266296,7.83
125.02507328987122,6.9
126.43661832809448,10.31
127.84847640991211,8.59
129.2601878643036,7.76
130.67002034187317,5.48
132.09542560577393,9.83
133.50703501701355,11.41
134.84400367736816,8.24
136.25345945358276,10.83
137.6694884300232,12.1
139.08279252052307,11.93
140.49389243125916,8.45
141.9074559211731,10.52
143.32835721969604,11.48
144.7402262687683,11.48
146.14001154899597,6.86
147.55394315719604,10.28
148.90241694450378,6.14
150.31412482261658,10.14
151.72754454612732,7.62
153.13929438591003,5.93
154.5526144504547,10.1
155.96671104431152,8.28
157.38571047782898,5.83
158.79658246040344,9.93
160.2109842300415,11.17
161.54493880271912,9.0
162.95716261863708,11.03
164.30078768730164,11.52
165.7130892276764,9.0
167.06337761878967,10.83
168.47594261169434,11.69
169.8240487575531,8.76
171.1596553325653,6.86
172.50547862052917,10.28
173.91833758354187,11.45
175.26744270324707,11.34
176.68008756637573,8.52
178.0906195640564,6.48
179.50645303726196,10.0
180.91734910011292,8.17
182.2535915374756,10.83
183.60414862632751,11.66
184.94117283821106,12.28
186.35651850700378,11.93
187.7062201499939,11.83
189.12395119667053,9.52
190.53802919387817,10.97
191.94937181472778,7.38
193.36303186416626,10.55
194.76425170898438,8.0
196.1123993396759,6.93
197.52674198150635,5.86
198.93821001052856,10.1
200.35130953788757,8.59
201.76229453086853,7.41
203.1861937046051,8.0
204.5880949497223,10.38
205.9983630180359,11.07
207.41037940979004,7.0
208.83551812171936,10.28
210.1790804862976,11.38
211.58182168006897,11.69
212.99442863464355,9.14
214.40585112571716,10.83
215.75560355186462,8.34
217.17394495010376,11.14
218.57346415519714,11.52
219.9876708984375,11.66
221.40237092971802,8.93
222.81801986694336,10.72
224.23560643196106,11.38
225.6476559638977,8.79
227.0613808631897,10.48
228.47251391410828,9.45
229.80919790267944,10.79
231.22175884246826,11.41
232.63414812088013,11.52
234.0474236011505,11.55
235.3999433517456,7.66
236.80967783927917,7.03
238.2221381664276,10.21
239.62361812591553,8.48
241.0494089126587,10.41
242.45905685424805,8.45
243.87291812896729,7.17
245.288161277771,8.52
246.70042324066162,10.59
248.10874462127686,7.28
249.51679944992065,10.52
250.94051265716553,11.07
252.3398129940033,11.34
253.76501870155334,12.03
255.17877316474915,12.45
256.5901870727539,7.86
258.0042452812195,7.79
259.41819739341736,10.38
260.830438375473,11.21
262.24231719970703,11.41
263.6538360118866,11.62
265.12440609931946,11.48
266.5485475063324,9.24
267.9605972766876,6.41
275.260865688324,0.66
276.5741939544678,0.52
277.89494705200195,0.52
279.26108980178833,0.48
280.5800359249115,0.48
281.9350082874298,0.45
283.2521390914917,0.41
284.5631971359253,0.38
289.15592074394226,0.38
290.5683877468109,0.28
291.9803638458252,0.34
293.3929181098938,7.03
294.8045234680176,12.93
296.2165095806122,16.86
297.6296374797821,19.34
299.0430040359497,21.79
300.45683550834656,23.45
301.86970257759094,24.24
303.282833814621,25.45
304.6948881149292,26.17
306.10702323913574,25.93
307.519002199173,26.79
308.931040763855,27.21
310.34410762786865,27.24
311.7571268081665,28.41
313.160329580307,28.55
314.5842113494873,28.48
315.99746680259705,28.59
317.4648325443268,28.48
318.87864422798157,30.41
320.2283535003662,30.48
321.64064264297485,29.83
322.9888994693756,29.48
324.39738416671753,30.03
325.7480962276459,30.59
327.16205072402954,30.07
328.5702564716339,29.66
329.9791774749756,30.21
331.3904573917389,30.14
332.80181550979614,30.1
334.22455310821533,30.14
335.62967681884766,30.52
336.9764955043793,30.17
338.3890690803528,30.14
339.80781507492065,30.17
341.20532417297363,30.14
342.6169364452362,30.31
344.0290672779083,30.0
345.45501470565796,29.55
346.86143040657043,29.21
348.2726078033447,30.38
349.6887676715851,29.9
351.09956216812134,29.38
352.5133147239685,29.07
353.92371225357056,30.17
355.33747696876526,29.83
356.6864516735077,29.31
358.10016560554504,28.97
359.5113387107849,30.34
360.9242219924927,29.83
362.3356227874756,29.31
363.7479763031006,30.21
365.15963792800903,30.03
366.573814868927,30.41
367.9858639240265,29.97
369.39352464675903,30.28
370.80180740356445,30.0
372.2123076915741,29.59
373.62320375442505,30.07
375.0348880290985,30.48
376.44730949401855,30.14
377.85955119132996,29.52
379.2695314884186,29.17
386.58212327957153,0.52
387.9463469982147,0.34
389.2654161453247,0.31
390.58261609077454,0.31
391.8867428302765,0.28
393.2038564682007,0.28
394.5210783481598,0.28
395.8241150379181,0.28
400.4348485469818,0.24
401.84740567207336,0.24
403.2597575187683,8.07
404.5920515060425,16.24
406.01811814308167,23.28
407.41547656059265,29.21
408.84388852119446,32.76
410.25538659095764,36.72
411.6540653705597,37.72
413.06823992729187,38.76
414.488817691803,40.34
415.90045285224915,41.48
417.31422901153564,43.28
418.6470558643341,44.48
420.05886793136597,44.59
421.46902537345886,45.76
422.8184595108032,45.69
424.2286174297333,47.41
425.64042472839355,47.62
427.0508460998535,47.69
428.46195816993713,47.24
429.8713307380676,49.1
431.22033286094666,49.62
432.63576078414917,48.86
434.0479028224945,49.0
435.4580807685852,49.34
436.8673198223114,48.76
438.27498388290405,49.17
439.690212726593,50.28
441.10254669189453,50.55
442.5153024196625,50.76
443.92892813682556,49.76
445.3444404602051,49.03
446.74213099479675,49.52
448.15359807014465,48.93
449.57449865341187,48.86
450.9096632003784,49.28
452.3217399120331,50.14
453.6673731803894,49.48
455.0814244747162,49.34
456.48981833457947,50.1
457.9024624824524,49.69
459.31668734550476,49.66
466.64124631881714,0.03
467.9570164680481,0.03
469.26975202560425,0.0
470.5768542289734,-0.03
471.92482924461365,0.0
473.240895986557,-0.07
474.5467278957367,0.0
475.8663158416748,-0.07
480.45298051834106,149.17
481.86540150642395,201.59
483.26504945755005,215.97
484.68200039863586,221.28
486.09843921661377,221.66
487.5129725933075,216.24
488.92431139945984,199.41
490.3241882324219,179.48
491.7368233203888,162.48
493.14623498916626,147.86
500.4641468524933,-0.38
501.85265016555786,-0.38
