1.103069543838501,-1.93,0
2.3471994400024414,-2.0,0
3.556159019470215,-1.97,0
4.755984544754028,-2.0,0
9.345566272735596,8.0,1
10.689145565032959,67.45,1
12.101178169250488,72.14,1
13.507970809936523,82.1,1
14.921489477157593,86.9,1
16.33987545967102,70.62,1
17.68281650543213,54.59,1
19.012972116470337,47.07,1
20.43935775756836,42.03,1
21.776774168014526,38.07,1
23.17945647239685,34.66,1
24.535324573516846,31.72,1
25.944713830947876,28.93,1
27.35706901550293,26.83,1
28.698177099227905,24.79,1
30.11646294593811,22.38,1
31.531219720840454,20.86,1
32.93762493133545,19.03,1
34.348618268966675,17.59,1
35.69104194641113,16.14,1
37.11303448677063,15.03,1
38.51618838310242,13.79,1
39.941166639328,12.76,1
41.34804129600525,11.66,1
42.76599049568176,10.72,1
44.169201612472534,9.86,1
45.59356641769409,9.17,1
47.00559902191162,-5.1,1
48.418351888656616,1099.79,1
49.823864698410034,1098.45,1
51.2417848110199,1080.07,1
52.64574956893921,1017.21,1
54.062472105026245,976.24,1
61.36481714248657,2.79,0
62.69230628013611,3.0,0
64.00112342834473,3.0,0
65.34244871139526,3.0,0
66.63410711288452,3.07,0
67.94098830223083,2.97,0
69.24608111381531,3.03,0
70.54299449920654,3.0,0
75.13721346855164,6.86,1
76.48428750038147,9.86,1
77.82420682907104,14.9,1
79.23036670684814,22.38,1
80.58079862594604,30.14,1
81.99929475784302,38.48,1
83.34363865852356,30.48,1
84.75190567970276,46.17,1
86.15615510940552,54.21,1
87.56616854667664,54.38,1
88.92511439323425,54.31,1
90.33574986457825,53.17,1
