1.108060359954834,-1.97,0
2.3508992195129395,-2.0,0
3.5599989891052246,-2.0,0
4.768983840942383,-1.97,0
9.360904216766357,9.17,1
10.773108959197998,36.66,1
12.185169458389282,40.66,1
13.530751943588257,50.41,1
14.943142414093018,57.62,1
16.356411457061768,77.9,1
17.76889419555664,75.14,1
19.17923855781555,84.38,1
20.59036922454834,91.34,1
22.002545833587646,98.21,1
23.413159370422363,104.76,1
24.824482202529907,111.21,1
26.236684322357178,117.28,1
27.648089170455933,123.38,1
29.060649633407593,128.97,1
30.472184419631958,135.34,1
31.884663105010986,143.03,1
33.29705834388733,165.34,1
34.70784020423889,159.31,1
36.05125045776367,157.48,1
37.46366000175476,154.03,1
38.80573558807373,150.76,1
40.149200439453125,146.48,1
41.56132674217224,141.76,1
42.97365641593933,136.76,1
44.386253356933594,130.83,1
45.797319650650024,124.24,1
47.207669496536255,118.17,1
48.62012004852295,112.21,1
50.031869649887085,105.55,1
51.44241976737976,99.59,1
52.853822469711304,94.31,1
54.26449203491211,89.62,1
55.67666792869568,84.76,1
57.089006185531616,64.0,1
58.50119113922119,60.55,1
59.912022829055786,57.83,1
61.32496881484985,55.0,1
62.73630666732788,50.9,1
64.14909505844116,48.86,1
65.49152731895447,46.83,1
66.90360045433044,45.03,1
68.31554961204529,43.52,1
69.65897727012634,42.14,1
71.06970810890198,40.79,1
72.4134213924408,39.86,1
73.82478785514832,39.24,1
75.23709344863892,38.66,1
76.65008449554443,38.34,1
78.06113862991333,38.24,1
79.47192525863647,38.41,1
80.88264632225037,38.0,1
82.29362678527832,38.38,1
83.70470929145813,39.0,1
85.11720633506775,39.72,1
86.5294599533081,40.45,1
87.9411108493805,41.48,1
89.28370833396912,42.38,1
90.69526290893555,43.48,1
92.10584473609924,44.55,1
93.51708793640137,45.93,1
94.92768287658691,46.86,1
96.33976125717163,48.38,1
97.75161242485046,49.45,1
99.16376399993896,50.76,1
100.57748746871948,52.17,1
101.98922896385193,53.34,1
103.40048933029175,54.59,1
110.69985818862915,-1.55,0
112.01972556114197,-1.52,0
113.34125113487244,-1.48,0
114.66030645370483,-1.52,0
115.98576760292053,-1.45,0
117.30935645103455,-1.48,0
118.67100548744202,-1.52,0
119.99186944961548,-1.45,0
124.59850740432739,-7.79,1
126.01101446151733,7.21,1
127.42292070388794,17.72,1
128.83514499664307,24.45,1
130.24653792381287,28.48,1
131.65926218032837,31.31,1
133.07162737846375,34.76,1
134.48439025878906,38.34,1
135.89857816696167,39.66,1
137.3118875026703,42.0,1
138.72536420822144,44.48,1
140.13788723945618,46.97,1
141.54868340492249,47.45,1
142.95948219299316,48.72,1
144.37138509750366,49.72,1
145.78290128707886,51.21,1
147.19292616844177,52.17,1
148.6042845249176,53.69,1
150.0177674293518,54.59,1
151.4293179512024,55.69,1
152.84077763557434,55.38,1
154.25365114212036,56.34,1
155.66515612602234,56.24,1
157.07733631134033,57.59,1
158.4888825416565,56.9,1
159.8996024131775,56.93,1
161.3114411830902,57.21,1
162.72143292427063,58.72,1
164.13265442848206,58.52,1
165.54639077186584,58.45,1
166.95819211006165,58.59,1
168.3707172870636,58.52,1
169.7825906276703,58.52,1
171.19387030601501,58.83,1
172.60744547843933,60.1,1
174.01708245277405,60.24,1
175.42878103256226,59.97,1
176.84017705917358,59.97,1
178.2502646446228,59.52,1
179.66152167320251,59.69,1
181.0740623474121,59.72,1
182.48603749275208,59.72,1
183.89750909805298,59.76,1
185.2407419681549,59.83,1
186.6506268978119,59.9,1
188.06173157691956,59.9,1
189.4738929271698,60.1,1
190.81680607795715,60.03,1
192.22893714904785,59.93,1
193.64130878448486,59.97,1
195.05378651618958,59.72,1
196.46461820602417,60.17,1
197.8752965927124,59.86,1
199.2191686630249,59.45,1
200.63125896453857,59.66,1
202.04328608512878,59.76,1
203.45534920692444,59.72,1
204.86641430854797,59.66,1
206.27795720100403,59.83,1
207.68923997879028,60.0,1
209.10154795646667,59.79,1
210.51166939735413,59.79,1
211.92274618148804,59.83,1
213.33538269996643,59.97,1
214.74676275253296,60.14,1
216.15943574905396,59.83,1
217.57147312164307,59.69,1
218.98363399505615,59.31,1
220.39529156684875,60.86,1
221.80613327026367,60.17,1
223.2186896800995,60.72,1
224.62944555282593,60.1,1
226.04066562652588,60.72,1
227.45138216018677,60.21,1
228.86231327056885,60.03,1
230.275897026062,59.9,1
231.68653512001038,59.76,1
233.02987790107727,59.48,1
234.44033193588257,60.62,1
235.85180139541626,61.17,1
237.2631220817566,60.59,1
238.67410469055176,60.34,1
240.08493041992188,60.21,1
241.49739575386047,59.79,1
242.90919399261475,60.24,1
244.25211024284363,60.07,1
245.66326713562012,60.28,1
247.07415509223938,59.83,1
248.48547196388245,59.69,1
249.89635300636292,60.1,1
251.30756878852844,60.21,1
252.71967482566833,59.69,1
254.131165266037,60.17,1
255.54414081573486,59.83,1
256.9559931755066,60.0,1
264.2623062133789,-1.86,0
265.58201026916504,-1.9,0
266.9373366832733,-1.83,0
268.25424122810364,-1.79,0
269.56554222106934,-1.86,0
270.87983775138855,-1.86,0
272.191951751709,-1.83,0
273.51563358306885,-1.69,0
278.10249423980713,-6.79,1
279.5155611038208,6.66,1
280.9286251068115,16.76,1
282.3421411514282,20.86,1
283.7562494277954,27.72,1
285.1689784526825,32.21,1
286.5812146663666,35.07,1
287.9924142360687,38.21,1
289.4029381275177,40.17,1
290.8150246143341,42.34,1
292.22514390945435,44.41,1
293.637238740921,47.07,1
295.04929995536804,47.28,1
296.4623501300812,49.86,1
297.8738532066345,50.69,1
299.2864875793457,52.03,1
300.699275970459,52.79,1
302.10990595817566,54.17,1
303.52133083343506,55.72,1
304.9316725730896,55.24,1
306.34263038635254,56.62,1
307.75384759902954,56.31,1
309.164514541626,58.45,1
310.577627658844,57.9,1
311.9907925128937,57.62,1
313.40264558792114,57.45,1
314.81407046318054,57.59,1
316.22648310661316,58.07,1
317.6382749080658,59.07,1
319.0495994091034,58.76,1
320.46039628982544,58.86,1
321.8044593334198,58.66,1
323.2165150642395,58.62,1
324.6286633014679,58.79,1
326.0407245159149,58.83,1
327.45293951034546,59.07,1
328.8641142845154,58.93,1
330.20781779289246,59.07,1
331.62017273902893,60.45,1
333.03181743621826,59.93,1
334.37414288520813,59.79,1
335.7849850654602,59.93,1
337.19590973854065,60.28,1
338.6081807613373,59.69,1
339.95123624801636,59.72,1
341.36337018013,59.62,1
342.77446937561035,59.48,1
344.18534755706787,59.38,1
345.5295217037201,60.52,1
346.94153809547424,59.79,1
348.35404801368713,59.66,1
349.7659628391266,59.55,1
351.177800655365,59.52,1
352.5894355773926,59.31,1
354.0004770755768,60.41,1
355.41127490997314,60.38,1
356.75570487976074,59.97,1
358.1676697731018,60.34,1
359.57967615127563,60.41,1
360.9221258163452,60.31,1
362.3341989517212,59.9,1
363.7483899593353,59.79,1
365.1588819026947,59.72,1
366.5703835487366,59.55,1
367.91302609443665,59.45,1
369.3250825405121,60.69,1
370.73632526397705,60.52,1
372.1475741863251,60.34,1
373.56001234054565,60.07,1
374.9724805355072,60.07,1
376.383859872818,60.59,1
377.79639863967896,60.1,1
379.2088465690613,59.83,1
380.6192784309387,59.97,1
382.03044867515564,59.72,1
383.4420349597931,59.59,1
384.85317730903625,59.62,1
386.26448607444763,59.79,1
387.6754355430603,59.48,1
389.0879337787628,59.62,1
390.4988739490509,59.76,1
391.9117679595947,59.83,1
393.3237929344177,59.79,1
394.7355933189392,59.76,1
396.1474070549011,59.79,1
397.5592725276947,59.45,1
398.9698348045349,59.52,1
400.3823516368866,59.62,1
401.79385781288147,59.55,1
403.20380115509033,59.76,1
404.614470243454,59.79,1
406.02758598327637,59.79,1
407.43907403945923,59.72,1
408.8505349159241,59.76,1
410.2630021572113,59.97,1
417.5857126712799,-1.93,0
418.8956608772278,-1.97,0
420.21839904785156,-1.9,0
421.53088903427124,-1.9,0
422.8500816822052,-1.93,0
424.2047972679138,-1.83,0
425.5201201438904,-1.83,0
426.8377983570099,-1.83,0
431.4291648864746,23.97,1
432.8433508872986,33.1,1
434.2549591064453,42.41,1
435.6654779911041,51.45,1
437.07643938064575,58.72,1
438.48719477653503,66.34,1
439.89828419685364,74.03,1
441.3096182346344,80.45,1
442.72165060043335,86.31,1
444.1340379714966,92.69,1
445.54550862312317,98.45,1
446.9583876132965,104.28,1
448.37091755867004,110.17,1
449.78211092948914,115.07,1
451.19403195381165,119.83,1
452.60507249832153,124.83,1
454.0164678096771,123.31,1
455.42761516571045,136.24,1
456.8386387825012,140.34,1
458.24943566322327,144.41,1
459.66178154945374,147.31,1
461.07361674308777,147.93,1
462.4859459400177,148.69,1
463.89857959747314,147.59,1
465.3106565475464,146.31,1
466.72273564338684,143.97,1
468.13389921188354,141.9,1
469.54500913619995,138.45,1
470.95638608932495,134.83,1
472.36785221099854,130.66,1
473.77800846099854,126.17,1
475.1892466545105,121.72,1
476.6025516986847,116.72,1
478.01382327079773,111.93,1
479.42630100250244,106.76,1
480.83806562423706,101.76,1
482.25040102005005,97.07,1
483.66240549087524,91.79,1
485.07418608665466,87.03,1
486.48448061943054,82.14,1
487.8955411911011,77.72,1
489.3066065311432,73.45,1
490.71804094314575,69.52,1
492.1290752887726,65.9,1
493.54115104675293,62.41,1
494.9541127681732,59.1,1
496.3662123680115,56.21,1
497.77855682373047,53.24,1
499.1901001930237,50.52,1
500.603004693985,48.21,1
502.0135769844055,45.93,1
503.424329996109,43.24,1
504.8352036476135,42.28,1
506.24628949165344,41.28,1
507.65746665000916,40.14,1
509.06956005096436,39.31,1
516.3740434646606,-1.62,0
517.6918487548828,-1.52,0
519.0496852397919,-1.59,0
520.3591198921204,-1.52,0
521.6816914081573,-1.48,0
522.9997625350952,-1.48,0
524.3111832141876,-1.52,0
525.6317300796509,-1.55,0
526.8482174873352,-1.55,0
528.0653450489044,-1.55,0
529.3165402412415,-1.55,0
530.5287611484528,-1.59,0
531.749582529068,-1.55,0
532.9695484638214,-1.69,0
534.1935408115387,-1.69,0
535.4147417545319,-1.59,0
536.6303231716156,-1.62,0
