1.1043884754180908,-1.59
2.351882219314575,-1.48
3.562182664871216,-1.52
4.762273788452148,-1.55
9.332956790924072,192.69
10.678432941436768,131.66
12.091032266616821,122.28
13.493690252304077,120.21
14.906753301620483,119.59
16.32129979133606,119.17
17.657124042510986,119.07
19.005030393600464,119.24
20.418395042419434,118.83
21.754255056381226,118.66
23.169010400772095,115.34
24.51805305480957,110.28
25.92915415763855,-12.66
27.344083786010742,182.76
28.75058364868164,156.76
30.100054025650024,127.48
31.49980878829956,24.17
32.92484426498413,176.79
34.2651731967926,136.45
35.60339307785034,118.83
36.95214867591858,119.48
38.36071753501892,119.9
39.70884704589844,119.52
41.04666519165039,119.62
42.39410090446472,119.9
43.72980999946594,119.59
45.13942527770996,119.55
46.488893032073975,119.38
47.90023708343506,119.52
49.246776819229126,119.38
50.585553884506226,119.38
51.921892166137695,119.28
53.33402156829834,119.41
54.68274784088135,119.59
56.09899044036865,119.34
57.43160080909729,119.52
58.84362721443176,119.34
60.25444531440735,119.38
61.66645956039429,119.45
63.08176302909851,119.38
64.42813277244568,119.48
65.77702021598816,119.41
67.10977339744568,119.62
68.4541654586792,119.66
69.86424589157104,119.55
71.21230483055115,119.66
72.61985230445862,119.62
73.96856379508972,119.66
75.31497836112976,119.52
76.64680814743042,119.38
78.07284140586853,119.69
79.48299551010132,119.55
80.89366745948792,119.62
82.22674226760864,119.59
83.57435846328735,119.48
84.92305254936218,119.48
86.33455038070679,119.79
87.66612029075623,119.79
89.0756139755249,119.76
90.48888993263245,119.83
91.90989017486572,119.55
93.24256730079651,119.97
94.5989887714386,119.79
95.93571758270264,119.66
97.34977197647095,119.76
98.69905495643616,119.62
100.11056709289551,119.69
101.51092529296875,119.86
102.92373013496399,119.9
104.26523947715759,119.72
105.61647009849548,119.72
107.02696371078491,119.83
108.43783712387085,119.66
109.78629350662231,120.14
111.1988046169281,120.21
112.6078851222992,120.14
114.02366709709167,120.07
