1.1041302680969238,-1.17,0
2.3198487758636475,-1.17,0
3.5289430618286133,-1.21,0
4.740881681442261,-1.14,0
9.325715780258179,510.38,1
10.739490509033203,1100.0,1
12.150970697402954,808.62,1
19.449329614639282,-56.1,0
20.811620235443115,0.59,0
22.132604360580444,-45.59,0
23.44812846183777,-56.21,0
24.758487701416016,-54.69,0
26.075273275375366,-56.0,0
27.397194385528564,-55.34,0
28.726539134979248,-56.79,0
30.079355001449585,-57.0,0
31.405546188354492,-57.38,0
32.73426032066345,-58.48,0
34.04226231575012,-58.83,0
35.353384256362915,-54.97,0
36.67314267158508,-30.38,0
37.97878432273865,-21.66,0
39.3033652305603,-24.14,0
40.65137004852295,-15.97,0
41.95853400230408,-9.83,0
43.2758309841156,52.72,0
44.5802800655365,0.21,0
45.904460430145264,-2.1,0
47.23246359825134,0.28,0
48.53939700126648,0.52,0
49.85323119163513,-1.03,0
51.20539140701294,0.41,0
52.529711961746216,0.21,0
53.8612847328186,0.0,0
55.17961764335632,0.17,0
56.49860739707947,-0.14,0
57.811574935913086,0.1,0
59.1286301612854,-0.17,0
60.48541808128357,0.07,0
61.80891680717468,0.0,0
63.12603306770325,-0.03,0
64.44068241119385,0.07,0
69.02313232421875,18.93,1
70.43495488166809,27.03,1
71.85981035232544,35.14,1
73.1916012763977,43.76,1
74.61486315727234,41.9,1
76.0249936580658,45.72,1
77.43479013442993,46.72,1
78.85011553764343,46.62,1
80.25851464271545,55.03,1
81.66532802581787,22.93,1
83.08398842811584,32.93,1
84.49995112419128,30.41,1
85.91700887680054,42.24,1
87.32033658027649,50.03,1
88.73738193511963,52.83,1
90.13998055458069,50.0,1
91.56130337715149,1069.69,1
92.97804427146912,781.66,1
94.38701224327087,387.66,1
95.7894356250763,238.9,1
97.20846652984619,133.93,1
98.61572480201721,81.52,1
100.02587747573853,67.9,1
101.44161367416382,56.03,1
102.86264967918396,51.83,1
104.26130080223083,51.03,1
105.68672370910645,50.14,1
107.10113644599915,50.24,1
108.51281642913818,30.38,1
109.9148519039154,29.69,1
111.32981705665588,44.45,1
112.75043654441833,50.79,1
114.15739417076111,52.0,1
115.5713849067688,46.59,1
116.98378014564514,40.66,1
118.39086604118347,24.83,1
119.81593227386475,27.0,1
121.2246458530426,31.62,1
122.63018941879272,53.66,1
124.04920220375061,58.9,1
125.46721911430359,50.72,1
126.86759495735168,50.52,1
128.2821080684662,37.59,1
129.7038769721985,34.28,1
131.11238646507263,86.62,1
132.5206582546234,91.07,1
133.9296054840088,74.48,1
135.34833908081055,54.34,1
142.6714415550232,-14.21,0
144.03486514091492,-12.86,0
145.3522298336029,22.48,0
146.69242477416992,2.1,0
148.00722646713257,-1.24,0
149.32423305511475,-1.28,0
150.64852499961853,-3.66,0
151.96427488327026,-0.17,0
153.2881636619568,4.17,0
154.64279127120972,-0.28,0
155.9576768875122,7.14,0
157.29421019554138,3.1,0
158.6016309261322,6.79,0
159.92533016204834,8.14,0
161.2315695285797,-11.38,0
162.54204320907593,9.76,0
163.8496024608612,0.34,0
165.20656323432922,1.62,0
166.52008652687073,1.59,0
167.82824277877808,1.55,0
169.14342880249023,1.28,0
170.4576506614685,1.31,0
171.7848505973816,1.14,0
173.08866667747498,1.21,0
174.40825510025024,1.24,0
175.7773060798645,1.03,0
