1.1113951206207275,0.59
2.3180336952209473,0.62
3.557382822036743,0.55
4.7663514614105225,0.62
5.980190753936768,0.55
7.185764312744141,0.66
8.395057916641235,0.48
9.593580484390259,0.59
10.80581283569336,0.52
12.046720027923584,0.66
13.272051811218262,0.59
16.065351247787476,0.62
17.47717308998108,1.72
18.82141375541687,3.38
20.15690851211548,6.55
21.575092315673828,10.62
22.917880296707153,14.24
24.3281888961792,16.76
25.74914288520813,17.9
27.147021293640137,17.9
28.563774585723877,17.24
29.976022958755493,16.34
31.397232055664062,15.86
32.804107904434204,15.31
34.15396547317505,14.79
35.5574369430542,14.28
36.91115880012512,13.72
38.25354743003845,13.24
39.66102051734924,12.79
41.076571226119995,12.28
42.47929406166077,11.86
43.89480972290039,11.41
45.30945086479187,11.0
46.72903323173523,10.59
48.140453577041626,10.21
49.550296783447266,9.83
50.96971607208252,9.45
52.37231636047363,9.14
53.724066495895386,8.83
55.12888503074646,8.76
56.55277490615845,8.83
57.9544882774353,9.24
59.37498664855957,9.76
60.78129267692566,10.21
62.19947028160095,10.45
63.61199116706848,10.76
65.01311612129211,10.93
66.42990159988403,10.93
67.78034138679504,10.79
69.19217681884766,10.38
72.8975682258606,0.86
74.19714307785034,0.66
75.51606607437134,0.69
76.82368421554565,0.48
78.14005184173584,0.45
79.50075626373291,0.41
80.81539940834045,0.41
82.11626958847046,0.38
83.42929911613464,0.45
84.75044059753418,0.28
86.06287217140198,0.38
87.37975525856018,0.24
88.67912197113037,0.31
90.04091811180115,0.24
91.3620285987854,0.21
92.6827940940857,0.21
95.459969997406,384.34
96.87371063232422,129.17
98.28870582580566,40.97
99.69804954528809,13.52
101.11073112487793,3.93
102.51456904411316,13.97
103.93019032478333,6.1
105.33697390556335,13.59
106.74918270111084,5.76
108.16084170341492,13.45
109.57323575019836,9.93
110.98440098762512,7.9
112.39378547668457,12.34
113.81636357307434,9.07
115.15023422241211,8.97
116.56540656089783,10.86
117.97321629524231,10.0
121.6917335987091,-0.38
123.00695991516113,-0.55
124.35234832763672,-0.62
125.68238401412964,-0.69
126.9966766834259,-0.66
128.3171992301941,-0.83
129.6317481994629,-0.86
130.9361231327057,-0.76
132.25745296478271,-0.83
133.58337473869324,-0.76
134.92827248573303,-0.93
136.2463219165802,-0.83
137.55589962005615,-0.79
138.87633848190308,-0.83
140.17611742019653,-0.9
141.48284697532654,-0.79
144.25994515419006,384.07
145.66887831687927,128.72
147.08589053153992,40.97
148.49841117858887,13.52
149.89800667762756,3.9
151.31588459014893,1.21
152.72577667236328,11.45
154.1346755027771,4.07
155.54957795143127,1.41
156.95896339416504,9.69
158.37294912338257,3.41
159.78258991241455,4.59
161.1358962059021,5.79
162.47375416755676,2.03
163.87638092041016,9.66
165.22188520431519,3.55
166.64430046081543,5.9
167.97685265541077,5.9
169.31685829162598,1.79
170.66725325584412,8.79
172.017431974411,3.03
173.3500919342041,5.86
174.70201921463013,5.9
176.11483073234558,4.79
177.52507305145264,5.14
178.86828660964966,5.31
180.20801854133606,5.07
181.62014389038086,5.07
182.96396780014038,5.28
184.3103005886078,1.76
188.01147150993347,-0.9
189.31183743476868,-1.03
190.65189623832703,-0.93
191.95875644683838,-1.03
193.26599264144897,-1.03
194.5829679965973,-1.1
195.88245153427124,-1.1
197.19518637657166,-1.1
199.97003173828125,388.45
201.38132858276367,134.97
202.77872323989868,43.07
204.19510316848755,41.62
205.61088132858276,58.69
207.02421855926514,43.07
208.4333963394165,55.79
209.84008693695068,44.38
211.17976880073547,54.69
212.59354448318481,45.07
213.942786693573,54.59
215.2903597354889,47.76
216.6348214149475,50.03
218.03475761413574,51.31
219.45252990722656,49.07
220.80236220359802,50.72
222.2126805782318,49.21
223.61050486564636,51.14
225.03395318984985,49.1
226.44698286056519,50.93
227.84953570365906,48.72
229.26468324661255,53.55
230.67658591270447,44.72
232.0159182548523,54.41
235.84880137443542,-1.21
237.30557346343994,-1.41
238.724112033844,-1.45
240.1307053565979,-1.48
241.52694725990295,-1.52
242.9004304409027,-1.55
244.3579227924347,-1.48
245.80043530464172,-1.52
