1.1168131828308105,7.83
2.3607566356658936,7.9
3.5709304809570312,7.97
4.769503355026245,7.93
9.352457523345947,7.9
10.765969276428223,7.86
12.181562662124634,8.86
13.586555242538452,11.55
14.996768951416016,16.48
16.41222596168518,24.31
17.762053728103638,33.52
19.099876880645752,45.07
20.51171565055847,58.86
21.930156469345093,72.72
23.33853268623352,86.83
24.741374731063843,101.0
26.156123638153076,114.83
27.567688465118408,127.93
28.917965173721313,138.79
30.330639839172363,148.31
31.73247504234314,155.69
33.152018308639526,161.07
34.48799920082092,164.28
35.840925455093384,165.48
37.24561929702759,165.41
38.658536434173584,163.17
39.99321246147156,159.72
41.402342557907104,154.9
42.75258493423462,149.1
44.1656277179718,142.76
45.58087658882141,136.24
46.9846830368042,129.48
48.406514406204224,123.38
49.806827545166016,117.55
51.22672891616821,112.52
52.6305935382843,107.76
54.043984174728394,104.17
55.45937180519104,101.69
56.86295247077942,100.45
58.27855205535889,99.93
59.6909499168396,100.48
61.10942459106445,101.79
62.52037310600281,103.76
63.93445348739624,106.1
65.273761510849,108.66
66.68916654586792,111.62
68.09327960014343,114.62
69.51136088371277,117.45
70.90922665596008,120.21
72.32398390769958,123.07
73.74530959129333,125.0
75.1505651473999,126.59
76.56240367889404,128.14
77.98426032066345,129.03
85.35074615478516,7.76
86.68278288841248,7.69
88.00223159790039,7.79
89.30487298965454,7.76
90.62188076972961,7.86
91.9257562160492,7.83
93.25651860237122,7.83
94.56756615638733,7.83
99.19241952896118,7.93
100.61829924583435,7.9
102.01632118225098,7.79
103.43800854682922,7.9
104.85639429092407,7.9
106.25555729866028,9.72
107.68169379234314,12.34
109.08295202255249,15.9
110.50059652328491,20.28
111.91494011878967,25.45
113.31448245048523,30.45
114.7281346321106,35.59
116.13827753067017,39.93
117.5589075088501,44.07
118.96146559715271,47.31
120.37623691558838,49.97
121.78831100463867,51.72
123.2090859413147,52.93
124.61785316467285,53.38
126.02652335166931,53.31
127.44470310211182,52.76
128.85672402381897,51.76
130.26795935630798,50.0
131.66548490524292,47.59
133.08422112464905,45.17
134.49555611610413,43.1
135.90945386886597,40.97
137.32262110710144,39.1
138.72628736495972,37.21
140.14298725128174,35.86
141.55287671089172,35.31
142.96848917007446,34.76
144.3844165802002,34.76
145.78353238105774,34.9
147.19325995445251,35.14
148.60858392715454,35.69
150.0238573551178,36.21
151.431298494339,37.0
152.85586023330688,37.76
154.25413370132446,38.48
155.66825151443481,39.14
157.08348560333252,39.83
158.49007964134216,40.34
159.90326309204102,40.86
161.24408984184265,41.34
162.59160494804382,41.76
164.0116846561432,42.24
165.41442799568176,42.41
166.8256959915161,42.31
174.139750957489,8.14
175.48870468139648,8.17
176.80758666992188,8.03
178.1172661781311,8.21
179.43707275390625,8.07
180.73885822296143,8.07
182.04444670677185,8.07
183.36091113090515,8.1
187.9418740272522,1.55
189.35962629318237,1.55
190.77352261543274,15.93
192.1915786266327,34.0
193.60766983032227,48.9
195.0203239917755,65.34
196.42075443267822,81.45
197.8437638282776,94.17
199.25352835655212,105.62
200.6665964126587,113.07
202.00311827659607,118.41
203.41371417045593,116.9
204.82663369178772,120.14
206.16922187805176,120.9
207.5912754535675,120.97
208.99879479408264,120.93
210.4136927127838,121.28
211.7474067211151,121.21
213.09307050704956,121.21
214.5149519443512,121.45
215.91292643547058,121.34
217.33404421806335,121.41
218.7416832447052,121.59
220.15917944908142,121.86
221.56693053245544,121.97
222.98088121414185,121.79
224.38858270645142,121.86
225.79672050476074,121.83
227.20758724212646,122.0
228.62809252738953,121.62
230.03134775161743,118.45
231.45240783691406,121.1
232.85699129104614,121.79
234.2757167816162,118.07
235.6768674850464,121.14
237.09274578094482,121.76
238.50711941719055,121.97
239.91680717468262,122.1
241.32832026481628,122.03
242.73130869865417,119.07
244.14763951301575,121.52
245.5672881603241,121.9
246.9765543937683,122.1
248.39388751983643,119.07
249.80525040626526,118.45
251.20410680770874,118.1
252.62668418884277,121.83
254.02699041366577,123.14
255.4529321193695,118.9
262.7506318092346,1.21
264.073725938797,1.14
265.38234972953796,1.1
266.69601941108704,1.14
268.0145056247711,1.07
269.36871552467346,1.07
270.6872298717499,1.1
272.00938606262207,1.14
276.59631276130676,1.17
278.01441955566406,1.07
279.4277729988098,1.07
280.8311803340912,9.34
282.2420642375946,19.03
283.6594834327698,24.38
285.0771906375885,29.69
286.4918065071106,32.52
287.9081697463989,36.97
289.3091208934784,38.52
290.7314987182617,38.62
292.1407232284546,38.48
293.554297208786,38.66
294.95615100860596,38.76
296.3760783672333,38.59
297.78776931762695,38.55
299.1897563934326,41.55
300.6058888435364,39.45
302.0223386287689,38.72
303.42687225341797,38.45
304.8363559246063,38.28
306.2608230113983,41.86
307.67185950279236,42.41
309.0819547176361,39.66
310.49288606643677,38.83
311.8944742679596,38.62
313.3170921802521,42.03
314.71267199516296,39.41
316.12876081466675,38.97
317.54290080070496,38.97
318.95206022262573,42.17
320.3655159473419,39.76
321.7767515182495,39.17
323.1892442703247,41.93
324.6023619174957,39.28
326.00763058662415,41.62
327.3602077960968,42.1
328.7720310688019,39.28
330.1868016719818,41.48
331.59364461898804,41.93
332.9360947608948,39.31
334.34269618988037,41.41
335.76239037513733,38.79
337.17656540870667,37.97
338.579229593277,41.03
340.00451493263245,41.59
341.4037055969238,42.1
342.81516551971436,42.07
344.230633020401,42.0
351.6187036037445,1.0
352.9169702529907,1.07
354.2343125343323,1.0
355.5406847000122,0.93
356.8553705215454,0.9
358.1545658111572,0.93
359.47264885902405,0.9
360.7822630405426,0.93
365.40803360939026,7.86
366.760418176651,7.9
368.17484736442566,8.83
369.58056116104126,11.21
370.99196672439575,15.86
372.40682220458984,23.21
373.7444474697113,32.48
375.0853250026703,43.9
376.50058603286743,57.31
377.9106857776642,71.28
379.32840728759766,85.24
380.741756439209,99.62
382.15044808387756,113.24
383.5607523918152,126.48
384.9848687648773,138.31
386.3822681903839,147.97
387.8041994571686,156.1
389.2182283401489,162.31
390.6205897331238,165.9
392.02783489227295,167.07
393.45088720321655,165.66
