1.1102850437164307,-1.76,0
2.3490710258483887,-1.72,0
3.5599896907806396,-1.76,0
4.758028268814087,-1.76,0
5.958558082580566,-1.86,0
10.56178092956543,24.45,1
11.911259174346924,19.24,1
13.324309349060059,34.28,1
14.737329006195068,44.31,1
16.14097499847412,53.21,1
17.490514516830444,57.24,1
18.905852794647217,53.48,1
20.31231451034546,58.34,1
21.722585916519165,55.83,1
23.141034364700317,54.17,1
24.55480647087097,52.55,1
25.952375173568726,53.86,1
27.373474597930908,54.9,1
28.789294004440308,49.83,1
30.200043439865112,46.59,1
31.59678626060486,44.97,1
33.01080822944641,51.1,1
34.35583138465881,49.45,1
35.76529288291931,53.48,1
37.12093448638916,53.41,1
44.41577887535095,1.76,0
45.717294454574585,-0.14,0
47.02810597419739,-1.17,0
48.33877086639404,-1.69,0
49.656039237976074,-1.69,0
50.96190047264099,-0.93,0
52.279128074645996,-1.86,0
53.597639083862305,-1.79,0
54.92918372154236,-1.55,0
56.25166416168213,-1.14,0
57.56322264671326,-1.69,0
58.87763714790344,-1.9,0
60.215315103530884,-1.69,0
61.53030800819397,-1.93,0
62.85261535644531,-1.76,0
64.19370484352112,-1.83,0
65.50771570205688,-1.76,0
66.81526970863342,-1.69,0
68.1174566745758,-1.9,0
69.41469669342041,-1.76,0
70.72127079963684,-1.72,0
72.0295798778534,-1.79,0
73.3474645614624,-1.76,0
74.65771842002869,-1.76,0
75.99765658378601,-1.9,0
77.31099963188171,-1.83,0
78.6262526512146,-1.79,0
79.944016456604,-1.76,0
81.25312638282776,-1.86,0
82.56716084480286,-1.83,0
83.88612794876099,-1.83,0
85.18944787979126,-1.79,0
86.54287981987,-1.86,0
87.85051321983337,-1.86,0
89.15814423561096,-1.76,0
93.75276184082031,20.34,1
95.16219520568848,28.55,1
96.51448917388916,38.41,1
97.9226176738739,46.28,1
99.26079797744751,43.97,1
100.66833829879761,47.45,1
102.08913779258728,50.69,1
103.50278949737549,47.14,1
104.91315054893494,53.14,1
106.32651424407959,53.1,1
107.72597527503967,48.52,1
109.15050411224365,47.17,1
110.55062556266785,51.9,1
111.97337055206299,48.28,1
113.37287664413452,47.93,1
114.78909158706665,50.1,1
116.20178747177124,50.1,1
117.6122407913208,52.03,1
119.02691984176636,49.62,1
120.4392397403717,50.76,1
121.83993363380432,54.9,1
123.26489353179932,57.31,1
124.66499257087708,59.59,1
126.08143520355225,48.9,1
127.49342012405396,47.83,1
128.91405296325684,47.93,1
130.3221926689148,52.38,1
131.7293734550476,56.48,1
133.14619708061218,51.52,1
134.55479836463928,52.34,1
135.9691240787506,47.34,1
137.36995601654053,46.24,1
138.78775715827942,45.34,1
140.20227313041687,51.38,1
141.60528445243835,46.69,1
143.02896642684937,45.69,1
144.43690967559814,45.59,1
145.8526110649109,52.69,1
147.25900554656982,48.79,1
148.66818141937256,53.17,1
150.0781307220459,46.93,1
151.4978802204132,52.83,1
152.8966565132141,54.97,1
154.3198699951172,48.76,1
155.7234559059143,53.24,1
157.14069080352783,48.9,1
158.5528335571289,53.83,1
159.95530152320862,47.59,1
161.30592823028564,45.14,1
162.72196102142334,51.03,1
164.1333613395691,45.83,1
165.4677858352661,46.17,1
166.81871557235718,46.48,1
168.14826941490173,47.55,1
169.49110579490662,46.76,1
170.8458149433136,47.31,1
172.18217039108276,47.55,1
173.53188729286194,44.93,1
174.94651579856873,42.38,1
176.2859251499176,46.38,1
177.69981241226196,46.55,1
179.04045987129211,53.41,1
180.37631964683533,47.41,1
181.79259133338928,52.86,1
183.13946175575256,48.28,1
184.4696159362793,52.38,1
185.89430952072144,51.17,1
187.30460810661316,45.66,1
188.63849234580994,50.0,1
189.98275470733643,46.76,1
191.3353407382965,45.55,1
192.67883253097534,51.93,1
194.0146062374115,52.34,1
195.41861486434937,52.38,1
196.77613162994385,47.93,1
198.1853678226471,46.1,1
199.52617573738098,45.59,1
200.86878776550293,46.48,1
202.2098422050476,50.86,1
203.62560319900513,52.93,1
205.03597950935364,48.76,1
206.44284844398499,46.83,1
207.86032462120056,51.79,1
209.20034313201904,51.1,1
210.60945320129395,51.76,1
212.02983355522156,52.59,1
213.44112157821655,51.14,1
214.85245752334595,48.55,1
216.2595808506012,51.0,1
217.6678216457367,52.07,1
219.07938051223755,51.03,1
220.42836213111877,51.14,1
221.82889914512634,50.69,1
223.2450795173645,49.66,1
224.6556077003479,51.21,1
226.06768035888672,51.76,1
227.48056292533875,51.17,1
228.8899211883545,52.1,1
230.30614852905273,51.69,1
231.7144637107849,50.66,1
233.1201250553131,59.52,1
234.46034264564514,57.21,1
235.88347268104553,57.59,1
237.29313850402832,51.1,1
238.70810508728027,52.1,1
240.10705256462097,64.0,1
241.5240786075592,54.76,1
242.93440580368042,58.93,1
244.33935284614563,54.72,1
245.7565507888794,49.31,1
247.17854237556458,47.9,1
248.588707447052,52.28,1
249.9965944290161,47.97,1
251.4083948135376,47.41,1
252.81467652320862,47.72,1
254.23213839530945,47.55,1
255.6463851928711,47.28,1
257.05351281166077,52.69,1
258.4634003639221,48.07,1
259.8790717124939,47.52,1
261.27995777130127,52.38,1
262.70296025276184,47.9,1
264.10380148887634,47.52,1
265.5177891254425,47.59,1
266.9392795562744,47.24,1
268.3453903198242,47.28,1
269.76205825805664,52.07,1
271.16316294670105,47.86,1
272.5835382938385,47.59,1
273.9943332672119,51.69,1
275.4077453613281,47.86,1
276.8154122829437,47.14,1
278.22398567199707,46.86,1
279.63745975494385,46.79,1
281.0443956851959,46.83,1
282.38382935523987,46.83,1
283.809809923172,50.79,1
285.2086672782898,52.34,1
286.62472128868103,52.55,1
288.03245306015015,52.55,1
289.4437336921692,47.59,1
290.8629524707794,46.76,1
292.28197836875916,46.69,1
293.68510246276855,46.76,1
295.1003746986389,46.79,1
296.51536297798157,46.55,1
297.91088676452637,46.59,1
299.3293468952179,46.1,1
300.7469115257263,46.41,1
302.14964723587036,46.45,1
303.5663857460022,46.52,1
304.9767601490021,51.52,1
306.3827819824219,47.07,1
307.79519748687744,46.45,1
309.2143793106079,51.31,1
310.6321575641632,50.69,1
312.03029108047485,47.07,1
313.45471024513245,49.97,1
314.85477018356323,46.69,1
316.2661588191986,46.48,1
317.6726641654968,46.14,1
319.09802889823914,46.21,1
320.5009801387787,46.34,1
321.84014344215393,46.34,1
323.2607219219208,46.28,1
324.60675263404846,46.52,1
326.0073037147522,46.55,1
327.36314511299133,46.38,1
328.70677423477173,46.55,1
330.0381634235382,46.83,1
331.3838565349579,46.21,1
332.73224997520447,51.14,1
334.0706584453583,52.34,1
335.4894926548004,47.34,1
336.8904242515564,46.48,1
338.23879647254944,46.31,1
339.64320969581604,46.17,1
340.9969217777252,46.07,1
342.40827989578247,46.24,1
343.7545413970947,50.93,1
345.0978355407715,52.0,1
346.5099925994873,52.14,1
347.921936750412,47.24,1
349.33217668533325,46.34,1
350.7392797470093,46.28,1
352.07652854919434,51.24,1
353.4923577308655,51.86,1
354.8423316478729,47.28,1
356.24701166152954,46.45,1
357.5878806114197,46.41,1
358.9994297027588,46.41,1
360.3501901626587,51.0,1
361.6919765472412,47.31,1
363.02520728111267,46.45,1
364.43454909324646,51.24,1
365.7812864780426,46.55,1
367.1322100162506,49.9,1
368.53247594833374,47.1,1
369.95706486701965,46.41,1
371.2943322658539,50.9,1
372.69905161857605,51.9,1
374.04727578163147,52.38,1
375.4540078639984,47.52,1
376.86700320243835,51.31,1
378.2186665534973,47.07,1
379.6330261230469,46.48,1
381.031729221344,46.38,1
382.4542028903961,46.41,1
383.8593444824219,50.76,1
385.27921867370605,47.03,1
386.62216091156006,46.52,1
388.029177904129,45.76,1
389.44174885749817,46.21,1
390.84508776664734,45.69,1
392.25473380088806,51.66,1
393.6778452396393,47.17,1
395.0780713558197,46.38,1
396.50164103507996,50.9,1
397.8374922275543,46.59,1
399.2555477619171,46.38,1
400.58409547805786,50.93,1
401.99848222732544,52.1,1
403.42247581481934,47.62,1
404.8265085220337,46.38,1
406.1704776287079,46.14,1
407.51635336875916,46.41,1
408.9323785305023,46.28,1
410.34256315231323,46.59,1
411.6861569881439,50.21,1
413.099303483963,50.9,1
414.51007628440857,51.24,1
415.92425417900085,47.28,1
417.3271245956421,46.17,1
418.7428865432739,46.55,1
420.08432698249817,50.45,1
421.50152492523193,47.07,1
422.9095468521118,48.66,1
424.32860493659973,52.07,1
425.7306606769562,48.03,1
427.15241169929504,44.07,1
428.5575325489044,46.03,1
429.9743049144745,49.38,1
431.3720233440399,46.97,1
432.7143268585205,46.55,1
434.14093375205994,51.21,1
435.55278396606445,47.38,1
436.9615659713745,51.34,1
438.30273628234863,52.03,1
439.71087288856506,52.17,1
441.05252289772034,47.24,1
442.46828269958496,46.41,1
443.8851342201233,46.41,1
445.2948565483093,46.28,1
446.7077143192291,50.9,1
448.118488073349,52.24,1
449.5302093029022,51.1,1
450.9352707862854,50.59,1
452.3401746749878,47.41,1
453.7629532814026,46.28,1
455.1647729873657,49.48,1
456.58719396591187,51.79,1
457.99679470062256,52.17,1
459.4136757850647,51.69,1
460.81046628952026,47.1,1
462.2334990501404,46.28,1
463.64383029937744,46.31,1
465.04853892326355,45.41,1
466.4563105106354,50.9,1
467.8743431568146,52.34,1
469.2925295829773,46.97,1
470.6988790035248,51.17,1
472.0465590953827,46.72,1
473.45276284217834,46.28,1
474.86096835136414,46.14,1
476.280809879303,46.1,1
477.6876492500305,45.76,1
479.1040482521057,46.0,1
480.5179588794708,45.38,1
481.92208528518677,50.86,1
483.3378155231476,46.9,1
484.74833059310913,45.52,1
486.15564703941345,51.03,1
487.5749366283417,51.86,1
488.9809410572052,46.45,1
490.3968689441681,51.0,1
491.8015286922455,47.62,1
493.21215057373047,51.34,1
494.6216378211975,47.38,1
496.0317053794861,45.93,1
497.45792293548584,50.76,1
498.8699655532837,50.48,1
500.27501010894775,51.45,1
501.69190669059753,50.38,1
503.09202313423157,46.76,1
504.51225328445435,51.31,1
505.9180037975311,46.24,1
507.33461809158325,45.97,1
508.7487871646881,49.86,1
510.1574628353119,51.24,1
511.56053161621094,51.24,1
512.9755325317383,50.1,1
514.3924725055695,50.62,1
515.7954592704773,46.38,1
517.2090895175934,45.83,1
518.6264975070953,45.66,1
520.0335712432861,45.38,1
521.4454975128174,45.21,1
522.8612854480743,49.76,1
524.2737381458282,50.41,1
525.6877839565277,46.24,1
527.0924351215363,50.07,1
528.5089287757874,50.83,1
529.9227795600891,51.17,1
531.3254115581512,49.9,1
532.7397720813751,49.76,1
534.1580622196198,58.97,1
535.5655000209808,52.14,1
536.9761617183685,50.69,1
538.3874564170837,49.69,1
539.8058593273163,59.31,1
541.2103736400604,52.79,1
542.6200542449951,51.62,1
544.0403966903687,51.17,1
545.4488015174866,51.07,1
546.8601169586182,50.62,1
548.27614402771,50.59,1
549.6890008449554,50.76,1
551.0982494354248,50.41,1
552.5007925033569,49.31,1
553.9201118946075,49.1,1
555.3353703022003,49.07,1
556.7362194061279,49.1,1
558.1507856845856,49.17,1
559.5644414424896,49.03,1
560.969918012619,49.14,1
562.3830418586731,54.59,1
563.8057568073273,50.55,1
565.2162311077118,51.52,1
566.6182618141174,51.24,1
568.0296733379364,50.55,1
569.4403994083405,50.41,1
570.8611419200897,51.48,1
572.2622399330139,51.72,1
573.6865146160126,46.41,1
575.0832931995392,45.79,1
576.4987823963165,49.34,1
577.9105701446533,46.69,1
579.3314845561981,46.1,1
580.7443695068359,49.17,1
582.1425778865814,51.62,1
583.5688896179199,50.0,1
584.9809443950653,46.45,1
586.3921232223511,50.79,1
587.7982728481293,54.69,1
589.2058498859406,48.31,1
590.6147668361664,49.79,1
592.0366983413696,49.62,1
593.4342246055603,50.21,1
594.8563389778137,49.9,1
596.2704133987427,49.79,1
597.670830488205,49.66,1
599.0967693328857,49.52,1
600.506668806076,49.38,1
601.9103729724884,53.38,1
603.3264496326447,50.0,1
604.744353055954,49.52,1
606.1543762683868,49.21,1
607.5566854476929,47.45,1
608.9668989181519,50.24,1
610.3748548030853,51.52,1
611.7999694347382,50.38,1
613.2047517299652,48.83,1
614.6098144054413,51.0,1
616.0361309051514,52.83,1
617.4435269832611,52.21,1
618.8479323387146,46.34,1
620.2633581161499,55.52,1
621.6772305965424,44.31,1
623.0898118019104,48.55,1
624.4985690116882,54.62,1
625.910302400589,51.62,1
627.3275754451752,50.48,1
628.725427865982,49.62,1
630.1442852020264,52.17,1
631.560379743576,49.62,1
632.976776599884,49.21,1
634.3741743564606,48.03,1
635.7960636615753,54.0,1
637.1992180347443,51.03,1
638.5497596263885,49.93,1
639.8865282535553,48.34,1
641.3100945949554,48.55,1
642.7189049720764,50.79,1
644.064783334732,49.41,1
645.3990626335144,50.0,1
646.8053205013275,49.72,1
648.1573407649994,52.69,1
649.5684185028076,51.28,1
650.9153525829315,51.55,1
652.2460341453552,53.72,1
653.6015119552612,55.14,1
655.0136172771454,52.17,1
656.3542456626892,50.48,1
657.6873953342438,50.59,1
659.0336451530457,49.48,1
660.4511041641235,53.1,1
661.7851240634918,50.97,1
663.2048087120056,50.17,1
664.5430874824524,49.62,1
665.9541895389557,49.79,1
667.3748977184296,49.72,1
668.7747161388397,49.9,1
670.1198019981384,48.31,1
671.544248342514,49.62,1
672.9535686969757,48.59,1
674.2983541488647,47.9,1
675.6333570480347,48.0,1
676.9844570159912,49.21,1
678.3948323726654,49.45,1
679.8044397830963,48.28,1
681.149599313736,51.69,1
682.4907157421112,49.28,1
683.8938164710999,48.34,1
685.2397060394287,49.28,1
686.6517105102539,49.31,1
688.0577325820923,49.38,1
689.4730019569397,48.21,1
690.8795969486237,52.93,1
692.3003489971161,53.66,1
693.7081637382507,50.24,1
695.1257390975952,49.31,1
696.5290303230286,49.45,1
697.8692719936371,49.07,1
699.2248935699463,48.62,1
700.5616748332977,49.48,1
701.9734287261963,49.03,1
703.3138558864594,52.21,1
704.7358665466309,49.76,1
706.0680019855499,48.17,1
707.4816088676453,48.83,1
714.7786417007446,-1.38,0
716.0934557914734,-1.52,0
717.4000978469849,-1.52,0
718.7050547599792,-1.59,0
720.0218496322632,-2.03,0
721.3246171474457,-1.79,0
722.6325795650482,-1.72,0
723.9252502918243,-1.66,0
725.2763650417328,-1.72,0
726.5867156982422,-1.72,0
727.8853993415833,-1.66,0
729.1855990886688,-1.69,0
730.5005412101746,-1.45,0
731.7999641895294,-1.72,0
733.111659526825,-1.69,0
734.4081864356995,-1.72,0
735.7511265277863,-1.69,0
737.0623683929443,-1.69,0
738.3668773174286,-1.76,0
739.6799931526184,-1.62,0
740.9879128932953,-1.69,0
742.2869737148285,-1.69,0
743.60524559021,-1.62,0
744.9186305999756,-1.69,0
746.2265331745148,-1.76,0
747.5690851211548,-1.69,0
748.8828067779541,-1.72,0
750.1942541599274,-1.69,0
751.497092962265,-1.69,0
752.801019191742,-1.69,0
754.120598077774,-1.72,0
755.4334650039673,-1.76,0
756.7366578578949,-1.69,0
758.0797414779663,-1.76,0
759.3765721321106,-1.72,0
763.9798557758331,20.28,1
765.3852462768555,25.86,1
766.8005781173706,38.38,1
768.2239394187927,47.34,1
769.6370093822479,46.38,1
771.0491819381714,49.31,1
772.453809261322,46.45,1
773.7975010871887,49.28,1
775.2006077766418,49.97,1
776.5475654602051,50.17,1
777.8956279754639,50.03,1
779.238427400589,50.41,1
780.6484189033508,47.24,1
781.9877562522888,46.41,1
783.3991601467133,46.59,1
784.8223760128021,51.21,1
786.2344450950623,47.45,1
787.6390886306763,46.48,1
788.9775094985962,50.93,1
790.3240332603455,51.9,1
791.7353208065033,52.24,1
799.047687292099,-1.48,0
800.4080271720886,-1.38,0
801.7082195281982,-1.48,0
803.0305905342102,-1.48,0
804.3384017944336,-1.55,0
805.645222902298,-1.59,0
806.9586009979248,-1.66,0
808.2669153213501,-1.66,0
809.5815188884735,-1.86,0
810.9214508533478,-6.14,0
812.2458667755127,-1.66,0
813.5489749908447,-1.38,0
814.8602952957153,-1.59,0
816.1846103668213,-1.41,0
817.4898135662079,-1.28,0
818.8037397861481,-1.38,0
820.1441497802734,27.0,0
821.4525792598724,13.62,0
822.7632014751434,13.28,0
824.088073015213,15.66,0
825.3966221809387,15.07,0
826.701574087143,16.52,0
828.0205092430115,22.1,0
829.3290061950684,31.66,0
830.6886096000671,39.76,0
831.99147772789,-0.59,0
833.3039555549622,-0.21,0
834.6188561916351,-0.45,0
835.9277992248535,-1.03,0
837.2365856170654,-1.21,0
838.5495278835297,-1.17,0
839.8641917705536,-1.48,0
841.2167270183563,-1.34,0
842.5248460769653,-1.45,0
843.8476791381836,-1.41,0
848.4433016777039,17.97,1
849.8579618930817,26.62,1
851.2605476379395,40.55,1
852.6803569793701,43.21,1
854.0964181423187,45.59,1
855.4973151683807,45.86,1
856.913801908493,45.86,1
858.2608852386475,46.86,1
859.6713979244232,51.14,1
861.0788111686707,48.21,1
862.4969301223755,47.52,1
863.8971982002258,47.83,1
865.3206648826599,52.1,1
866.7317140102386,49.03,1
868.1427485942841,47.93,1
869.5395243167877,47.83,1
870.9655323028564,48.66,1
872.3713092803955,48.9,1
873.7882528305054,49.1,1
875.202038526535,54.52,1
876.6069326400757,50.0,1
877.954020023346,49.93,1
879.3589935302734,50.24,1
880.7014553546906,50.59,1
882.1235303878784,50.62,1
883.5334239006042,50.66,1
884.9390215873718,50.72,1
886.3531749248505,50.55,1
887.7649726867676,50.76,1
889.1740574836731,51.38,1
890.5860624313354,46.93,1
891.9943010807037,51.79,1
893.4060304164886,50.0,1
894.7492270469666,51.03,1
896.1643524169922,45.97,1
897.5686373710632,46.83,1
898.9919121265411,51.76,1
900.4029848575592,47.52,1
901.8040370941162,46.79,1
903.2264912128448,51.03,1
904.6368055343628,48.1,1
905.9790675640106,51.76,1
907.3808348178864,54.03,1
908.7207610607147,49.41,1
910.1424794197083,49.07,1
911.5492122173309,49.0,1
912.9626269340515,49.0,1
914.3717882633209,47.38,1
915.786050081253,48.69,1
917.1954090595245,46.52,1
918.6142933368683,48.48,1
920.0170359611511,47.76,1
921.4344830513,48.41,1
922.8417196273804,52.83,1
924.2628967761993,49.31,1
925.6715998649597,48.14,1
927.0783929824829,48.24,1
928.487871170044,47.34,1
929.9041380882263,62.1,1
931.3223371505737,46.83,1
932.726717710495,48.86,1
934.1403758525848,50.48,1
935.5498998165131,50.28,1
936.9655711650848,49.79,1
938.3645205497742,50.21,1
939.7761588096619,52.76,1
941.1952431201935,49.97,1
942.5443408489227,54.03,1
943.9515852928162,49.52,1
945.3677878379822,49.59,1
946.7789287567139,47.66,1
948.1840417385101,48.31,1
949.5939288139343,53.1,1
950.939371585846,59.28,1
952.3449079990387,51.52,1
953.6956751346588,52.97,1
955.1120898723602,45.55,1
956.5115077495575,48.69,1
957.9321911334991,44.59,1
959.3353033065796,53.69,1
960.7599334716797,48.38,1
962.1588897705078,56.48,1
963.5841374397278,49.34,1
964.983293056488,51.72,1
966.3923006057739,50.28,1
967.8162970542908,50.45,1
969.2286124229431,57.97,1
970.6378242969513,58.83,1
972.0424399375916,62.97,1
973.4531009197235,65.52,1
974.8748588562012,65.55,1
976.289311170578,58.1,1
977.6901700496674,51.79,1
979.0403959751129,49.79,1
980.4490284919739,51.24,1
981.8538448810577,49.38,1
983.2767827510834,49.14,1
984.6852295398712,48.69,1
986.0909779071808,50.21,1
987.5106246471405,49.66,1
988.9205389022827,48.86,1
990.3384194374084,48.79,1
991.7475047111511,48.24,1
993.1488873958588,47.93,1
994.5590898990631,47.66,1
995.9801576137543,52.52,1
997.3950364589691,52.72,1
998.7988364696503,52.21,1
1000.2112324237823,46.79,1
1001.6281185150146,51.14,1
1003.0416963100433,46.21,1
1004.4559578895569,48.86,1
1005.8529963493347,48.97,1
1007.2654674053192,48.62,1
1008.6888961791992,48.48,1
1010.0898666381836,49.76,1
1011.5003659725189,49.83,1
1012.9222829341888,54.59,1
1014.323648929596,48.76,1
1015.733232498169,48.24,1
1017.1594579219818,47.97,1
1018.571665763855,47.59,1
1019.9810566902161,47.03,1
1021.3954405784607,51.17,1
1022.8025588989258,46.97,1
1024.2177138328552,46.9,1
1025.6178359985352,51.86,1
1027.031256198883,53.03,1
1028.44145321846,47.52,1
1029.8521094322205,47.17,1
1031.2717635631561,44.52,1
1032.6776983737946,49.62,1
1034.0899376869202,46.62,1
1035.4988119602203,46.21,1
1036.9192426204681,46.48,1
1038.3314356803894,51.45,1
1039.746304512024,47.28,1
1041.14484333992,43.21,1
1042.5681405067444,44.97,1
1043.9792811870575,49.41,1
1045.386108636856,46.55,1
1046.8025906085968,46.14,1
1048.2051286697388,46.24,1
1049.6258533000946,46.55,1
1051.0307986736298,46.55,1
1052.4507908821106,44.28,1
1053.851249217987,45.24,1
1055.2632610797882,51.31,1
1056.6812658309937,46.28,1
1058.092457294464,46.07,1
1059.4935648441315,45.97,1
1060.907294511795,44.17,1
1062.326955795288,50.48,1
1063.7360122203827,49.9,1
1065.1400136947632,48.38,1
1066.565908908844,49.55,1
1067.9781999588013,46.69,1
1069.3765745162964,49.34,1
1070.7933406829834,49.55,1
1072.2118468284607,54.41,1
1073.6239562034607,50.86,1
1075.0296318531036,52.83,1
1076.4378063678741,55.69,1
1077.8525636196136,51.1,1
1079.2676756381989,48.86,1
1080.674762248993,51.45,1
1082.0920975208282,58.62,1
1083.495453596115,56.34,1
1084.9079566001892,54.76,1
1086.3261487483978,53.93,1
1087.7367358207703,49.24,1
1089.144751548767,43.93,1
1090.557597875595,42.69,1
1091.9769568443298,42.28,1
1093.3803944587708,42.24,1
1094.7950818538666,42.38,1
1096.2079496383667,42.03,1
1097.614604473114,43.28,1
1099.022347688675,47.69,1
1100.4361231327057,47.79,1
1101.8431437015533,47.9,1
1103.2685050964355,47.9,1
1104.6806592941284,53.07,1
1106.0877239704132,48.28,1
1107.495019197464,47.76,1
1108.903179883957,47.59,1
1110.322463274002,47.9,1
1111.739329814911,52.52,1
1113.1494295597076,53.76,1
1114.5584938526154,48.48,1
1115.9701960086823,47.86,1
1117.3751149177551,47.79,1
1118.789157152176,47.66,1
1120.2080376148224,47.48,1
1121.614886045456,47.76,1
1123.0221328735352,47.76,1
1124.4307911396027,47.86,1
1125.8478434085846,47.86,1
1127.2652342319489,47.62,1
1128.6787738800049,47.69,1
1130.0861728191376,48.14,1
1131.496194601059,47.69,1
1132.9140694141388,51.24,1
1134.3240010738373,47.66,1
1135.7310836315155,47.76,1
1137.136768579483,52.17,1
1138.5590274333954,52.76,1
1139.9746406078339,52.55,1
1141.3785214424133,48.21,1
1142.7904415130615,47.69,1
1144.2059779167175,47.86,1
1145.612120628357,47.9,1
1147.0216937065125,52.03,1
1148.4401428699493,53.24,1
1149.8469796180725,52.59,1
1151.252809047699,48.07,1
1152.6786160469055,47.9,1
1154.0883150100708,51.34,1
1155.4986636638641,53.24,1
1156.908945798874,48.38,1
1158.3252756595612,47.79,1
1159.7354412078857,47.59,1
1161.14142537117,47.9,1
1162.5450727939606,47.66,1
1163.9557960033417,47.86,1
1165.3740649223328,47.52,1
1166.7931160926819,47.9,1
1168.196088552475,47.52,1
1169.61288356781,47.66,1
1171.0303313732147,53.17,1
1172.4355280399323,52.28,1
1173.8516039848328,53.86,1
1175.2597606182098,48.34,1
1176.6672222614288,47.69,1
1178.0813324451447,47.83,1
1179.492238521576,53.07,1
1180.9087085723877,52.45,1
1182.3161208629608,52.69,1
1183.7202565670013,48.07,1
1185.1465396881104,47.76,1
1186.5500993728638,51.41,1
1187.956238269806,48.07,1
1189.3741755485535,47.76,1
1190.780639886856,47.59,1
1192.2041232585907,52.76,1
1193.6069133281708,53.62,1
1195.0143029689789,53.79,1
1196.4238464832306,52.69,1
1197.8480303287506,53.86,1
1199.2599139213562,52.69,1
1200.6659817695618,53.45,1
1202.0746853351593,53.93,1
1203.4856140613556,48.28,1
1204.895390510559,48.0,1
1206.317842721939,47.9,1
1207.7271983623505,47.93,1
1209.1427319049835,48.07,1
1210.5432615280151,47.9,1
1211.9546210765839,47.79,1
1213.3741228580475,47.93,1
1214.7860779762268,47.79,1
1216.1913743019104,47.41,1
1217.6131098270416,48.0,1
1219.0156033039093,47.93,1
1220.424818277359,47.86,1
1221.839735031128,47.97,1
1223.251708984375,52.97,1
1224.658625125885,48.62,1
1226.0731456279755,48.0,1
1227.480176448822,52.48,1
1228.897969007492,53.93,1
1230.304723739624,48.41,1
1231.7272911071777,47.62,1
1233.1341834068298,52.14,1
1234.5527555942535,47.97,1
1235.962622642517,47.86,1
1237.37291097641,51.9,1
1238.7844817638397,48.28,1
1240.1957881450653,48.0,1
1241.6117906570435,47.93,1
1243.010692358017,48.07,1
1244.4204831123352,48.1,1
1245.8345909118652,47.9,1
1247.2463612556458,48.0,1
1248.6632297039032,51.38,1
1250.0803344249725,52.41,1
1251.4796855449677,48.07,1
1252.8995084762573,47.79,1
1254.309054851532,52.24,1
1255.720701932907,48.45,1
1257.1312890052795,47.76,1
1258.5396127700806,51.28,1
1259.9637260437012,52.17,1
1261.3720858097076,48.34,1
1262.7793786525726,47.69,1
1264.1935999393463,51.21,1
1265.603810787201,52.17,1
1267.0099382400513,52.34,1
1268.4225203990936,52.28,1
1269.8410880565643,52.79,1
1271.244248867035,53.03,1
1272.6547410488129,48.17,1
1274.0711336135864,47.69,1
1275.4814386367798,51.41,1
1276.894924402237,48.1,1
1278.3044452667236,47.38,1
1279.7225813865662,51.52,1
1281.0665485858917,47.9,1
1282.4793076515198,47.38,1
1283.8843252658844,51.24,1
1285.2938001155853,47.9,1
1286.7042043209076,47.07,1
1288.118080854416,47.03,1
1289.5286192893982,50.9,1
1290.9430561065674,47.83,1
1292.3498225212097,47.07,1
1293.7689003944397,47.66,1
1295.184058189392,51.79,1
1296.5911593437195,53.07,1
1297.9975938796997,47.72,1
1299.406470298767,47.03,1
1300.8276870250702,46.93,1
1302.243451833725,47.34,1
1303.6554696559906,47.14,1
1305.0542697906494,47.38,1
1306.4682974815369,46.69,1
1307.885701417923,46.97,1
1309.2892701625824,47.17,1
1310.698383808136,47.0,1
1312.1237168312073,47.34,1
1313.5300080776215,47.0,1
1314.947329044342,46.97,1
1316.361095905304,47.24,1
1317.7639648914337,47.24,1
1319.1699323654175,47.1,1
1320.5813040733337,46.93,1
1321.9928531646729,47.1,1
1323.4030454158783,46.76,1
1324.8201677799225,47.0,1
1326.2256817817688,50.28,1
1327.6492767333984,51.14,1
1329.0631039142609,50.69,1
1330.475384235382,52.62,1
1331.886999130249,51.21,1
1333.2902948856354,46.79,1
1334.6999862194061,46.38,1
1336.109046459198,46.62,1
1337.5293102264404,46.69,1
1338.93941116333,46.38,1
1340.3458859920502,50.86,1
1341.7631702423096,50.76,1
1343.171596288681,50.93,1
1344.5792887210846,50.76,1
1345.9912867546082,50.76,1
1347.4155042171478,50.69,1
1348.823946237564,46.97,1
1350.2283656597137,51.0,1
1351.6532139778137,50.55,1
1353.0573740005493,50.72,1
1354.4623782634735,50.66,1
1355.8728234767914,46.76,1
1357.2948520183563,46.66,1
1358.7084820270538,46.31,1
1360.1078643798828,46.07,1
1361.5266308784485,46.21,1
1362.9372470378876,45.9,1
1364.3512461185455,45.97,1
1365.7692680358887,45.83,1
1367.18182015419,49.1,1
1368.588828086853,49.79,1
1369.9983439445496,49.86,1
1371.405577659607,49.76,1
1372.8174557685852,49.59,1
1374.2334098815918,49.79,1
1375.6453659534454,49.52,1
1377.0604884624481,49.34,1
1378.4693412780762,49.55,1
1379.8750169277191,49.41,1
1381.2912776470184,49.34,1
1382.701468706131,49.55,1
1384.12073636055,49.59,1
1385.5214450359344,49.45,1
1386.9357075691223,49.31,1
1388.3551681041718,49.45,1
1389.761548280716,49.31,1
1391.1685235500336,50.52,1
1392.5847318172455,50.9,1
1393.996490240097,52.69,1
1395.4022557735443,52.93,1
1396.8120839595795,49.41,1
1398.225082397461,48.0,1
1399.6363236904144,51.48,1
1401.0566053390503,48.21,1
1402.4721660614014,47.9,1
1403.8832068443298,51.28,1
1405.2946586608887,48.55,1
1406.6987776756287,47.97,1
1408.1125404834747,47.79,1
1409.5267145633698,47.76,1
1410.93026137352,51.41,1
1412.347351551056,51.97,1
1413.7641401290894,48.41,1
1415.1662101745605,47.66,1
1416.589319229126,47.52,1
1417.9892206192017,47.55,1
1419.3971109390259,48.0,1
1420.8159732818604,47.97,1
1422.2349216938019,47.66,1
1423.6346459388733,47.41,1
1425.0458977222443,50.86,1
1426.4545505046844,47.93,1
1427.8713414669037,47.59,1
1429.292176246643,47.31,1
1430.693983078003,47.17,1
1432.1131751537323,50.79,1
1433.5256116390228,48.03,1
1434.9320662021637,47.41,1
1436.350243806839,47.14,1
1437.7635083198547,47.17,1
1439.1644921302795,52.28,1
1440.574779033661,47.79,1
1441.9826102256775,47.07,1
1443.4069516658783,47.34,1
1444.8146550655365,47.24,1
1446.2194817066193,50.86,1
1447.6402637958527,51.07,1
1449.0559303760529,52.21,1
1450.466591835022,51.69,1
1451.879513502121,51.41,1
1453.2832643985748,47.48,1
1454.7034692764282,47.66,1
1456.1137504577637,47.41,1
1457.5256357192993,47.45,1
1458.9320254325867,47.45,1
1460.3490145206451,46.9,1
1461.75404214859,46.97,1
1463.17187166214,50.52,1
1470.5362832546234,-1.48,0
1471.8454837799072,-1.52,0
1473.1580588817596,-2.21,0
1474.4865119457245,-1.62,0
1475.8079662322998,-1.59,0
1477.1199896335602,-1.86,0
1478.4314360618591,34.79,0
1479.7820184230804,36.62,0
1481.1067082881927,41.1,0
1482.4216871261597,41.86,0
1483.747737646103,42.9,0
1485.0755829811096,42.83,0
1486.3960542678833,43.28,0
1487.7068638801575,43.07,0
1489.038378238678,43.14,0
1490.414932012558,43.31,0
