1.1171543598175049,-1.55,0
2.3447017669677734,-6.28,0
3.5419352054595947,-3.76,0
4.740890264511108,-2.31,0
5.937752962112427,-1.97,0
7.138731956481934,-3.1,0
8.33782958984375,0.48,0
9.539418697357178,-0.79,0
10.74868893623352,-0.07,0
11.992297887802124,-1.55,0
13.204288482666016,-1.62,0
14.398399353027344,-1.62,0
15.608110189437866,-0.62,0
16.818939447402954,-0.86,0
18.01768970489502,-1.76,0
22.592047452926636,560.62,1
23.938191175460815,765.86,1
25.3503201007843,556.72,1
26.761949062347412,331.31,1
28.166008234024048,178.14,1
35.46336817741394,-1.76,0
36.78648376464844,-1.14,0
38.095475912094116,-1.93,0
39.40170359611511,-1.55,0
40.741868019104004,-0.83,0
42.05681562423706,0.76,0
43.364758014678955,-1.41,0
44.68701171875,-1.97,0
45.97835993766785,4.76,0
47.29216504096985,-0.66,0
48.60077929496765,-0.83,0
49.924543619155884,-0.34,0
51.262617349624634,1.69,0
52.57844948768616,5.62,0
53.88688039779663,6.41,0
55.208735942840576,7.38,0
59.803648471832275,8.34,1
61.20429611206055,23.38,1
62.62691354751587,60.38,1
64.03191757202148,153.97,1
65.37856674194336,91.07,1
66.79391741752625,83.14,1
68.13178658485413,79.62,1
69.53734040260315,61.38,1
70.95880103111267,46.72,1
72.2982428073883,69.1,1
73.636958360672,78.55,1
75.04731917381287,57.9,1
76.40346455574036,49.31,1
77.81192350387573,51.72,1
79.22434329986572,56.0,1
80.56484007835388,56.14,1
81.97204542160034,56.93,1
83.30918049812317,60.1,1
84.7313814163208,60.93,1
86.14483284950256,60.48,1
87.54686784744263,60.69,1
88.96316361427307,60.83,1
90.30311226844788,62.72,1
91.71394395828247,59.0,1
93.13196277618408,59.17,1
94.47157073020935,59.66,1
95.81234002113342,59.21,1
97.22886228561401,53.38,1
98.64718008041382,56.69,1
100.05013251304626,59.55,1
101.46813297271729,60.1,1
102.88274335861206,59.93,1
104.29303216934204,59.9,1
105.70032262802124,59.97,1
107.10350251197815,61.28,1
108.52445864677429,61.03,1
109.92901015281677,60.52,1
111.3509213924408,62.69,1
112.756826877594,60.1,1
114.17523097991943,61.66,1
115.57784152030945,61.55,1
116.99507069587708,59.41,1
118.39949178695679,58.31,1
119.81659865379333,59.21,1
127.11424589157104,0.38,0
128.43801975250244,0.24,0
129.74567437171936,0.31,0
131.05099749565125,0.21,0
132.3665852546692,0.17,0
133.71056270599365,0.1,0
135.03293704986572,0.14,0
136.34500765800476,0.24,0
140.9363489151001,0.07,1
142.34790921211243,28.69,1
143.7683973312378,62.69,1
145.17202973365784,79.41,1
146.57976150512695,93.03,1
147.99597811698914,96.76,1
149.4141926765442,93.72,1
150.81877422332764,96.07,1
152.22912096977234,95.66,1
153.64590549468994,97.45,1
155.06468892097473,99.55,1
156.47587132453918,102.17,1
157.8863022327423,94.55,1
159.29760241508484,92.0,1
160.63148164749146,93.72,1
162.0500385761261,97.0,1
163.39017271995544,119.14,1
164.72804260253906,113.34,1
166.1455991268158,109.86,1
167.56335592269897,99.76,1
168.90419387817383,96.79,1
170.3071916103363,98.62,1
171.71955156326294,56.55,1
173.07280921936035,-1.93,1
174.41172695159912,-1.76,1
175.8171603679657,-1.14,1
177.22881197929382,4.59,1
178.6473195552826,3.45,1
179.98463773727417,3.9,1
181.40230417251587,4.21,1
182.81808161735535,4.48,1
184.23173594474792,5.0,1
185.63631868362427,5.24,1
187.05245804786682,5.1,1
188.46959495544434,5.28,1
