1.1138591766357422,-1.45
2.314398765563965,-1.52
3.5475504398345947,-1.55
4.744168519973755,-1.59
5.94024133682251,-1.48
10.522417306900024,190.48
11.866377115249634,126.97
13.279414415359497,119.03
14.621949672698975,117.72
16.020055055618286,116.93
17.37107276916504,116.62
18.707000970840454,116.48
20.055357456207275,112.62
21.466296195983887,111.55
22.813719272613525,106.59
24.227524995803833,95.38
25.56089162826538,89.69
26.974167585372925,83.34
34.28121209144592,-2.24
35.57993698120117,-2.28
36.8833794593811,-2.17
38.18649935722351,-2.31
39.4863543510437,-2.21
40.791027784347534,-2.14
42.09305191040039,-2.1
43.430867433547974,-2.1
48.0311553478241,188.52
