1.1207163333892822,-1.86,0
2.366426467895508,-1.86,0
3.5749130249023438,-1.9,0
4.7784130573272705,-1.9,0
9.362316131591797,272.34,1
10.772621870040894,240.07,1
12.175310373306274,237.21,1
19.49786067008972,-2.1,0
20.797672986984253,-2.1,0
22.13753628730774,-2.03,0
23.43032217025757,-2.07,0
24.7445387840271,-2.0,0
26.05194401741028,-1.97,0
27.36724352836609,-2.03,0
28.6773464679718,-1.9,0
33.28327822685242,-11.79,1
34.632797956466675,-2.76,1
36.04872369766235,-1.66,1
37.392104625701904,-0.52,1
38.72926115989685,1.48,1
40.07294178009033,2.17,1
41.484286308288574,3.34,1
42.90623354911804,4.38,1
44.3194694519043,5.1,1
45.66476488113403,6.0,1
47.069068908691406,7.66,1
48.48356556892395,6.83,1
49.90321159362793,8.14,1
51.31675958633423,7.79,1
52.728744983673096,7.34,1
54.06010580062866,7.24,1
55.48694324493408,10.48,1
56.891719579696655,13.97,1
58.31420063972473,12.31,1
59.65499424934387,13.31,1
61.063071489334106,13.31,1
62.40656065940857,13.76,1
63.82698631286621,11.83,1
65.16489291191101,12.1,1
66.5020341873169,13.76,1
67.9202892780304,12.55,1
69.33659505844116,12.24,1
70.6779956817627,10.45,1
72.01900315284729,10.83,1
73.36976957321167,10.9,1
74.70924687385559,10.97,1
76.04860806465149,10.93,1
77.39168310165405,11.0,1
78.74681377410889,10.93,1
80.1541895866394,10.76,1
81.4952003955841,10.86,1
82.8478319644928,10.86,1
84.1803367137909,10.79,1
85.5993218421936,8.9,1
87.01726222038269,9.24,1
88.359206199646,9.28,1
89.6999773979187,10.55,1
91.11857771873474,10.14,1
92.46076965332031,10.14,1
93.80576515197754,10.03,1
95.15152215957642,9.97,1
96.56561589241028,9.97,1
97.96790099143982,9.97,1
99.38665652275085,10.31,1
100.79404544830322,10.21,1
102.21274375915527,10.14,1
103.55494022369385,10.1,1
104.9736692905426,10.03,1
106.378981590271,10.34,1
107.79929757118225,10.24,1
109.14176964759827,10.17,1
110.55818200111389,10.14,1
111.89406037330627,9.83,1
113.3108696937561,9.72,1
114.64907932281494,9.69,1
116.07016229629517,9.59,1
117.47951316833496,9.66,1
118.89752531051636,9.66,1
120.3110101222992,9.62,1
121.71764922142029,9.62,1
123.1333658695221,9.83,1
124.54912757873535,9.72,1
125.95450758934021,9.69,1
127.36120581626892,9.76,1
128.71545004844666,9.86,1
130.05665946006775,9.72,1
131.39836645126343,10.0,1
132.80594182014465,9.79,1
134.22885727882385,9.79,1
135.6302604675293,9.9,1
137.04906272888184,9.86,1
138.46530175209045,9.83,1
139.86600375175476,9.93,1
141.28384828567505,9.79,1
142.70756936073303,10.0,1
144.04169511795044,9.9,1
145.38292479515076,10.03,1
146.80189895629883,10.0,1
148.2122564315796,9.9,1
149.63167309761047,9.97,1
151.03477549552917,9.97,1
152.45688128471375,9.93,1
153.86627531051636,10.03,1
155.27346181869507,10.38,1
156.6916699409485,10.24,1
158.0966033935547,10.28,1
159.51300263404846,10.21,1
160.85544204711914,10.14,1
162.20967769622803,10.17,1
163.5501046180725,10.21,1
164.89265060424805,10.14,1
172.21253633499146,-1.31,0
173.5506727695465,-1.28,0
174.88471388816833,-1.24,0
