1.1094424724578857,-2.07,0
2.3454384803771973,-1.97,0
3.5501949787139893,-1.97,0
4.747737884521484,-1.72,0
9.3341224193573,1.1,1
10.747746467590332,5.17,1
12.091264724731445,7.38,1
13.503958702087402,11.41,1
14.848075866699219,12.52,1
16.25989556312561,16.59,1
17.60483980178833,15.79,1
18.948065757751465,14.52,1
20.293096780776978,15.28,1
21.636067152023315,14.34,1
22.981425046920776,14.0,1
24.32398772239685,22.48,1
25.669105529785156,21.07,1
27.08282995223999,19.41,1
28.425920724868774,21.59,1
29.7699556350708,20.59,1
31.11404037475586,19.45,1
32.45815587043762,20.0,1
33.801873445510864,20.55,1
35.146061420440674,20.52,1
36.49034261703491,21.62,1
37.834293842315674,22.17,1
39.2468900680542,21.03,1
40.591729164123535,21.48,1
41.9355251789093,18.41,1
43.347126483917236,22.66,1
44.693681716918945,24.24,1
46.10664892196655,26.48,1
47.44977951049805,25.52,1
48.79430961608887,25.52,1
50.206509590148926,25.86,1
51.61987328529358,26.0,1
53.032554626464844,25.79,1
54.37839889526367,26.31,1
55.72304964065552,26.59,1
57.13535928726196,25.93,1
58.54679489135742,26.9,1
59.95946788787842,27.41,1
61.37019348144531,26.34,1
62.71374320983887,27.03,1
64.12847065925598,27.0,1
65.53976607322693,27.52,1
66.88433051109314,27.17,1
68.22762322425842,27.76,1
69.57099390029907,28.14,1
70.9842917919159,28.0,1
72.32725691795349,27.1,1
73.6701180934906,27.9,1
75.01458668708801,27.38,1
76.35830307006836,27.79,1
77.70211410522461,28.0,1
79.0460638999939,27.86,1
80.38917279243469,28.07,1
81.73235416412354,27.69,1
83.14490365982056,28.34,1
84.48810052871704,27.45,1
85.83090305328369,28.14,1
87.17386388778687,27.9,1
88.51675581932068,28.62,1
89.92949748039246,28.83,1
97.23920512199402,-2.45,0
98.591637134552,-2.38,0
99.9005274772644,-2.38,0
101.21473932266235,-2.1,0
102.52273535728455,-2.14,0
103.83843612670898,-2.17,0
105.13749027252197,-2.14,0
106.45186853408813,-2.0,0
107.76131558418274,-2.03,0
109.10414981842041,-2.1,0
110.41340065002441,-1.93,0
111.73021793365479,-2.03,0
113.03946256637573,-1.93,0
114.35003972053528,-2.52,0
115.65941667556763,-2.83,0
116.97708010673523,-2.24,0
121.61515784263611,118.24,1
123.02855515480042,57.14,1
124.4418888092041,35.03,1
125.8538932800293,30.07,1
127.1958076953888,29.07,1
128.60731506347656,28.14,1
129.95178389549255,28.79,1
131.3633246421814,28.86,1
132.77464842796326,28.83,1
134.18561720848083,29.0,1
135.59657740592957,28.83,1
137.0078363418579,29.03,1
138.35279941558838,28.86,1
139.69380283355713,28.93,1
141.03705477714539,28.79,1
142.44942593574524,26.62,1
143.79137778282166,30.21,1
145.135324716568,41.38,1
146.54733991622925,245.28,1
147.95965838432312,24.52,1
149.300852060318,1.72,1
150.71242570877075,-1.31,1
152.12514448165894,-1.48,1
153.538259267807,-1.55,1
154.95092153549194,-1.66,1
156.36364269256592,-1.72,1
157.77713251113892,-1.66,1
159.18897199630737,-1.83,1
160.5339047908783,-2.14,1
161.87690424919128,-1.79,1
163.22186183929443,-1.79,1
164.63506889343262,-1.79,1
165.97774195671082,-2.0,1
167.32273983955383,-2.14,1
168.66634917259216,-1.86,1
170.01070046424866,-1.83,1
171.35357475280762,-1.97,1
172.6987590789795,-2.03,1
174.04156708717346,-1.9,1
175.38647079467773,-1.28,1
176.79951691627502,-2.07,1
178.14393401145935,-2.03,1
179.48775124549866,-1.83,1
180.83099389076233,-1.79,1
182.17533993721008,-1.14,1
183.51975870132446,-1.97,1
184.86360144615173,-1.76,1
186.20724081993103,-1.76,1
187.55086421966553,-1.72,1
188.9641890525818,-1.79,1
190.30819749832153,-1.83,1
191.65183019638062,-1.79,1
192.9960834980011,-1.86,1
194.40904831886292,-1.93,1
195.75251579284668,-1.9,1
197.09749126434326,-1.93,1
198.43992018699646,-1.79,1
199.85267281532288,-1.45,1
201.19679474830627,-1.93,1
202.54013681411743,-1.97,1
203.88486504554749,-2.07,1
205.22774863243103,-1.9,1
206.57223296165466,-1.9,1
207.9166395664215,-1.76,1
209.26066994667053,-2.07,1
210.67355966567993,-1.97,1
212.01799535751343,-1.66,1
213.4302680492401,-1.86,1
214.77360606193542,-1.76,1
216.18659687042236,-1.79,1
217.53226256370544,-1.79,1
218.87540769577026,-1.86,1
220.2203710079193,-1.97,1
221.63351821899414,-1.93,1
222.97729754447937,-2.03,1
224.32120180130005,-2.17,1
225.66523003578186,-1.93,1
227.00924968719482,-2.0,1
228.3531641960144,-2.0,1
229.69732666015625,-1.76,1
231.04108357429504,-2.14,1
232.45314598083496,-1.66,1
233.7971420288086,-3.62,1
235.14086508750916,-7.03,1
236.48489618301392,-0.72,1
237.82882857322693,-5.55,1
239.17241764068604,-2.62,1
240.51707816123962,-6.83,1
241.86071157455444,-0.66,1
243.27376437187195,-1.93,1
244.61818504333496,-2.0,1
245.96169638633728,-2.0,1
247.3055920600891,-1.79,1
248.71887373924255,-1.72,1
250.064199924469,-1.83,1
251.47613906860352,-1.97,1
252.8194899559021,-1.93,1
254.23305225372314,-1.9,1
255.57643675804138,-1.59,1
256.98837995529175,-2.03,1
258.3327341079712,-1.86,1
259.74633169174194,-1.97,1
261.08927845954895,-1.76,1
262.4344091415405,-2.0,1
263.777218580246,-1.9,1
265.19011640548706,-1.86,1
266.5343015193939,-1.9,1
267.9461750984192,-1.79,1
269.2900776863098,-1.97,1
270.70242953300476,-1.86,1
272.04681062698364,-1.83,1
273.39098477363586,-1.76,1
274.7351915836334,-1.72,1
276.1469027996063,-1.9,1
277.4922790527344,-1.93,1
278.9048249721527,-2.0,1
280.24885153770447,-1.93,1
281.6617422103882,-1.86,1
283.00635051727295,-1.9,1
284.34972381591797,-1.9,1
285.694313287735,-1.86,1
287.10667610168457,-1.93,1
288.51757192611694,-1.93,1
289.9295289516449,-1.9,1
291.3424274921417,-1.86,1
292.756046295166,-2.0,1
294.1702229976654,-1.93,1
295.5828323364258,-1.86,1
296.99532985687256,-1.97,1
298.4072217941284,-1.97,1
299.8190951347351,-1.9,1
301.23165130615234,-1.86,1
302.5758090019226,-1.86,1
303.9890196323395,-1.72,1
305.40280652046204,-1.9,1
306.81419229507446,-1.76,1
308.22565722465515,-1.69,1
309.57102060317993,-1.9,1
310.9839811325073,-1.86,1
312.39692783355713,-1.83,1
313.7420268058777,-1.79,1
315.1556577682495,-1.83,1
316.5683286190033,-1.9,1
317.98124837875366,-2.03,1
319.39396119117737,-2.0,1
320.7367250919342,-1.93,1
322.0814118385315,-2.03,1
323.42423820495605,-1.69,1
324.7701106071472,-1.9,1
326.11250925064087,-1.83,1
327.4575288295746,-1.83,1
328.8014588356018,-1.52,1
330.1454291343689,-1.72,1
331.5574400424957,-1.97,1
332.90226197242737,-2.0,1
334.2453773021698,-1.79,1
335.59033203125,-1.93,1
337.00347542762756,-1.79,1
338.34612703323364,-2.0,1
339.69119143486023,-1.69,1
341.03420662879944,-1.79,1
342.4460415840149,-1.86,1
343.7919023036957,-1.86,1
345.1346836090088,-1.97,1
346.47917675971985,-1.72,1
347.82210087776184,-1.93,1
349.1676709651947,-1.79,1
350.5099673271179,-1.9,1
351.85492420196533,-1.72,1
353.19781136512756,-2.17,1
354.6108384132385,-1.86,1
355.9547984600067,-1.9,1
357.2986330986023,-2.0,1
358.64232444763184,-2.0,1
359.986985206604,-1.76,1
361.33085083961487,-1.76,1
362.6746654510498,-1.9,1
364.0185890197754,-1.66,1
365.3628785610199,-1.62,1
366.7765543460846,-1.9,1
368.11969923973083,-1.69,1
369.4650926589966,-1.79,1
370.8083062171936,-1.86,1
372.153373003006,-1.72,1
373.49730014801025,-1.76,1
374.90930223464966,-1.9,1
376.2543547153473,-2.03,1
377.5982098579407,-2.03,1
379.01019287109375,-1.79,1
380.35419034957886,-1.86,1
381.69884037971497,-1.83,1
383.04296350479126,-2.1,1
384.3860454559326,-1.76,1
385.79878973960876,-1.76,1
387.14239144325256,-2.07,1
388.5549306869507,-2.0,1
389.9668884277344,-2.0,1
391.31254029273987,-1.86,1
392.6548283100128,-1.83,1
393.9997606277466,-2.03,1
395.34386587142944,-1.97,1
396.68771982192993,-1.72,1
398.0316777229309,-1.76,1
399.4436705112457,-1.97,1
400.85562014579773,-1.76,1
402.19990611076355,-1.9,1
403.5436382293701,-1.72,1
404.9553017616272,-1.83,1
406.29947686195374,-1.93,1
407.64385056495667,-1.76,1
408.9875223636627,-1.97,1
410.40136909484863,-1.79,1
411.81324100494385,-2.03,1
413.15725469589233,-1.97,1
414.50147581100464,-2.07,1
415.91404485702515,-1.79,1
417.25775241851807,-1.86,1
418.60151720046997,-1.79,1
419.9444890022278,-1.83,1
421.2892029285431,-1.97,1
422.7014830112457,-1.86,1
424.0453071594238,-1.79,1
425.3885118961334,-1.97,1
426.73284459114075,-2.0,1
428.07797861099243,-2.0,1
429.42140674591064,-2.07,1
430.76482820510864,-1.97,1
432.1767873764038,-2.0,1
433.58976101875305,-2.0,1
434.93442463874817,-2.0,1
436.27873134613037,-2.0,1
437.6236526966095,-1.83,1
438.967556476593,-1.76,1
440.312819480896,-1.9,1
441.6565454006195,-1.9,1
443.0006387233734,-2.0,1
444.4128336906433,-2.0,1
445.82445764541626,-2.1,1
447.16825008392334,-2.1,1
448.5121126174927,-2.03,1
449.85696387290955,-81.48,1
451.2707688808441,-14.41,1
452.61309719085693,-5.62,1
453.9586715698242,-3.52,1
455.3712103366852,-2.86,1
456.78269839286804,-2.62,1
458.1275420188904,-2.55,1
459.4712212085724,-2.48,1
460.81580781936646,-2.38,1
462.1590082645416,-2.31,1
463.50265073776245,-2.28,1
464.91740369796753,-2.31,1
466.32966899871826,-2.1,1
467.67333126068115,-2.17,1
469.0178279876709,-2.24,1
470.4304258823395,-2.17,1
471.77304697036743,-2.17,1
473.1867184638977,-2.1,1
474.5305805206299,-2.14,1
475.8746688365936,-2.1,1
86175.11352777481,-1.97,1
86176.58669161797,-2.03,1
86177.93854188919,-1.97,1
86179.27413773537,-1.9,1
86180.62731671333,-1.86,1
86182.04080700874,-1.97,1
86183.5228638649,-1.93,1
86184.86587786674,-2.0,1
86186.4161837101,-2.0,1
86187.82966089249,-1.9,1
