1.1059317588806152,6.24
2.348628282546997,6.21
3.561168909072876,6.31
4.775197267532349,6.24
9.350672960281372,105.52
10.763340950012207,137.28
12.17498779296875,143.69
13.585787296295166,145.03
14.999451637268066,144.38
16.40255379676819,144.1
17.823638677597046,135.24
19.23437809944153,123.17
20.64245057106018,111.0
22.04830503463745,100.34
23.46214985847473,91.38
24.880293607711792,82.72
26.27695631980896,74.97
27.702754259109497,68.28
29.104074478149414,63.83
30.520745277404785,59.1
31.93790602684021,55.1
33.280885457992554,50.59
34.69267916679382,46.52
