1.1203887462615967,-1.41,0
2.350734233856201,-1.14,0
3.555793285369873,-1.21,0
4.754572868347168,-1.41,0
5.952209711074829,-1.31,0
7.1535303592681885,-1.52,0
8.359828233718872,-1.48,0
12.943042993545532,0.14,1
14.369928121566772,13.69,1
15.78444790840149,27.41,1
17.19722294807434,35.59,1
18.531494855880737,38.79,1
19.940611600875854,39.76,1
21.358699798583984,39.93,1
22.698103427886963,39.97,1
24.03712296485901,39.83,1
25.38655662536621,39.66,1
26.798064708709717,39.38,1
28.139103651046753,39.14,1
29.54988956451416,38.79,1
30.892735719680786,38.59,1
32.31076908111572,38.48,1
33.652283906936646,38.72,1
34.991347312927246,38.66,1
36.333948612213135,38.62,1
37.75386333465576,41.69,1
39.093308448791504,39.34,1
40.434609174728394,38.79,1
41.786598682403564,38.48,1
43.12491750717163,38.45,1
44.472891092300415,38.24,1
45.80748915672302,41.24,1
47.14666175842285,41.72,1
48.56773567199707,41.97,1
49.906511068344116,41.93,1
51.327648401260376,41.66,1
52.666749477386475,41.31,1
54.005598068237305,38.83,1
55.34931254386902,38.14,1
56.68887424468994,40.1,1
58.03506350517273,40.45,1
59.452162742614746,37.86,1
60.792112827301025,39.93,1
62.13384485244751,37.66,1
63.48281931877136,39.52,1
64.82162880897522,40.14,1
66.15858459472656,40.38,1
67.51426148414612,40.52,1
68.92069339752197,37.79,1
70.26889753341675,39.76,1
71.60619521141052,37.97,1
72.95058917999268,39.93,1
74.2868971824646,40.83,1
75.6415696144104,38.59,1
76.98374390602112,40.31,1
78.32458639144897,40.83,1
79.67045736312866,41.07,1
81.0836820602417,41.24,1
82.41515803337097,40.97,1
83.75561952590942,41.31,1
85.11223769187927,41.31,1
86.45383024215698,41.52,1
87.7911741733551,41.55,1
89.13079953193665,38.79,1
90.47928977012634,40.93,1
91.8965437412262,41.69,1
93.23476123809814,41.72,1
94.57922196388245,39.07,1
95.99764919281006,38.03,1
97.40179967880249,37.69,1
98.73853206634521,37.83,1
100.16209244728088,40.76,1
101.49776148796082,38.52,1
102.91849875450134,41.03,1
104.25454187393188,38.59,1
105.59353494644165,38.0,1
106.94799637794495,40.59,1
114.25812864303589,0.31,0
115.56492137908936,-6.1,0
116.86604595184326,-2.72,0
118.20297479629517,-2.14,0
119.51694202423096,-1.83,0
120.817129611969,-607.76,0
122.12591576576233,-93.55,0
123.43595433235168,-4.69,0
124.74731516838074,3.86,0
126.0711121559143,0.24,0
127.3700704574585,-0.69,0
128.71309328079224,-1.55,0
130.03749918937683,-1.34,0
131.33583092689514,-2.1,0
132.65622735023499,-2.17,0
133.94949555397034,-2.14,0
138.52682280540466,183.38,1
139.94933009147644,95.45,1
141.35583782196045,69.1,1
142.69686150550842,71.59,1
144.11881923675537,70.21,1
145.52924466133118,69.41,1
146.9417107105255,69.07,1
148.34590673446655,68.83,1
149.75953197479248,68.79,1
151.16477465629578,68.59,1
152.58364343643188,67.21,1
154.00283908843994,67.31,1
155.40881395339966,67.07,1
156.81303429603577,67.1,1
158.22201347351074,67.07,1
159.64636421203613,66.97,1
160.98059749603271,66.9,1
162.395494222641,67.17,1
163.73074173927307,67.03,1
165.08786869049072,67.0,1
166.42751097679138,67.0,1
167.8314208984375,67.0,1
169.1861641407013,67.07,1
170.5256929397583,66.93,1
171.86889219284058,66.24,1
173.2840540409088,65.17,1
174.68917751312256,62.93,1
176.0319197177887,62.9,1
177.44835710525513,60.41,1
178.78807830810547,79.97,1
180.19690346717834,67.66,1
181.61661863327026,53.31,1
183.01955890655518,54.79,1
184.3575508594513,55.03,1
185.77597379684448,54.14,1
187.11495065689087,54.34,1
188.46366930007935,54.28,1
189.87168407440186,52.38,1
191.21018815040588,52.31,1
192.62782979011536,52.0,1
194.04548501968384,50.52,1
201.33529663085938,-2.03,0
202.6607940196991,-2.07,0
203.9693465232849,-1.93,0
205.26739525794983,-1.97,0
206.59875988960266,-1.9,0
207.92055916786194,-1.9,0
209.25152921676636,-1.83,0
210.57612085342407,-1.93,0
215.16173720359802,188.48,1
216.57055377960205,89.66,1
217.98659300804138,71.83,1
219.40093517303467,68.28,1
220.80946731567383,67.41,1
222.22724533081055,66.86,1
223.6285536289215,67.1,1
225.03913402557373,67.07,1
226.4638364315033,67.03,1
227.8630907535553,67.31,1
229.28099846839905,67.38,1
230.68578910827637,67.34,1
232.10935521125793,67.48,1
233.51042675971985,66.79,1
234.92210459709167,67.1,1
236.34722304344177,67.14,1
237.75909662246704,67.41,1
239.1635434627533,67.52,1
240.58126711845398,67.21,1
241.98941016197205,67.48,1
243.3910529613495,67.55,1
244.8090889453888,67.55,1
246.22479915618896,67.72,1
247.62761735916138,67.72,1
249.03824996948242,67.59,1
250.45400524139404,67.76,1
251.87439513206482,66.03,1
253.28393006324768,64.69,1
254.68563294410706,62.86,1
256.1042654514313,62.48,1
257.5142865180969,61.38,1
258.9184069633484,60.31,1
260.3384292125702,59.34,1
261.75362944602966,56.14,1
263.15993881225586,57.1,1
264.57177543640137,56.48,1
265.984002828598,55.72,1
267.3896713256836,54.93,1
268.8090159893036,53.93,1
270.21875,53.9,1
277.52828311920166,-1.72,0
278.8501601219177,-1.59,0
280.18905663490295,-1.62,0
281.51292610168457,-1.69,0
282.8264443874359,-1.55,0
284.1345024108887,-1.48,0
285.457560300827,-1.59,0
286.78271889686584,-1.52,0
287.99609899520874,-1.59,0
289.25519490242004,-1.45,0
290.46880412101746,-1.48,0
291.6977849006653,-1.55,0
292.9099304676056,-1.59,0
294.1229450702667,-1.48,0
295.3510136604309,-1.48,0
296.57233357429504,-1.48,0
297.77298974990845,-1.52,0
299.0307891368866,-1.52,0
300.24284172058105,-1.48,0
301.46954870224,-1.52,0
302.69290590286255,-1.55,0
303.90538144111633,-1.55,0
305.1190140247345,-1.45,0
306.33386850357056,-0.93,0
307.6090168952942,-1.79,0
308.8217034339905,-1.76,0
310.04214882850647,-1.86,0
311.2700545787811,-1.45,0
312.4906921386719,-1.38,0
313.707478761673,-1.41,0
314.9386029243469,-1.38,0
316.19701623916626,-1.34,0
317.4195647239685,-1.31,0
318.62831950187683,-1.41,0
319.8553659915924,-1.31,0
321.0829348564148,-1.31,0
322.2940227985382,-1.41,0
323.5074188709259,-1.45,0
324.74117398262024,-1.45,0
325.9460573196411,-1.45,0
327.1645727157593,-1.45,0
328.3681948184967,-1.41,0
329.5781171321869,-1.48,0
330.785941362381,-1.38,0
331.99654603004456,-1.48,0
333.2394027709961,-1.45,0
334.4491558074951,-1.45,0
335.6634154319763,-1.41,0
336.8754289150238,-1.55,0
338.08951807022095,-1.55,0
339.29830145835876,-1.45,0
340.51049542427063,-1.48,0
341.7230637073517,-1.38,0
342.9679594039917,-1.55,0
344.1798803806305,-1.52,0
345.39035058021545,-1.45,0
346.601407289505,-1.45,0
347.81355905532837,-1.48,0
349.01632380485535,-1.59,0
350.2197721004486,-1.48,0
351.4639217853546,-1.66,0
352.70171189308167,-1.48,0
353.90579891204834,-1.55,0
355.11967730522156,-1.62,0
356.32981395721436,-1.55,0
357.5434226989746,-1.48,0
358.7526378631592,-1.59,0
359.99614930152893,-1.62,0
361.2079906463623,-1.52,0
362.4193584918976,-1.59,0
363.63098883628845,-1.52,0
364.84297156333923,-1.66,0
366.05427169799805,-1.55,0
367.2820568084717,-1.52,0
368.49697399139404,-1.52,0
369.7412898540497,-1.52,0
370.96151876449585,-1.59,0
372.16786646842957,-1.62,0
373.37394642829895,-1.62,0
374.58763456344604,-1.59,0
375.78744554519653,-1.59,0
377.0045471191406,-1.55,0
378.25632333755493,-1.59,0
379.47097277641296,-1.66,0
380.68103528022766,-1.62,0
381.9047882556915,-1.69,0
383.1105375289917,-1.62,0
384.317134141922,-1.66,0
385.52663564682007,-1.62,0
386.7484357357025,-1.62,0
387.9970302581787,-1.55,0
389.2019684314728,-1.62,0
390.41779255867004,-1.59,0
391.62994933128357,-1.66,0
392.83120918273926,-1.59,0
394.04193472862244,-1.41,0
395.26368594169617,-1.48,0
396.5015573501587,-1.48,0
397.72280836105347,-1.45,0
398.93396735191345,-1.48,0
400.13851165771484,-1.45,0
401.35259342193604,-1.52,0
402.5698754787445,-1.55,0
403.7785167694092,-1.48,0
405.01388788223267,-1.45,0
406.23807549476624,-1.41,0
407.44857478141785,-1.48,0
408.65391993522644,-1.48,0
409.8817021846771,-1.48,0
411.083788394928,-1.45,0
412.31067728996277,-1.48,0
413.5579357147217,-1.48,0
414.7710201740265,-1.48,0
415.97965478897095,-1.48,0
417.19946932792664,-1.52,0
418.40819239616394,-1.45,0
419.61475563049316,-1.59,0
420.83750581741333,-1.45,0
422.04503870010376,-1.45,0
423.28510785102844,-1.55,0
424.5050597190857,-1.45,0
425.71413254737854,-1.48,0
426.9241621494293,-1.52,0
428.1480293273926,-1.48,0
429.35251784324646,-1.45,0
430.5626389980316,-1.59,0
431.83028984069824,-1.52,0
433.0376012325287,-1.55,0
434.2646162509918,-1.48,0
435.4688696861267,-1.48,0
436.6879789829254,-1.55,0
437.8978033065796,-1.45,0
439.1075360774994,-1.55,0
440.37754464149475,-1.48,0
441.56880927085876,-1.52,0
442.7904453277588,-1.52,0
443.9854242801666,-1.55,0
445.2043297290802,-1.52,0
446.43275213241577,-1.45,0
447.6416733264923,-1.59,0
448.866818189621,-1.52,0
450.1132781505585,-1.45,0
451.32375955581665,-1.55,0
452.5332419872284,-1.52,0
453.7510652542114,-1.52,0
454.96179461479187,-1.59,0
456.17106580734253,-1.48,0
457.3902966976166,-1.52,0
458.6459250450134,-1.45,0
459.8678719997406,-1.45,0
461.0758583545685,-1.52,0
462.2984883785248,-1.52,0
463.50930762290955,-1.55,0
464.7140829563141,-1.41,0
465.93647480010986,-1.48,0
467.19235253334045,-1.48,0
468.39946842193604,-1.48,0
469.6211221218109,-1.45,0
470.8288278579712,-1.52,0
472.03716921806335,-1.48,0
473.258291721344,-1.45,0
474.46697306632996,-1.45,0
475.6745195388794,-1.48,0
476.91640877723694,-1.48,0
478.13585329055786,-1.45,0
479.358939409256,-1.52,0
480.56649899482727,-1.48,0
481.7881464958191,-1.52,0
483.0128855705261,-1.52,0
484.23828411102295,-1.38,0
485.48922538757324,-1.41,0
486.6975893974304,-1.41,0
487.92100715637207,-1.48,0
489.1451578140259,-1.48,0
490.3509249687195,-1.55,0
491.57534646987915,-1.41,0
492.78359293937683,-1.52,0
494.0368707180023,-1.52,0
495.26368737220764,-1.62,0
496.4857358932495,-1.48,0
497.689843416214,-1.48,0
498.9134476184845,-1.38,0
500.13722920417786,-1.59,0
501.3555381298065,-1.52,0
502.56749176979065,-1.52,0
503.8379831314087,-1.52,0
505.0587306022644,-1.48,0
506.2673523426056,-1.41,0
507.4924018383026,-1.52,0
508.71222448349,-1.45,0
509.92113876342773,-1.48,0
511.14650321006775,-1.52,0
512.4022965431213,-1.48,0
513.6214892864227,-1.45,0
514.8290090560913,-1.48,0
516.0404381752014,-1.48,0
517.2593493461609,-1.48,0
518.4749631881714,-1.41,0
519.692150592804,-1.48,0
520.9452240467072,-1.55,0
522.1691465377808,-1.55,0
523.3760373592377,-1.41,0
524.6011574268341,-1.52,0
525.8062086105347,-1.52,0
527.0393764972687,-1.45,0
528.2535305023193,-1.59,0
529.490439414978,-1.55,0
530.7208178043365,-1.45,0
531.9379885196686,-1.55,0
533.1504092216492,-1.45,0
534.3568134307861,-1.45,0
535.5789752006531,-1.45,0
536.8040256500244,-1.45,0
538.0040791034698,-1.52,0
539.2748572826385,-1.41,0
540.501011133194,-1.48,0
541.7090172767639,-1.55,0
542.9310891628265,-1.55,0
544.1361892223358,-1.55,0
545.3435046672821,-1.41,0
546.5528328418732,-1.45,0
547.8080379962921,-1.48,0
549.0263230800629,-1.48,0
550.2197685241699,-1.59,0
551.4314641952515,-1.48,0
552.6691784858704,-1.55,0
553.8891744613647,-1.45,0
555.0863876342773,-1.41,0
556.3360846042633,-1.55,0
557.5445411205292,-1.52,0
558.7554616928101,-1.45,0
559.9761562347412,-1.45,0
561.2015655040741,-1.48,0
562.4207923412323,-1.48,0
563.6422235965729,-1.48,0
564.8515129089355,-1.38,0
566.0915818214417,-1.45,0
567.2987673282623,-1.52,0
568.5088818073273,-1.52,0
569.7281606197357,-1.55,0
570.9372045993805,-1.48,0
572.1446530818939,-1.55,0
573.3677704334259,-1.45,0
574.6225986480713,-1.52,0
575.8283772468567,-1.55,0
577.050342798233,-1.41,0
578.2588653564453,-1.52,0
579.4667310714722,-1.55,0
580.6906344890594,-1.55,0
581.9130065441132,-1.52,0
583.15167760849,-1.41,0
584.3696818351746,-1.52,0
585.5848908424377,-1.52,0
586.7893409729004,-1.48,0
588.0123064517975,-1.55,0
589.2193677425385,-1.52,0
590.4429383277893,-1.48,0
591.6875066757202,-1.59,0
592.9090111255646,-1.52,0
594.1113376617432,-1.59,0
595.3189520835876,-1.41,0
596.5380675792694,-1.52,0
597.7523844242096,-1.52,0
598.9717710018158,-1.41,0
600.2316298484802,-1.52,0
601.4553303718567,-1.48,0
602.7188637256622,-1.59,0
603.9313669204712,-1.55,0
605.1527574062347,-1.52,0
606.3579211235046,-1.52,0
607.5832450389862,-1.48,0
608.7927055358887,-1.48,0
610.0452525615692,-1.52,0
611.2851519584656,-1.41,0
612.4915270805359,-1.48,0
613.7120926380157,-1.52,0
614.9365344047546,-1.55,0
616.1521120071411,-1.55,0
617.3704860210419,-1.59,0
618.6376068592072,-1.52,0
619.8464829921722,-1.52,0
621.0704827308655,-1.52,0
622.3060855865479,-1.66,0
623.530122756958,-1.62,0
624.7540531158447,-1.59,0
625.9598910808563,-1.55,0
627.215393781662,-1.55,0
628.4272644519806,-1.52,0
629.6606783866882,-1.55,0
630.8864765167236,-1.59,0
632.0950720310211,-1.52,0
633.3287212848663,-1.48,0
634.5382118225098,-1.52,0
635.7941691875458,-1.59,0
637.0146849155426,-1.45,0
638.2079586982727,-1.59,0
639.4169154167175,-1.52,0
640.6242668628693,-1.55,0
641.8445324897766,-1.52,0
643.0539293289185,-1.62,0
644.260969877243,-1.62,0
645.5007481575012,-1.52,0
646.690726518631,-1.59,0
647.8984634876251,-1.55,0
649.1075201034546,-1.55,0
650.3136990070343,-1.52,0
651.5211780071259,-1.55,0
652.7280547618866,-1.55,0
653.9850785732269,-1.48,0
655.1908619403839,-1.52,0
656.4002010822296,-1.55,0
657.5928800106049,-1.55,0
658.8127310276031,-1.48,0
660.0198664665222,-1.52,0
661.2226178646088,-1.48,0
662.421040058136,-1.59,0
663.6572527885437,-1.52,0
664.8646957874298,-1.52,0
666.0791339874268,-1.48,0
667.2917146682739,-1.48,0
668.4964499473572,-1.52,0
669.6857259273529,-1.55,0
670.8930900096893,-1.48,0
672.09827709198,-1.48,0
673.3493983745575,-1.59,0
674.5585248470306,-1.55,0
675.7618973255157,-1.52,0
676.9725573062897,-1.55,0
678.1794309616089,-1.55,0
679.3877491950989,-1.55,0
680.6130137443542,-1.55,0
681.7987251281738,-1.59,0
683.04003739357,-1.55,0
684.2460231781006,-1.62,0
685.4544863700867,-1.52,0
686.6489841938019,-1.55,0
687.8556385040283,-1.59,0
689.0770707130432,-1.62,0
690.269401550293,-1.52,0
691.4784631729126,-1.59,0
692.7290363311768,-1.55,0
693.9225361347198,-1.52,0
695.1306645870209,-1.66,0
696.3237836360931,-1.55,0
697.5436980724335,-1.52,0
698.7533559799194,-1.66,0
699.9593772888184,-1.55,0
701.1981427669525,-1.55,0
702.4212174415588,-1.52,0
703.6283226013184,-1.52,0
704.8397812843323,-1.59,0
706.0661270618439,-1.55,0
707.2740621566772,-1.55,0
708.4770548343658,-1.55,0
709.6812195777893,-1.52,0
710.9048626422882,-1.55,0
712.1290845870972,-1.59,0
713.3391480445862,-1.48,0
714.5423676967621,-1.48,0
715.75062084198,-1.52,0
716.946760892868,-1.55,0
718.163200378418,-1.48,0
719.3743484020233,-1.48,0
720.6136050224304,-1.48,0
721.8334097862244,-1.55,0
723.0244708061218,-1.59,0
724.2327034473419,-1.48,0
725.4606583118439,-1.55,0
726.6627261638641,-1.55,0
727.8688435554504,-1.52,0
729.0804741382599,-1.55,0
730.3270783424377,-1.52,0
731.53044962883,-1.55,0
732.735292673111,-1.48,0
733.941424369812,-1.59,0
735.1418747901917,-1.55,0
736.3550047874451,-1.69,0
737.5633773803711,-1.52,0
738.7690315246582,-1.66,0
739.9918286800385,-1.55,0
741.2023191452026,-1.59,0
742.4237825870514,-1.55,0
743.630432844162,-1.48,0
744.8373527526855,-1.66,0
746.0478138923645,-1.55,0
747.2581598758698,-1.69,0
748.4771115779877,-1.62,0
749.7319321632385,-1.48,0
750.9241445064545,-1.59,0
752.1295766830444,-1.55,0
753.3537480831146,-1.59,0
754.5612313747406,-1.55,0
755.7664458751678,-1.55,0
756.9753613471985,-1.52,0
758.2006230354309,-1.66,0
759.4116868972778,-1.48,0
760.6288506984711,-1.52,0
761.821337223053,-1.59,0
763.034431219101,-1.55,0
764.2427878379822,-1.55,0
765.4610126018524,-1.59,0
766.6688408851624,-1.55,0
767.9611122608185,-1.48,0
769.1620693206787,-1.59,0
770.3807814121246,-1.38,0
771.5926465988159,-1.28,0
772.8050022125244,-1.28,0
774.0181362628937,-1.31,0
775.2292675971985,-1.38,0
776.4750738143921,-1.24,0
777.6807589530945,-1.28,0
778.9100112915039,-1.24,0
780.1255061626434,-1.24,0
781.3321046829224,-1.24,0
782.5490267276764,-1.31,0
783.7701618671417,-1.28,0
785.0116982460022,-1.34,0
786.217093706131,-1.24,0
787.4534924030304,-1.28,0
788.6604611873627,-1.17,0
789.8717331886292,-1.28,0
791.0675580501556,-1.24,0
792.2839503288269,-1.24,0
793.4949123859406,-1.24,0
794.7520377635956,-1.21,0
795.9679064750671,-1.17,0
797.1797275543213,-1.21,0
798.3829531669617,-1.21,0
799.6067883968353,-1.21,0
800.818350315094,-1.21,0
802.0394215583801,-1.14,0
803.2767231464386,-1.21,0
804.4919571876526,-1.41,0
805.7027704715729,-1.45,0
806.9074747562408,-1.66,0
808.1654748916626,-1.72,0
809.3788955211639,-1.76,0
810.5967407226562,-1.83,0
811.8413980007172,-1.79,0
813.0585532188416,-1.86,0
814.2728936672211,-1.9,0
815.4739036560059,-1.86,0
816.6885030269623,-1.83,0
817.9003386497498,-2.0,0
819.1153161525726,-1.9,0
820.32883477211,-1.9,0
821.5719003677368,-1.93,0
822.7831614017487,-1.93,0
823.9966287612915,-1.86,0
825.2037439346313,-1.86,0
826.4025912284851,-1.79,0
827.6194353103638,-1.86,0
828.8369500637054,-1.9,0
830.0808200836182,-1.83,0
831.2942922115326,-1.79,0
832.4986550807953,-1.76,0
833.7055525779724,-1.93,0
834.9183056354523,-1.79,0
836.1355912685394,-1.9,0
837.3465096950531,-1.93,0
838.6008195877075,-1.83,0
839.8099172115326,-1.93,0
841.0253527164459,-1.79,0
842.2422795295715,-1.9,0
843.4535660743713,-1.86,0
844.6671078205109,-1.83,0
845.8662805557251,-1.9,0
847.0866687297821,-1.83,0
848.3241875171661,-1.83,0
849.5388894081116,-1.86,0
850.7526648044586,-1.83,0
851.9689538478851,-1.9,0
853.1651077270508,-1.9,0
854.3840010166168,-1.86,0
855.5821850299835,-1.9,0
856.8278675079346,-1.9,0
858.0264761447906,-1.9,0
859.2400364875793,-1.76,0
860.4515142440796,-1.86,0
861.6657614707947,-1.83,0
862.8828554153442,-1.79,0
864.0803191661835,-1.9,0
865.3353865146637,-1.9,0
866.5439476966858,-1.93,0
867.7566955089569,-1.9,0
868.9710688591003,-1.76,0
870.1892919540405,-1.9,0
871.3974480628967,-1.79,0
872.612795829773,-1.83,0
873.8309354782104,-1.83,0
875.0616357326508,-1.86,0
876.2773473262787,-1.9,0
877.4960963726044,-1.83,0
878.6992642879486,-1.79,0
