1.115771770477295,-2.17,0
2.351991891860962,-2.1,0
3.5544795989990234,-2.03,0
4.753365516662598,7.52,0
9.332233905792236,-1.79,1
10.745569467544556,-2.0,1
12.089266538619995,-2.0,1
13.501624345779419,-1.97,1
14.914016008377075,-1.9,1
16.316511154174805,-2.0,1
17.661219120025635,-2.03,1
19.015382289886475,-1.9,1
20.35465407371521,-1.86,1
21.75817370414734,-0.72,1
23.17463254928589,-1.9,1
24.526779890060425,-1.83,1
25.858519077301025,-1.93,1
27.276318788528442,-2.0,1
28.61319327354431,-2.0,1
29.968140602111816,-1.83,1
31.38439655303955,-1.83,1
32.78567361831665,-1.9,1
34.1403431892395,-2.0,1
35.48600792884827,-1.93,1
36.81927514076233,-1.97,1
38.23753094673157,-1.86,1
39.584320068359375,-1.86,1
40.92378520965576,-1.9,1
42.27188992500305,-1.9,1
43.68016171455383,403.31,1
45.09803533554077,-23.34,1
46.4377007484436,163.07,1
47.85773181915283,129.93,1
49.261311292648315,91.9,1
50.68050193786621,-153.14,1
52.083160161972046,-27.59,1
53.43717813491821,-87.69,1
54.839823961257935,-53.07,1
56.19540596008301,-22.93,1
57.60546398162842,-4.48,1
59.018951177597046,-3.83,1
60.422282218933105,-2.62,1
61.83585548400879,-2.28,1
63.253047704696655,-2.17,1
64.66993999481201,-2.17,1
66.00663566589355,-2.1,1
67.35654187202454,-2.07,1
68.69268751144409,-2.0,1
70.1139805316925,-2.03,1
71.51835680007935,-2.1,1
72.86079931259155,-2.03,1
74.26899409294128,-2.0,1
75.62361812591553,-1.93,1
76.97171187400818,-1.93,1
78.31710410118103,-2.0,1
79.65541481971741,-1.93,1
81.07383704185486,-2.0,1
82.47983407974243,-1.93,1
83.81761527061462,-1.9,1
85.24354243278503,-1.93,1
86.64653015136719,-1.93,1
88.06749224662781,-2.0,1
89.40694785118103,-1.93,1
90.82310891151428,-2.0,1
92.15848064422607,-1.97,1
93.57485747337341,-0.72,1
94.99391341209412,-1.59,1
96.39711260795593,-1.97,1
97.80958414077759,-1.9,1
99.22770762443542,-1.69,1
100.63888216018677,-2.03,1
102.05591225624084,-0.86,1
103.47130942344666,-1.83,1
104.80918002128601,-1.83,1
106.22830009460449,-1.9,1
107.6425633430481,-1.9,1
