1.106738805770874,-0.86
2.326212167739868,-0.9
3.572493076324463,-0.86
4.781124591827393,-0.9
9.365149974822998,0.38
10.708840131759644,0.41
12.122241258621216,3.21
13.53382921218872,5.0
14.940059423446655,9.52
16.35546350479126,11.1
17.692484378814697,11.66
19.036803722381592,8.9
20.37484383583069,10.83
21.72512698173523,11.41
23.136590480804443,8.69
24.485562801361084,10.72
25.899977445602417,11.21
27.301584720611572,11.83
28.712605714797974,8.69
30.132622957229614,11.45
31.465392351150513,11.59
32.89294981956482,11.59
34.22599816322327,8.93
35.56983733177185,10.86
36.910796880722046,11.83
38.32341241836548,11.72
39.73577809333801,12.45
41.086201190948486,9.03
42.501941204071045,8.0
43.91313290596008,7.48
45.25456786155701,7.34
46.588311195373535,7.21
48.00713086128235,7.48
49.420833349227905,7.17
50.83949327468872,6.97
52.24481439590454,7.41
53.58909749984741,7.34
54.93896842002869,7.45
56.35449504852295,7.31
57.76579284667969,7.72
59.17599439620972,7.45
60.58180260658264,12.1
61.99625563621521,8.48
63.40976047515869,12.52
64.82332921028137,9.24
66.1575198173523,12.76
67.5067765712738,9.0
68.85469245910645,12.52
70.1901650428772,8.79
71.60450339317322,7.76
73.02591395378113,7.59
74.36567735671997,12.31
75.71302962303162,8.9
77.05327796936035,12.86
78.38826966285706,9.24
79.73534417152405,12.62
81.0842227935791,14.07
82.50035858154297,9.59
83.8411328792572,13.14
85.25502610206604,9.17
86.66635012626648,8.28
88.0049946308136,12.41
89.42075872421265,14.17
90.83287596702576,9.66
92.24746680259705,12.86
93.58647227287292,14.03
94.93364667892456,9.59
96.26456546783447,12.21
97.6879472732544,8.93
99.1027660369873,8.1
100.50065445899963,7.66
101.92561721801758,7.31
103.33870911598206,7.34
104.67407083511353,11.17
106.09144902229309,11.59
107.49631261825562,11.83
108.91074419021606,11.76
110.32093143463135,8.76
111.72805738449097,10.62
113.15525460243225,8.62
114.55479168891907,10.59
115.9678864479065,11.34
117.38007283210754,8.79
118.80545449256897,11.0
120.202885389328,8.69
121.62918782234192,7.83
123.04078960418701,10.45
124.44822335243225,8.72
125.85171318054199,10.66
127.27902150154114,8.59
128.68385791778564,10.83
130.10441660881042,8.48
131.51322603225708,7.9
132.91435074806213,10.69
134.34048080444336,8.66
135.74031591415405,8.07
143.0396285057068,0.48
144.35991382598877,0.45
145.67870259284973,0.45
146.983713388443,0.41
148.29398202896118,0.31
149.60097813606262,0.34
150.94726490974426,0.38
152.26524376869202,0.28
156.85789442062378,0.34
158.2717411518097,2.9
159.68465995788574,8.24
161.0171868801117,10.9
162.36459827423096,15.21
163.70455169677734,16.9
165.12645554542542,14.66
166.47182703018188,14.21
167.8058774471283,13.66
169.1598196029663,13.76
170.49730443954468,16.38
171.83812713623047,14.62
173.2528100013733,14.31
174.59425592422485,13.72
176.00542497634888,13.79
177.35634899139404,16.62
178.76782155036926,14.79
180.11528849601746,16.83
181.45308756828308,14.93
182.7880663871765,14.21
184.198566198349,13.9
185.557368516922,14.21
186.89364552497864,13.9
188.30655360221863,13.79
189.72519278526306,13.59
191.05966997146606,13.86
192.47190260887146,16.62
193.8809072971344,14.52
195.23018264770508,14.21
196.57964396476746,13.9
197.98037004470825,16.28
199.40015769004822,14.38
200.81254720687866,16.76
202.22526216506958,14.66
203.56034016609192,14.07
204.91031908988953,16.38
206.32679510116577,14.59
207.73387122154236,14.21
209.15254068374634,16.72
210.56740641593933,14.66
211.9725947380066,14.1
213.37652015686035,13.97
214.79140520095825,13.97
216.1417579650879,13.79
217.55507016181946,16.62
218.95561504364014,14.79
220.37781190872192,14.14
221.78844833374023,14.1
223.20392513275146,14.14
224.61526155471802,16.66
226.0289921760559,14.93
227.36516332626343,14.41
228.70960068702698,13.79
230.12293195724487,16.52
231.46352338790894,14.9
232.8123381137848,14.03
234.2271683216095,13.93
235.56075477600098,13.83
236.98778343200684,13.97
238.3268485069275,13.59
239.74246287345886,16.59
241.1539227962494,14.86
242.55219793319702,14.1
243.90295720100403,13.83
251.22880840301514,0.28
252.53508186340332,0.24
253.83611702919006,0.21
255.14721035957336,0.24
256.5033450126648,0.17
257.81098341941833,0.24
259.12964487075806,0.07
260.43361735343933,0.1
265.0356876850128,0.03
266.45410323143005,2.93
267.8559386730194,12.07
269.2686698436737,16.45
270.6796066761017,18.34
272.0348024368286,19.21
273.4318211078644,19.62
274.77941632270813,19.86
276.1292326450348,19.97
277.5464062690735,19.97
278.9491412639618,20.03
280.3640146255493,20.0
281.78133821487427,20.0
283.11822414398193,20.0
284.53306126594543,20.0
285.86889147758484,20.07
287.2818491458893,19.97
288.710063457489,20.1
290.11770367622375,20.07
291.52908158302307,20.07
292.939546585083,20.1
294.34933066368103,19.97
295.7622208595276,20.0
297.09965896606445,20.0
298.52117943763733,20.03
299.8563153743744,19.97
301.27239990234375,20.03
302.6887438297272,20.1
304.10179686546326,20.1
305.43844771385193,20.07
306.8565397262573,20.0
308.269770860672,20.0
309.6058552265167,20.1
311.0252718925476,19.93
312.4365372657776,20.0
313.8422646522522,20.0
315.24865555763245,20.03
316.6619715690613,19.93
318.07287549972534,20.03
319.48978996276855,19.97
320.8283793926239,20.0
322.1732225418091,20.03
323.5948567390442,20.1
325.008663892746,20.1
326.3461570739746,20.1
327.68796277046204,20.28
329.03000688552856,20.24
336.338538646698,0.07
337.6573557853699,0.0
338.94275093078613,-0.03
340.2907762527466,0.0
341.59548568725586,0.0
342.90013337135315,-0.03
344.19659519195557,0.03
345.4899888038635,-0.07
350.0738322734833,685.59
351.4849030971527,735.24
352.8332953453064,516.52
360.1350750923157,-0.83
361.48226976394653,-0.83
362.8050227165222,-0.83
364.1114935874939,-0.86
365.40618920326233,-0.76
366.71693897247314,-0.83
368.03385519981384,-0.86
369.33706164360046,-0.86
373.9233920574188,675.17
375.3286588191986,738.83
376.7455201148987,482.55
384.03686022758484,-1.62
385.3489582538605,-1.59
386.66270446777344,-1.62
387.9643998146057,-1.72
389.28251099586487,-1.62
390.6394157409668,-1.55
391.93985986709595,-1.62
393.2469675540924,-1.55
397.8495545387268,669.17
399.25315046310425,761.07
400.6685416698456,501.86
402.08275270462036,290.28
409.38439869880676,-2.59
410.7363474369049,-2.62
412.037734746933,-2.62
413.35445737838745,-2.55
414.6683404445648,-2.62
415.9802289009094,-2.52
417.30211210250854,-2.48
418.60178899765015,-2.59
423.19198346138,663.14
424.59424328804016,760.55
426.0174741744995,511.34
427.42545437812805,309.45
434.7248685359955,-0.79
436.03983545303345,-0.79
437.36648869514465,-0.86
438.67139053344727,-0.9
440.02702927589417,-0.83
441.34654664993286,-0.93
442.655309677124,-0.79
443.96580505371094,-0.76
448.549045085907,664.07
449.95513677597046,779.72
451.3626284599304,543.86
452.78634572029114,335.93
460.0689265727997,13.55
461.3861448764801,13.52
462.70569491386414,13.59
464.01781272888184,13.69
465.32919359207153,13.72
466.65017557144165,13.72
467.95219564437866,13.69
469.31167340278625,13.76
470.52745938301086,13.83
471.74255657196045,13.9
472.95057582855225,13.86
474.1519420146942,13.86
475.36893606185913,13.93
476.57884979248047,13.9
477.8009979724884,13.86
479.05989718437195,13.86
480.27490067481995,13.93
481.4875364303589,13.9
482.69598484039307,13.83
483.9193112850189,13.93
485.1290364265442,13.83
486.3436436653137,13.97
487.5369324684143,13.76
488.7961518764496,13.93
490.01266407966614,13.83
491.23875403404236,13.93
492.4617474079132,13.86
