1.1060218811035156,-1.97,0
2.3500313758850098,-1.93,0
3.5651438236236572,-2.0,0
4.76985764503479,-1.97,0
9.357175350189209,407.52,1
10.770206212997437,290.31,1
12.180208683013916,404.03,1
19.4795663356781,-1.93,0
20.780395030975342,-1.9,0
22.125444650650024,-1.97,0
23.425472497940063,-1.9,0
24.727372407913208,-2.0,0
26.04752492904663,-2.07,0
27.346935033798218,-2.0,0
28.66009545326233,-1.93,0
33.24467158317566,345.52,1
34.60262656211853,280.14,1
36.01192498207092,295.93,1
43.31404423713684,-1.9,0
44.611987829208374,-1.97,0
45.930503129959106,-1.83,0
47.235939025878906,-1.86,0
48.548524618148804,-1.86,0
49.84759831428528,-1.86,0
51.14776563644409,-1.83,0
52.50406050682068,-1.86,0
57.097368001937866,342.41,1
58.52011036872864,290.83,1
59.9338493347168,117.79,1
61.34603977203369,152.62,1
62.75926232337952,153.07,1
70.06477212905884,-1.9,0
71.41862726211548,-1.79,0
72.73050498962402,-1.86,0
74.03202080726624,-1.86,0
75.34052395820618,-1.86,0
76.63755536079407,-1.83,0
77.94774580001831,-1.93,0
79.2484884262085,-1.83,0
83.8416965007782,184.72,1
85.25372314453125,183.1,1
86.66479897499084,180.72,1
88.0793149471283,181.24,1
89.49081301689148,179.21,1
90.89564847946167,178.1,1
92.23164129257202,170.93,1
99.56893491744995,-1.83,0
100.90096735954285,-1.79,0
