1.114145278930664,-1.03,0
2.3534700870513916,-1.0,0
3.562845468521118,-1.07,0
4.763589859008789,-1.07,0
9.337152004241943,81.38,1
10.68110966682434,179.45,1
12.089730501174927,67.03,1
13.50017499923706,68.34,1
14.918673038482666,26.45,1
16.328829765319824,10.14,1
17.67544913291931,5.41,1
19.08868932723999,2.86,1
20.500696897506714,4.38,1
21.907026529312134,4.83,1
23.312967777252197,3.0,1
24.725356101989746,1.69,1
26.142245531082153,2.07,1
27.553027391433716,-0.45,1
28.900428771972656,-0.69,1
30.314533472061157,0.62,1
31.726353406906128,-0.28,1
33.13686156272888,-0.69,1
34.544719219207764,1.03,1
35.89299154281616,1.24,1
37.24506378173828,1.17,1
38.64854693412781,-0.1,1
39.99407124519348,4.72,1
41.402426958084106,79.97,1
42.8160126209259,19.0,1
44.23786997795105,37.69,1
45.5774564743042,72.17,1
46.99140930175781,-26.72,1
48.3937029838562,-2.0,1
49.80853319168091,-2.07,1
51.230905055999756,-2.17,1
52.64291524887085,-2.17,1
53.97397255897522,520.59,1
55.385125160217285,457.86,1
62.70298194885254,480.48,0
64.01898074150085,496.1,0
65.35212635993958,505.83,0
66.66514706611633,513.41,0
67.96800994873047,513.9,0
69.26916909217834,514.72,0
70.58581447601318,516.38,0
71.88227653503418,517.28,0
73.19294476509094,521.03,0
74.50001096725464,523.07,0
75.84914207458496,523.76,0
77.14842462539673,524.86,0
78.47010278701782,526.17,0
79.77474212646484,526.55,0
81.08110785484314,527.03,0
82.38434743881226,525.1,0
83.69212508201599,525.03,0
84.99482369422913,524.97,0
86.34973788261414,523.76,0
87.65333914756775,522.38,0
88.9579725265503,520.55,0
90.27346205711365,519.28,0
91.57568573951721,519.55,0
92.88027691841125,519.76,0
94.19325280189514,518.52,0
95.4968273639679,518.34,0
96.84147882461548,517.83,0
98.15710496902466,517.07,0
99.48359513282776,518.45,0
100.79565024375916,515.9,0
102.10567927360535,516.48,0
103.41060781478882,514.52,0
104.73078298568726,514.21,0
106.08397769927979,513.86,0
107.38320779800415,513.79,0
111.98952388763428,517.52,1
113.3988983631134,516.69,1
114.81240844726562,517.48,1
116.22324967384338,516.97,1
117.70952558517456,516.55,1
119.12225914001465,516.59,1
