1.1044673919677734,-1.48,0
2.349320888519287,-1.55,0
3.554611921310425,-1.52,0
4.756341457366943,-1.66,0
9.34621524810791,39.1,1
10.758298635482788,33.59,1
12.170339584350586,31.9,1
13.573424816131592,31.52,1
14.992584228515625,31.38,1
16.40062928199768,31.17,1
17.806936502456665,31.07,1
19.23369002342224,31.1,1
20.63264560699463,31.17,1
22.05437135696411,31.03,1
23.459349155426025,31.21,1
24.88277316093445,31.14,1
26.290188789367676,31.1,1
27.711992979049683,31.0,1
29.122578620910645,31.1,1
30.53463864326477,31.1,1
31.945808172225952,30.93,1
33.28391456604004,31.1,1
34.69317388534546,31.07,1
36.045897006988525,30.97,1
37.4479706287384,31.1,1
38.856908082962036,30.9,1
40.2750780582428,31.07,1
41.69449520111084,31.03,1
