1.1068503856658936,-1.52
2.318542003631592,-1.41
3.5635108947753906,-1.52
4.764086961746216,-1.52
5.973931074142456,-1.55
7.18930721282959,-1.45
8.39314579963684,-1.48
9.601500749588013,-1.48
10.815850257873535,-1.69
12.063749313354492,-1.52
16.632497310638428,13.14
17.97825813293457,21.59
19.38858413696289,68.24
20.79835820198059,85.62
22.207889556884766,94.41
23.553013801574707,96.72
24.963040590286255,99.52
26.36860489845276,103.55
27.780853509902954,104.45
29.20081615447998,103.59
30.611251831054688,103.69
32.02375936508179,106.07
33.36655068397522,105.07
34.708062410354614,107.0
36.111194133758545,107.83
37.52401256561279,111.14
38.9430046081543,110.59
40.28766226768494,111.17
41.68735909461975,111.07
43.102957248687744,109.76
44.4498815536499,112.28
45.85966777801514,109.21
47.27283239364624,111.03
48.684934854507446,109.66
50.09554433822632,112.72
51.506012201309204,103.17
52.91590857505798,103.31
54.33143210411072,104.52
55.74815225601196,104.14
57.1504807472229,96.28
58.56519341468811,97.69
59.974393129348755,89.83
61.38542103767395,102.24
62.80720019340515,104.41
64.2165298461914,103.93
65.55376172065735,103.0
66.97099208831787,102.03
68.30887413024902,102.45
69.72304248809814,105.21
71.07157564163208,100.28
72.41285538673401,112.03
73.7546820640564,115.79
75.10133838653564,118.62
76.43930172920227,117.0
77.8508026599884,113.72
79.19906759262085,116.03
80.60695385932922,121.59
82.02019238471985,121.28
83.4221818447113,102.93
84.77662420272827,110.1
86.18943452835083,110.03
87.52765083312988,114.55
88.93534016609192,113.14
90.34778308868408,87.41
91.75717425346375,108.24
93.16579246520996,108.03
94.51751613616943,98.79
95.86085677146912,102.59
97.2740683555603,107.48
98.67633032798767,113.9
100.08872985839844,136.0
101.50475311279297,127.93
102.9157063961029,103.97
104.33165788650513,123.21
105.73419189453125,125.9
107.14663600921631,-0.14
108.55682802200317,-2.79
109.97677326202393,-1.52
111.38934206962585,613.55
112.80723094940186,427.34
114.20698738098145,206.62
115.6268002986908,183.72
117.04037070274353,196.24
118.44750618934631,190.52
119.85974216461182,178.28
121.27747821807861,170.55
122.6759283542633,158.9
124.08594727516174,144.66
125.50388669967651,133.45
126.91431379318237,120.24
128.32842421531677,112.34
129.73942494392395,110.66
131.1491711139679,107.66
132.56634712219238,108.62
133.98253107070923,100.52
135.3942151069641,108.45
136.79525017738342,100.55
138.21271324157715,105.34
139.62483286857605,119.62
141.02708911895752,108.17
142.444762468338,108.9
143.85704135894775,106.79
145.27300882339478,122.14
146.67544174194336,110.21
148.08707451820374,107.41
149.50024247169495,118.9
150.90884566307068,110.59
152.3223946094513,118.62
153.73923301696777,114.0
155.14732432365417,116.69
156.56185388565063,115.28
157.97121381759644,114.76
159.3881871700287,112.83
160.80047249794006,112.21
162.21359491348267,111.79
163.62626123428345,112.0
