1.1101577281951904,8.28
2.3201141357421875,8.34
3.552932024002075,8.28
4.749886751174927,8.24
5.9426658153533936,8.21
7.16657280921936,8.34
11.739224910736084,784.1
13.150988340377808,673.38
14.562179327011108,413.59
15.962199687957764,258.1
17.312342405319214,182.62
18.649165868759155,138.97
20.06051540374756,120.07
21.47204613685608,115.76
22.89240336418152,115.03
24.30173945426941,114.93
25.713998794555664,115.0
27.11232042312622,119.97
28.527390241622925,120.97
29.947462558746338,120.72
31.35959005355835,120.69
32.7631995677948,120.59
34.17504143714905,120.86
35.52591419219971,120.97
36.940279722213745,120.9
38.355916023254395,120.9
39.76750373840332,120.62
41.17929744720459,116.83
42.58679914474487,120.31
43.99767541885376,120.48
45.40995955467224,120.59
46.823180198669434,120.69
48.232221603393555,120.86
