1.0967779159545898,-1.97,0
2.342165470123291,-1.97,0
3.550696611404419,-2.03,0
4.749335050582886,-2.03,0
5.956765651702881,-2.0,0
7.157934904098511,-2.03,0
11.743503093719482,0.45,1
13.161930799484253,9.38,1
14.575044870376587,109.69,1
15.988286018371582,104.72,1
17.326212882995605,101.41,1
18.674326181411743,101.07,1
20.015384197235107,100.45,1
21.355223894119263,100.79,1
22.70361065864563,101.0,1
24.03934407234192,102.24,1
25.45880103111267,100.41,1
26.857356071472168,99.55,1
28.27911639213562,97.52,1
29.62313675880432,101.66,1
31.03616952896118,99.76,1
32.43738341331482,98.1,1
33.85573101043701,104.07,1
35.19976735115051,102.31,1
36.535714626312256,101.14,1
37.95968246459961,98.72,1
39.36257743835449,100.14,1
40.710617780685425,98.76,1
42.12235450744629,98.86,1
43.5317759513855,102.38,1
44.94404339790344,99.59,1
46.35241079330444,102.62,1
47.76847696304321,100.24,1
49.172592639923096,100.07,1
50.593334674835205,100.34,1
51.93594574928284,99.17,1
53.33808994293213,99.48,1
54.75697994232178,97.76,1
56.17459297180176,99.83,1
57.58607006072998,99.55,1
58.98918414115906,99.41,1
60.41026973724365,99.14,1
61.82237124443054,102.48,1
63.22180223464966,100.17,1
64.6454827785492,100.07,1
65.9886634349823,97.48,1
67.32380986213684,97.55,1
68.6600821018219,100.79,1
70.08295226097107,98.14,1
71.41827726364136,97.97,1
72.76022291183472,100.17,1
74.11625385284424,100.17,1
75.52734231948853,99.9,1
76.86597514152527,99.93,1
78.270427942276,97.72,1
79.62564086914062,97.52,1
81.03674125671387,96.76,1
82.43526911735535,96.14,1
83.78302335739136,95.55,1
85.11966514587402,95.52,1
86.47725105285645,95.1,1
87.88442802429199,94.9,1
89.29072904586792,94.86,1
90.63683152198792,96.86,1
92.04239416122437,96.24,1
93.3981409072876,100.66,1
94.80311322212219,100.83,1
96.1461124420166,100.59,1
97.56020903587341,100.76,1
98.90999126434326,99.93,1
100.32107543945312,99.24,1
101.72074604034424,98.38,1
103.1391372680664,100.9,1
104.54096388816833,96.93,1
105.95540738105774,98.38,1
107.3759994506836,96.03,1
108.78049516677856,95.76,1
110.12837958335876,101.86,1
111.53508734703064,100.52,1
112.95598340034485,98.31,1
114.3677146434784,99.69,1
115.77050590515137,99.83,1
117.18682909011841,99.59,1
118.59319376945496,99.97,1
120.0036690235138,98.69,1
121.42657971382141,102.52,1
122.83347511291504,100.14,1
124.24183917045593,103.34,1
125.66211462020874,100.66,1
127.07297849655151,100.14,1
128.4840793609619,100.34,1
129.8861014842987,99.07,1
131.30571508407593,99.31,1
132.7111566066742,98.97,1
134.1271424293518,103.03,1
135.53257775306702,100.52,1
136.9546799659729,99.62,1
138.36241340637207,103.21,1
139.76629161834717,101.0,1
141.12097477912903,100.34,1
142.52495455741882,99.24,1
143.93402528762817,99.9,1
145.34925365447998,99.03,1
146.76915049552917,99.38,1
148.18246960639954,99.55,1
155.4825038909912,1.69,0
156.79462003707886,1.66,0
158.10331344604492,1.69,0
159.4338779449463,1.69,0
160.7802073955536,1.72,0
162.08119678497314,1.69,0
163.37706422805786,1.69,0
164.6952519416809,1.55,0
165.9888687133789,-17.28,0
167.2933669090271,-11.03,0
168.61191654205322,-3.97,0
169.9186029434204,-10.17,0
171.25270915031433,-2.76,0
172.55919241905212,-0.38,0
173.85241603851318,1.76,0
175.16955375671387,-0.31,0
176.45688581466675,-0.31,0
177.78279495239258,-0.59,0
179.07706451416016,-0.59,0
180.3763289451599,-0.59,0
181.67644119262695,-0.59,0
183.02693271636963,-0.62,0
184.3270230293274,-0.62,0
185.62951016426086,-0.34,0
186.91824865341187,-0.03,0
188.2234709262848,-0.03,0
189.52462434768677,-0.17,0
190.8298351764679,-0.03,0
192.14838075637817,0.03,0
193.49418950080872,0.07,0
194.7983913421631,0.07,0
196.10036945343018,0.24,0
197.41699647903442,0.31,0
198.7242774963379,0.28,0
200.03601670265198,0.34,0
204.6351387500763,23.79,1
206.04855799674988,49.62,1
207.44602012634277,72.24,1
208.79270482063293,83.62,1
210.21090745925903,89.07,1
211.5512294769287,93.17,1
212.96769857406616,98.52,1
214.3034269809723,99.55,1
215.65524053573608,100.62,1
217.06082248687744,99.9,1
218.47555899620056,99.62,1
219.88454675674438,99.28,1
221.21856021881104,99.52,1
222.57302832603455,99.17,1
223.98576760292053,98.97,1
225.31842374801636,98.79,1
226.73369097709656,98.72,1
228.0807445049286,98.72,1
229.48652124404907,99.07,1
230.90931487083435,102.48,1
232.31772470474243,99.9,1
233.65621614456177,102.72,1
235.07561254501343,100.59,1
236.41904616355896,99.93,1
237.81848788261414,102.93,1
239.23037433624268,100.38,1
240.64430499076843,99.17,1
242.05830430984497,99.0,1
243.4697768688202,99.83,1
244.88477873802185,102.72,1
246.29065704345703,100.59,1
247.7073473930359,98.93,1
249.11296916007996,98.72,1
250.52103567123413,102.28,1
251.94680285453796,100.03,1
253.35754656791687,102.41,1
254.7710154056549,99.9,1
256.1727018356323,98.59,1
257.59421467781067,98.72,1
258.9257655143738,97.97,1
260.3503952026367,98.55,1
261.75738406181335,98.17,1
263.17463541030884,99.03,1
264.5055434703827,98.0,1
265.9254479408264,97.72,1
267.34089064598083,98.9,1
268.74247217178345,98.31,1
270.16509199142456,98.03,1
271.5772006511688,102.0,1
272.9143035411835,99.62,1
274.33038568496704,99.72,1
275.7414858341217,99.48,1
277.1525855064392,99.69,1
278.5656077861786,98.97,1
279.97083282470703,99.17,1
281.3828489780426,98.48,1
282.8016993999481,98.66,1
284.2092776298523,97.9,1
285.62618350982666,98.28,1
287.02952456474304,97.45,1
288.44838190078735,98.62,1
289.8501422405243,99.0,1
291.26213121414185,98.83,1
292.6816828250885,98.83,1
294.09379386901855,99.24,1
295.50425004959106,98.83,1
296.91490173339844,99.1,1
298.33006405830383,101.45,1
299.7290098667145,99.79,1
301.1476562023163,101.69,1
302.5640609264374,99.93,1
303.96669340133667,101.83,1
305.3799138069153,101.93,1
306.7921748161316,99.83,1
308.2090163230896,98.69,1
309.62249517440796,98.24,1
311.03226232528687,98.41,1
312.4460406303406,98.0,1
313.8581757545471,98.76,1
315.2702763080597,97.66,1
316.6756317615509,97.59,1
318.08832931518555,97.79,1
319.50557351112366,97.45,1
320.8399426937103,97.66,1
322.17842388153076,97.55,1
323.5936825275421,97.38,1
325.0164465904236,98.07,1
326.34909176826477,100.97,1
327.70115423202515,98.93,1
329.04586815834045,98.45,1
330.38012647628784,101.17,1
331.7185814380646,99.34,1
333.06105184555054,98.76,1
334.40489411354065,98.76,1
335.8248248100281,98.83,1
337.1700277328491,97.55,1
338.5054774284363,98.03,1
339.8507444858551,98.52,1
341.2678234577179,101.0,1
348.56476354599,1.55,0
349.8686771392822,1.59,0
351.17800426483154,1.62,0
352.5072169303894,1.62,0
353.81694078445435,9.17,0
355.12609100341797,-4.93,0
356.42565631866455,-9.17,0
357.7309350967407,-20.59,0
359.02097606658936,-5.76,0
360.3311734199524,-2.97,0
361.63234305381775,-2.83,0
362.93164253234863,-6.69,0
364.2634196281433,-3.07,0
365.5723853111267,-2.48,0
366.86399102211,-2.52,0
368.18195939064026,-2.03,0
369.4812853336334,-1.97,0
370.7804811000824,-1.93,0
372.09515142440796,-2.03,0
373.41155195236206,-2.0,0
374.75949478149414,-1.93,0
376.065553188324,-1.97,0
377.36967635154724,-2.07,0
378.67273449897766,-1.93,0
379.97984647750854,-1.97,0
381.27179741859436,-2.0,0
382.57332253456116,-2.0,0
383.8803722858429,-2.03,0
385.226037979126,-2.03,0
386.5353102684021,-2.07,0
387.83862352371216,-2.03,0
389.1493194103241,-1.93,0
390.4645879268646,-2.0,0
391.75592398643494,-2.0,0
393.0627393722534,-1.97,0
397.65509057044983,23.38,1
399.0701992511749,46.31,1
400.4833097457886,69.59,1
401.8950364589691,83.17,1
403.23811769485474,88.93,1
404.63595628738403,93.45,1
406.05777192115784,94.24,1
407.4609727859497,98.93,1
408.80779695510864,97.93,1
410.22848773002625,97.31,1
411.57208251953125,97.28,1
412.98124861717224,97.03,1
414.32591104507446,99.21,1
415.66825914382935,99.48,1
417.01246643066406,99.66,1
418.34852266311646,99.31,1
419.76857233047485,99.07,1
421.1807608604431,98.9,1
422.58464789390564,98.76,1
424.0039598941803,98.86,1
425.4079785346985,98.79,1
426.8148114681244,99.38,1
428.1636369228363,98.72,1
429.5823516845703,98.45,1
430.99445271492004,98.79,1
432.39424872398376,98.59,1
433.75027298927307,101.72,1
435.1615695953369,99.59,1
436.49156498908997,100.0,1
437.90614652633667,98.28,1
439.3270435333252,101.72,1
440.6682884693146,100.03,1
442.0834677219391,102.34,1
443.49569940567017,100.17,1
444.83744525909424,102.07,1
446.2485303878784,100.66,1
447.66063261032104,98.55,1
449.07041025161743,98.59,1
450.41582465171814,98.28,1
451.81304264068604,98.28,1
453.2241280078888,97.59,1
454.64088225364685,97.69,1
455.978627204895,101.41,1
457.3353292942047,99.93,1
458.7441420555115,101.9,1
460.0746374130249,100.59,1
461.42125391960144,102.03,1
462.77557396888733,100.17,1
464.18706941604614,99.41,1
465.5924482345581,99.07,1
467.00619769096375,99.24,1
468.4231095314026,97.97,1
469.82533073425293,100.97,1
471.2382981777191,99.9,1
472.5773775577545,99.72,1
474.00168323516846,97.72,1
475.4028425216675,98.03,1
476.81225991249084,98.0,1
478.2274122238159,97.45,1
479.6441400051117,101.17,1
481.05899000167847,99.31,1
482.4706163406372,99.76,1
483.87118887901306,98.83,1
485.280410528183,101.28,1
486.70538854599,99.31,1
488.1063561439514,99.0,1
489.52005910873413,98.83,1
490.94168758392334,98.86,1
492.34436678886414,97.31,1
493.7620599269867,97.59,1
495.1706483364105,98.69,1
496.5843951702118,97.52,1
497.99690556526184,97.52,1
499.40822076797485,100.86,1
500.82215118408203,99.07,1
502.2314486503601,99.52,1
503.64658856391907,101.62,1
505.05868649482727,99.72,1
506.47140860557556,101.21,1
507.8689823150635,99.9,1
509.29502630233765,99.41,1
510.6944921016693,100.9,1
512.1166265010834,101.62,1
513.5240058898926,99.59,1
514.9393837451935,99.07,1
516.3504838943481,101.21,1
517.7544736862183,99.34,1
519.1649148464203,98.14,1
520.5857632160187,101.24,1
521.9978814125061,101.45,1
523.4071161746979,99.52,1
524.8175251483917,99.34,1
526.2270014286041,98.07,1
527.644366979599,100.9,1
529.0539131164551,100.17,1
530.4564464092255,101.48,1
531.8697807788849,99.62,1
533.2767927646637,101.17,1
534.6905875205994,99.72,1
542.0143120288849,0.45,0
543.3594036102295,0.52,0
544.668247461319,0.48,0
545.977817773819,0.55,0
547.2912163734436,0.52,0
548.6087620258331,0.41,0
549.9228069782257,0.52,0
551.232818365097,0.48,0
552.5809190273285,0.45,0
553.8896775245667,-7.83,0
555.21515583992,-2.66,0
556.5218732357025,-1.55,0
557.8410544395447,-2.24,0
559.1584889888763,-1.55,0
560.4826920032501,-0.93,0
561.7915799617767,-2.1,0
563.1256232261658,-2.45,0
564.4378645420074,-1.48,0
565.7662508487701,-1.86,0
567.0917811393738,-1.97,0
568.4134323596954,-2.0,0
569.7257027626038,-2.03,0
571.0320138931274,-1.97,0
572.3912148475647,-2.07,0
573.7017023563385,-2.0,0
575.004397392273,-2.03,0
576.3324563503265,-2.0,0
577.6461801528931,-2.07,0
578.9552545547485,-1.97,0
580.2627418041229,-2.0,0
581.6169466972351,-2.0,0
582.9375367164612,-2.0,0
584.2605247497559,-2.07,0
585.5664870738983,-1.97,0
586.8971092700958,-2.07,0
591.5077037811279,24.38,1
592.912104845047,41.69,1
594.3351130485535,67.72,1
595.7450597286224,81.76,1
597.1560492515564,88.31,1
598.56982588768,93.66,1
599.9733140468597,97.9,1
601.3780293464661,99.48,1
602.8006722927094,100.07,1
604.20063829422,99.69,1
605.6269414424896,99.24,1
607.0323758125305,99.07,1
608.4514482021332,98.93,1
609.860791683197,99.1,1
611.2620460987091,98.72,1
612.687694311142,98.93,1
614.0942671298981,96.76,1
615.5019378662109,97.41,1
616.9122552871704,100.41,1
618.3272662162781,99.0,1
619.7322113513947,98.83,1
621.1513657569885,96.9,1
622.5674955844879,99.97,1
623.9689435958862,99.14,1
625.3815186023712,98.9,1
626.8033745288849,96.9,1
628.215665102005,96.66,1
629.6127803325653,97.41,1
631.0338127613068,97.31,1
632.4446640014648,97.69,1
633.8544526100159,97.69,1
635.2618844509125,98.1,1
636.6706671714783,99.9,1
638.0962765216827,98.41,1
639.4278037548065,98.28,1
640.7713313102722,98.03,1
642.1840538978577,99.86,1
643.594256401062,100.28,1
644.9486832618713,100.17,1
646.3557207584381,99.24,1
647.7038159370422,98.55,1
649.1121015548706,97.76,1
650.455381155014,99.48,1
651.8590414524078,100.1,1
653.213191986084,98.52,1
654.5485546588898,98.1,1
655.96302485466,97.48,1
657.3700857162476,99.41,1
658.7139785289764,99.83,1
660.1259081363678,100.07,1
661.4689710140228,99.97,1
662.8207817077637,98.62,1
664.2306349277496,98.24,1
665.6394264698029,97.52,1
666.9840040206909,99.21,1
668.3834443092346,99.62,1
669.7342631816864,99.69,1
671.1418075561523,99.79,1
672.4916610717773,99.93,1
673.8379611968994,99.72,1
675.1764345169067,99.52,1
676.5895619392395,99.59,1
677.9345717430115,99.41,1
679.2654974460602,99.52,1
680.615526676178,99.55,1
682.0250496864319,99.14,1
683.3706412315369,99.79,1
684.7077643871307,99.38,1
686.0638065338135,99.24,1
687.3954889774323,102.9,1
688.7385041713715,101.38,1
690.0927510261536,100.1,1
691.42840051651,99.69,1
692.8451895713806,99.45,1
694.1880435943604,103.03,1
695.5917012691498,101.38,1
696.9423198699951,100.59,1
698.2807078361511,99.55,1
699.6185710430145,99.17,1
700.9711673259735,99.07,1
702.3124735355377,99.17,1
703.6473710536957,99.45,1
705.0694365501404,98.93,1
706.4122252464294,99.14,1
707.751335144043,99.48,1
709.1676335334778,100.52,1
710.5120759010315,99.07,1
711.8399467468262,99.0,1
713.1950106620789,99.21,1
714.6101500988007,98.93,1
716.0210425853729,99.17,1
717.3547859191895,99.0,1
718.703989982605,98.72,1
720.0428509712219,99.41,1
721.3943867683411,99.86,1
722.7363936901093,99.07,1
724.0803234577179,99.83,1
725.4115903377533,99.62,1
726.763340473175,99.9,1
728.178733587265,98.59,1
735.4634263515472,-0.79,0
736.7789449691772,-0.83,0
738.0816340446472,-0.9,0
739.3946261405945,-0.76,0
740.6971921920776,-0.83,0
741.999299287796,-0.86,0
743.3184089660645,-0.9,0
744.6618213653564,-0.9,0
745.9557659626007,-0.9,0
747.2634079456329,-0.83,0
748.5760576725006,2.34,0
749.8811571598053,-2.41,0
751.1723794937134,-13.0,0
752.4892802238464,-13.0,0
753.8008706569672,-7.69,0
755.11181807518,-2.34,0
756.4479286670685,0.48,0
757.7452068328857,-0.03,0
759.06498503685,-0.45,0
760.3629801273346,-0.45,0
761.668773651123,-0.59,0
762.9803068637848,-0.59,0
764.2935180664062,-0.62,0
765.6078176498413,-0.72,0
766.9372320175171,-0.72,0
768.2547345161438,-0.72,0
769.5631854534149,-0.72,0
770.883053779602,-0.76,0
772.1879408359528,-0.79,0
773.4953022003174,-0.79,0
774.8088965415955,-0.9,0
776.1161921024323,-0.86,0
777.4533398151398,-0.9,0
778.7764253616333,-0.83,0
780.0728967189789,-0.76,0
784.680187702179,21.45,1
786.0253779888153,33.79,1
787.4295017719269,60.93,1
788.7755315303802,75.62,1
790.1926214694977,85.83,1
791.6037218570709,91.97,1
793.0147950649261,96.55,1
794.42564868927,98.41,1
795.7684390544891,99.0,1
797.1126620769501,98.69,1
798.5164124965668,98.55,1
799.8612518310547,98.86,1
801.279303073883,98.48,1
802.6809906959534,101.14,1
804.0998659133911,99.38,1
805.4998729228973,99.83,1
806.8542437553406,98.17,1
808.2687177658081,98.93,1
809.6665549278259,98.31,1
811.0180826187134,101.21,1
812.4338872432709,99.86,1
813.7756633758545,97.9,1
815.1848819255829,97.59,1
816.6012463569641,97.45,1
818.0035018920898,97.76,1
819.4080789089203,97.62,1
820.7529911994934,97.66,1
822.1765294075012,98.03,1
823.5916905403137,100.79,1
825.003764629364,101.0,1
826.4054114818573,101.34,1
827.7526867389679,100.97,1
829.1700203418732,100.21,1
830.5821225643158,98.72,1
831.9895391464233,98.07,1
833.39266705513,100.28,1
834.8050751686096,100.28,1
836.2287271022797,99.28,1
837.6405439376831,98.62,1
838.9748492240906,100.14,1
840.3842675685883,100.21,1
841.7970910072327,100.41,1
843.1481099128723,100.45,1
844.5619666576385,100.21,1
845.972897529602,100.03,1
847.380490064621,99.9,1
848.7972910404205,99.79,1
850.2016806602478,100.31,1
851.6171827316284,99.9,1
852.9553372859955,99.83,1
854.3764934539795,99.41,1
855.7075474262238,99.66,1
857.117219209671,99.69,1
858.530800819397,99.86,1
859.9460232257843,99.83,1
861.2942304611206,99.9,1
862.710088968277,99.48,1
864.1114456653595,99.45,1
865.5323512554169,99.69,1
866.946346282959,99.52,1
868.3446800708771,99.83,1
869.6980330944061,100.1,1
871.1018054485321,100.59,1
872.4556846618652,99.79,1
873.866774559021,99.52,1
875.277872800827,102.45,1
876.6888909339905,101.21,1
878.0850632190704,99.86,1
879.5103249549866,99.31,1
880.9240636825562,99.55,1
882.3262403011322,99.21,1
883.67937541008,98.93,1
885.0868761539459,99.52,1
886.424033164978,99.03,1
887.8357214927673,99.1,1
889.2452535629272,99.48,1
890.6699137687683,99.66,1
892.002827167511,99.07,1
893.4165065288544,99.41,1
894.8242707252502,100.03,1
896.2375679016113,99.31,1
897.6574926376343,98.79,1
899.0705134868622,99.72,1
900.4716970920563,99.55,1
901.89342045784,99.55,1
903.2318596839905,99.21,1
904.6529867649078,99.07,1
905.9828605651855,101.83,1
907.394711971283,100.48,1
908.7441210746765,99.45,1
910.1557281017303,99.31,1
911.5630548000336,99.76,1
912.986088514328,99.21,1
914.391028881073,99.14,1
915.8093507289886,99.0,1
917.2204422950745,98.83,1
918.6315424442291,99.66,1
919.9746131896973,99.41,1
921.3866958618164,98.93,1
928.6851449012756,-1.97,0
929.9972264766693,-2.0,0
931.3109681606293,-1.93,0
932.6262798309326,-1.97,0
933.9273092746735,-2.07,0
935.2505505084991,-2.03,0
936.5666410923004,-18.93,0
937.9188787937164,-3.93,0
939.2166721820831,-6.69,0
940.5395879745483,-2.03,0
941.8425884246826,-1.93,0
943.156681060791,-1.45,0
944.4771282672882,0.45,0
945.790225982666,1.45,0
947.124749660492,1.41,0
948.7403745651245,1.55,0
950.0650880336761,1.48,0
