1.1041686534881592,-2.17,0
2.3572821617126465,-2.21,0
3.566401481628418,-2.17,0
4.771582841873169,-2.1,0
9.35231900215149,-2.21,1
10.764203548431396,-2.21,1
12.177884101867676,12.03,1
13.590667963027954,250.72,1
14.994003772735596,288.79,1
16.406869888305664,295.59,1
17.814941883087158,311.86,1
19.157998085021973,91.86,1
20.566887378692627,94.34,1
21.913551092147827,87.72,1
23.322664499282837,86.07,1
24.668493509292603,81.55,1
26.077566862106323,67.69,1
27.491320848464966,76.31,1
28.90249800682068,87.59,1
36.21291899681091,-2.1,0
37.51484560966492,-2.17,0
38.81816267967224,-2.07,0
40.12696290016174,-2.07,0
41.42015218734741,-2.17,0
42.731937646865845,-2.03,0
44.06269025802612,-2.21,0
45.37918543815613,-2.14,0
49.96510934829712,11.14,1
51.36539149284363,15.0,1
52.7869656085968,9.52,1
54.20439624786377,15.69,1
55.616472482681274,20.76,1
56.95569396018982,22.14,1
58.37132382392883,15.79,1
59.78782534599304,19.62,1
61.12048411369324,11.76,1
62.54465079307556,12.28,1
63.94882893562317,11.97,1
65.29687070846558,12.83,1
66.6481249332428,13.21,1
67.98173904418945,13.1,1
69.39313578605652,1.21,1
70.74372792243958,-0.93,1
72.0866904258728,-1.48,1
73.42657923698425,-1.62,1
74.77882361412048,-1.76,1
76.1157021522522,-1.83,1
77.46659302711487,-1.86,1
78.87808227539062,-2.03,1
80.29242038726807,-2.0,1
81.69229865074158,-2.0,1
83.04934501647949,-2.07,1
84.46310758590698,-2.07,1
85.86876034736633,-2.1,1
87.27631568908691,-2.14,1
88.61914420127869,-2.07,1
89.97045040130615,-2.1,1
91.38057470321655,-2.17,1
92.72400760650635,-2.14,1
94.07212519645691,-2.07,1
95.48385286331177,-2.03,1
96.83203887939453,-2.1,1
98.24610042572021,-2.14,1
99.65812158584595,-2.21,1
101.05967140197754,-2.17,1
102.4770667552948,-2.14,1
103.8856430053711,-2.24,1
105.22613048553467,-2.17,1
106.6404242515564,-2.14,1
107.9866292476654,-2.17,1
109.40902805328369,-2.1,1
110.81982946395874,-2.17,1
112.15310788154602,-2.24,1
113.57865357398987,-2.31,1
114.9215669631958,-2.24,1
116.32508444786072,-2.17,1
117.67972254753113,-2.21,1
119.08028221130371,-2.28,1
120.49436855316162,-2.34,1
121.91399216651917,-2.14,1
123.32676577568054,-2.34,1
124.73158812522888,-3.0,1
126.0837550163269,-2.24,1
127.49412608146667,-2.14,1
128.8457338809967,-2.24,1
130.2543580532074,-2.17,1
131.6033525466919,-2.17,1
133.00899744033813,-2.24,1
134.41629028320312,-2.21,1
135.83134722709656,-2.21,1
