1.1046526432037354,-1.93,0
2.3429181575775146,-1.83,0
3.5529844760894775,-1.97,0
4.7620813846588135,-1.93,0
9.354547262191772,162.52,1
10.700112342834473,39.69,1
12.113161087036133,25.52,1
13.52564263343811,23.1,1
14.929803371429443,21.9,1
16.347546339035034,21.48,1
17.748957872390747,23.1,1
19.169169425964355,50.07,1
20.57277226448059,-127.21,1
21.928666353225708,-7.59,1
23.273292541503906,116.83,1
24.67413902282715,35.48,1
26.02777671813965,38.97,1
27.441565990447998,18.34,1
34.74547624588013,-2.79,0
36.03826928138733,-3.45,0
37.348302364349365,-0.76,0
