1.1116507053375244,8.17
2.3433051109313965,8.1
3.5444276332855225,8.1
4.746049165725708,8.1
9.334788084030151,8.21
10.735578298568726,13.83
12.14587926864624,24.17
13.570414066314697,38.72
14.981370210647583,55.38
16.392356157302856,71.72
17.737022638320923,86.17
19.079124212265015,100.9
20.488728523254395,115.76
21.901694536209106,129.66
23.308082580566406,141.66
24.723973989486694,152.07
26.12971782684326,159.9
27.54380774497986,164.79
28.958194494247437,167.66
30.3691303730011,168.07
31.783118963241577,167.0
33.184513568878174,163.86
34.606196880340576,159.45
35.95115399360657,154.28
37.36318302154541,147.72
