1.099311113357544,-1.86,0
2.339965343475342,-1.9,0
3.552839994430542,-1.83,0
4.760699987411499,-1.9,0
5.961493730545044,-1.86,0
10.551215887069702,291.93,1
11.969949722290039,406.41,1
13.380920648574829,388.52,1
14.791670799255371,308.76,1
16.189189195632935,233.69,1
17.536667108535767,177.03,1
18.957223176956177,129.72,1
20.29772925376892,95.66,1
21.69740080833435,67.55,1
23.12123703956604,46.79,1
24.518046855926514,32.9,1
25.93810224533081,24.83,1
27.35422110557556,16.59,1
28.76410174369812,12.55,1
30.18006920814514,9.62,1
31.59002923965454,5.31,1
33.00360345840454,5.28,1
34.40066385269165,3.66,1
35.815497398376465,6.52,1
37.23358774185181,6.21,1
38.577455282211304,6.72,1
39.92015337944031,7.34,1
41.25897574424744,7.28,1
42.60644602775574,9.34,1
44.00802493095398,9.21,1
45.42353940010071,9.24,1
46.825886249542236,10.03,1
48.23909568786621,10.03,1
49.65351319313049,9.21,1
51.06175184249878,8.38,1
52.48050022125244,9.28,1
53.89154624938965,8.62,1
55.30124354362488,9.72,1
56.65162706375122,8.97,1
58.062455892562866,11.0,1
59.473989725112915,10.97,1
60.88824987411499,10.55,1
62.29092597961426,9.72,1
63.71256613731384,9.59,1
65.05440616607666,10.1,1
66.4652931690216,10.21,1
67.87549543380737,9.59,1
69.20837140083313,8.76,1
70.62251734733582,9.55,1
71.96341180801392,8.28,1
73.31342053413391,7.83,1
74.71584391593933,8.31,1
76.13099813461304,7.86,1
77.53634023666382,9.34,1
78.95733976364136,10.62,1
80.3664870262146,11.17,1
81.77656435966492,11.21,1
83.19601678848267,10.76,1
84.60131096839905,10.41,1
86.0082197189331,9.86,1
87.42723536491394,11.41,1
88.83986258506775,10.55,1
90.24543571472168,10.21,1
91.65239095687866,9.52,1
93.06292533874512,10.0,1
94.48025488853455,10.31,1
95.8990113735199,9.79,1
97.30867004394531,9.62,1
98.70828199386597,8.66,1
100.13034248352051,9.48,1
107.49563193321228,-1.38,0
108.81899809837341,-1.52,0
110.1337502002716,-1.59,0
111.44369578361511,-1.72,0
112.7501471042633,-1.66,0
114.0585343837738,-1.62,0
115.38130140304565,-1.72,0
116.73654961585999,-1.66,0
121.33937549591064,-0.72,1
122.74716138839722,-1.28,1
124.16818261146545,-1.38,1
125.57134222984314,-1.1,1
126.98697710037231,-1.1,1
128.39848613739014,-0.28,1
129.81507420539856,0.69,1
131.22756266593933,1.83,1
132.64461970329285,2.79,1
134.0457570552826,7.34,1
135.45597648620605,5.38,1
136.8804485797882,8.07,1
138.2848663330078,8.0,1
139.69824647903442,7.0,1
141.10346484184265,9.86,1
142.51867747306824,8.79,1
143.9309012889862,8.1,1
145.3446593284607,11.17,1
146.7519178390503,12.31,1
148.15842628479004,12.48,1
149.5733916759491,11.79,1
150.9876687526703,11.28,1
152.40264415740967,9.14,1
153.81512784957886,10.0,1
155.23097968101501,9.34,1
156.64117813110352,9.31,1
