1.1003220081329346,-1.97,0
2.354735851287842,-1.97,0
3.566697359085083,-1.9,0
4.771796941757202,-1.97,0
9.339723110198975,167.31,1
10.755330801010132,42.07,1
12.173811912536621,25.62,1
13.578435182571411,21.86,1
14.997000932693481,21.1,1
16.4140944480896,20.76,1
17.760982036590576,20.62,1
19.170930862426758,20.55,1
20.574549198150635,20.31,1
21.923747301101685,20.14,1
23.34341263771057,20.0,1
24.742549896240234,19.31,1
26.099589347839355,19.38,1
27.51345992088318,20.31,1
34.79611587524414,-2.66,0
36.11685299873352,-1.93,0
37.4161057472229,-3.38,0
38.719659090042114,-2.69,0
40.02685809135437,-2.69,0
41.33474135398865,-2.66,0
42.649728536605835,-2.07,0
43.983359575271606,-2.21,0
48.579824924468994,150.97,1
49.91900897026062,39.03,1
51.337122201919556,24.86,1
52.74454307556152,22.07,1
54.16129660606384,21.31,1
55.5630738735199,21.03,1
56.975088119506836,20.69,1
58.39718055725098,20.28,1
59.803048610687256,20.38,1
61.22099804878235,20.07,1
62.63692593574524,20.97,1
64.04010391235352,20.03,1
65.46135091781616,19.9,1
66.80092239379883,19.62,1
68.2170250415802,19.72,1
69.55796909332275,19.93,1
70.97311854362488,18.72,1
72.32135343551636,18.93,1
73.73526787757874,19.59,1
75.08047604560852,19.52,1
76.48263120651245,19.07,1
77.89182758331299,18.93,1
79.30969142913818,19.38,1
80.64921641349792,19.52,1
82.06753468513489,19.38,1
83.48062562942505,19.34,1
84.9019787311554,20.03,1
86.30177903175354,19.55,1
87.65302562713623,19.41,1
89.06940388679504,15.55,1
90.40943670272827,19.45,1
91.76205849647522,19.31,1
93.17368960380554,19.55,1
94.57916259765625,19.52,1
95.99928712844849,19.45,1
97.40112161636353,19.34,1
98.81917786598206,19.41,1
100.23426151275635,19.48,1
101.64851975440979,19.62,1
103.04968309402466,19.41,1
104.46482825279236,19.31,1
105.88381767272949,19.34,1
107.29577422142029,19.45,1
108.71318793296814,19.38,1
110.12176990509033,19.41,1
111.5404167175293,19.34,1
112.94125723838806,18.59,1
114.36064743995667,18.59,1
115.76147222518921,18.62,1
117.17557859420776,-959.14,1
118.59023070335388,-27.03,1
120.01115465164185,-5.52,1
121.42823314666748,-3.48,1
122.83731603622437,-3.0,1
124.25460314750671,-2.66,1
125.65637636184692,-2.52,1
127.0683605670929,-2.45,1
128.4867660999298,-2.45,1
129.89046216011047,-2.28,1
131.30836272239685,-2.24,1
132.72793865203857,-2.34,1
134.13055038452148,-2.21,1
135.5473301410675,-2.14,1
136.89401125907898,-2.14,1
138.30927991867065,-2.14,1
139.7257936000824,-2.17,1
141.12794184684753,-2.1,1
142.54012036323547,-2.14,1
143.9539816379547,-2.03,1
145.37121105194092,-2.07,1
146.78684210777283,-2.07,1
148.1880431175232,-2.0,1
149.60877442359924,-2.03,1
151.02922177314758,-2.0,1
152.4340102672577,-2.03,1
153.8467013835907,-2.0,1
155.26781678199768,-1.97,1
156.6691427230835,-2.0,1
158.08575534820557,-2.0,1
159.5038275718689,-2.0,1
160.9079828262329,-1.9,1
162.32391810417175,-1.97,1
163.74164032936096,-1.97,1
165.08050560951233,-1.86,1
166.417316198349,-2.0,1
167.8300838470459,-2.03,1
169.18493556976318,-1.93,1
170.51849102973938,-2.0,1
171.8742916584015,-1.97,1
173.2130069732666,-1.9,1
174.63137865066528,-2.0,1
176.04464077949524,-1.93,1
177.44590091705322,-1.97,1
178.7969753742218,-1.93,1
180.13295674324036,-2.0,1
181.48780417442322,-1.93,1
182.89081192016602,-1.83,1
184.31184220314026,-1.97,1
185.72923946380615,-2.0,1
187.13786697387695,-1.97,1
188.54705452919006,-1.97,1
