1.115060567855835,-1.93,0
2.3551807403564453,-1.93,0
3.5732197761535645,-2.0,0
4.777643203735352,-2.1,0
9.361192464828491,0.14,1
10.774284839630127,0.07,1
12.177953958511353,0.1,1
13.594594240188599,0.24,1
14.997341632843018,0.21,1
16.421523094177246,0.34,1
17.76006579399109,0.31,1
19.17893934249878,0.17,1
20.52217936515808,0.31,1
21.93921995162964,0.28,1
23.274011611938477,0.34,1
24.614054441452026,0.41,1
25.967660665512085,0.52,1
27.3803493976593,0.41,1
28.71713089942932,0.45,1
30.135146379470825,0.31,1
31.553134202957153,0.38,1
32.95591878890991,0.38,1
34.3075156211853,0.38,1
35.70971059799194,0.38,1
37.12730121612549,0.41,1
38.54256820678711,0.41,1
39.957310914993286,0.45,1
41.29562950134277,0.34,1
42.65039563179016,0.52,1
43.991857290267944,0.41,1
45.409982681274414,0.48,1
46.82004237174988,0.41,1
48.23788833618164,0.38,1
49.64687395095825,0.45,1
51.06228470802307,0.45,1
52.4663188457489,0.45,1
53.88226914405823,0.38,1
55.28372383117676,0.48,1
56.70888614654541,0.45,1
58.11118960380554,0.38,1
59.53069043159485,0.38,1
60.947375774383545,0.45,1
62.35959458351135,0.41,1
63.76148080825806,0.38,1
65.11720871925354,0.48,1
66.45574760437012,0.52,1
67.79540991783142,0.55,1
69.21588182449341,0.45,1
70.56399011611938,0.45,1
71.96586585044861,0.38,1
73.32068490982056,0.48,1
74.66079139709473,0.48,1
76.00051736831665,0.45,1
77.41752171516418,0.34,1
78.75593638420105,0.38,1
80.17445826530457,0.45,1
81.59287023544312,0.59,1
82.99664354324341,0.38,1
84.34835004806519,0.55,1
85.69552183151245,0.38,1
87.03268432617188,0.45,1
88.3697407245636,0.48,1
89.72558617591858,0.38,1
91.13200688362122,0.31,1
92.54654669761658,0.38,1
93.96518754959106,0.48,1
95.37359023094177,0.52,1
96.77902293205261,0.34,1
98.13294792175293,0.41,1
99.53462028503418,0.48,1
100.89019823074341,0.59,1
102.29112982749939,0.55,1
103.64619708061218,0.62,1
105.06148076057434,0.52,1
106.39889574050903,0.62,1
107.81647491455078,0.52,1
109.22046661376953,0.52,1
110.62769317626953,0.45,1
112.04359269142151,0.48,1
113.46343278884888,0.55,1
114.88055491447449,0.48,1
116.28126120567322,0.48,1
117.70360255241394,0.45,1
119.11789989471436,0.38,1
120.52116274833679,0.62,1
121.93083882331848,0.66,1
123.35183811187744,0.59,1
124.75348830223083,0.52,1
126.17364382743835,0.34,1
127.5899441242218,0.66,1
128.93273639678955,0.38,1
130.3472774028778,0.52,1
131.6824140548706,0.55,1
133.1001079082489,0.48,1
134.44704341888428,0.72,1
135.793030500412,0.45,1
137.13303637504578,0.41,1
138.55273699760437,0.55,1
139.95889925956726,0.41,1
141.37935638427734,0.55,1
142.78171753883362,0.48,1
144.19756150245667,0.38,1
145.60934257507324,0.55,1
147.02445363998413,0.55,1
148.4388496875763,0.59,1
149.8513674736023,0.45,1
151.26640248298645,0.24,1
152.67147064208984,0.24,1
154.0806953907013,0.1,1
155.49361276626587,0.0,1
156.91782116889954,0.0,1
158.33341789245605,-0.07,1
159.73693871498108,0.03,1
161.0770308971405,0.1,1
162.4337089061737,0.0,1
163.7709059715271,-0.1,1
165.10907363891602,-0.07,1
166.52649521827698,-0.1,1
167.86489868164062,-0.1,1
169.21885514259338,-0.14,1
170.55642175674438,-0.1,1
171.89518427848816,-0.07,1
173.3175754547119,-0.17,1
174.66120314598083,-0.14,1
175.9993531703949,-0.14,1
177.3532829284668,-0.07,1
178.75423073768616,-0.21,1
180.10935831069946,-0.17,1
181.5178792476654,-0.14,1
182.93633842468262,-0.17,1
184.27665400505066,-0.14,1
185.61426544189453,-0.03,1
186.96793127059937,-0.07,1
188.3069257736206,-0.14,1
189.6431200504303,-0.07,1
191.06302404403687,-0.1,1
192.41602754592896,-0.14,1
193.75665974617004,-0.17,1
195.0942747592926,0.0,1
196.50378227233887,-0.07,1
197.85697269439697,-0.03,1
199.26093673706055,-0.17,1
200.6161470413208,0.0,1
202.02660369873047,-0.07,1
203.36659407615662,-0.1,1
204.70532846450806,0.0,1
206.051203250885,0.0,1
207.4063732624054,0.0,1
208.7439091205597,0.0,1
210.15880036354065,0.0,1
211.50476956367493,-0.07,1
212.91978764533997,0.0,1
214.2594120502472,0.03,1
215.6746428012848,0.07,1
217.0143437385559,-0.1,1
218.35623717308044,0.07,1
219.69934821128845,0.0,1
221.1095254421234,0.07,1
222.4646213054657,0.07,1
223.8683578968048,0.0,1
225.2193648815155,0.07,1
226.55810356140137,0.07,1
227.89772987365723,0.0,1
229.2530403137207,0.07,1
230.66601729393005,0.0,1
232.06604647636414,0.1,1
233.48795819282532,-0.03,1
234.8340241909027,0.1,1
236.18340849876404,0.0,1
237.5836317539215,0.07,1
238.93928575515747,0.03,1
240.35117888450623,0.1,1
241.75541806221008,0.0,1
243.10883736610413,0.07,1
244.51497387886047,0.1,1
245.93180322647095,0.17,1
247.3330535888672,0.03,1
248.75002479553223,0.14,1
250.1625201702118,0.14,1
251.58285450935364,0.14,1
252.99796986579895,0.17,1
254.4053840637207,0.07,1
255.82097601890564,0.17,1
257.16028881073,0.14,1
258.5008478164673,0.14,1
259.9163053035736,0.24,1
261.3273048400879,0.1,1
262.7436246871948,0.21,1
264.1611416339874,0.07,1
265.57524275779724,0.14,1
266.97572016716003,0.14,1
268.3918695449829,0.21,1
269.80993270874023,0.07,1
271.22247338294983,0.17,1
272.62767791748047,0.07,1
273.9818105697632,0.14,1
275.32024359703064,0.14,1
276.7369632720947,0.21,1
278.1379625797272,0.17,1
279.557785987854,0.24,1
280.9735519886017,0.24,1
282.3879237174988,0.21,1
283.78823685646057,0.1,1
285.20459175109863,0.21,1
286.5516288280487,0.28,1
287.97049021720886,0.24,1
289.3849723339081,0.38,1
290.79834604263306,0.31,1
292.2038815021515,0.34,1
293.6232225894928,0.24,1
295.02989387512207,0.24,1
296.4480278491974,0.24,1
297.84833908081055,0.28,1
299.2654914855957,0.28,1
300.68288254737854,0.24,1
302.0872025489807,0.31,1
303.5071487426758,0.21,1
304.9110150337219,0.31,1
306.331303358078,0.21,1
307.74669885635376,0.17,1
309.1497917175293,0.17,1
310.57487297058105,0.24,1
311.98792243003845,0.24,1
313.4026424884796,0.31,1
314.8136432170868,0.21,1
316.15629029273987,0.17,1
317.5623607635498,0.28,1
318.9809923171997,0.17,1
320.38218998908997,0.14,1
321.79922890663147,0.28,1
