1.1077830791473389,5.48
2.319939374923706,5.34
3.5590665340423584,5.48
4.762175559997559,5.31
5.974215745925903,5.45
7.1812543869018555,5.45
8.3872971534729,5.38
12.967453479766846,14.21
14.380412578582764,21.24
15.794238805770874,23.1
17.206578731536865,23.45
18.6111102104187,23.72
20.024885654449463,23.79
21.443176984786987,23.69
22.778878688812256,23.48
24.194132089614868,23.72
25.608071088790894,23.59
27.016255617141724,23.52
28.430015087127686,23.83
29.84488868713379,23.48
31.25286555290222,23.31
32.67406916618347,23.34
34.01332974433899,23.45
35.430224895477295,23.17
36.8422155380249,23.07
38.239933252334595,23.21
39.597291707992554,23.17
40.994853019714355,24.31
42.41858458518982,23.69
43.8310022354126,23.28
45.24357748031616,23.38
46.64827513694763,23.1
48.06852650642395,23.07
49.47601628303528,23.17
50.89094853401184,23.1
52.30346417427063,22.97
53.713364124298096,23.03
55.11654210090637,23.07
56.537211656570435,23.21
57.940239667892456,23.14
59.361406087875366,24.31
60.769280195236206,24.34
62.17734503746033,23.86
63.588212728500366,23.41
64.99574303627014,22.83
66.34161710739136,23.34
67.68905806541443,23.79
69.10010027885437,23.76
70.51643538475037,23.34
71.92697262763977,22.79
73.26663422584534,22.97
74.68271017074585,24.03
76.02613663673401,24.14
77.4382655620575,23.55
78.83914852142334,23.14
80.25469923019409,23.45
81.66790986061096,23.21
83.0782458782196,22.86
84.49720907211304,22.83
85.90452551841736,22.69
87.32159042358398,22.72
88.7206199169159,22.93
90.14320015907288,23.59
91.55291056632996,24.24
92.95390152931213,23.69
94.37734127044678,23.34
95.77525544166565,22.72
97.18710732460022,22.93
98.6124746799469,22.76
100.01114058494568,22.76
101.43199872970581,22.83
102.85093641281128,22.76
104.25027823448181,22.66
105.67004585266113,24.07
107.08090782165527,23.72
108.48940372467041,23.41
109.89421272277832,22.83
111.3091721534729,23.24
112.65932488441467,23.34
114.0661952495575,25.28
115.47483944892883,24.93
116.89026427268982,24.52
118.22949981689453,24.07
119.6483826637268,24.21
121.0533766746521,23.76
122.46493601799011,25.28
123.88751292228699,24.76
125.29493927955627,24.24
126.70680093765259,24.0
128.10554242134094,24.28
129.46325612068176,23.86
130.87332844734192,23.9
132.2764151096344,23.72
133.70046830177307,23.9
135.03898072242737,25.28
136.446213722229,24.93
137.86112332344055,24.45
139.27250742912292,24.0
140.6841139793396,24.38
142.09101581573486,23.93
143.44650220870972,23.83
144.85966157913208,23.72
146.27053022384644,23.76
147.67922639846802,23.69
149.08786249160767,23.69
150.50816130638123,23.66
151.9094021320343,23.66
153.32735919952393,23.72
154.73371076583862,25.28
156.1530363559723,24.76
157.55828213691711,24.28
158.96465635299683,23.86
160.3772156238556,23.97
161.71697115898132,23.72
163.0731704235077,23.69
164.4715292453766,23.72
165.8200559616089,23.62
167.23381280899048,23.97
