3.1114261150360107,4.72
6.352827072143555,4.72
9.57003664970398,4.66
12.785052299499512,4.66
19.37562370300293,202.93
22.91602110862732,217.97
26.464823722839355,218.48
30.023926258087158,189.86
33.56316637992859,154.72
37.117353200912476,126.66
40.594419956207275,108.62
44.137025117874146,94.17
47.618025064468384,82.28
51.180137634277344,70.9
54.73126149177551,61.24
58.2693190574646,54.52
61.81269979476929,49.55
65.35926675796509,44.79
68.84485459327698,42.03
72.33386325836182,40.1
75.88267183303833,38.28
79.4266905784607,35.9
82.98456144332886,34.76
86.52659916877747,33.76
90.0773115158081,32.76
93.61920118331909,32.0
97.17972922325134,31.03
100.71963596343994,30.34
104.2723069190979,29.52
107.81935739517212,28.66
