1.109677791595459,-2.1,0
2.359034776687622,-2.14,0
3.5592339038848877,-2.14,0
4.7651472091674805,-2.1,0
9.353282690048218,-2.14,1
10.696306467056274,-2.21,1
12.109362602233887,-2.07,1
13.512681245803833,-2.1,1
14.925859451293945,-2.1,1
16.338809490203857,-2.14,1
17.685668230056763,-2.14,1
19.02469491958618,-2.21,1
20.373908758163452,-2.14,1
21.79179573059082,-2.07,1
23.203027486801147,-2.21,1
24.616522789001465,-2.21,1
25.95279335975647,-2.07,1
27.37572169303894,-2.07,1
28.788283109664917,-2.21,1
30.201075792312622,-2.41,1
31.614806652069092,-2.17,1
33.027960538864136,-2.21,1
34.42724943161011,-2.17,1
35.846023082733154,-2.21,1
37.185983419418335,-2.24,1
38.61013317108154,-2.14,1
39.94402074813843,-2.14,1
41.35615587234497,-2.14,1
42.766732692718506,-2.07,1
44.1870903968811,-2.21,1
45.60215353965759,-2.14,1
47.00665616989136,-2.1,1
48.41994309425354,-2.17,1
49.83925747871399,-2.14,1
51.25353932380676,-2.07,1
52.66683292388916,-2.1,1
54.080559492111206,-2.14,1
55.49319791793823,-2.14,1
56.90524172782898,-2.1,1
58.31203818321228,-2.17,1
59.72835564613342,-2.1,1
61.13667035102844,-2.14,1
62.54631686210632,-2.07,1
63.96902680397034,-2.28,1
65.30667972564697,-2.14,1
66.65221214294434,-2.1,1
67.99396777153015,-2.14,1
69.3474645614624,-2.21,1
70.74873423576355,-2.07,1
72.09307217597961,-2.14,1
73.43865132331848,-2.17,1
74.78756546974182,-2.21,1
76.13352108001709,-2.17,1
77.4665699005127,-2.07,1
78.87989258766174,-2.14,1
80.22376608848572,-2.14,1
81.64628791809082,-2.21,1
82.98987984657288,-2.14,1
84.33558440208435,-2.1,1
85.73578810691833,-2.14,1
87.16352915763855,-2.21,1
88.57757329940796,-2.21,1
89.90972638130188,-2.17,1
91.329758644104,-2.1,1
92.73480153083801,-2.17,1
94.08885073661804,-2.14,1
95.42143058776855,-2.24,1
96.8334903717041,-2.21,1
98.25885009765625,-2.14,1
99.66910195350647,-2.21,1
101.08194041252136,-2.14,1
102.49187898635864,-2.14,1
103.84042119979858,-2.17,1
105.25372171401978,-2.24,1
106.66338038444519,-2.1,1
108.07971000671387,-2.1,1
109.49464464187622,-2.21,1
110.90466213226318,-2.21,1
112.31471014022827,-2.21,1
113.72224807739258,-2.14,1
115.13799023628235,-2.17,1
116.55027484893799,-2.14,1
117.97011971473694,-2.14,1
119.37890481948853,-2.1,1
120.79552102088928,-2.1,1
122.2080647945404,-2.07,1
123.61153721809387,-2.14,1
125.02575182914734,-2.17,1
126.43349099159241,-2.07,1
127.85772490501404,-2.14,1
129.26540684700012,-2.1,1
130.68009495735168,-2.21,1
132.0839524269104,-2.21,1
133.50619864463806,-2.17,1
134.9181137084961,-2.17,1
136.32298755645752,-2.21,1
137.7442865371704,-2.14,1
