787.3236439228058,1.9
788.5174767971039,1.97
789.7285130023956,1.9
790.9325578212738,1.97
792.1353271007538,1.93
793.3914263248444,1.9
794.5963778495789,1.93
795.8038132190704,2.0
797.0086116790771,1.97
798.219113111496,2.0
799.4238359928131,1.97
800.633145570755,1.97
801.8901302814484,1.86
803.0951292514801,1.93
804.3031260967255,1.97
805.5091962814331,1.9
806.7171070575714,1.97
807.9279606342316,1.93
809.1381342411041,1.93
810.3454282283783,1.97
811.6147222518921,1.93
812.8215396404266,2.0
814.037435054779,1.97
815.2418689727783,1.97
816.4586892127991,1.9
817.6577398777008,1.93
818.867116689682,1.9
820.0641567707062,1.97
821.3188545703888,1.93
822.5189719200134,1.93
823.7309401035309,1.9
824.9562964439392,1.97
826.1557261943817,1.9
827.3637323379517,2.0
828.5836019515991,1.93
829.7928109169006,1.93
831.025064945221,1.93
832.2489247322083,1.93
833.461626291275,1.93
834.6672413349152,1.93
835.8780469894409,1.93
837.0859894752502,1.9
