1.103088617324829,-1.83,0
2.3510658740997314,-1.79,0
3.562422037124634,-1.9,0
4.77075457572937,-1.97,0
9.367635250091553,-2.52,1
10.780672550201416,-2.28,1
12.18671202659607,-1.97,1
13.604694604873657,-1.93,1
15.019320726394653,-1.93,1
16.421858549118042,-1.86,1
17.84097909927368,-1.93,1
19.244227647781372,-1.62,1
20.667880296707153,-1.66,1
22.08108377456665,-1.59,1
23.494606971740723,-1.72,1
24.89417552947998,-1.45,1
26.315488576889038,-1.79,1
27.72603702545166,-1.69,1
29.143526077270508,-1.41,1
30.557067394256592,-0.52,1
31.957874059677124,-0.1,1
33.30152654647827,-1.1,1
34.72454881668091,-1.07,1
36.07025122642517,-0.69,1
37.40706944465637,0.24,1
38.82866024971008,-0.17,1
40.229015588760376,-0.34,1
41.58435368537903,0.55,1
42.928332567214966,0.31,1
44.266642570495605,-0.45,1
45.672250509262085,-0.07,1
47.03040146827698,-0.03,1
48.435489892959595,-0.14,1
49.85232424736023,0.83,1
51.2559974193573,-0.41,1
52.67318272590637,0.76,1
54.090620279312134,0.38,1
55.507810831069946,0.69,1
56.91038990020752,-0.03,1
58.319467306137085,0.28,1
59.738035678863525,-0.1,1
61.15333294868469,-0.9,1
62.55679965019226,-0.66,1
63.97746133804321,0.1,1
65.32440495491028,0.41,1
66.66604614257812,-0.28,1
68.07466006278992,-0.62,1
69.48368716239929,-0.45,1
70.8997220993042,0.28,1
72.3153920173645,0.21,1
73.66092324256897,-0.28,1
75.07060956954956,-0.86,1
76.49099135398865,0.79,1
77.89513897895813,-0.66,1
79.2505533695221,-0.52,1
80.65230965614319,0.69,1
82.07429695129395,2.31,1
83.4912896156311,0.52,1
84.90130519866943,-0.34,1
86.24082899093628,1.93,1
87.58651542663574,1.69,1
89.00093579292297,-0.66,1
90.40505886077881,-1.31,1
91.82444334030151,-1.28,1
93.22752261161804,-1.07,1
94.5854241847992,3.21,1
95.98864650726318,-0.31,1
97.40700697898865,0.1,1
98.8171865940094,-0.34,1
100.23589134216309,-0.66,1
101.63758850097656,-0.14,1
103.05664539337158,-0.45,1
104.47299885749817,-0.31,1
105.87925577163696,-0.79,1
107.29712557792664,-1.07,1
108.69967722892761,-0.41,1
110.1213493347168,1.86,1
111.53501009941101,2.24,1
112.95152497291565,-0.31,1
114.35404014587402,2.38,1
115.77308297157288,0.1,1
117.17822623252869,2.07,1
118.59987568855286,-0.41,1
120.00478625297546,1.55,1
121.42264914512634,-0.62,1
122.83791947364807,-1.17,1
124.24041628837585,0.0,1
125.65805387496948,-0.9,1
127.0766909122467,1.17,1
128.4904887676239,0.21,1
129.89162969589233,-0.24,1
131.30852484703064,1.34,1
132.7265818119049,-1.07,1
134.12981295585632,-1.17,1
135.5531713962555,-0.72,1
136.95577478408813,0.17,1
138.37736678123474,-1.24,1
139.78584384918213,6.93,1
141.2044551372528,-0.86,1
142.6049301624298,-1.24,1
144.03025197982788,-1.17,1
145.44305181503296,1.86,1
146.85512733459473,-0.93,1
148.2693088054657,-0.9,1
149.6795129776001,-1.1,1
151.09558963775635,5.24,1
152.50446438789368,2.0,1
153.91353392601013,1.52,1
155.31632256507874,-0.9,1
156.73715472221375,-1.17,1
158.1509494781494,-1.45,1
159.5688762664795,-1.48,1
160.97034454345703,-1.66,1
162.32755327224731,-1.62,1
163.73077011108398,-1.59,1
165.14871859550476,-1.31,1
166.55771803855896,-0.24,1
167.97666120529175,0.03,1
169.37946772575378,-0.31,1
