1.1076178550720215,0.17,0
2.338069200515747,0.1,0
3.5445995330810547,0.21,0
4.741638898849487,0.1,0
5.935459613800049,0.07,0
7.14059591293335,0.1,0
8.3558669090271,0.17,0
12.949392318725586,14.38,1
14.36244797706604,16.31,1
15.775110960006714,37.0,1
17.181360960006714,36.38,1
18.59908413887024,46.28,1
19.93950581550598,42.24,1
21.35663151741028,46.48,1
22.691197633743286,44.62,1
24.03641700744629,48.79,1
25.38651204109192,57.79,1
26.787540197372437,48.97,1
28.133304357528687,49.31,1
29.548893451690674,62.55,1
30.963215589523315,55.97,1
32.36380887031555,51.24,1
33.70906400680542,46.41,1
35.12502193450928,48.41,1
36.54053807258606,46.62,1
37.9509961605072,41.48,1
39.35624027252197,45.07,1
40.76502823829651,46.62,1
42.12116456031799,46.79,1
43.519530296325684,47.72,1
44.945510387420654,47.03,1
46.35913705825806,52.07,1
47.68763542175293,48.97,1
49.10743737220764,47.93,1
50.521132707595825,47.9,1
51.93346691131592,51.52,1
53.34762263298035,53.03,1
54.749154806137085,53.86,1
56.099034786224365,51.34,1
57.50091218948364,53.28,1
58.92280602455139,51.34,1
60.325247287750244,54.76,1
61.735177755355835,46.28,1
63.150750160217285,38.52,1
64.55834889411926,51.03,1
65.9750463962555,50.03,1
67.39603924751282,39.14,1
68.73846912384033,50.0,1
70.14859056472778,44.45,1
71.55794143676758,45.69,1
72.90303444862366,59.93,1
74.24985671043396,54.14,1
75.66128969192505,46.59,1
77.0734212398529,48.52,1
84.39833807945251,-0.41,0
