1.1089730262756348,-1.31
2.3131701946258545,-1.28
3.554715871810913,-1.24
4.765123128890991,-1.34
5.973214626312256,-1.28
7.186181545257568,-1.38
11.748089075088501,5.55
13.171405553817749,26.93
14.584131717681885,54.55
15.998116493225098,68.17
17.339354038238525,75.28
18.675376653671265,82.03
20.021162271499634,94.62
21.366031408309937,105.97
22.708054065704346,122.93
24.05436086654663,122.21
25.452741384506226,113.31
26.878055572509766,122.1
28.291227340698242,123.24
29.690241813659668,107.38
31.10196352005005,99.83
32.52513027191162,101.24
33.93729305267334,122.55
35.33560228347778,121.72
36.74935531616211,122.34
38.159570932388306,121.97
39.57338881492615,105.93
40.99401521682739,105.38
42.33350372314453,93.1
43.674314975738525,100.38
45.08298921585083,101.45
46.43518304824829,112.48
47.84586477279663,105.0
49.246888875961304,116.14
50.59921145439148,113.97
52.00690841674805,120.55
53.418925285339355,120.97
54.76778435707092,114.52
56.171173095703125,109.69
57.58919095993042,111.31
59.00235867500305,115.66
60.40757751464844,116.93
61.81703782081604,117.31
63.229416608810425,104.45
64.6431679725647,126.45
65.99393248558044,107.83
67.40688395500183,95.48
68.74477243423462,96.21
70.16056418418884,115.0
71.572829246521,112.79
72.91313624382019,115.0
74.25181341171265,113.03
75.66661620140076,116.24
77.00881338119507,111.24
78.41772890090942,98.03
79.83319640159607,110.93
81.24254560470581,106.34
82.65432810783386,104.17
84.06483793258667,113.24
85.47670006752014,110.24
86.82418131828308,111.86
88.23252296447754,101.9
89.64500427246094,106.21
90.99133634567261,102.21
92.38877725601196,107.0
93.74371194839478,125.62
95.08675193786621,116.03
96.49824142456055,130.14
97.91115283966064,107.17
99.31325721740723,118.48
100.73035621643066,127.62
102.1453800201416,106.79
103.56126427650452,124.69
104.96440148353577,115.41
106.37891960144043,110.62
107.72780013084412,112.55
109.13652729988098,105.79
110.54571747779846,125.86
111.95693254470825,106.79
113.36983966827393,109.28
114.77873373031616,101.59
116.18627095222473,99.55
117.59867238998413,98.66
119.01553511619568,117.0
120.42920184135437,101.59
121.82764840126038,104.28
123.2402651309967,108.76
124.65885996818542,104.17
126.06865453720093,106.1
127.42001676559448,108.93
128.82989645004272,101.52
130.16989970207214,109.97
131.58548283576965,113.03
133.00010800361633,114.76
134.404629945755,109.48
135.81613898277283,109.93
137.23005962371826,119.55
138.6412386894226,115.48
140.0517861843109,115.21
141.46129155158997,109.52
142.8733353614807,112.28
144.27617239952087,113.24
145.70142674446106,124.38
147.1143515110016,117.1
148.51259922981262,115.38
149.92496752738953,114.21
151.35149693489075,106.86
152.76213121414185,127.0
154.16284251213074,109.17
155.57572174072266,109.76
156.9953682422638,107.93
158.3984386920929,121.03
159.81708550453186,114.14
161.15873074531555,113.55
162.56392526626587,103.24
163.91353511810303,106.69
165.2555615901947,113.24
166.6021568775177,109.52
168.00589561462402,103.17
169.35619378089905,111.76
170.69726014137268,113.52
172.10497784614563,107.52
173.51391077041626,106.72
174.92672109603882,113.38
176.27782917022705,107.28
177.61981534957886,110.76
178.9620862007141,103.03
180.36353373527527,98.34
181.71574187278748,113.28
183.12825775146484,112.66
184.4771111011505,105.72
185.87346506118774,109.17
187.2885138988495,109.52
188.64136934280396,101.72
190.05310320854187,110.0
191.45393466949463,109.72
192.86886048316956,115.59
194.27802062034607,109.03
195.6863067150116,107.79
197.04143166542053,119.59
198.3826870918274,104.59
199.72339725494385,108.72
201.1330497264862,108.07
202.54198265075684,125.76
203.94926285743713,112.52
205.3021867275238,112.28
206.64910769462585,106.59
207.98969745635986,107.28
209.334787607193,121.21
210.6777024269104,109.03
212.08291482925415,104.48
213.4966356754303,107.55
214.90837168693542,106.52
216.32724356651306,110.69
217.7349271774292,122.62
219.14728999137878,124.41
220.56255865097046,116.52
221.96619367599487,109.79
223.36989784240723,106.0
224.78279876708984,106.97
226.1971685886383,102.66
227.61372256278992,120.62
229.0264663696289,114.79
230.4297914505005,106.55
231.84309887886047,103.97
233.25695180892944,112.41
234.66801500320435,110.79
236.08095002174377,109.0
237.49086451530457,124.93
238.90793013572693,111.69
240.31914496421814,118.69
241.72666549682617,125.31
243.13610076904297,116.17
244.55749440193176,105.72
245.96457958221436,115.1
247.37740921974182,110.76
248.79288983345032,112.14
250.13457560539246,109.79
251.53496837615967,109.07
252.88748455047607,112.72
254.29411220550537,103.48
255.7165219783783,101.03
257.1135673522949,106.97
258.52987265586853,117.79
259.9484450817108,124.62
261.344455242157,110.38
262.7694399356842,105.97
264.11568903923035,124.76
265.52536177635193,109.24
266.9378139972687,110.86
268.338365316391,121.07
269.7521526813507,112.28
271.16514348983765,112.55
272.57652473449707,109.48
273.98595333099365,107.93
275.39642238616943,111.03
276.8078627586365,112.0
278.2230591773987,111.0
279.63355803489685,123.79
280.9822075366974,111.48
282.37970662117004,109.14
283.79132628440857,105.28
285.20458126068115,107.76
286.6179482936859,109.07
288.0347728729248,110.62
289.4476828575134,103.72
290.86513113975525,100.86
292.27602553367615,107.66
293.6771821975708,119.28
295.0879759788513,109.31
296.50033807754517,117.34
297.910649061203,114.86
299.3252079486847,128.21
300.74113512039185,114.34
302.15282440185547,111.48
303.5613877773285,112.31
304.9747841358185,101.0
306.3888370990753,105.97
307.8048167228699,107.76
309.21695041656494,107.48
310.62631011009216,105.97
312.0392904281616,101.55
313.4490668773651,110.59
314.86051058769226,101.93
316.2639865875244,107.24
317.6850411891937,102.41
319.09775733947754,108.38
320.4386193752289,110.14
321.7821137905121,111.45
323.1815884113312,103.48
324.59566617012024,109.0
325.9499571323395,109.38
327.35580825805664,121.0
328.7009081840515,113.86
330.1170303821564,103.97
331.4581787586212,100.76
332.8677570819855,106.24
334.2689096927643,123.0
335.6789207458496,119.24
337.10317516326904,120.28
338.5155460834503,127.62
339.85910987854004,114.79
341.26144218444824,113.69
342.6731834411621,111.0
344.0863878726959,109.17
345.5015199184418,104.24
346.9041874408722,110.38
348.2553040981293,111.48
349.6701908111572,113.03
351.06834864616394,103.31
352.48189783096313,117.21
353.8923935890198,123.31
355.31017541885376,117.1
356.7230622768402,110.17
358.13788771629333,105.97
359.47927927970886,109.21
360.89033126831055,105.97
362.2360751628876,107.59
363.6378083229065,111.1
365.04940032958984,127.03
366.4633238315582,118.9
367.81312704086304,111.45
369.22675609588623,109.93
370.63525891304016,110.86
372.0360097885132,101.76
373.4515428543091,107.07
374.8726029396057,112.03
376.2136220932007,109.31
377.6223659515381,105.38
379.0342683792114,106.45
380.4484775066376,110.14
381.85800647735596,108.21
383.2610197067261,112.62
384.61597180366516,110.69
386.0161430835724,112.83
387.42955327033997,111.14
388.844881772995,111.41
390.2554769515991,109.83
391.65982484817505,114.48
393.07042813301086,109.66
394.4821937084198,105.76
395.8941373825073,103.72
397.3090867996216,101.55
398.7285621166229,107.97
400.1391441822052,115.86
401.5444531440735,120.14
402.9639301300049,106.14
404.37363958358765,122.66
405.7858817577362,111.69
407.20082092285156,122.52
408.6061933040619,115.14
410.01976108551025,111.55
411.4344062805176,111.55
412.7770824432373,103.24
414.18183636665344,108.14
415.5931544303894,101.38
417.004506111145,110.03
418.41896319389343,108.72
419.83359837532043,112.55
421.2420127391815,124.59
422.65226674079895,117.59
424.0631833076477,115.86
425.47382521629333,110.14
426.82414150238037,108.28
428.22201681137085,127.0
429.6329951286316,108.86
431.05978059768677,111.41
432.45809030532837,106.55
433.874427318573,122.52
435.29024171829224,109.03
436.707937002182,109.34
438.110933303833,107.66
439.5323157310486,104.38
440.9307060241699,103.34
442.3538374900818,106.52
443.76324224472046,112.14
445.1656448841095,113.86
446.5793559551239,117.31
447.993417263031,104.03
449.40809297561646,109.9
450.82338070869446,110.03
452.2236318588257,109.62
453.6376702785492,112.03
455.0501780509949,109.62
456.46804332733154,101.66
457.87903809547424,104.97
459.2881782054901,111.66
460.704772233963,111.28
462.1017143726349,111.38
463.5129611492157,125.62
464.9382734298706,113.41
466.34904193878174,107.28
467.7601897716522,106.28
469.1625347137451,110.1
470.574800491333,108.76
471.98779821395874,109.97
473.3975639343262,111.07
474.8121078014374,108.62
476.22671723365784,126.9
477.643794298172,126.97
479.0536439418793,117.03
480.4602608680725,112.86
481.8705108165741,107.52
483.28196811676025,107.45
484.6964342594147,103.79
486.11576080322266,107.72
487.5141818523407,103.34
488.92817759513855,99.66
490.3388705253601,100.69
491.75034856796265,104.9
493.1650900840759,108.45
494.5749886035919,110.03
495.9835407733917,111.48
497.3951041698456,112.0
498.8061830997467,111.1
500.2243630886078,113.34
501.6397614479065,109.0
503.0522828102112,111.76
504.46212697029114,108.21
505.87694931030273,101.62
507.2750425338745,110.07
508.69261169433594,108.0
510.1016128063202,109.45
511.5205044746399,106.34
512.9347603321075,110.66
514.3366975784302,108.48
515.7484769821167,117.66
517.1591534614563,112.66
518.5712604522705,117.79
519.9814021587372,110.24
521.4077527523041,105.38
522.8037316799164,118.14
524.2186262607574,124.45
525.6307988166809,111.59
527.0436158180237,123.83
528.452201128006,114.52
529.8663990497589,108.21
531.2783017158508,110.86
532.6895935535431,121.41
534.1052689552307,114.24
535.5184020996094,105.76
536.9334259033203,107.07
538.3468205928802,108.62
539.7440173625946,105.34
541.1692852973938,117.07
542.5683116912842,123.21
543.9912292957306,115.55
545.3953130245209,101.45
546.7992005348206,112.1
548.2131164073944,115.28
549.6314723491669,108.31
551.0457191467285,110.93
552.4537250995636,117.83
559.7585117816925,-7.03
561.0875186920166,-7.07
562.4024469852448,-7.14
563.7592599391937,-7.1
565.0790407657623,-7.21
566.4014644622803,-7.1
567.7177939414978,-7.21
569.0414307117462,-7.17
570.3556776046753,-7.07
571.672013759613,-7.21
572.9957890510559,-7.03
574.358068227768,-7.17
575.6758034229279,-7.1
576.9974985122681,-7.14
578.3235137462616,-7.17
579.6494030952454,-7.14
584.232263803482,243.66
585.6519162654877,313.59
587.0645077228546,329.38
588.4758563041687,294.0
589.8773365020752,244.28
591.2913720607758,208.21
598.6005086898804,-2.72
599.9220850467682,-2.72
601.2528176307678,-2.69
602.5780379772186,-2.66
603.9426012039185,-2.66
605.2780275344849,-2.66
606.6153647899628,-2.59
607.9396257400513,-2.69
609.268611907959,-2.66
610.593652009964,-2.62
611.9191522598267,-2.66
613.2783102989197,-2.66
614.6068489551544,-2.55
615.9233434200287,-2.62
617.2485911846161,-2.62
618.5782098770142,-2.55
623.1661419868469,0.59
624.5795843601227,0.79
625.9921250343323,6.38
627.4039011001587,10.14
628.8039808273315,12.79
630.2291724681854,13.79
631.6446795463562,15.55
633.057609796524,15.93
634.4652070999146,18.14
635.8743605613708,19.1
637.2871806621552,18.83
638.7088599205017,18.14
640.1173162460327,18.41
641.5334167480469,18.24
642.9343411922455,19.52
644.3472037315369,20.93
645.7602245807648,20.17
647.115062713623,21.21
648.5243928432465,21.0
649.9252409934998,21.14
651.3397934436798,21.28
652.7657449245453,20.93
654.1755678653717,19.07
655.586353302002,20.03
656.9919629096985,20.52
658.4057719707489,20.55
659.8195235729218,19.34
661.2302615642548,19.03
662.650767326355,19.97
664.0613610744476,20.52
665.4723539352417,19.38
666.8843441009521,19.21
668.3048932552338,20.14
669.6448259353638,20.17
671.0469896793365,19.97
672.4589371681213,20.1
673.8699913024902,20.14
675.2828967571259,20.0
676.7089192867279,20.1
678.1170284748077,20.1
679.52410364151,20.34
680.9359931945801,20.38
682.3534469604492,19.79
683.7676050662994,20.0
685.1789772510529,20.17
686.5898752212524,20.34
688.005396604538,20.31
689.4142732620239,19.14
690.7682058811188,20.0
692.1710324287415,19.14
693.5833642482758,19.9
694.9341669082642,18.97
696.3411047458649,19.76
697.7505023479462,19.97
699.1638734340668,20.17
700.5782706737518,20.1
701.992705821991,19.9
703.405713558197,19.79
704.8172597885132,20.03
706.2281844615936,20.07
707.6400113105774,19.9
709.0513455867767,19.97
710.4690551757812,19.9
711.8837521076202,19.86
713.2996165752411,19.9
714.7004723548889,19.72
716.1135103702545,19.9
717.4681055545807,20.0
718.8704965114594,19.97
720.2237567901611,19.83
727.5304977893829,1.55
728.8468997478485,1.52
730.1612305641174,1.59
731.4732913970947,1.55
732.827196598053,1.52
734.1465525627136,1.48
735.4653642177582,1.52
736.7797665596008,1.48
741.3438031673431,200.83
742.7592685222626,276.34
744.1712112426758,309.0
745.5833599567413,314.0
746.9922680854797,285.69
748.3968398571014,250.55
755.6945953369141,3.9
757.0050897598267,3.97
758.3245363235474,4.07
759.6439754962921,4.14
760.9629356861115,4.34
762.2813019752502,4.41
763.6309900283813,4.45
764.9467632770538,4.52
769.5275564193726,5.97
770.9406270980835,18.72
772.3460037708282,32.07
773.7588450908661,44.03
775.1727375984192,55.21
776.5889365673065,64.62
777.9996263980865,73.38
779.4142332077026,81.86
780.8286046981812,90.21
782.2409975528717,98.69
783.6514990329742,106.28
785.0608856678009,114.41
786.4710049629211,122.17
787.8872845172882,129.59
789.2979106903076,136.66
790.7102189064026,143.83
792.119035243988,150.72
793.5288283824921,156.79
794.942699432373,163.69
796.350982427597,170.17
797.7637205123901,175.72
799.1785178184509,181.03
806.4873943328857,-0.28
807.8036515712738,-0.31
809.1245014667511,-0.34
810.4420650005341,-0.41
811.7655971050262,-0.55
813.1262364387512,-0.48
814.4489696025848,-0.55
815.7651543617249,-0.55
