1.1178443431854248,-2.0,0
2.3591651916503906,-2.0,0
3.5732011795043945,-2.0,0
4.774148225784302,-2.0,0
9.357157230377197,-6.76,1
10.69604229927063,-4.97,1
12.036686897277832,-2.93,1
13.458945274353027,-1.38,1
14.86758542060852,-1.21,1
16.281410932540894,-0.86,1
17.62613606452942,-1.79,1
18.973358392715454,-0.9,1
20.38182520866394,-0.72,1
21.719369888305664,-1.52,1
23.141552448272705,-0.76,1
24.478107929229736,-0.69,1
25.899107456207275,-1.66,1
27.303717613220215,-1.17,1
28.717504501342773,-0.45,1
30.133007049560547,-0.59,1
31.536781072616577,-1.55,1
32.95240378379822,-0.79,1
34.30660438537598,-0.69,1
35.646645069122314,-1.55,1
36.98856449127197,-0.48,1
38.39762854576111,-0.59,1
39.8133647441864,-1.34,1
41.23023796081543,-0.97,1
42.645082235336304,-0.62,1
44.063151121139526,-0.41,1
45.466031074523926,-1.52,1
46.882458448410034,-0.83,1
48.29146075248718,-0.38,1
49.7073929309845,-0.55,1
51.12384223937988,-1.52,1
52.52762031555176,-0.86,1
53.94437646865845,-0.55,1
55.35854482650757,-0.45,1
56.7612566947937,-1.31,1
58.17802405357361,-0.86,1
59.59403085708618,-0.55,1
61.01158046722412,-0.41,1
62.41992783546448,-1.41,1
63.8290491104126,-0.9,1
65.24279284477234,-0.66,1
66.59347152709961,-1.0,1
67.92812156677246,-0.86,1
69.27964401245117,-2.45,1
70.67988276481628,3.07,1
72.03721022605896,1.17,1
73.37813377380371,-0.21,1
74.71659183502197,-1.38,1
76.06837463378906,-2.41,1
77.47293734550476,-0.76,1
78.88533997535706,0.66,1
80.23824334144592,-1.21,1
81.63981986045837,-1.21,1
83.06185936927795,0.79,1
84.398597240448,-1.34,1
85.81500220298767,-2.31,1
87.15436673164368,266.59,1
88.56847524642944,163.45,1
89.98387265205383,118.14,1
91.39967632293701,83.28,1
98.7012722492218,-4.34,0
100.0221164226532,-4.03,0
101.32762598991394,-3.62,0
102.63221406936646,-3.17,0
103.95151877403259,-3.07,0
105.25869536399841,-3.07,0
106.56307196617126,-3.03,0
107.91887259483337,-2.76,0
112.51196002960205,-2.14,1
113.91334080696106,-2.21,1
115.32741355895996,-0.38,1
116.74622321128845,0.24,1
118.16329145431519,1.66,1
119.56342768669128,1.9,1
120.98483920097351,3.0,1
122.39368271827698,4.24,1
123.81037092208862,6.1,1
125.22478723526001,5.17,1
126.63761186599731,7.31,1
128.0375497341156,7.62,1
129.45559763908386,7.48,1
130.87432169914246,7.48,1
132.27487182617188,7.97,1
