1.1110177040100098,-2.38
2.313835620880127,-2.45
3.557225227355957,-2.34
4.757864475250244,-2.34
5.96847677230835,-2.38
10.53691053390503,10.62
11.880244493484497,22.83
13.292937755584717,43.72
14.694002389907837,64.41
16.120309114456177,68.0
17.46007227897644,69.93
18.806111574172974,93.1
20.142457962036133,106.9
21.55661964416504,114.9
22.90154480934143,142.1
24.315768480300903,105.62
25.716033935546875,92.38
27.128536462783813,121.93
28.5390567779541,97.31
29.951942920684814,357.14
31.360750913619995,77.72
32.779112577438354,-8.76
34.12481904029846,-4.55
35.541959285736084,-1.52
36.945587396621704,-0.24
38.357856035232544,911.62
39.70777773857117,430.17
41.123427867889404,305.48
42.46298670768738,247.1
43.8728711605072,229.93
45.2193968296051,218.34
46.62211084365845,197.41
47.97404861450195,184.03
49.37799549102783,168.21
50.78891634941101,160.48
52.20465803146362,143.0
53.61353135108948,130.0
55.03234386444092,130.34
56.44234251976013,119.93
57.8511278629303,123.52
59.256075382232666,109.28
60.67012619972229,96.76
62.083545446395874,96.34
63.49043560028076,95.21
64.90088367462158,118.79
66.25412774085999,108.69
67.59671378135681,123.24
69.0039803981781,105.62
70.35473895072937,100.79
71.75347924232483,118.52
