1.1082549095153809,0.69
2.346829414367676,0.76
3.5572023391723633,0.76
4.765120506286621,0.79
9.335903406143188,0.72
10.680610418319702,0.72
12.09365439414978,1.62
13.503772735595703,2.31
14.906731843948364,4.62
16.33171558380127,7.03
17.672183513641357,9.79
19.014256238937378,12.83
20.357090950012207,15.9
21.706096649169922,19.1
23.114715576171875,22.72
24.45515275001526,26.31
25.808286666870117,29.76
27.209922552108765,33.28
28.6238055229187,36.9
30.037052869796753,40.34
31.45302152633667,43.59
32.866904735565186,46.69
34.21406602859497,49.66
35.55765223503113,52.45
36.96981692314148,55.24
38.3814172744751,57.93
39.78000068664551,60.34
41.194135904312134,62.62
42.546584129333496,64.55
43.948129177093506,66.38
45.371267795562744,67.9
46.78277587890625,69.07
48.19783020019531,70.14
49.60855436325073,70.97
51.01347589492798,71.28
52.42737007141113,71.66
53.83987092971802,71.9
55.250221967697144,71.83
56.660051584243774,71.72
58.07206177711487,71.55
59.483983278274536,70.93
60.89909648895264,70.31
62.30118131637573,69.31
63.71463179588318,68.31
65.13477778434753,67.1
66.47812819480896,66.14
67.88515257835388,64.66
69.29305243492126,63.21
70.70606422424316,61.07
72.11800479888916,59.21
73.52926516532898,57.34
74.8798348903656,55.66
76.28001594543457,54.03
77.6951858997345,52.21
79.11595821380615,50.72
80.52923464775085,49.03
81.92579627037048,47.48
83.3442075252533,45.86
84.75633406639099,44.55
86.1730055809021,43.1
87.58385562896729,41.72
88.930251121521,41.17
90.33288860321045,40.66
91.74462676048279,40.21
93.15480446815491,40.07
94.57605838775635,39.66
95.99000263214111,39.55
97.38944172859192,39.59
98.8005964756012,39.76
100.21282196044922,39.72
101.62485361099243,39.83
103.03698992729187,40.1
104.45033645629883,40.55
105.86250686645508,40.79
107.27915644645691,41.38
108.69186186790466,41.9
110.10327672958374,42.34
111.51492047309875,42.93
112.92628026008606,43.59
114.33840942382812,44.21
115.75073003768921,45.0
117.16062784194946,45.79
118.57167935371399,46.52
119.98410391807556,47.31
121.38682413101196,48.1
122.79637718200684,48.79
124.21098399162292,49.45
125.62274622917175,50.17
127.04057955741882,50.83
128.45868372917175,51.31
129.85713696479797,51.97
131.2823178768158,52.45
132.69390892982483,52.93
134.0959129333496,53.31
135.50434374809265,53.76
136.9261918067932,53.86
138.33577227592468,54.24
145.63294053077698,0.93
146.96766114234924,0.79
148.29727697372437,0.83
149.6334900856018,0.79
