1.10443115234375,-1.86,0
2.352052927017212,-1.9,0
3.558746576309204,-1.93,0
4.758934497833252,-1.93,0
9.336750030517578,-2.21,1
10.74001669883728,-2.07,1
12.156744241714478,-1.79,1
13.56300973892212,-1.83,1
14.919551372528076,-1.76,1
16.326723098754883,-1.72,1
17.673789262771606,-1.79,1
19.0209698677063,-1.76,1
20.356003522872925,-1.69,1
21.778701305389404,0.17,1
23.190281629562378,0.24,1
24.59260845184326,0.69,1
26.010826110839844,0.66,1
27.427475452423096,1.34,1
28.83043622970581,1.17,1
30.250516414642334,1.66,1
31.6573429107666,1.62,1
33.07698345184326,1.76,1
34.47918391227722,1.72,1
35.89082312583923,1.76,1
37.24796724319458,1.9,1
38.6506073474884,1.9,1
40.071417808532715,2.17,1
41.48369741439819,2.07,1
42.822850465774536,2.03,1
44.174341917037964,1.97,1
45.51528453826904,2.83,1
46.932323932647705,2.76,1
48.33713698387146,2.59,1
49.75832748413086,2.69,1
51.16128611564636,3.24,1
52.58614754676819,3.14,1
53.98397660255432,3.07,1
55.406107902526855,3.07,1
56.816123962402344,3.9,1
58.221352100372314,3.69,1
59.64370918273926,3.62,1
61.05329155921936,3.72,1
62.473711252212524,3.66,1
63.88693904876709,3.76,1
65.23248767852783,3.69,1
66.56286978721619,3.93,1
67.90720844268799,4.1,1
69.32939052581787,4.03,1
70.73804831504822,4.07,1
72.15616965293884,4.14,1
73.50329875946045,4.07,1
74.91585993766785,4.14,1
76.24739074707031,4.1,1
77.66934967041016,4.21,1
79.00873398780823,4.14,1
80.42993712425232,4.9,1
81.83176231384277,-0.34,1
83.2500650882721,-0.69,1
84.67026829719543,-1.31,1
86.07741618156433,-1.1,1
87.48120617866516,-1.24,1
88.90319800376892,-1.03,1
90.3061101436615,3.66,1
91.72990894317627,5.21,1
93.1375048160553,5.72,1
94.55528855323792,5.86,1
95.89715886116028,6.03,1
97.30463647842407,6.1,1
98.65933418273926,6.07,1
100.06940388679504,6.03,1
101.47535586357117,6.14,1
102.89421200752258,6.14,1
104.29641890525818,6.1,1
105.71372961997986,6.21,1
107.05067539215088,6.24,1
108.46686863899231,6.21,1
109.8091995716095,6.1,1
111.23484086990356,6.1,1
112.646559715271,6.0,1
114.06085181236267,6.0,1
115.40104794502258,6.1,1
116.80986666679382,6.1,1
118.2300295829773,6.03,1
119.64429473876953,6.0,1
121.04708766937256,5.93,1
122.46720385551453,5.93,1
123.87057161331177,5.93,1
125.29369735717773,5.86,1
126.69375276565552,5.93,1
128.11280345916748,5.76,1
129.51961946487427,5.83,1
130.93185377120972,5.72,1
132.35630178451538,5.76,1
133.77130007743835,5.76,1
135.18517637252808,5.72,1
136.5149416923523,5.69,1
137.94117212295532,5.69,1
139.2813205718994,5.59,1
140.6973865032196,5.59,1
148.0028829574585,-1.41,0
149.31948471069336,-1.59,0
150.66250896453857,-1.52,0
151.98249983787537,-1.55,0
153.30676078796387,-1.52,0
154.61650252342224,-1.55,0
155.93699431419373,-1.59,0
157.2486662864685,-1.59,0
161.8410849571228,-2.07,1
163.17896819114685,-1.86,1
164.52533602714539,-1.72,1
165.94467496871948,-1.62,1
167.28193593025208,-1.59,1
168.6254527568817,-1.62,1
169.97440934181213,0.52,1
171.3247582912445,1.0,1
172.66573405265808,1.41,1
174.00607085227966,1.72,1
175.3592507839203,1.76,1
176.77298045158386,1.9,1
178.1836473941803,2.1,1
179.5196189880371,2.76,1
180.86327147483826,2.69,1
182.20857191085815,3.07,1
183.55506086349487,3.62,1
184.89287638664246,3.55,1
186.24856328964233,4.0,1
187.58936882019043,3.93,1
188.99882125854492,4.66,1
190.33612871170044,5.21,1
191.6920931339264,5.14,1
193.03374433517456,5.55,1
194.37964057922363,5.55,1
195.71872067451477,5.97,1
197.0675630569458,5.9,1
198.4752767086029,2.9,1
199.88890075683594,5.17,1
201.230238199234,6.0,1
202.57198429107666,6.38,1
203.91980838775635,6.41,1
205.2624967098236,7.14,1
206.6144049167633,7.1,1
208.02858066558838,7.17,1
209.3718855381012,7.55,1
210.7804877758026,7.48,1
212.18549275398254,7.45,1
213.5332338809967,8.21,1
214.94552516937256,8.0,1
216.29036664962769,8.14,1
217.71104884147644,8.14,1
219.11515522003174,8.21,1
220.52510166168213,8.69,1
221.93351817131042,8.48,1
223.2803132534027,8.59,1
224.63602375984192,8.62,1
226.04768824577332,8.62,1
227.4560203552246,9.45,1
228.7969732284546,9.34,1
230.21227836608887,9.24,1
231.55658960342407,9.34,1
232.97532081604004,9.34,1
234.3824965953827,9.38,1
235.80072855949402,9.38,1
237.14446902275085,9.24,1
238.55159401893616,9.38,1
239.9626591205597,9.41,1
241.37229084968567,9.48,1
242.7920331954956,10.0,1
244.20159816741943,9.86,1
245.61756467819214,9.72,1
247.02109479904175,9.86,1
248.43946290016174,9.93,1
249.84788179397583,9.79,1
251.27049326896667,9.93,1
252.68648147583008,9.79,1
254.02572751045227,8.24,1
255.43490433692932,9.0,1
256.85341024398804,9.17,1
258.25679564476013,9.52,1
259.67924213409424,9.48,1
261.0815052986145,9.41,1
262.5024461746216,9.41,1
263.9127411842346,9.52,1
265.32566142082214,9.59,1
266.72981214523315,9.55,1
268.1564681529999,9.66,1
269.56772565841675,9.62,1
270.97793078422546,9.72,1
272.39453983306885,9.9,1
273.8017165660858,9.86,1
275.21646785736084,9.79,1
276.62819027900696,9.76,1
278.0471227169037,9.79,1
279.3870756626129,10.45,1
280.80375695228577,10.17,1
282.2109429836273,10.21,1
283.61910915374756,10.07,1
285.0395755767822,10.1,1
286.450471162796,10.07,1
287.8660035133362,10.1,1
289.2638771533966,10.03,1
290.68822383880615,10.03,1
292.1011326313019,10.0,1
293.50365257263184,10.0,1
294.9234232902527,10.03,1
296.3426294326782,9.97,1
297.74778604507446,9.86,1
299.1542844772339,10.14,1
300.5738377571106,10.07,1
301.9922480583191,10.1,1
303.406209230423,8.52,1
304.8089826107025,9.34,1
306.23080492019653,9.83,1
307.63658928871155,9.9,1
309.0530626773834,9.97,1
310.47030305862427,10.07,1
311.87000131607056,10.03,1
313.29204082489014,10.03,1
314.695143699646,10.03,1
316.11303997039795,10.14,1
317.5317933559418,10.24,1
318.9357132911682,10.24,1
320.2894628047943,10.07,1
321.6920680999756,10.1,1
329.00478649139404,-1.66,0
330.2961161136627,-1.66,0
331.6172571182251,-1.59,0
332.93012142181396,-1.69,0
334.2672441005707,-1.72,0
335.56382393836975,-1.72,0
336.88220024108887,-1.76,0
338.18038964271545,-1.69,0
342.774760723114,-2.28,1
344.1292026042938,-2.1,1
345.53864192962646,-1.86,1
346.883593082428,-1.83,1
348.2914547920227,0.93,1
349.63339138031006,1.31,1
350.98734736442566,1.62,1
352.39572191238403,1.86,1
353.7382538318634,2.1,1
355.1535577774048,3.07,1
356.4914424419403,3.62,1
357.8471429347992,3.93,1
359.2565236091614,4.55,1
360.5958342552185,5.07,1
362.0031032562256,5.62,1
363.3591046333313,6.0,1
364.76388573646545,6.62,1
366.18216156959534,6.9,1
367.5952658653259,7.62,1
368.936012506485,7.97,1
370.3575687408447,8.48,1
371.76445388793945,8.83,1
373.18319177627563,8.83,1
374.5876934528351,9.55,1
