1.113621473312378,7.34
2.324415445327759,7.28
3.5622591972351074,7.28
4.759536981582642,7.31
9.334735870361328,2.52
10.746236562728882,2.41
12.081511735916138,2.45
13.494595527648926,2.41
14.850665807723999,2.34
16.264492988586426,2.48
17.596768617630005,2.45
19.005959510803223,2.38
20.363762617111206,2.38
21.77536964416504,2.34
23.186636686325073,2.31
24.599969387054443,2.34
26.00414538383484,2.31
27.420390367507935,2.38
28.759009838104248,2.31
30.183961868286133,2.31
31.597593069076538,2.34
33.002530336380005,2.38
34.35162830352783,2.31
35.69707250595093,2.34
37.0355019569397,2.31
38.451154708862305,2.34
39.79815101623535,2.31
41.20771288871765,2.34
42.54560971260071,2.28
43.953885555267334,2.38
45.300731897354126,2.31
46.72545313835144,2.28
48.05456900596619,2.34
49.472440004348755,2.34
50.81398963928223,2.28
52.16106581687927,2.38
53.503639221191406,2.31
54.913984298706055,2.31
56.32722496986389,2.34
57.74512004852295,2.31
59.163633823394775,2.38
60.571887493133545,2.38
61.97676420211792,2.31
63.39863586425781,2.24
64.81356739997864,2.21
66.14569330215454,2.34
67.4932177066803,2.31
68.9076476097107,2.28
70.3144006729126,2.31
71.66765928268433,2.24
73.08249354362488,2.28
74.42472314834595,2.31
75.84187388420105,2.34
77.18647313117981,2.38
78.59949946403503,2.34
80.0129566192627,2.24
81.42460894584656,2.31
82.82831740379333,2.24
84.23942852020264,2.28
85.66256213188171,2.28
87.00521969795227,2.31
88.41265177726746,2.24
89.75914525985718,2.31
91.17618083953857,2.34
92.57489681243896,2.28
93.93468570709229,2.21
95.26882934570312,2.21
96.6202175617218,2.28
97.96635746955872,2.31
99.37276792526245,2.24
100.71859216690063,2.28
102.1354124546051,2.28
103.54468035697937,2.21
104.89243340492249,2.38
106.22212052345276,2.34
107.58049035072327,2.31
108.91840696334839,2.24
110.32292008399963,2.17
111.73837089538574,2.34
113.16089653968811,2.14
114.50554370880127,2.31
115.9117922782898,2.28
117.31893348693848,2.31
118.72850346565247,2.31
120.14940142631531,2.28
121.49454808235168,2.28
122.89791917800903,2.34
124.31346368789673,2.21
125.6602098941803,2.28
127.07183313369751,2.31
128.49490690231323,2.28
129.90673112869263,2.31
131.305908203125,2.31
132.7176432609558,2.21
134.14320278167725,2.21
135.55656218528748,2.24
136.8930299282074,2.28
138.3101682662964,2.24
139.7131326198578,2.28
141.13629794120789,2.28
142.47449111938477,2.24
143.88224029541016,2.28
145.2971396446228,2.34
146.71929001808167,2.24
148.1313190460205,2.28
149.53847527503967,2.17
150.95637559890747,2.31
152.36664295196533,2.21
153.77377915382385,2.31
155.1954755783081,2.31
156.60571098327637,2.21
158.0089180469513,2.24
159.43188548088074,2.21
160.84207487106323,2.34
162.2505886554718,2.31
163.6573188304901,2.24
165.01465940475464,2.34
166.41466689109802,2.24
167.77145957946777,2.31
169.11474013328552,2.31
170.45587396621704,2.28
171.79131293296814,2.28
173.1385908126831,2.28
174.55379509925842,2.31
175.965149641037,2.28
177.3869194984436,2.31
178.79004788398743,2.41
180.2048478126526,2.38
181.54508471488953,2.38
182.89723801612854,2.31
184.23851561546326,2.28
185.6464400291443,2.28
187.00209784507751,2.24
188.40364503860474,2.31
189.81422805786133,2.21
191.1584813594818,2.24
192.58051896095276,2.21
193.99527978897095,2.24
195.3392632007599,2.24
196.6832184791565,2.28
198.027747631073,2.28
199.4402735233307,2.21
200.8533022403717,2.24
202.18403673171997,2.21
203.528804063797,2.21
204.94251823425293,2.17
206.28504920005798,2.21
207.63612866401672,2.14
208.9884808063507,2.28
210.33256340026855,2.28
211.73954820632935,2.28
213.07891201972961,2.28
214.42150449752808,2.28
215.8405303955078,2.28
217.188702583313,2.31
218.59822297096252,2.21
219.94394969940186,2.31
221.276198387146,2.38
222.70381045341492,2.1
224.1024513244629,2.31
225.44961047172546,2.17
226.80390810966492,2.24
228.13544130325317,2.24
229.56096243858337,2.28
230.96991419792175,2.28
232.38865852355957,2.28
233.79023623466492,2.24
235.20694136619568,2.24
