1.1151506900787354,4.83
2.3232245445251465,4.9
3.549414873123169,5.03
4.7584452629089355,5.1
9.347442388534546,105.28
10.67922830581665,137.79
12.096460103988647,132.59
13.510008811950684,118.1
14.928952932357788,103.76
16.341411113739014,89.76
17.754691123962402,76.59
19.160834074020386,65.45
20.57889413833618,55.72
21.991024017333984,47.31
29.28770613670349,-5.9
30.597272872924805,-5.76
31.913651704788208,-5.97
33.250428199768066,-6.0
34.56108808517456,-6.03
35.84979844093323,-5.93
37.15268087387085,-5.9
38.47020244598389,-5.9
43.05176520347595,126.17
44.47522187232971,184.97
