1.122579574584961,-2.31,0
2.3541624546051025,-2.38,0
3.5642025470733643,-2.28,0
4.770837306976318,-2.31,0
5.9808361530303955,-2.31,0
7.181657791137695,-2.24,0
8.385451078414917,-2.24,0
9.593889236450195,-2.34,0
14.175192832946777,-3.9,1
15.59704303741455,-2.24,1
17.009448051452637,-1.69,1
18.353474855422974,-1.55,1
19.766054391860962,-1.14,1
21.16448473930359,-13.38,1
22.57590413093567,-22.1,1
23.922436237335205,-46.48,1
25.341207265853882,-171.38,1
26.75067973136902,93.0,1
28.16349744796753,15.38,1
29.57432532310486,-1.52,1
30.999009132385254,-1.79,1
32.331538438797,-1.97,1
33.75260591506958,-2.34,1
35.09798574447632,-2.52,1
36.501911640167236,-2.69,1
37.915851354599,-2.62,1
39.2672336101532,-2.55,1
40.6020085811615,-0.86,1
42.025638580322266,29.0,1
43.370169162750244,56.59,1
44.7109055519104,51.52,1
46.055139780044556,48.38,1
47.39266586303711,45.48,1
48.80275201797485,42.83,1
50.157257318496704,40.59,1
51.491522789001465,37.62,1
52.90284180641174,35.03,1
54.2596755027771,32.79,1
55.67590403556824,30.17,1
57.018195390701294,29.41,1
58.41785526275635,29.31,1
59.77406692504883,29.28,1
61.18568730354309,29.38,1
62.53045153617859,29.31,1
63.9361732006073,29.45,1
65.28096270561218,29.48,1
66.62829303741455,29.34,1
67.96397113800049,29.48,1
69.38772869110107,29.41,1
70.72034788131714,29.41,1
72.14568996429443,29.45,1
73.49057698249817,29.52,1
74.8339729309082,29.59,1
76.1659426689148,29.52,1
77.51705479621887,29.48,1
78.86426520347595,29.52,1
80.21180391311646,29.52,1
81.61441802978516,29.45,1
82.95623421669006,29.52,1
84.37205791473389,29.48,1
85.7200038433075,29.48,1
87.0598418712616,29.48,1
88.41156554222107,29.48,1
89.75433254241943,29.48,1
91.16818594932556,29.59,1
92.51397013664246,29.59,1
93.8445315361023,29.55,1
95.19384717941284,29.48,1
96.53553462028503,29.52,1
97.8913836479187,29.52,1
99.22405195236206,29.55,1
100.5790102481842,29.48,1
101.98348093032837,29.52,1
103.32257771492004,29.59,1
104.74922370910645,29.52,1
106.09355783462524,29.55,1
107.4941086769104,29.45,1
108.90383338928223,29.52,1
110.25781893730164,29.52,1
111.66489267349243,29.41,1
113.07454705238342,29.45,1
114.42743349075317,29.48,1
115.84344363212585,29.38,1
117.18456697463989,29.41,1
118.5961389541626,29.34,1
120.00882077217102,29.38,1
121.35360956192017,29.31,1
122.75710463523865,29.38,1
124.17033696174622,29.31,1
125.5832085609436,29.31,1
132.88783407211304,-3.31,0
134.19530057907104,-3.1,0
135.5045952796936,-3.03,0
136.7987036705017,-3.0,0
138.1084189414978,-2.86,0
139.45067358016968,-2.97,0
140.7672779560089,-2.86,0
142.06901335716248,-2.83,0
146.6610608100891,-4.59,1
148.07310318946838,-1.28,1
149.4716248512268,0.31,1
150.89003109931946,-134.34,1
152.30838823318481,-2.48,1
153.7106328010559,11.76,1
155.12128591537476,-1.83,1
156.5488486289978,-2.07,1
157.9511203765869,-2.93,1
159.2915554046631,-2.93,1
160.64860773086548,495.97,1
161.98543429374695,387.21,1
163.3297462463379,18.21,1
164.74555850028992,6.62,1
166.08089137077332,2.24,1
167.49789953231812,1.86,1
168.91717410087585,1.14,1
170.2590308189392,0.24,1
171.61019611358643,0.31,1
172.94941091537476,-0.31,1
174.28604555130005,0.55,1
175.70030975341797,1.07,1
177.12017464637756,0.28,1
178.52660822868347,0.31,1
179.87987899780273,0.93,1
181.21985578536987,1.83,1
182.63518285751343,0.79,1
183.978901386261,0.62,1
185.32343554496765,1.28,1
186.73211455345154,1.28,1
188.0819034576416,1.28,1
189.41454124450684,1.1,1
190.82967162132263,0.79,1
192.17531752586365,1.1,1
193.59014916419983,1.17,1
194.93743920326233,1.45,1
196.34584259986877,1.24,1
197.7539520263672,0.86,1
199.1664981842041,0.97,1
200.51758408546448,1.45,1
201.92371821403503,1.31,1
203.2780191898346,1.31,1
204.69283509254456,0.83,1
206.02970361709595,1.03,1
207.43676018714905,0.9,1
208.78610944747925,0.93,1
210.13236260414124,1.03,1
211.4709496498108,0.93,1
212.8937599658966,0.9,1
214.30078220367432,0.83,1
215.71765184402466,0.59,1
217.12767815589905,0.83,1
218.53590869903564,0.34,1
219.88130235671997,0.31,1
221.29630279541016,0.69,1
222.70337557792664,0.45,1
224.12366700172424,0.34,1
225.4572606086731,0.28,1
226.8830111026764,0.1,1
228.2813959121704,0.17,1
229.6399085521698,0.31,1
230.97693014144897,0.48,1
232.3928668498993,0.52,1
233.73465204238892,0.17,1
235.0723569393158,0.31,1
236.41445398330688,-0.17,1
237.83050560951233,0.38,1
239.24338579177856,0.21,1
240.65062546730042,0.41,1
241.99871945381165,0.14,1
243.42299127578735,0.17,1
244.82554388046265,0.38,1
246.23347306251526,0.1,1
247.6566982269287,-0.17,1
249.06717944145203,-0.17,1
250.4743242263794,0.03,1
251.82189655303955,0.45,1
253.24286270141602,0.21,1
254.58190870285034,0.14,1
255.99018120765686,-0.17,1
257.40225863456726,-0.1,1
258.8156940937042,0.17,1
260.17005157470703,0.0,1
261.57426261901855,-0.17,1
262.9805278778076,0.21,1
264.3276529312134,-0.93,1
265.74072885513306,-0.45,1
267.1630325317383,0.24,1
268.57432556152344,0.17,1
269.9087653160095,0.52,1
