1.1121549606323242,-0.93
2.3199288845062256,-1.0
3.5562033653259277,-0.93
4.766751289367676,-0.9
5.976150274276733,-0.93
10.568697690963745,258.55
11.980024099349976,36.97
13.391997814178467,7.45
14.72625994682312,1.76
16.14020299911499,0.69
17.487351655960083,0.1
18.89912509918213,-0.14
20.23337721824646,-0.28
21.580681324005127,-0.28
22.92829918861389,-0.41
24.34224033355713,-0.28
25.752216339111328,-0.48
27.164835691452026,-0.66
28.578065395355225,-0.59
29.989677667617798,-0.55
31.40315580368042,-0.38
32.81562542915344,-0.41
34.15150690078735,-0.66
35.50423049926758,-0.72
36.8376841545105,-0.62
38.25130343437195,-0.55
39.608810901641846,-0.28
41.02047371864319,-0.69
42.35198616981506,-5.24
43.76330018043518,-2.14
45.113391637802124,-1.31
46.462949991226196,-0.83
47.87308859825134,-0.79
49.28390884399414,-0.9
50.69391870498657,-0.76
52.1059308052063,-0.31
53.5277214050293,-0.59
54.93948721885681,-0.83
56.352514028549194,-0.76
57.7656192779541,-0.79
59.1772027015686,-0.66
60.588329792022705,-0.59
