1.1182687282562256,-1.55,0
2.353548526763916,-1.48,0
3.565300464630127,-1.48,0
4.773653030395508,-1.62,0
9.37082576751709,-1.48,1
10.77265191078186,-1.55,1
12.194458723068237,-1.59,1
13.607609748840332,-1.41,1
15.011353015899658,-1.48,1
16.422060012817383,-1.45,1
17.776772022247314,-1.45,1
19.113184213638306,-1.55,1
20.45304775238037,-1.48,1
21.8727068901062,-1.45,1
23.224443197250366,-1.48,1
24.630748510360718,-1.55,1
26.04976773262024,-1.48,1
27.450552463531494,-1.48,1
28.803714275360107,-1.52,1
30.21686601638794,-1.45,1
31.6164391040802,-1.52,1
33.035096883773804,-1.45,1
34.374045610427856,-1.48,1
35.80172610282898,-1.52,1
37.14358735084534,-1.52,1
38.54992747306824,-1.59,1
40.1060209274292,-1.52,1
41.512449741363525,-1.48,1
42.931434869766235,-1.45,1
44.34613871574402,-1.55,1
46.029417514801025,-1.48,1
47.436959981918335,-1.55,1
48.77761173248291,-1.41,1
50.19869613647461,-1.52,1
