1.1068487167358398,6.76
2.3116700649261475,6.79
3.543414831161499,6.76
4.750729560852051,6.83
5.952054262161255,6.72
7.1594977378845215,6.83
8.364354848861694,6.83
9.562975883483887,6.72
10.774281740188599,6.79
15.39228343963623,22.62
16.811771869659424,21.24
18.222793102264404,16.9
19.567063331604004,16.41
20.972654342651367,16.72
22.309778213500977,14.45
23.72318172454834,12.52
25.138379335403442,14.86
26.553391456604004,14.31
27.95990228652954,14.76
29.374321222305298,16.24
30.792152166366577,15.83
32.19855833053589,15.1
33.60650420188904,14.93
34.94763445854187,13.0
36.30102324485779,13.59
37.71731400489807,13.76
39.047232151031494,14.07
40.473260164260864,12.66
41.80754375457764,13.66
43.2209038734436,12.03
44.56932973861694,11.38
45.98666048049927,12.41
47.393269777297974,11.86
48.8054621219635,11.48
50.21350979804993,10.55
51.62841486930847,10.52
53.03697443008423,9.79
54.450095415115356,9.31
55.86482572555542,10.59
57.28722667694092,11.28
58.68840742111206,10.59
60.11146116256714,10.28
61.52534079551697,10.14
62.932514667510986,10.1
64.3510262966156,10.24
65.75015759468079,10.21
67.17325711250305,10.0
68.58813858032227,10.52
70.00189781188965,9.9
71.4141960144043,9.34
72.82717990875244,9.1
