1.1231818199157715,-2.0,0
2.3602166175842285,-2.03,0
3.56707501411438,-1.86,0
4.770511865615845,-1.97,0
5.9772539138793945,-1.93,0
7.181047439575195,-1.93,0
11.760875701904297,3.52,1
13.188364505767822,2.48,1
14.602743148803711,2.66,1
16.014183521270752,2.21,1
17.35754942893982,2.1,1
18.695104360580444,3.83,1
20.11171531677246,5.31,1
21.450292587280273,6.52,1
22.78898787498474,6.93,1
24.143452167510986,6.24,1
25.5585994720459,5.86,1
26.95972466468811,3.14,1
28.38520383834839,2.83,1
29.79719614982605,1.9,1
31.19828462600708,2.1,1
32.61985397338867,1.76,1
34.03268313407898,1.76,1
35.37349319458008,1.83,1
36.711649656295776,1.1,1
38.1337730884552,1.1,1
39.473259925842285,1.14,1
40.818583488464355,0.97,1
42.16507029533386,0.69,1
43.503700494766235,0.41,1
44.92157530784607,0.41,1
46.26480174064636,0.24,1
47.66618061065674,0.07,1
49.08128571510315,-0.07,1
50.4948616027832,-0.24,1
51.91249370574951,-0.28,1
53.31423282623291,-0.24,1
54.670001745224,-0.59,1
56.07293653488159,-0.66,1
57.426109790802,-0.66,1
58.835355043411255,-0.72,1
60.2515025138855,-0.93,1
61.65237379074097,-0.66,1
63.07507848739624,-0.86,1
64.4861376285553,-0.93,1
65.82782363891602,-1.07,1
67.1667799949646,-1.17,1
68.52274441719055,-1.1,1
69.92440152168274,-1.0,1
71.27899312973022,-1.17,1
72.68431568145752,-1.21,1
74.0294041633606,-1.31,1
75.37107396125793,-1.24,1
76.71023225784302,-1.14,1
78.05515384674072,-1.31,1
79.39601039886475,-0.66,1
80.81762290000916,-1.17,1
82.16535782814026,-1.41,1
83.50476694107056,-1.41,1
84.8421835899353,-1.52,1
86.26257038116455,-1.52,1
87.68061232566833,-1.52,1
89.08252501487732,-1.52,1
90.50165486335754,-1.45,1
91.91940879821777,-1.52,1
93.26327586174011,-1.59,1
94.60445046424866,-1.52,1
96.00775599479675,-1.62,1
97.42429566383362,-1.62,1
98.76645374298096,-1.59,1
100.18524193763733,-1.62,1
101.60136914253235,-1.62,1
103.01297521591187,-1.52,1
104.42595171928406,-1.14,1
105.758873462677,-1.55,1
107.18263697624207,-1.59,1
108.58452701568604,-1.55,1
110.00040197372437,-1.72,1
