1.1017563343048096,-1.86,0
2.3466176986694336,-1.97,0
3.551530361175537,-2.0,0
4.757236957550049,-1.86,0
9.34881329536438,-1.38,1
10.762121200561523,-1.45,1
12.174032926559448,-1.21,1
13.586198568344116,0.34,1
14.998085975646973,-0.03,1
16.412779331207275,1.41,1
17.75615358352661,1.45,1
19.099337577819824,2.0,1
20.505109310150146,1.86,1
21.927369594573975,1.9,1
23.327473878860474,3.03,1
24.750414848327637,2.97,1
26.163631916046143,2.97,1
27.57204532623291,2.86,1
28.98568868637085,3.59,1
30.394479990005493,4.07,1
31.812387943267822,4.28,1
33.21430206298828,4.31,1
34.565943002700806,4.38,1
35.907156229019165,4.48,1
37.328115463256836,4.45,1
38.66900897026062,4.45,1
40.00595688819885,4.52,1
41.423502922058105,4.41,1
42.83732867240906,4.41,1
44.178895235061646,4.66,1
45.597214460372925,4.62,1
46.942206621170044,4.66,1
48.350526094436646,4.66,1
49.68902373313904,4.76,1
51.10488271713257,4.69,1
52.45301389694214,6.03,1
53.86719632148743,5.55,1
55.28278422355652,5.69,1
56.68301463127136,5.62,1
58.101155281066895,5.59,1
59.518165588378906,5.55,1
60.934879302978516,5.52,1
62.33483695983887,5.45,1
63.753501415252686,5.66,1
65.17303609848022,5.48,1
66.51056385040283,5.38,1
67.92912745475769,5.14,1
69.33056664466858,5.55,1
70.68365502357483,5.38,1
72.09754920005798,5.31,1
73.51265382766724,5.21,1
74.91543650627136,5.07,1
76.33276200294495,5.1,1
77.75008845329285,5.21,1
79.15286302566528,5.14,1
80.56964945793152,5.1,1
81.98688387870789,4.97,1
83.38822436332703,4.97,1
84.74268555641174,5.07,1
86.1477723121643,5.03,1
87.50118637084961,5.07,1
88.8435115814209,5.07,1
90.24800300598145,5.03,1
91.6659607887268,5.07,1
93.00509834289551,4.86,1
94.42276263237,5.14,1
95.8401620388031,4.86,1
97.24145984649658,5.21,1
98.59720396995544,4.93,1
99.99807596206665,4.86,1
101.41512489318848,5.03,1
102.82936930656433,4.93,1
104.2444269657135,4.93,1
105.66091990470886,4.83,1
107.06774640083313,4.86,1
108.48393630981445,4.93,1
109.89599752426147,4.76,1
111.30433011054993,5.66,1
118.60595965385437,-1.62,0
119.92727732658386,-1.62,0
121.25011229515076,-1.69,0
122.55826377868652,-1.66,0
123.88267850875854,-1.76,0
125.19601011276245,-1.72,0
126.52120089530945,-1.79,0
127.86072754859924,-1.69,0
132.46820425987244,-2.76,1
133.87090253829956,-2.03,1
135.2914092540741,-0.1,1
136.69774556159973,0.66,1
138.11872339248657,1.76,1
139.45754218101501,2.72,1
140.88184118270874,4.07,1
142.21792554855347,4.21,1
143.63398456573486,5.72,1
145.03750491142273,6.9,1
146.45905423164368,6.97,1
147.8749122619629,7.45,1
149.28405117988586,6.97,1
150.70131969451904,7.69,1
152.11010313034058,7.86,1
153.52248239517212,9.45,1
154.93920874595642,9.45,1
156.34385013580322,9.9,1
157.75995707511902,8.55,1
159.16549682617188,9.31,1
160.51982378959656,9.41,1
161.93088746070862,9.52,1
163.3437855243683,9.62,1
164.6829206943512,8.52,1
166.0979745388031,9.41,1
167.4382152557373,9.55,1
168.8550500869751,9.52,1
170.26460981369019,9.72,1
171.61431241035461,8.69,1
172.9526927471161,10.31,1
174.374085187912,10.55,1
175.7070095539093,10.48,1
177.12903833389282,10.66,1
178.4684019088745,9.83,1
179.88588786125183,10.1,1
181.22544145584106,10.14,1
182.64122414588928,10.28,1
183.98135900497437,10.31,1
185.39870190620422,10.31,1
186.73760271072388,10.38,1
188.1557514667511,10.17,1
189.55686044692993,9.69,1
190.90992522239685,9.97,1
192.3177306652069,9.97,1
193.7264838218689,9.93,1
195.14243721961975,9.93,1
196.56084036827087,9.97,1
197.9708399772644,10.14,1
199.3857386112213,9.41,1
200.73579573631287,9.59,1
202.07476592063904,9.76,1
203.4799144268036,9.79,1
204.89886927604675,9.86,1
206.30710244178772,10.0,1
207.72890734672546,10.14,1
209.06601452827454,10.21,1
210.48276495933533,9.79,1
211.89801716804504,9.9,1
213.3108012676239,9.93,1
214.72322034835815,9.9,1
216.12503933906555,10.24,1
217.54914903640747,10.03,1
218.95147943496704,10.17,1
226.25961422920227,-0.86,0
227.57454133033752,-1.1,0
228.8817367553711,-1.14,0
230.18822288513184,-1.24,0
231.4930567741394,-1.17,0
232.8293981552124,-1.34,0
234.1347529888153,-1.24,0
235.43865489959717,-1.34,0
240.02186727523804,193.59,1
241.44099164009094,166.83,1
242.8593454360962,148.17,1
244.26654815673828,131.72,1
245.6787827014923,117.69,1
247.08941984176636,106.41,1
248.5040967464447,94.48,1
255.81363248825073,-0.86,0
257.11776518821716,-0.93,0
258.42420530319214,-1.03,0
259.74839878082275,-0.97,0
261.0707371234894,-1.0,0
262.3921413421631,-1.0,0
