1.1140813827514648,6.79
2.358147621154785,6.76
3.561772108078003,6.72
4.758111000061035,6.69
9.335468053817749,0.21
10.679455518722534,0.07
12.083211183547974,0.03
13.500660181045532,-0.07
14.911784887313843,0.14
16.324673652648926,0.1
17.67021155357361,0.17
19.012147188186646,0.17
20.42104411125183,0.34
21.82790970802307,0.24
23.17881488800049,0.31
24.5283465385437,0.34
25.870605945587158,2.76
27.28561520576477,5.48
28.69717025756836,7.28
30.107474327087402,10.07
31.515453100204468,10.45
32.86589765548706,10.0
34.21256375312805,9.59
35.551530599594116,9.59
36.90058755874634,8.9
38.31248116493225,9.14
39.72691869735718,8.9
41.06570863723755,8.59
42.480985164642334,8.48
43.82333159446716,8.28
45.236212491989136,8.41
46.58301782608032,8.62
47.91795587539673,10.21
49.33922052383423,11.17
50.67997097969055,11.07
52.0150511264801,10.34
53.43392610549927,9.86
54.772315979003906,9.41
56.185052156448364,8.72
57.53954076766968,9.07
58.94021534919739,9.03
60.35500431060791,11.31
61.773834228515625,11.21
63.18432545661926,10.83
64.5968291759491,10.93
65.93388199806213,10.55
67.35513257980347,11.03
68.69731545448303,9.52
70.04698753356934,8.52
71.45889806747437,8.59
72.79522967338562,8.17
74.14433312416077,8.28
75.48189878463745,8.62
76.83228015899658,8.24
78.24578261375427,9.59
79.59597182273865,10.97
80.99689316749573,10.79
82.41875720024109,10.62
83.82466411590576,11.17
85.17855644226074,10.24
86.51196503639221,9.83
87.86631488800049,9.55
89.20011472702026,9.59
90.55520820617676,8.9
91.9575936794281,8.83
93.37920904159546,8.83
94.78050231933594,8.62
96.1227674484253,11.14
97.47333002090454,11.14
98.8855447769165,9.17
100.29529881477356,8.21
101.70619654655457,7.79
103.1188817024231,9.72
104.5346326828003,10.38
105.8852310180664,10.86
107.29182195663452,11.0
108.63847279548645,10.69
110.05713105201721,10.72
111.46307182312012,10.52
112.87896990776062,10.69
114.28215599060059,9.69
115.7053153514862,10.1
117.11685132980347,10.48
118.53317999839783,10.07
119.94565963745117,9.83
121.35376358032227,9.31
122.7689197063446,9.45
124.17181825637817,9.28
125.58385515213013,9.21
127.00551295280457,9.59
128.4196639060974,9.24
129.75984954833984,9.72
131.16634392738342,9.41
132.57823491096497,9.14
133.99225878715515,10.48
135.40229773521423,10.76
136.7505178451538,10.21
138.16867971420288,10.24
139.58270955085754,10.14
140.9954776763916,11.79
142.39833688735962,11.66
143.74295616149902,11.52
145.15795350074768,11.45
146.57259702682495,11.03
153.89987969398499,-0.48
155.20684385299683,-0.52
156.5174286365509,-0.59
157.83381009101868,-0.59
159.14246153831482,-0.62
160.45734548568726,-0.55
161.75830054283142,-0.59
163.09120535850525,-0.72
167.67033314704895,168.03
169.08491706848145,211.97
170.42431116104126,222.66
171.76637291908264,223.07
173.10531377792358,215.07
174.46253085136414,191.21
181.77551293373108,-1.38
183.10764932632446,-1.48
184.40300726890564,-1.55
185.7172577381134,-1.66
187.01002645492554,-1.79
188.31932377815247,-1.62
189.6306037902832,-1.69
190.93363213539124,-1.62
195.51738214492798,170.14
196.92622423171997,211.79
198.2766511440277,216.38
199.6916036605835,223.45
201.0258367061615,206.41
202.37511777877808,182.83
209.67473435401917,-1.28
210.99347829818726,-1.41
212.2918918132782,-1.52
213.63968181610107,-1.52
214.9474799633026,-1.52
216.25252604484558,-1.55
217.56305313110352,-1.69
218.8674774169922,-1.66
223.45229411125183,161.83
224.87118673324585,209.07
