1.1033239364624023,6.52
2.347073554992676,6.52
3.548114538192749,6.41
4.7471604347229,6.48
5.9561567306518555,6.45
7.163328409194946,6.41
8.353281021118164,6.45
9.546557426452637,6.48
10.745826482772827,6.52
11.993455648422241,6.48
16.59730815887451,16.48
18.011948585510254,22.0
19.42362070083618,22.55
20.768758535385132,22.66
22.182389974594116,23.03
23.51890254020691,23.1
24.93878436088562,23.45
26.33732271194458,22.86
27.763458967208862,22.76
29.174023389816284,22.86
30.583838939666748,22.66
32.00169563293457,22.69
33.40944004058838,22.79
34.8195595741272,22.76
36.16612792015076,22.83
37.579187631607056,22.86
38.914817810058594,22.86
40.255760192871094,22.9
41.67731976509094,22.93
43.086034536361694,22.79
44.50140857696533,22.86
45.90515947341919,22.72
47.31397008895874,22.9
48.73187494277954,22.83
50.1318621635437,22.97
51.55764365196228,22.79
52.96082162857056,22.83
54.36617398262024,22.9
55.792750120162964,22.86
57.20317006111145,22.86
58.61015963554382,22.86
60.021069049835205,22.9
61.43310475349426,23.14
62.84704113006592,22.97
64.26404333114624,22.97
65.67508792877197,23.0
67.01831388473511,23.0
68.41651940345764,23.03
69.84222054481506,23.03
71.18202114105225,22.97
72.51503133773804,22.93
73.87195086479187,23.38
75.28270149230957,23.0
76.68642044067383,22.86
78.09604549407959,22.83
79.44033813476562,22.97
80.85608220100403,23.07
82.26038789749146,23.07
83.68267917633057,22.9
85.08848023414612,22.93
86.49737572669983,23.03
87.9035906791687,22.9
89.31613826751709,22.9
90.72801947593689,23.0
92.15293431282043,23.03
93.48212099075317,23.0
94.89232063293457,22.97
96.2493793964386,23.0
97.65468072891235,23.1
99.07141208648682,23.03
100.48049545288086,23.03
101.88746929168701,22.97
103.30286121368408,23.1
104.71050500869751,23.17
106.12839531898499,23.28
107.53858780860901,23.0
108.94428586959839,23.1
110.3661379814148,23.17
111.76873779296875,23.03
113.18169283866882,23.03
114.59073638916016,23.21
116.00183892250061,23.03
117.41304850578308,23.1
118.82488894462585,23.97
120.24776601791382,23.24
121.6588020324707,23.14
123.06077361106873,22.79
124.47788786888123,23.0
125.88224768638611,23.07
127.29063439369202,22.86
128.70846676826477,23.0
130.0588936805725,22.97
131.45658564567566,22.97
132.86821007728577,23.03
134.29331946372986,22.93
135.70070481300354,22.76
137.11073446273804,23.03
138.5170214176178,23.03
139.938556432724,22.97
141.3501579761505,23.03
142.76483702659607,23.0
144.1732451915741,22.9
145.57886171340942,23.03
146.9988570213318,22.83
148.41051721572876,23.03
149.80924582481384,22.97
151.22176551818848,22.97
152.64464592933655,23.07
154.05193758010864,23.14
155.46865129470825,23.07
156.87229585647583,23.14
158.29352116584778,23.03
159.69578742980957,23.17
161.11098313331604,23.24
162.45255970954895,23.07
163.791579246521,23.14
165.21497988700867,22.97
166.54498672485352,22.97
167.90004920959473,22.93
169.2395989894867,22.93
170.65709471702576,23.1
171.9939227104187,23.14
173.33898639678955,23.07
174.6840307712555,23.07
176.08554244041443,23.07
177.42926287651062,23.07
178.77471923828125,23.07
180.1263666152954,23.03
181.46519207954407,23.1
182.79817700386047,23.14
184.14484190940857,22.97
185.49938225746155,23.03
186.90155673027039,22.86
188.241548538208,22.93
189.66225123405457,22.93
191.0018663406372,23.14
192.41641902923584,22.93
193.75790524482727,22.86
195.16648817062378,22.93
196.5178244113922,23.0
197.92448258399963,23.0
199.33922672271729,22.93
200.7513349056244,23.0
202.09496998786926,23.0
203.4286229610443,23.17
204.77620840072632,22.9
206.11735582351685,22.97
207.45904111862183,22.97
208.87878942489624,22.93
210.21614003181458,22.9
211.55543088912964,22.83
212.90847301483154,22.9
214.31620073318481,22.86
215.66765475273132,22.97
217.07231760025024,23.0
218.41414642333984,22.83
219.83043456077576,23.03
221.24538731575012,22.9
222.58591675758362,22.86
223.91778898239136,22.83
225.34259510040283,22.79
226.6795837879181,22.9
228.02359199523926,22.93
229.37129092216492,22.9
230.78254795074463,22.93
232.12675404548645,22.76
233.52366018295288,22.9
234.88082933425903,22.83
236.2177140712738,22.83
237.56269359588623,22.79
238.89954161643982,22.83
240.30730271339417,22.83
241.72586917877197,22.86
243.07566213607788,22.79
244.47659301757812,22.97
245.89026188850403,22.76
247.30613660812378,22.72
248.70753526687622,22.97
250.12490344047546,22.83
251.4733247756958,22.83
252.87313866615295,22.79
254.21965789794922,23.03
255.5701892375946,22.72
256.9848027229309,22.79
258.3960802555084,22.59
259.80949354171753,22.83
261.13962864875793,22.83
262.5645499229431,22.69
263.97479271888733,22.76
265.3143949508667,22.66
266.7198827266693,22.72
268.0665831565857,22.76
269.4745719432831,22.86
270.8850381374359,22.76
272.29983854293823,22.62
273.72086334228516,22.93
275.1290967464447,22.72
276.46468925476074,22.79
277.88697624206543,22.72
285.1861979961395,1.79
286.49997901916504,1.76
287.82225370407104,1.83
289.1390891075134,1.79
290.4633116722107,1.79
291.8074107170105,1.79
293.10793828964233,1.76
294.42823481559753,1.76
299.02455377578735,14.45
300.4223029613495,20.34
301.7734463214874,31.9
303.18964099884033,28.79
304.6023573875427,34.24
306.0162971019745,29.34
307.4186453819275,27.28
308.8305096626282,26.28
310.23869371414185,25.45
311.66420674324036,25.07
313.06775975227356,25.31
314.484760761261,26.07
315.89465856552124,26.28
317.31023693084717,26.21
318.72405219078064,25.69
320.0667476654053,33.1
321.40915727615356,28.93
322.7482578754425,27.72
324.08337926864624,26.97
325.5096471309662,26.17
326.91238832473755,25.45
328.3273220062256,25.62
329.6718416213989,33.1
331.07639741897583,28.76
332.4262161254883,27.55
333.84150552749634,26.76
335.17417669296265,26.21
336.59160923957825,25.86
338.0051329135895,25.31
339.34759306907654,33.66
340.68565702438354,29.14
342.1048209667206,27.31
343.44961810112,26.45
344.85620403289795,25.97
346.26392459869385,25.97
347.6067006587982,33.1
349.0180094242096,28.86
350.43155097961426,27.45
351.779958486557,33.45
353.19401574134827,34.86
354.53486490249634,29.66
355.9430961608887,27.9
357.35810136795044,27.1
358.7018127441406,26.21
360.1033205986023,26.14
361.4577717781067,33.31
362.80124711990356,29.17
364.14492654800415,27.83
365.48790526390076,26.9
366.82074427604675,33.38
368.1627962589264,28.93
369.58477091789246,27.07
370.9871361255646,25.93
372.3954999446869,25.79
373.8195197582245,25.97
375.23119735717773,26.03
376.5623939037323,25.9
377.91221928596497,34.17
379.26013803482056,29.52
380.6019535064697,28.07
381.99979972839355,26.76
383.4263482093811,26.38
384.8368332386017,26.38
386.23887062072754,25.97
387.65329933166504,33.03
389.0667095184326,28.93
390.4762222766876,27.31
391.8870701789856,26.28
393.23520517349243,26.41
394.6467237472534,25.72
396.0557961463928,32.97
397.46798157691956,34.93
398.810822725296,29.9
400.2273488044739,27.97
401.5623462200165,26.79
402.96886587142944,26.55
404.32577562332153,33.1
405.7373914718628,29.45
407.1396453380585,34.14
408.5596721172333,29.38
409.968022108078,28.07
411.37196707725525,33.59
412.7902686595917,29.28
414.195841550827,27.79
415.60633635520935,26.72
417.02513122558594,33.52
418.4427309036255,29.03
419.84270095825195,27.69
421.2544994354248,26.9
422.66508865356445,26.97
424.08368945121765,33.59
425.49918937683105,29.76
426.83486557006836,33.97
428.2539920806885,29.59
429.5849609375,34.17
431.00807762145996,29.48
432.3449308872223,27.97
433.75641679763794,27.41
435.10726165771484,26.62
436.50484442710876,26.83
437.92130947113037,26.62
439.33862113952637,26.55
440.75632667541504,26.34
442.0921518802643,33.45
443.5015158653259,29.45
444.90736842155457,28.17
446.32315731048584,27.55
447.7457582950592,27.03
449.15331530570984,33.9
450.5590822696686,29.66
451.9721975326538,34.34
453.3936791419983,29.86
454.79150128364563,28.34
456.20970368385315,27.66
457.6230046749115,27.45
459.03676891326904,33.59
460.37142181396484,29.62
461.7857427597046,28.21
463.20564103126526,27.34
464.6076588630676,26.97
466.0247485637665,33.9
467.4352071285248,29.52
468.840802192688,28.24
470.2515037059784,27.38
471.6608536243439,33.52
473.077924489975,29.48
474.4983687400818,28.03
475.90594244003296,27.55
477.3175344467163,26.97
478.73499155044556,26.72
480.13495659828186,26.55
481.5421030521393,33.45
482.96586084365845,29.48
484.3731505870819,28.24
485.7862083911896,27.79
487.1923358440399,33.55
488.61253547668457,29.62
490.0151641368866,28.38
491.43116307258606,34.0
492.8387897014618,29.69
494.25271582603455,28.48
495.6640591621399,33.69
497.0853998661041,29.66
498.48243474960327,28.41
499.9066307544708,27.9
501.3066461086273,27.41
502.7280752658844,27.41
504.13239431381226,27.0
505.5413522720337,26.76
506.95448422431946,26.86
508.3649899959564,26.9
509.7893488407135,33.83
511.19737362861633,29.66
512.6054654121399,34.34
519.9144411087036,1.72
521.2251753807068,1.69
522.5657114982605,1.72
523.8915479183197,1.76
525.198801279068,1.69
526.5104870796204,1.72
527.8237359523773,1.72
529.1573450565338,1.69
533.7442607879639,14.03
535.1673004627228,41.62
536.5673677921295,42.34
537.9819407463074,50.38
539.395898103714,51.41
540.8092641830444,51.41
542.2187242507935,51.21
543.6262414455414,44.59
545.0473031997681,42.79
546.457676410675,43.03
547.8608360290527,43.03
549.284775018692,49.21
550.6932506561279,50.41
552.1063089370728,50.83
553.514110326767,50.83
554.926745891571,50.79
556.3342266082764,50.72
557.756076335907,50.72
559.168496131897,44.52
560.5729129314423,43.07
561.9839947223663,49.24
563.3995201587677,50.17
564.812970161438,50.69
566.2256782054901,50.41
567.6367154121399,50.55
569.0500655174255,50.62
570.4485146999359,50.66
571.8738420009613,50.66
573.2833580970764,50.76
574.6942009925842,50.66
576.1089291572571,50.76
577.5077257156372,50.59
578.93101811409,50.79
580.3311982154846,44.55
581.7422788143158,50.03
583.1506023406982,50.55
584.5717506408691,50.59
585.9888844490051,44.66
587.3926599025726,49.69
588.8065629005432,50.62
590.2265315055847,44.69
591.6250650882721,49.52
593.0356209278107,50.28
594.4514663219452,50.52
595.8617510795593,50.45
597.2760558128357,50.38
598.6925461292267,50.59
600.100839138031,50.34
601.505184173584,50.24
602.9251973628998,50.28
604.339417219162,50.24
605.7536494731903,50.21
607.1568274497986,50.1
608.5628392696381,50.03
609.9852473735809,51.48
611.3846218585968,50.38
612.7954053878784,50.1
614.2099332809448,49.9
615.6319997310638,50.0
617.0397818088531,49.76
618.4455468654633,49.72
619.8594365119934,49.69
621.2811501026154,49.79
622.6860845088959,49.83
624.1052405834198,49.79
625.5138370990753,49.59
626.9228003025055,49.69
628.3369534015656,49.52
629.749228477478,49.55
631.153538942337,49.69
632.5583071708679,49.62
633.9785451889038,49.59
635.3807079792023,49.34
636.7950685024261,49.48
638.2102744579315,50.24
639.5484147071838,49.48
640.8990769386292,49.48
642.3172323703766,49.48
643.7307481765747,49.14
645.1418011188507,49.17
646.5417861938477,49.24
647.954021692276,49.21
649.3748786449432,49.21
650.7734687328339,49.1
652.1279938220978,49.28
653.5422143936157,50.24
654.874285697937,49.38
656.2890911102295,49.21
663.5838007926941,1.24
664.9028255939484,1.28
666.2085371017456,1.31
667.520382642746,1.28
668.8110618591309,1.28
670.1560728549957,1.31
671.4684889316559,1.17
672.777242898941,1.24
677.3577666282654,13.31
678.778666973114,61.79
680.1277000904083,63.55
681.4618811607361,63.9
682.8034930229187,63.34
684.2258312702179,71.76
685.5698571205139,66.41
686.9080119132996,64.86
688.2511174678802,71.66
689.654109954834,74.45
691.0093924999237,67.45
692.355046749115,64.97
693.762433052063,73.72
695.1657016277313,73.97
696.5883619785309,74.45
697.9247345924377,74.38
699.2766320705414,66.21
700.689530134201,64.76
702.0204360485077,63.93
703.4435489177704,64.0
704.7719764709473,72.14
706.1850128173828,73.93
707.5315527915955,65.93
708.8765676021576,65.24
710.2229599952698,64.03
711.6405622959137,63.52
712.9770338535309,62.83
714.3829758167267,71.97
715.7373704910278,74.14
717.1473188400269,74.03
718.4867296218872,75.38
719.8367826938629,75.07
721.1764442920685,74.41
722.5768668651581,75.59
723.9206478595734,66.69
725.3389604091644,65.34
726.7579810619354,63.83
728.1706256866455,63.76
729.5820367336273,72.21
730.9889996051788,66.21
732.3369972705841,64.9
733.7491545677185,73.0
735.086320400238,73.45
736.4931995868683,75.28
737.8429152965546,74.69
739.2566349506378,67.07
740.6008412837982,64.45
742.0123732089996,63.17
743.4120655059814,64.07
744.8242001533508,64.41
746.2357909679413,64.93
747.5847814083099,63.55
748.9975416660309,70.86
750.4087221622467,65.07
751.7417023181915,64.28
753.1682965755463,71.52
754.5740814208984,66.31
755.9227449893951,63.55
757.2609248161316,64.72
758.6766726970673,63.07
760.0201191902161,62.83
761.4184834957123,71.28
762.8434255123138,73.14
764.2496447563171,73.69
765.6638736724854,66.62
767.0718460083008,64.45
774.391509771347,0.69
775.7025063037872,0.62
777.0072803497314,0.69
778.3615915775299,0.76
779.6663281917572,0.76
780.965723991394,0.76
782.2742960453033,0.79
783.584282875061,0.79
788.175623178482,20.59
789.5759582519531,73.38
790.9217867851257,77.72
792.3386795520782,86.24
793.6779823303223,87.62
795.0199604034424,88.14
796.3674793243408,88.24
797.711128950119,88.9
799.0497512817383,88.69
800.4026477336884,97.59
801.7360074520111,90.83
803.1550078392029,98.1
804.559074640274,90.52
805.9780976772308,97.86
807.3131408691406,91.55
808.6651546955109,97.93
810.0007407665253,90.66
811.4192998409271,89.48
812.8267307281494,89.24
814.2425005435944,88.24
815.5724215507507,87.62
816.9925470352173,88.62
818.3293509483337,88.0
819.7514519691467,88.93
821.094247341156,88.07
822.4260683059692,97.76
823.8491792678833,91.62
825.249187707901,90.1
826.6599476337433,89.9
828.0785508155823,88.59
829.4859621524811,89.21
830.8957333564758,97.24
832.3158040046692,90.14
833.6524772644043,97.97
835.0693292617798,90.59
836.4739606380463,89.17
837.8283684253693,88.17
839.1736514568329,88.24
840.5122323036194,87.79
841.9225716590881,89.03
843.2601590156555,88.14
844.6841306686401,96.62
846.0961694717407,90.0
847.5014729499817,97.07
848.9206404685974,90.28
850.3322677612305,89.45
851.67475938797,87.86
853.0883545875549,88.14
854.4918341636658,87.76
855.903094291687,89.79
857.3122656345367,88.38
864.6356492042542,0.17
865.9388055801392,0.14
867.2452366352081,0.17
868.5463588237762,0.21
869.8677923679352,0.17
871.173201084137,0.17
872.4785788059235,0.21
873.8144090175629,0.17
875.0168216228485,0.21
876.2221360206604,0.24
877.4248080253601,0.24
878.6285898685455,0.17
879.8381888866425,0.14
881.0451610088348,0.21
882.2868118286133,0.21
883.4874529838562,0.1
884.6932964324951,0.21
885.9029264450073,0.28
887.1217963695526,0.14
888.3360471725464,0.17
889.5453407764435,0.17
890.7672545909882,0.17
892.0313394069672,0.41
893.2367339134216,0.28
894.4411702156067,0.31
895.663337469101,0.24
896.8805224895477,0.17
898.0892314910889,0.31
899.2969586849213,0.14
900.50892329216,0.31
901.7644279003143,0.17
902.9575762748718,0.28
904.1685330867767,0.28
905.3872601985931,0.24
906.6035850048065,0.21
907.8043878078461,0.28
909.0247111320496,0.28
910.2363619804382,0.31
911.4756100177765,0.21
912.6996631622314,0.31
913.9129056930542,0.28
915.1297793388367,0.21
916.3434586524963,0.31
917.5472159385681,0.34
918.7552964687347,0.17
919.9718480110168,0.31
921.2255940437317,0.21
922.4361855983734,0.28
923.6487188339233,0.28
924.8582570552826,0.24
926.0628623962402,0.21
927.2693517208099,0.24
928.486114025116,0.28
