1.1006169319152832,-2.0,0
2.3377573490142822,-1.93,0
3.5554497241973877,-1.83,0
4.7630836963653564,-1.9,0
5.976552248001099,-1.86,0
7.19193172454834,-1.86,0
8.3909010887146,-1.83,0
9.607505559921265,-1.86,0
10.81924819946289,-1.86,0
12.066453218460083,-1.83,0
13.299034595489502,-1.86,0
14.496944904327393,-1.79,0
15.70937705039978,-1.76,0
16.920961141586304,-1.69,0
18.131396293640137,-1.76,0
19.33018159866333,-1.66,0
20.545138120651245,-1.62,0
21.796257495880127,-1.62,0
23.000795602798462,-1.55,0
24.191676378250122,-1.55,0
25.405657529830933,-1.55,0
26.604225635528564,-1.41,0
27.81712007522583,-1.38,0
29.03349542617798,-1.34,0
30.280029296875,-1.31,0
31.486611366271973,-1.31,0
32.73859119415283,-1.31,0
33.93690848350525,-1.17,0
35.13356113433838,-1.14,0
36.33081555366516,-1.14,0
40.911388874053955,-1.1,1
42.32541632652283,-1.17,1
43.7392041683197,-1.07,1
45.13972997665405,-1.03,1
46.56257247924805,-1.03,1
47.97144103050232,-1.03,1
49.3835768699646,-1.03,1
50.78781509399414,-1.14,1
52.208012104034424,-1.07,1
53.62332725524902,-1.1,1
55.02720904350281,-1.1,1
56.43872332572937,-1.07,1
57.794899225234985,-1.07,1
59.19556379318237,-1.0,1
60.61044669151306,21.28,1
62.03573036193848,118.86,1
63.436628341674805,15.79,1
64.84644341468811,1.93,1
66.26811599731445,-0.07,1
67.60911798477173,-1.07,1
69.02936911582947,5.38,1
70.3732738494873,64.62,1
71.7113196849823,31.07,1
73.05519700050354,17.17,1
74.47361588478088,-18.59,1
75.88730478286743,18.97,1
77.29492449760437,2.55,1
78.64422512054443,0.55,1
80.05020999908447,-108.86,1
81.46667051315308,19.55,1
82.87390732765198,6.55,1
84.27846837043762,-51.41,1
85.69727683067322,5.14,1
87.11316776275635,14.1,1
88.53004717826843,1.72,1
89.87050151824951,-0.97,1
91.27488136291504,-1.41,1
92.69915008544922,-1.52,1
94.10130023956299,-0.34,1
95.4439148902893,-1.69,1
96.8653028011322,-8.34,1
98.26988434791565,1.52,1
99.68340587615967,-4.45,1
101.099942445755,-1.52,1
102.50876760482788,-1.83,1
103.86194038391113,-1.83,1
105.20213413238525,-1.79,1
106.61965870857239,-1.79,1
108.02901864051819,-1.83,1
109.44789958000183,-1.86,1
110.8528962135315,-1.79,1
112.19445252418518,-1.83,1
113.6178548336029,-1.86,1
114.95058298110962,-1.83,1
116.36640763282776,-1.86,1
117.71866083145142,-1.79,1
119.12934827804565,-1.83,1
120.5364179611206,-1.86,1
121.94565773010254,-1.76,1
123.30146145820618,-1.79,1
124.70555305480957,-1.83,1
126.12474918365479,-1.86,1
127.54075813293457,-1.9,1
128.94764041900635,-1.79,1
130.36392307281494,-1.83,1
131.7751543521881,-1.9,1
133.18197202682495,-1.86,1
134.52395105361938,-1.9,1
135.94220638275146,-1.83,1
137.35881662368774,-1.83,1
138.7621922492981,-1.83,1
140.11426758766174,-1.86,1
141.51714253425598,-1.86,1
142.93423509597778,-1.86,1
144.35294675827026,-1.9,1
145.75174951553345,-1.9,1
147.17863965034485,-1.83,1
148.58439898490906,-1.9,1
150.00280714035034,-1.79,1
151.41135144233704,-1.9,1
152.82714223861694,-1.9,1
154.23363494873047,-1.79,1
155.64338326454163,-1.86,1
157.06321358680725,-1.9,1
158.48137712478638,-1.9,1
159.88933658599854,-1.9,1
161.22793817520142,-2.0,1
162.57185626029968,-1.93,1
163.9930875301361,-1.86,1
165.33775234222412,-1.79,1
166.6735556125641,-1.9,1
168.0280179977417,-1.86,1
169.36828517913818,-1.97,1
170.7119655609131,-1.79,1
172.05455112457275,-1.86,1
173.40185952186584,-1.86,1
174.74177074432373,-1.86,1
176.1566424369812,-1.86,1
177.5021538734436,-2.0,1
178.83432412147522,-1.93,1
180.19078159332275,-1.86,1
181.5341658592224,-1.86,1
182.8756823539734,-1.93,1
184.2185561656952,-1.86,1
185.5621211528778,-1.9,1
186.90238904953003,-1.9,1
188.3122627735138,-1.86,1
189.65261220932007,-1.9,1
191.00915598869324,-1.9,1
192.35169291496277,-1.79,1
193.76175022125244,-1.93,1
195.10939931869507,-1.03,1
196.44786548614502,1100.0,1
197.795254945755,1100.0,1
199.21165800094604,1100.0,1
200.5500864982605,1100.0,1
201.9603431224823,1100.0,1
203.30363702774048,1100.0,1
204.70653891563416,1099.9,1
206.06009531021118,1098.48,1
207.46474146842957,1079.48,1
208.8850872516632,1040.34,1
210.28581595420837,1006.79,1
211.70807099342346,995.34,1
213.11465048789978,965.76,1
214.53346061706543,975.17,1
215.94192242622375,989.34,1
217.34508275985718,988.0,1
218.77019000053406,995.52,1
220.18081307411194,991.93,1
227.4734547138214,-1.83,0
228.77276372909546,-1.86,0
230.0798053741455,-1.9,0
231.4029574394226,-1.93,0
232.71566772460938,-1.93,0
234.02691650390625,-1.86,0
235.37421679496765,-5.93,0
236.66714072227478,-5.07,0
241.27158522605896,958.9,1
242.67113709449768,222.41,1
244.09840059280396,238.86,1
251.38999009132385,-1.97,0
252.70254635810852,-1.97,0
254.02787446975708,-1.97,0
255.3703715801239,-2.07,0
256.67913722991943,-2.0,0
258.00433015823364,-2.0,0
259.31036043167114,-1.9,0
260.6271290779114,-2.0,0
265.20934319496155,-2.86,1
266.6295893192291,-0.41,1
268.0483317375183,0.97,1
269.4500377178192,2.31,1
270.8725221157074,4.14,1
272.2757873535156,4.28,1
273.68540596961975,6.03,1
275.10377860069275,5.9,1
276.52013635635376,7.72,1
277.9348449707031,7.83,1
279.3407790660858,7.69,1
280.763320684433,7.69,1
282.16631269454956,7.79,1
