1.1079754829406738,-1.52,0
2.343074321746826,-1.59,0
3.552532434463501,-1.52,0
4.753571033477783,-1.48,0
5.956152439117432,-1.45,0
7.15708065032959,-1.52,0
8.36820912361145,-1.52,0
12.931636571884155,19.28,1
14.291854619979858,2.83,1
15.70339822769165,19.17,1
17.114670515060425,21.52,1
18.51908540725708,23.9,1
19.93496084213257,24.69,1
21.34187388420105,25.41,1
22.68817400932312,26.45,1
24.038451433181763,26.21,1
25.3784601688385,30.79,1
26.796703577041626,28.9,1
28.130670309066772,30.9,1
29.473000288009644,29.38,1
30.892719984054565,28.48,1
32.30606770515442,30.69,1
33.64085578918457,28.55,1
35.054381132125854,31.9,1
36.396918296813965,32.72,1
37.80688667297363,29.1,1
39.57208514213562,28.07,1
40.98901581764221,32.55,1
