1.1130211353302002,-2.0,0
2.3734121322631836,-2.0,0
3.590027332305908,-2.0,0
4.824157476425171,-2.03,0
9.41574501991272,-2.0,1
10.828074216842651,-2.03,1
12.229435920715332,-1.97,1
13.642551898956299,-1.97,1
15.067117691040039,-1.97,1
16.4678635597229,-2.03,1
17.822139739990234,-2.07,1
19.160571575164795,-2.0,1
20.570419788360596,-1.97,1
21.914648294448853,227.97,1
23.330423593521118,134.72,1
24.734587907791138,104.41,1
26.153956413269043,97.24,1
27.57282543182373,91.0,1
28.969886302947998,98.03,1
30.38307809829712,92.1,1
31.799957990646362,85.69,1
33.20543718338013,85.62,1
34.62962031364441,71.76,1
41.94717621803284,-0.62,0
43.313294887542725,-0.62,0
44.63195466995239,-0.69,0
45.93267250061035,-0.72,0
47.2500159740448,-0.76,0
48.90990495681763,-0.76,0
49.53830361366272,-0.72,0
50.16535687446594,-0.86,0
50.80935525894165,-0.83,0
