1.1180472373962402,-1.9,0
2.356502056121826,-1.76,0
3.5631258487701416,-1.79,0
4.758764982223511,-1.79,0
5.960584402084351,-1.86,0
10.557687282562256,-1.72,1
11.969415426254272,-1.79,1
13.381166934967041,-1.76,1
14.726752281188965,-1.86,1
16.140397787094116,-1.9,1
17.482213497161865,-1.79,1
18.88408088684082,-1.79,1
20.23672580718994,-1.76,1
21.57398223876953,-1.86,1
22.99141240119934,-1.72,1
24.408735990524292,-1.83,1
25.81603693962097,-1.76,1
27.234741687774658,-1.79,1
28.64048457145691,-1.76,1
30.0573673248291,-1.9,1
31.398358821868896,-1.79,1
32.81726932525635,-2.03,1
34.14901041984558,-1.48,1
35.50429439544678,-2.14,1
36.83996629714966,-1.76,1
38.25341820716858,-1.83,1
39.60697269439697,-1.69,1
40.94370365142822,-1.59,1
42.28417181968689,-1.76,1
43.70938205718994,-1.83,1
45.05436944961548,-0.76,1
46.45689582824707,3.07,1
47.87368416786194,18.17,1
49.28951978683472,22.66,1
50.69390559196472,24.66,1
52.117777585983276,24.86,1
53.521148920059204,24.9,1
54.86123204231262,24.79,1
56.28155827522278,24.93,1
57.70017218589783,24.83,1
59.10354423522949,24.9,1
60.51159334182739,24.83,1
61.931419372558594,24.86,1
63.35084795951843,24.83,1
64.75695967674255,24.69,1
66.1082136631012,42.28,1
67.45244717597961,826.55,1
68.79607772827148,277.55,1
70.19921612739563,113.14,1
71.5372543334961,50.86,1
72.89244174957275,33.28,1
74.23089170455933,28.0,1
75.58000087738037,34.83,1
76.9171051979065,28.59,1
78.33269381523132,648.72,1
79.67221570014954,397.1,1
81.07757210731506,159.45,1
87.67415308952332,25.38,0
88.9663474559784,25.31,0
90.27354097366333,25.66,0
91.58077788352966,25.79,0
92.88821244239807,26.21,0
94.18058562278748,26.72,0
95.52691316604614,26.62,0
96.83813858032227,26.62,0
98.13078308105469,26.66,0
99.435870885849,26.59,0
100.74292159080505,26.72,0
102.05928325653076,26.93,0
103.35903787612915,26.76,0
104.65115880966187,26.66,0
106.00864505767822,26.62,0
107.31230139732361,26.66,0
111.90388345718384,26.55,1
113.2467565536499,26.38,1
114.66631841659546,26.34,1
116.06869602203369,26.34,1
117.48905944824219,26.48,1
118.89160990715027,26.45,1
120.31603193283081,26.48,1
121.65447854995728,26.55,1
123.06077742576599,26.45,1
124.4805314540863,26.45,1
125.89757299423218,26.52,1
127.30244565010071,26.41,1
128.63960218429565,26.59,1
130.05734872817993,26.72,1
131.41186785697937,26.62,1
132.75729966163635,26.79,1
134.10170364379883,26.66,1
135.44339990615845,26.66,1
136.85186862945557,26.62,1
