1.1046545505523682,-1.9,0
2.323168992996216,-1.83,0
3.531282424926758,-1.86,0
4.731227874755859,-1.9,0
9.35446572303772,105.86,1
10.766722440719604,51.97,1
12.179043531417847,42.83,1
13.57840895652771,41.72,1
14.99373483657837,40.31,1
16.410930633544922,40.48,1
17.75345778465271,40.48,1
19.083685636520386,37.83,1
20.508426904678345,38.41,1
21.841963291168213,41.86,1
23.262430906295776,41.48,1
24.675636053085327,40.34,1
26.07897138595581,40.1,1
27.49817657470703,40.45,1
28.895695209503174,40.69,1
30.311590671539307,40.55,1
31.730668544769287,40.21,1
33.12914562225342,39.76,1
34.55496311187744,40.24,1
35.897958755493164,40.03,1
37.30901646614075,40.0,1
38.70716381072998,40.62,1
40.118252754211426,40.24,1
