1.1217374801635742,-1.69,0
2.3609073162078857,-1.79,0
3.572535514831543,-1.9,0
4.775274753570557,-1.83,0
9.362448453903198,-2.07,1
10.776756525039673,-1.83,1
12.189950942993164,-1.69,1
13.59913182258606,-1.69,1
15.00948977470398,-1.66,1
16.415990352630615,-1.69,1
17.76382851600647,-1.66,1
19.11333656311035,-1.66,1
20.452295541763306,-1.34,1
21.8011314868927,0.45,1
23.211707830429077,0.21,1
24.626649618148804,0.72,1
25.970012187957764,0.72,1
27.371028661727905,1.34,1
28.791316986083984,1.34,1
30.206737518310547,1.72,1
31.61335563659668,1.66,1
33.03193402290344,1.66,1
34.433704137802124,1.76,1
35.85877537727356,1.76,1
37.26131749153137,1.9,1
38.671783447265625,1.9,1
40.090338468551636,-1.07,1
41.50869631767273,-0.9,1
42.90822792053223,-1.38,1
44.33328676223755,-1.41,1
45.74468970298767,-1.24,1
47.155988454818726,-1.34,1
48.57489609718323,-1.31,1
49.97587490081787,-1.14,1
51.398988485336304,-1.66,1
52.81105875968933,-1.38,1
54.21030259132385,-1.38,1
55.63415718078613,1.66,1
57.03548264503479,4.79,1
58.4545316696167,5.34,1
59.87454056739807,5.66,1
61.21560192108154,5.9,1
62.626734256744385,5.97,1
64.04161190986633,6.0,1
65.44768071174622,6.0,1
