1.1182868480682373,-0.66
2.354609489440918,-0.76
3.5615768432617188,-0.72
4.767677545547485,-0.72
5.9726691246032715,-0.69
7.177263021469116,-0.69
9.974209785461426,281.21
11.388286828994751,359.14
12.731835842132568,375.45
14.144183874130249,377.66
15.555877208709717,377.28
19.223926067352295,1.34
20.536572217941284,1.45
21.839463233947754,1.41
23.14645004272461,1.41
24.43327522277832,1.52
25.767889738082886,1.48
27.065849542617798,1.52
28.41690754890442,1.41
29.720235586166382,1.52
31.05422329902649,1.52
32.36244511604309,1.52
33.66730523109436,1.55
34.97418737411499,1.52
36.28731632232666,1.48
37.590314626693726,1.45
38.9275426864624,1.55
41.69249200820923,291.86
43.11373543739319,360.07
44.45824933052063,372.41
45.868887424468994,374.97
47.27471709251404,373.69
50.95195293426514,-0.55
52.29625654220581,-0.52
53.599733114242554,-0.45
54.915287017822266,-0.45
56.22249221801758,1.59
57.522483825683594,0.72
58.837408781051636,-0.14
60.160542011260986,-0.17
61.46637678146362,-0.28
62.81959104537964,-0.28
64.13115811347961,-0.34
65.4358561038971,-0.34
66.73694705963135,-0.31
68.0330240726471,-0.28
69.34269952774048,-0.24
70.64224767684937,-0.38
73.41012811660767,296.1
74.82332110404968,361.97
76.24379754066467,375.69
77.5771336555481,376.28
78.92473721504211,374.45
82.60763955116272,-1.55
83.92264533042908,-1.72
85.2422924041748,-1.86
86.54815983772278,-1.93
87.88127946853638,-1.93
89.19632244110107,-1.97
90.51088547706604,-2.03
91.82001519203186,-2.0
94.58681845664978,271.24
96.00619721412659,346.21
97.41785669326782,370.31
98.81597757339478,373.03
100.24063158035278,372.03
103.91231441497803,0.83
105.2307596206665,0.97
106.53530955314636,1.17
107.8386332988739,1.07
109.15994215011597,1.1
110.47840166091919,1.1
111.82130408287048,1.21
113.13207697868347,1.17
