1.1071507930755615,-2.21,0
2.342567205429077,-2.17,0
3.548302173614502,-2.21,0
4.746668815612793,-2.21,0
9.31060266494751,1.38,1
10.724157810211182,1.52,1
12.13601565361023,1.45,1
13.548805475234985,2.17,1
14.961739540100098,4.34,1
16.375054121017456,2.79,1
17.71743416786194,2.21,1
19.062921285629272,1.86,1
20.406596183776855,1.86,1
21.750608444213867,1.24,1
23.164026975631714,1.79,1
24.576557636260986,2.31,1
25.988526821136475,0.79,1
27.401072025299072,1.45,1
28.8137845993042,1.48,1
30.225260496139526,1.21,1
31.638349056243896,0.83,1
33.05141305923462,1.03,1
34.39552569389343,0.28,1
35.73936724662781,-1.97,1
37.08370566368103,-1.72,1
38.494938373565674,-0.86,1
39.90731167793274,0.79,1
41.3196747303009,0.52,1
42.73230838775635,0.83,1
44.07834029197693,0.14,1
45.48919343948364,0.0,1
46.833168029785156,0.1,1
48.24610257148743,-0.1,1
49.659117698669434,-0.41,1
51.07202172279358,-0.55,1
52.48537611961365,-0.52,1
53.897464990615845,-0.52,1
55.30955147743225,-0.79,1
56.72128891944885,-0.86,1
58.134177923202515,-0.9,1
59.54686498641968,-0.97,1
60.890918493270874,-0.9,1
62.30288887023926,-1.31,1
63.714847803115845,-1.0,1
65.05885887145996,-1.17,1
66.40282249450684,-1.17,1
67.74609851837158,-1.17,1
69.16077089309692,-1.31,1
70.57214140892029,-1.48,1
71.98457193374634,-1.41,1
73.39701056480408,-1.34,1
74.80883884429932,-1.34,1
76.22065854072571,-1.62,1
77.63360667228699,-1.52,1
78.97766923904419,-1.55,1
80.3896996974945,-1.31,1
81.7335319519043,-1.34,1
83.0780622959137,-1.52,1
84.48942637443542,-1.59,1
85.90146851539612,-1.55,1
87.3137936592102,-1.66,1
88.72658586502075,-1.66,1
