1.1081149578094482,5.97,0
2.3475520610809326,6.07,0
3.5486738681793213,6.03,0
4.751547574996948,6.0,0
5.944629907608032,6.1,0
10.538575887680054,12.41,1
11.952224254608154,38.14,1
13.365081787109375,38.14,1
14.708634614944458,45.59,1
16.111175298690796,39.62,1
17.46651268005371,38.31,1
18.805843114852905,45.21,1
20.14435315132141,38.93,1
21.562096118927002,38.21,1
22.964500904083252,37.69,1
24.379541873931885,44.21,1
25.784854650497437,42.52,1
27.210074424743652,41.66,1
28.623571395874023,40.72,1
30.03121590614319,40.07,1
31.438183784484863,39.45,1
32.86122250556946,38.69,1
34.26817727088928,38.03,1
35.67407727241516,37.34,1
37.093729734420776,38.59,1
38.49694514274597,37.93,1
39.91316366195679,42.1,1
41.31921648979187,42.48,1
42.6669237613678,39.79,1
44.085397481918335,42.41,1
45.488142251968384,42.55,1
46.9073588848114,39.86,1
48.31527066230774,39.41,1
49.731711626052856,42.07,1
51.13504719734192,39.62,1
52.55065870285034,38.52,1
53.956398010253906,39.1,1
55.37528657913208,38.34,1
56.77888774871826,37.66,1
58.20317339897156,37.66,1
59.6096134185791,39.66,1
61.022679567337036,38.93,1
62.42683267593384,38.31,1
63.84348225593567,40.55,1
65.26244306564331,39.72,1
66.60651350021362,38.93,1
68.01591515541077,38.45,1
69.41803908348083,40.45,1
70.77472925186157,39.72,1
72.17882943153381,39.07,1
73.59961414337158,38.21,1
75.00186681747437,37.72,1
76.3546392917633,39.1,1
77.76381659507751,38.41,1
79.16963720321655,43.69,1
80.5804557800293,42.34,1
81.99891781806946,41.45,1
83.40070128440857,40.86,1
84.82153010368347,40.0,1
86.22253227233887,39.41,1
87.64047145843506,38.76,1
89.05968928337097,38.0,1
90.46494555473328,37.55,1
91.88266229629517,39.59,1
93.28774571418762,38.79,1
94.70741009712219,38.14,1
96.10881495475769,39.31,1
97.5262999534607,43.93,1
98.9389898777008,42.66,1
100.34375,41.83,1
101.76577115058899,36.41,1
103.17627143859863,36.69,1
104.57974457740784,36.34,1
106.00069689750671,38.28,1
107.4037458896637,44.07,1
108.82677984237671,42.52,1
110.23107719421387,41.69,1
111.65143322944641,40.9,1
113.05301094055176,40.07,1
114.46866488456726,39.41,1
115.8809974193573,38.97,1
117.28349876403809,38.21,1
118.69906830787659,37.72,1
120.11404418945312,38.62,1
121.53097033500671,38.38,1
122.94759345054626,39.62,1
124.35461020469666,39.69,1
125.75851535797119,39.76,1
127.17712235450745,40.34,1
128.59566140174866,39.97,1
130.0042314529419,39.86,1
131.40901517868042,39.62,1
132.82081413269043,39.97,1
140.138991355896,1.9,0
141.44061422348022,1.9,0
142.74964666366577,1.93,0
144.04850363731384,1.86,0
145.36453461647034,1.9,0
146.67480635643005,-0.21,0
147.99858331680298,-12.69,0
149.33890533447266,4.66,0
153.9293656349182,73.86,1
155.34553360939026,157.38,1
156.74992752075195,220.9,1
158.16064167022705,294.48,1
159.5804009437561,342.41,1
160.92170071601868,359.31,1
162.3236608505249,371.86,1
163.67728471755981,362.62,1
165.08275270462036,340.62,1
166.4995093345642,321.17,1
167.91663002967834,304.21,1
169.32747101783752,287.93,1
170.66600847244263,273.62,1
172.00568652153015,260.0,1
179.38233828544617,6.28,0
180.68495297431946,6.31,0
182.0058524608612,6.38,0
183.31316781044006,6.34,0
184.62136888504028,6.45,0
185.93222737312317,6.55,0
187.24157619476318,6.41,0
188.5515477657318,6.45,0
189.79756331443787,6.45,0
191.0087857246399,6.48,0
192.22068309783936,6.45,0
193.4362165927887,6.52,0
194.64610505104065,6.41,0
195.8677520751953,6.55,0
197.07292819023132,6.48,0
