1.1070282459259033,-1.52,0
2.342074394226074,-1.62,0
3.5481152534484863,-1.55,0
4.7500059604644775,-1.52,0
5.952396631240845,-1.52,0
7.164488315582275,-1.55,0
8.3608877658844,-1.52,0
9.561763286590576,-1.66,0
10.79102349281311,-1.52,0
12.033352851867676,-1.62,0
13.244063138961792,-1.48,0
14.456300973892212,-1.59,0
15.687512636184692,-1.59,0
16.89233922958374,-1.59,0
18.101722240447998,-1.59,0
19.315789699554443,-1.55,0
20.5338613986969,-1.48,0
21.78307604789734,-1.55,0
22.988380908966064,-1.52,0
24.191797256469727,-1.52,0
25.622076272964478,-1.45,0
26.882752656936646,-1.52,0
28.093260765075684,-1.59,0
29.607221841812134,-1.52,0
30.866830587387085,-1.48,0
32.08122944831848,-1.59,0
33.2767653465271,-1.55,0
34.479002714157104,-1.59,0
39.05973410606384,-1.55,1
40.40273857116699,-1.55,1
41.81445574760437,-1.59,1
43.15826892852783,-1.62,1
44.561835050582886,-1.59,1
45.982269287109375,-1.59,1
47.38626575469971,-1.52,1
48.810280561447144,-1.59,1
50.15076041221619,-1.59,1
51.56838417053223,-1.55,1
52.98097848892212,-1.52,1
54.39413785934448,-1.59,1
55.799896478652954,-1.55,1
57.21348261833191,-1.59,1
58.62497520446777,-1.52,1
60.034152030944824,-1.48,1
61.45449471473694,-1.48,1
62.865487575531006,-1.62,1
64.27048707008362,-1.55,1
65.6106653213501,-1.52,1
67.03225898742676,-1.45,1
68.4483687877655,-1.59,1
69.78365087509155,-1.62,1
71.14030718803406,-1.52,1
72.48208260536194,-1.48,1
73.82166838645935,-1.55,1
75.17329406738281,-1.62,1
76.5730926990509,-1.66,1
77.99256348609924,-1.55,1
79.41049122810364,-1.52,1
