1.108400583267212,6.45
2.3543574810028076,6.55
3.567477226257324,6.52
4.778509140014648,6.59
6.000532150268555,6.62
10.58039903640747,6.48
11.992210388183594,6.62
13.404752254486084,8.52
14.816795587539673,11.41
16.21507477760315,14.52
17.635314226150513,18.21
19.050192832946777,22.62
20.397955179214478,26.83
21.795457124710083,31.17
23.15315866470337,35.48
24.494556665420532,39.34
25.904309034347534,43.21
27.31431555747986,46.72
28.727588653564453,49.76
30.139440774917603,52.86
31.539161682128906,55.31
32.95533108711243,57.55
34.303993940353394,59.83
35.647557497024536,61.28
36.98960852622986,62.34
38.400558948516846,63.21
39.80992269515991,63.86
41.226914167404175,64.1
42.56550621986389,63.93
43.913570404052734,63.93
45.25625014305115,63.86
46.667197465896606,63.21
48.08070516586304,62.72
49.49327087402344,61.86
50.903454542160034,60.69
52.303425312042236,59.62
53.718955278396606,58.28
55.13217782974243,56.86
56.54639458656311,55.52
57.948630571365356,54.21
59.364744663238525,52.83
60.78021597862244,51.48
62.19278287887573,50.38
63.595409631729126,49.31
65.00832200050354,48.28
66.43213939666748,47.45
67.76992464065552,46.86
69.1188325881958,46.14
70.51901626586914,46.0
71.87079501152039,45.52
73.20938277244568,45.21
74.55819010734558,45.31
75.89635276794434,45.1
77.31267237663269,45.24
78.65666246414185,45.21
80.06874632835388,45.1
81.48214745521545,44.93
82.89269137382507,45.41
84.30571222305298,45.55
85.71816229820251,45.79
87.0612416267395,46.24
88.46614122390747,46.69
89.81462669372559,47.17
91.22352027893066,47.34
92.63875675201416,47.86
93.97801876068115,48.31
95.32512950897217,48.79
96.66809391975403,49.1
98.07786083221436,49.62
99.49330496788025,50.03
100.9053783416748,50.28
102.3072898387909,50.66
103.71837282180786,50.97
105.07236003875732,51.24
106.47456240653992,51.34
107.89291787147522,51.41
109.30709195137024,51.45
110.7083032131195,51.34
112.11776280403137,51.31
113.53705286979675,51.28
114.88665747642517,51.31
116.28537225723267,51.31
117.70046401023865,51.38
119.11677145957947,51.24
120.46464037895203,51.59
121.86814737319946,51.17
123.27546405792236,51.14
124.69898438453674,51.0
126.03894758224487,50.97
127.44538426399231,50.93
128.85734629631042,50.79
130.26671648025513,50.66
131.61903309822083,50.52
133.02881407737732,50.59
134.44192099571228,50.34
135.85516595840454,50.24
143.13786816596985,6.97
144.55099630355835,7.0
145.97102856636047,7.07
147.4223780632019,7.1
148.84882235527039,7.07
150.28345131874084,7.03
151.79030680656433,7.03
153.1884582042694,7.03
154.61427307128906,7.1
156.07096409797668,7.07
157.39113783836365,7.1
158.70686650276184,7.14
160.02088379859924,7.17
161.35391807556152,7.1
162.68086004257202,7.07
167.2451364994049,10.48
168.65707993507385,11.0
170.0643105506897,18.52
171.47467589378357,22.24
172.82784390449524,32.14
174.23751950263977,34.1
175.5824236869812,33.62
176.99212336540222,39.52
178.32934713363647,41.03
179.68276500701904,37.72
181.01827025413513,30.86
182.43496561050415,34.86
183.77446675300598,19.72
185.12185955047607,20.55
186.52904772758484,23.76
187.94167709350586,25.41
189.35590863227844,24.66
190.70416069030762,23.52
192.04705238342285,30.72
193.4562704563141,21.14
194.80090284347534,25.93
196.20734906196594,29.38
197.61273908615112,19.59
199.03964614868164,23.79
200.37759232521057,23.45
201.780606508255,33.55
203.13228034973145,42.93
204.47409057617188,48.66
205.81997227668762,55.72
207.1614420413971,64.48
208.50107669830322,55.14
209.91915130615234,47.66
211.25896215438843,46.72
212.67280387878418,47.17
214.0158989429474,52.79
215.42109775543213,38.55
216.77312111854553,36.76
218.1847472190857,37.38
219.5957338809967,28.21
221.0097689628601,-1100.0
222.41000652313232,-2.17
223.82363152503967,-1.83
225.24802541732788,-1.38
226.6586935520172,-1.31
228.07086610794067,-1.34
229.48084211349487,-1.34
230.88787961006165,-1.28
232.30176949501038,-1.34
233.65024971961975,-1.34
235.06266570091248,-1.31
236.47688388824463,-1.34
237.82219243049622,-1.28
239.16430592536926,-1.28
240.57848262786865,-1.31
241.9925401210785,-1.21
243.4049415588379,0.86
244.80365109443665,0.38
246.2174994945526,-1.03
247.63264989852905,93.24
249.0461506843567,6.38
250.45500922203064,3.28
251.8676598072052,3.21
253.21914267539978,2.0
254.62984609603882,1.86
255.97502541542053,1.72
257.3732409477234,1.79
258.78613090515137,2.93
260.2020740509033,3.14
261.6270363330841,1.79
263.0365836620331,1.93
264.4491665363312,2.93
265.85891795158386,3.24
267.2089080810547,2.83
268.61058163642883,3.31
270.0267276763916,3.31
271.4374690055847,4.66
272.8548765182495,7.14
274.2740502357483,13.38
275.6846213340759,1.07
277.0937731266022,12.0
278.5058572292328,27.41
279.9166986942291,49.9
281.32940340042114,431.93
282.74468302726746,183.69
284.15041279792786,152.69
285.56194281578064,131.69
286.97220396995544,127.83
288.3877079486847,101.72
295.6956157684326,-1.86
297.01242303848267,-1.86
298.37100052833557,-1.93
299.7012813091278,-1.93
301.017290353775,-1.93
302.34238147735596,-1.93
303.6615107059479,-1.93
304.9779453277588,-1.93
306.29490661621094,-2.0
307.651974439621,-1.97
308.97407841682434,-1.97
310.29206562042236,-2.0
311.6140298843384,-1.93
312.93021059036255,-1.97
314.247843503952,-1.97
315.5760295391083,-1.97
316.7991156578064,-2.0
318.05110907554626,-1.97
319.2710602283478,-1.93
320.47769689559937,-1.97
321.68420457839966,-2.0
322.89344239234924,-1.9
324.10066318511963,-1.93
325.3129212856293,-1.97
326.5178551673889,-2.0
327.75851798057556,-2.0
328.96692180633545,-2.0
330.1767656803131,-1.93
331.38674807548523,-1.9
332.59352946281433,-2.0
333.80997371673584,-2.0
335.0180163383484,-2.03
336.2635922431946,-1.93
337.47153973579407,-2.0
338.67993450164795,-2.0
339.89106369018555,-1.97
341.0898199081421,-2.07
342.30407094955444,-1.93
343.51623034477234,-1.97
344.7250328063965,-1.93
345.96575140953064,-1.97
347.1732568740845,-2.0
348.385764837265,-1.97
349.59444880485535,-2.0
350.80071687698364,-2.0
352.0064859390259,-1.9
353.21081161499023,-1.93
354.4179184436798,-2.03
355.6650564670563,-1.93
356.87863278388977,-1.93
358.0856764316559,-1.93
359.2978608608246,-1.97
360.5089774131775,-1.93
361.7242398262024,-2.0
362.93753027915955,-1.97
364.14681911468506,-2.0
365.3873691558838,-2.0
366.5975546836853,-1.97
367.8078668117523,-1.9
369.01405787467957,-2.0
370.21511578559875,-1.93
371.42762064933777,-1.97
372.63662028312683,-1.93
373.84528946876526,-2.0
375.09477734565735,-1.86
376.30218482017517,-2.03
377.50928688049316,-1.9
378.7194113731384,-1.93
379.9330303668976,-2.0
381.1415672302246,-1.97
382.3504972457886,-1.9
383.56697273254395,-2.0
384.81500911712646,-1.97
386.0260736942291,-1.93
387.23764395713806,-2.0
388.44856214523315,-1.97
389.6623044013977,-1.93
390.87884426116943,-2.0
392.0877273082733,-1.97
393.3338694572449,-2.0
394.5477228164673,-1.9
395.7575716972351,-1.93
396.97269439697266,-1.97
398.1798424720764,-1.93
399.3889446258545,-1.93
400.6067497730255,-2.07
401.8213176727295,-1.93
403.0744843482971,-1.9
404.2878406047821,-2.0
405.4961967468262,-1.93
406.70557951927185,-1.9
407.9200313091278,-1.93
409.12813210487366,-1.97
410.34391498565674,-1.97
411.5842514038086,-2.03
412.79157972335815,-1.93
414.0066056251526,-2.0
415.22367906570435,-2.03
416.43476819992065,-1.93
417.6447558403015,-2.03
418.85352849960327,-2.0
420.1017334461212,-2.0
421.3203363418579,-2.03
422.5400733947754,-1.93
423.7566387653351,-1.97
424.9814598560333,-1.93
426.19636487960815,-2.0
427.4078691005707,-2.03
428.62380385398865,-1.97
429.88011145591736,-1.9
431.10915422439575,-2.0
432.32028579711914,-1.86
433.53935956954956,-2.0
434.7537770271301,-1.9
436.11338543891907,-2.03
437.3307235240936,-1.93
438.5799243450165,-1.93
439.79780411720276,-1.93
441.01127791404724,-1.93
442.22799253463745,-1.97
443.4401559829712,-1.97
444.64788246154785,-2.03
445.858122587204,-2.03
447.0694315433502,-2.0
448.3187186717987,-1.97
449.5337359905243,-2.07
450.74674916267395,-1.9
451.9637243747711,-2.0
453.1809265613556,-2.0
454.3958830833435,-1.97
