1.1039695739746094,11.83,0
2.337440252304077,11.76,0
3.5364649295806885,11.76,0
4.732089281082153,11.76,0
5.933058977127075,11.83,0
10.510260581970215,646.52,1
11.922559976577759,720.72,1
13.264470338821411,730.59,1
14.66744327545166,731.41,1
22.061524629592896,18.59,0
23.35348343849182,18.79,0
24.664004802703857,19.07,0
25.973254919052124,19.34,0
27.295090436935425,19.55,0
28.606446743011475,19.66,0
29.919716835021973,19.76,0
31.255606174468994,19.83,0
32.579423666000366,19.9,0
33.88374924659729,19.34,0
35.189640283584595,19.17,0
36.48811936378479,19.1,0
37.79019045829773,19.21,0
39.090718269348145,19.21,0
40.39734768867493,19.28,0
41.732423305511475,19.21,0
46.31325078010559,648.48,1
47.65561056137085,722.59,1
49.07024025917053,739.9,1
50.48906469345093,746.03,1
51.89832043647766,749.1,1
59.19316649436951,21.17,0
60.51499533653259,22.14,0
61.866116523742676,22.76,0
63.184282541275024,19.97,0
64.49424314498901,19.83,0
65.80267238616943,19.76,0
67.1027762889862,19.86,0
68.40491247177124,19.9,0
72.98442959785461,646.21,1
74.39029693603516,726.69,1
75.73035526275635,741.41,1
77.07659101486206,755.17,1
78.48939085006714,763.52,1
79.82783198356628,767.28,1
81.17053556442261,769.38,1
88.49084997177124,30.93,0
89.80087566375732,31.69,0
91.15919876098633,32.38,0
92.46753740310669,32.97,0
93.77161526679993,33.55,0
95.08165073394775,34.03,0
96.39248919487,34.28,0
97.70087480545044,34.66,0
98.89701128005981,34.9,0
100.11807036399841,35.31,0
101.37720155715942,35.66,0
