1.1067984104156494,-1.97,0
2.3429994583129883,-1.93,0
3.550964832305908,-1.83,0
4.746420860290527,-1.86,0
5.948899984359741,-1.93,0
10.523908376693726,18.14,1
11.948002576828003,30.59,1
13.360776901245117,34.17,1
14.773586988449097,38.45,1
16.17400884628296,42.97,1
17.517184257507324,45.76,1
18.93991446495056,48.17,1
20.280323266983032,51.72,1
21.6939959526062,54.03,1
23.028855800628662,56.24,1
24.44627809524536,63.79,1
25.85735011100769,63.66,1
27.275232315063477,66.07,1
28.615593671798706,67.97,1
30.0206778049469,70.24,1
31.42823886871338,72.07,1
32.85161089897156,73.83,1
34.18514966964722,75.52,1
35.59329128265381,77.14,1
36.93739867210388,78.62,1
38.353797912597656,80.34,1
39.76956224441528,81.48,1
41.18775177001953,82.93,1
42.52598023414612,82.24,1
49.83671593666077,-2.28,0
51.14201378822327,-2.21,0
52.4508318901062,-2.03,0
53.75808024406433,-1.97,0
55.09494876861572,-2.03,0
56.388673305511475,-1.93,0
57.69847750663757,-2.03,0
59.00833320617676,-1.93,0
60.31802177429199,-1.97,0
61.629380226135254,-1.93,0
62.94297671318054,-2.03,0
64.28156232833862,-1.79,0
65.58907270431519,-1.86,0
66.89729475975037,-1.93,0
68.19500184059143,-1.83,0
69.48280048370361,-1.86,0
74.07023215293884,186.14,1
75.41267728805542,-375.0,1
76.75527429580688,-8.52,1
78.09800243377686,-3.0,1
79.51306176185608,-2.34,1
80.85170698165894,-2.07,1
82.20773792266846,-2.03,1
83.54615449905396,-1.97,1
84.95384669303894,-1.97,1
86.37211465835571,-1.86,1
87.77607989311218,-1.83,1
89.13059091567993,-2.0,1
90.5435802936554,-2.97,1
91.88336634635925,239.41,1
93.28802824020386,114.07,1
94.6408965587616,94.21,1
96.0590558052063,-11.93,1
97.45647931098938,11.24,1
98.87547707557678,268.66,1
100.279616355896,123.1,1
101.69655919075012,106.34,1
103.11223983764648,99.1,1
104.51832246780396,102.14,1
105.92333149909973,102.07,1
107.34377908706665,90.93,1
108.75885534286499,87.59,1
110.17315864562988,83.72,1
111.57630228996277,78.79,1
112.99662661552429,73.59,1
120.28811740875244,-2.21,0
121.60962533950806,-2.14,0
122.90770196914673,-1.97,0
124.23010277748108,-2.07,0
125.55152630805969,-1.97,0
126.90341711044312,-1.97,0
128.22249341011047,-1.97,0
129.53042912483215,-1.97,0
130.84986519813538,-1.93,0
132.15856885910034,-1.9,0
133.4746949672699,-1.83,0
134.78485321998596,-2.0,0
136.10715007781982,-1.97,0
137.4568967819214,-1.9,0
138.76547694206238,-1.83,0
140.07401871681213,-1.9,0
144.67299365997314,188.93,1
146.0958912372589,120.52,1
147.51015400886536,110.69,1
148.9087324142456,107.07,1
150.33316326141357,105.38,1
151.73557710647583,104.28,1
153.15209412574768,103.79,1
154.55496525764465,103.31,1
155.9741530418396,103.07,1
157.38472270965576,102.52,1
158.79314279556274,102.69,1
160.20299649238586,102.72,1
161.62127661705017,102.72,1
163.0245966911316,102.62,1
164.36732745170593,102.45,1
165.7865834236145,102.24,1
167.12768363952637,102.14,1
168.5320224761963,101.97,1
169.9513463973999,102.17,1
171.29616785049438,102.0,1
172.70036697387695,102.24,1
174.05726051330566,102.28,1
175.3982355594635,102.28,1
176.737535238266,102.17,1
178.14624214172363,102.21,1
179.5566806793213,102.28,1
186.86439633369446,-2.28,0
188.16250586509705,-2.21,0
189.4980230331421,-2.14,0
190.81587100028992,-2.14,0
192.12093377113342,-2.1,0
193.44558000564575,-2.1,0
194.75496125221252,-2.03,0
196.07546257972717,-1.93,0
200.65291953086853,185.93,1
202.05481934547424,120.0,1
203.47230458259583,110.07,1
204.819885969162,107.38,1
206.23090863227844,105.83,1
213.52729034423828,-2.1,0
214.84241437911987,-2.24,0
216.1529839038849,-2.1,0
217.46036767959595,-2.14,0
218.81646990776062,-1.93,0
220.12534880638123,-2.03,0
221.44273948669434,-1.9,0
222.74429535865784,-1.93,0
223.95173263549805,-2.0,0
225.15584754943848,-1.97,0
226.3699505329132,-1.9,0
227.59933638572693,-2.07,0
228.81288743019104,-1.93,0
230.02570700645447,-1.93,0
231.2229208946228,-1.97,0
232.44502544403076,-1.86,0
233.65119314193726,-1.9,0
234.862464427948,-1.83,0
236.13160681724548,-1.93,0
