1.106381893157959,-1.83,0
2.3430564403533936,-1.79,0
3.5590810775756836,-1.72,0
4.766695261001587,-1.83,0
5.978145599365234,-1.83,0
7.199264764785767,-1.83,0
8.405285835266113,-1.97,0
9.612205505371094,-1.9,0
10.95445728302002,-1.86,0
12.242728471755981,-1.79,0
13.473620653152466,-1.83,0
14.993583917617798,-1.83,0
16.207272052764893,-1.83,0
17.408758401870728,-1.83,0
18.598662853240967,-1.86,0
19.802082777023315,-1.9,0
24.377921104431152,516.9,1
25.795578956604004,586.45,1
27.20764446258545,379.62,1
28.620081186294556,299.93,1
30.031073570251465,208.38,1
37.31904625892639,-1.38,0
38.64375114440918,-1.52,0
39.955272912979126,-1.66,0
41.263710737228394,-1.76,0
42.602476835250854,-1.76,0
43.91555142402649,-1.79,0
45.210583209991455,-1.93,0
46.521923780441284,-1.86,0
47.83229351043701,-1.86,0
49.14634108543396,-1.83,0
50.46318531036377,-1.86,0
51.8056755065918,-1.9,0
53.12300896644592,-1.79,0
54.43678259849548,-1.83,0
55.74279165267944,-1.86,0
57.068583250045776,-1.79,0
61.65862464904785,481.72,1
63.06221842765808,626.17,1
64.47990846633911,58.62,1
65.8934907913208,54.45,1
67.30557012557983,1038.69,1
68.71745920181274,627.62,1
76.02119565010071,4.83,0
77.33068013191223,4.76,0
78.65417528152466,4.66,0
79.9618124961853,4.59,0
81.31687545776367,4.59,0
82.62223267555237,4.45,0
83.93159890174866,4.24,0
85.23479008674622,4.28,0
89.83668065071106,1.79,1
91.24510765075684,1.9,1
92.66581082344055,2.66,1
94.07316255569458,4.66,1
95.49114441871643,8.03,1
96.8993673324585,11.86,1
98.31680035591125,16.31,1
99.73145699501038,21.24,1
101.1426854133606,26.55,1
102.54588747024536,31.62,1
103.97125196456909,36.21,1
105.37254738807678,40.72,1
106.79022192955017,44.38,1
108.13441061973572,47.86,1
109.54552292823792,50.69,1
110.94921040534973,53.17,1
112.36305642127991,55.03,1
113.71754670143127,56.59,1
115.11933994293213,57.45,1
116.52952194213867,57.66,1
117.95075678825378,57.66,1
119.35756468772888,57.1,1
120.77389717102051,56.69,1
122.18405199050903,55.79,1
123.58696675300598,54.52,1
125.00453591346741,52.9,1
126.4220986366272,51.31,1
127.8311595916748,49.59,1
129.23521637916565,47.69,1
130.57630968093872,45.28,1
131.99633622169495,42.86,1
133.41192984580994,40.38,1
134.81732988357544,38.48,1
136.23850774765015,36.41,1
137.64063048362732,35.48,1
139.0600917339325,34.62,1
140.46955966949463,33.97,1
141.81431198120117,33.45,1
143.2172131538391,33.14,1
144.63066005706787,33.14,1
146.0459132194519,33.03,1
147.45238971710205,33.07,1
148.86436104774475,33.21,1
150.2807035446167,33.41,1
151.69032192230225,33.69,1
153.1031458377838,34.28,1
154.50707745552063,35.07,1
161.82187008857727,2.0,0
163.12928915023804,1.97,0
164.43479180335999,1.93,0
165.78350496292114,1.9,0
167.07740426063538,2.0,0
168.38801622390747,1.93,0
169.696063041687,1.9,0
171.00401830673218,1.97,0
172.2179319858551,1.93,0
173.41581845283508,1.93,0
174.62836694717407,1.93,0
175.87678170204163,1.86,0
