1.1163103580474854,-1.9,0
2.358860969543457,-1.9,0
3.5659525394439697,-1.9,0
4.766000747680664,-1.93,0
5.976485729217529,-1.86,0
7.189444541931152,-1.83,0
11.770562648773193,442.52,1
13.181483268737793,122.14,1
14.595344543457031,156.48,1
16.00699234008789,227.45,1
17.41521668434143,226.62,1
18.754350185394287,212.55,1
20.10115361213684,188.52,1
21.4413480758667,171.66,1
22.84796953201294,153.21,1
24.2043035030365,141.83,1
25.544238567352295,135.72,1
26.959983825683594,114.9,1
28.29699945449829,107.17,1
29.645782709121704,100.07,1
31.051403999328613,90.97,1
32.455610513687134,84.79,1
33.87746047973633,23.76,1
35.21095299720764,6.86,1
36.627466917037964,10.17,1
38.04698038101196,9.1,1
39.39250373840332,12.62,1
40.73200559616089,14.38,1
42.136592864990234,16.28,1
43.48692727088928,16.21,1
44.89989757537842,17.38,1
46.22999906539917,97.83,1
47.65023875236511,80.31,1
49.06853413581848,79.17,1
50.47161102294922,74.76,1
51.88905119895935,71.62,1
53.299150705337524,68.1,1
54.715075969696045,64.1,1
56.12050771713257,59.31,1
57.52705955505371,57.52,1
58.94254469871521,55.24,1
60.35272669792175,51.14,1
61.77028226852417,51.62,1
63.171324253082275,51.0,1
64.59168887138367,49.41,1
65.93861746788025,47.79,1
67.34915542602539,46.07,1
68.69358110427856,47.52,1
76.04592275619507,-2.31,0
77.36126399040222,-2.17,0
78.6710696220398,-2.14,0
79.96795654296875,-2.07,0
81.28799772262573,-2.0,0
82.61122250556946,-2.07,0
83.919686794281,-1.93,0
85.23564052581787,-1.9,0
89.86890721321106,32.14,1
91.22554636001587,41.24,1
92.55480337142944,36.72,1
93.96753931045532,39.38,1
95.32325983047485,62.34,1
96.7307391166687,51.97,1
98.07312941551208,61.86,1
99.48949098587036,97.07,1
100.90444540977478,110.72,1
102.24664235115051,116.52,1
103.65504908561707,123.59,1
105.05648422241211,129.9,1
106.47690963745117,135.9,1
107.88168811798096,141.62,1
109.29016923904419,144.14,1
110.71023750305176,144.97,1
112.1203396320343,144.55,1
113.53938722610474,143.31,1
114.94226503372192,141.41,1
116.35249924659729,137.93,1
