1.1129462718963623,-1.55,0
2.3468286991119385,-1.59,0
3.5538923740386963,-1.52,0
4.760308504104614,-1.48,0
9.30451488494873,256.21,1
10.615907192230225,239.48,1
11.930957078933716,240.07,1
13.23850703239441,239.59,1
14.556227445602417,238.28,1
15.905057668685913,231.21,1
17.218239307403564,-5.0,1
18.522052526474,-2.21,1
19.847962856292725,-2.69,1
21.15342092514038,-4.14,1
22.462591409683228,330.38,1
23.770812034606934,240.76,1
25.085820198059082,236.14,1
31.65610671043396,-2.0,0
32.97663116455078,-2.0,0
34.2862389087677,-1.97,0
35.59260606765747,-1.93,0
36.90282320976257,-1.93,0
38.210455894470215,-1.9,0
39.522037982940674,-1.97,0
40.84903073310852,-1.97,0
45.43352770805359,254.55,1
46.749833822250366,237.17,1
48.0565824508667,238.0,1
49.36732053756714,237.97,1
50.67509937286377,239.9,1
51.98629188537598,237.79,1
53.29609251022339,237.07,1
54.65176868438721,237.14,1
55.96069312095642,237.66,1
62.53296160697937,-2.03,0
63.84145998954773,-2.03,0
65.1660988330841,-2.0,0
