1.0991451740264893,-0.76
2.319180965423584,-0.79
3.557723045349121,-0.69
4.755918741226196,-0.83
9.339346647262573,219.83
10.752904891967773,304.0
12.165630102157593,329.72
13.5707848072052,289.9
14.985422849655151,237.0
16.38443946838379,188.66
23.697571754455566,-2.17
25.021599531173706,-2.14
26.341146230697632,-2.21
27.643746852874756,-2.24
28.971991062164307,-2.17
30.290668487548828,-2.24
31.612792015075684,-2.14
32.968717098236084,-2.21
37.56013512611389,217.93
38.96254348754883,303.1
40.372129917144775,331.17
41.78242373466492,337.97
43.196836948394775,338.48
44.60878777503967,339.76
46.02336144447327,339.24
47.430214405059814,339.14
48.78224849700928,338.48
50.186691761016846,335.55
51.600956201553345,339.21
53.010457038879395,342.38
54.43156838417053,345.14
55.83619976043701,349.38
57.248324155807495,350.45
58.660170793533325,351.62
60.074111223220825,351.9
61.48882174491882,352.83
62.89413857460022,353.62
64.31042432785034,353.31
65.72354793548584,352.31
67.05783724784851,352.86
68.47475123405457,350.97
69.80794191360474,349.45
71.16569519042969,349.34
72.49982953071594,348.79
73.8411295413971,347.45
81.13770914077759,4.21
82.45382881164551,4.03
83.76434540748596,3.66
85.11580777168274,2.83
86.42785668373108,2.52
87.74151706695557,2.66
89.04431295394897,3.55
90.36070609092712,4.86
94.9492564201355,7.38
96.35739421844482,7.86
97.76822328567505,8.28
99.1809253692627,8.55
100.59648561477661,9.79
102.0103509426117,10.14
103.34922385215759,10.21
104.76535725593567,10.14
106.17244744300842,10.31
107.59963417053223,10.28
109.01158142089844,10.31
110.42402720451355,10.28
111.83792018890381,10.03
113.23713779449463,10.07
114.64775037765503,10.07
116.05973219871521,9.83
117.4729323387146,8.83
118.89951181411743,12.17
120.29854393005371,13.9
121.71460843086243,14.9
123.1316511631012,15.34
124.54773473739624,15.52
125.9524598121643,15.34
127.36950325965881,15.31
128.78084921836853,14.97
130.19158148765564,14.59
131.52855849266052,14.48
132.9406397342682,14.17
134.35894632339478,13.79
135.7643027305603,13.59
137.19089245796204,12.72
138.5885260105133,8.21
140.00846552848816,12.55
141.4255349636078,12.34
142.83935356140137,13.07
144.255197763443,13.34
145.6668417453766,13.62
147.07908034324646,13.59
148.40996742248535,12.66
149.83004236221313,15.72
151.2418932914734,14.31
152.6530818939209,14.86
154.07600903511047,15.48
155.48389315605164,16.45
156.89431285858154,15.14
158.30573391914368,14.59
159.72519207000732,14.66
161.13713908195496,14.9
162.47057461738586,15.31
163.8203046321869,16.1
165.1687045097351,17.24
166.5101044178009,18.14
167.85337018966675,20.31
169.2556550502777,17.52
170.6043074131012,16.55
172.01538968086243,15.72
173.35932421684265,15.48
174.711354970932,15.03
176.12054824829102,13.0
177.47095561027527,8.28
178.8108263015747,7.79
180.22429871559143,10.14
181.56202244758606,11.31
182.983412027359,12.86
184.31825709342957,13.83
185.66823744773865,14.24
192.97715735435486,-0.59
194.302987575531,-0.52
