1.1121737957000732,0.93,0
2.3524329662323,2.38,0
3.561500072479248,8.76,0
4.76652717590332,21.0,0
9.361653804779053,48.76,1
10.77283501625061,55.1,1
12.185300827026367,57.07,1
13.587847232818604,56.62,1
15.008823871612549,62.93,1
16.41180109977722,49.83,1
17.75784420967102,55.72,1
19.099284648895264,54.93,1
20.506969451904297,55.17,1
21.851168870925903,55.62,1
23.25917911529541,54.55,1
24.6729793548584,64.07,1
26.089526176452637,63.48,1
27.508203983306885,57.38,1
28.911427974700928,58.62,1
30.332301139831543,59.0,1
31.744333028793335,66.52,1
33.15335392951965,51.0,1
34.496015787124634,55.38,1
35.840129137039185,61.55,1
37.25049901008606,62.72,1
38.666709661483765,57.93,1
40.067527770996094,62.21,1
41.4749493598938,57.66,1
42.89959263801575,53.14,1
