1.1227638721466064,-1.52,0
2.3583006858825684,-1.55,0
3.564234972000122,-1.48,0
4.765876531600952,-1.59,0
5.9733288288116455,-1.55,0
10.567514657974243,-1.21,1
11.979392051696777,527.07,1
13.390393733978271,296.14,1
14.787622928619385,11.24,1
16.202311992645264,18.9,1
17.54396152496338,18.9,1
18.900402069091797,253.28,1
20.244459867477417,73.83,1
21.655457496643066,116.17,1
22.998482704162598,191.48,1
24.34148120880127,227.62,1
25.684845209121704,159.69,1
27.094099283218384,153.69,1
28.434133529663086,143.72,1
29.845809936523438,130.55,1
31.25356364250183,121.55,1
32.66718149185181,113.72,1
34.00194573402405,108.0,1
35.35818338394165,104.45,1
36.70158338546753,101.59,1
38.09876608848572,99.31,1
39.517114877700806,97.03,1
40.85444402694702,94.55,1
42.2107675075531,93.1,1
43.62464261054993,94.07,1
44.96071171760559,91.1,1
46.37966060638428,88.34,1
47.78980088233948,92.48,1
49.20368552207947,90.55,1
50.61731243133545,96.79,1
52.028706550598145,93.69,1
53.43911385536194,92.93,1
54.84974551200867,91.72,1
56.258708238601685,90.97,1
57.67108702659607,90.48,1
59.0732638835907,90.62,1
60.48772048950195,89.86,1
67.79049444198608,-0.97,0
69.08910870552063,-1.52,0
70.38696575164795,-1.76,0
71.69986939430237,-0.93,0
72.99935531616211,-1.55,0
74.30708909034729,-0.83,0
75.6519021987915,-2.17,0
76.94094848632812,-1.86,0
81.52996635437012,-2.48,1
82.92861270904541,0.72,1
84.28576350212097,9.28,1
85.69760274887085,19.76,1
87.0292477607727,26.59,1
88.45300507545471,30.69,1
89.85194873809814,35.14,1
91.19651055335999,36.07,1
92.5439829826355,38.69,1
93.89208555221558,40.1,1
95.23704242706299,41.24,1
96.64909100532532,44.41,1
98.05987620353699,45.17,1
99.47310948371887,42.03,1
100.88512325286865,42.97,1
102.28625988960266,46.38,1
103.64013314247131,46.66,1
105.05217862129211,47.0,1
106.45575904846191,48.79,1
107.87240242958069,47.72,1
109.28819179534912,45.55,1
110.69268083572388,47.38,1
112.11020302772522,45.07,1
113.52121114730835,45.79,1
114.93217587471008,45.31,1
116.3432502746582,44.24,1
117.74832963943481,43.79,1
119.16146206855774,46.28,1
120.57494139671326,45.83,1
121.99129462242126,45.86,1
123.39909744262695,44.86,1
124.81531929969788,44.79,1
126.22002792358398,48.14,1
127.63459014892578,44.93,1
129.03522777557373,45.17,1
130.45875525474548,44.28,1
131.87136125564575,44.1,1
133.2797610759735,43.76,1
134.68059515953064,38.62,1
136.10033202171326,37.9,1
137.5166895389557,40.55,1
