1.1090877056121826,0.79
2.349769353866577,0.83
3.562575578689575,0.69
4.773807764053345,0.79
5.992763519287109,0.72
10.575399398803711,0.72
11.988136291503906,1.83
13.401372909545898,4.9
14.81352949142456,9.45
16.213865041732788,15.07
17.568147659301758,20.93
18.971538543701172,27.83
20.32228374481201,34.41
21.729668140411377,41.17
23.1442813873291,47.55
24.553588390350342,53.34
25.903743982315063,58.24
27.303982257843018,62.76
28.72962713241577,66.66
30.128481149673462,70.34
31.54064965248108,73.1
32.952149868011475,74.79
34.36365270614624,75.86
35.784825801849365,76.07
37.185590744018555,75.69
38.59797263145447,74.48
39.95056962966919,73.0
41.3624382019043,70.69
42.70806360244751,68.24
44.1197247505188,65.79
45.51948380470276,63.69
46.930840253829956,61.59
48.343040466308594,59.76
49.75638771057129,57.83
51.16986584663391,55.79
52.582552671432495,54.03
53.988537549972534,52.21
55.40127944946289,50.66
56.81757736206055,49.31
58.228800535202026,46.66
59.632477045059204,45.97
61.05937719345093,44.52
62.47150230407715,43.79
63.87616586685181,43.59
65.2263011932373,43.1
66.63828873634338,42.76
68.04587054252625,43.07
69.52764368057251,43.1
70.93599033355713,41.66
72.34956121444702,40.17
73.76035499572754,37.07
75.17328572273254,37.17
