1.1171393394470215,-1.93,0
2.361297607421875,-2.0,0
3.5705370903015137,-2.03,0
4.779334783554077,-1.97,0
9.37009310722351,144.17,1
10.775288820266724,73.76,1
12.179535150527954,26.76,1
13.60246753692627,12.14,1
15.018686771392822,2.03,1
16.42946434020996,0.38,1
17.831239461898804,0.14,1
19.17696261405945,-0.72,1
20.52362895011902,-0.72,1
21.93547558784485,-1.34,1
23.35678791999817,-1.59,1
24.689016342163086,-1.66,1
26.106229782104492,-1.62,1
27.526692867279053,-1.72,1
28.930710554122925,-1.76,1
30.351486921310425,-1.83,1
31.75604748725891,-1.76,1
33.16901779174805,-1.83,1
34.58646869659424,-1.79,1
35.92457032203674,-1.83,1
37.34548282623291,-1.9,1
38.749804735183716,-1.83,1
40.16853952407837,-1.76,1
41.51328754425049,-1.86,1
42.92254567146301,-1.83,1
44.2750403881073,-1.93,1
45.67969822883606,-1.79,1
47.020084857940674,-1.9,1
48.439615964889526,1.79,1
49.85774850845337,264.38,1
51.19126629829407,185.03,1
52.61500859260559,1075.24,1
54.01946711540222,314.41,1
55.42566251754761,-77.86,1
56.7829749584198,-15.62,1
58.18925189971924,-1.28,1
59.59060478210449,2.0,1
61.007413148880005,2.86,1
62.42364168167114,3.28,1
63.84144878387451,2.97,1
65.17504954338074,2.31,1
66.51942348480225,3.59,1
67.86206269264221,2.34,1
69.20413851737976,3.69,1
70.62403845787048,3.59,1
71.97681188583374,2.83,1
73.31486821174622,6.97,1
74.65544486045837,194.76,1
75.99576950073242,163.34,1
77.35055136680603,147.62,1
78.75492191314697,130.38,1
80.16111874580383,118.1,1
87.48987054824829,-2.1,0
88.82943177223206,-2.21,0
90.1447229385376,-2.14,0
91.45571684837341,-2.14,0
92.76245141029358,-2.14,0
94.06805849075317,-2.1,0
95.37724089622498,-2.07,0
96.6677668094635,-2.07,0
101.26156711578369,-3.41,1
102.67505049705505,4.52,1
