1.1089601516723633,-0.62
2.3464395999908447,-0.69
3.5571885108947754,-0.69
4.769864559173584,-0.62
9.330143451690674,60.0
10.743158340454102,127.79
12.15579891204834,184.14
13.5553138256073,236.17
14.970332384109497,286.79
16.37992525100708,334.45
17.79451847076416,379.1
19.203640937805176,412.31
26.512513637542725,0.0
27.82470440864563,-0.34
29.137335300445557,-0.45
30.45084857940674,-0.55
31.772346258163452,-0.52
33.1194212436676,-0.55
34.42856526374817,-0.72
35.73661160469055,-0.59
37.047454833984375,-0.66
38.35706067085266,-0.62
39.68897199630737,-0.55
