1.1065435409545898,-1.76
2.3464837074279785,-1.9
3.5564374923706055,-1.93
4.7570202350616455,-1.9
9.328584909439087,235.07
10.747084140777588,314.79
12.161069393157959,320.31
13.572707653045654,280.86
14.973986864089966,206.76
16.38903045654297,166.86
17.7375590801239,137.21
19.073615550994873,132.1
20.483543872833252,107.83
21.90487265586853,87.28
23.302470684051514,70.55
24.714694023132324,57.52
26.068279027938843,48.62
27.476834058761597,41.0
28.88998007774353,32.62
30.29976725578308,27.45
31.70354199409485,23.55
33.12909984588623,21.66
34.53923583030701,19.41
35.874438524246216,17.1
37.21942687034607,13.83
38.63451528549194,12.72
40.045835733413696,11.38
41.460265159606934,11.24
42.7986524105072,10.97
44.21677041053772,10.86
45.55166959762573,10.69
46.89750099182129,11.07
48.31627345085144,14.1
49.728442668914795,13.69
51.134429931640625,13.55
52.55322885513306,13.66
53.967103242874146,12.9
55.376797914505005,4.48
56.723206520080566,11.52
58.13561201095581,12.97
59.54002928733826,13.21
60.96029281616211,16.17
62.37424063682556,12.07
63.783244132995605,7.45
65.12278628349304,5.07
66.47222399711609,1.31
67.8187894821167,10.21
69.23083019256592,3.41
70.64101505279541,11.1
71.975102186203,12.41
73.3999137878418,4.83
74.74456024169922,11.59
76.08673930168152,13.07
77.49909710884094,5.38
78.90737915039062,10.52
80.31230139732361,13.07
81.7238781452179,13.21
83.14909362792969,10.24
84.55604791641235,18.48
85.96075296401978,19.0
87.31917524337769,18.86
88.73086142539978,7.72
90.14424753189087,3.86
91.55782508850098,3.21
92.97029066085815,2.52
94.3743200302124,11.45
95.72523069381714,13.83
97.1329596042633,14.38
98.54301595687866,6.0
99.95819091796875,3.45
101.37221026420593,11.62
102.7896556854248,13.45
104.20240306854248,5.52
105.61752414703369,3.21
107.02958416938782,11.38
108.43988585472107,13.79
109.85362887382507,5.83
111.26666140556335,3.59
112.66704559326172,11.41
114.08649182319641,5.14
115.50451898574829,3.0
116.90543055534363,2.38
118.3197135925293,2.17
119.73138046264648,2.1
121.15238666534424,2.45
122.56250882148743,2.45
123.98174977302551,2.41
125.38280773162842,2.45
126.79562592506409,11.14
128.2105312347412,4.69
129.63450384140015,3.24
131.03216695785522,2.72
132.44368028640747,2.52
133.86775422096252,2.52
135.27783393859863,11.1
136.68525552749634,13.41
138.10993719100952,14.17
139.5222146511078,14.48
140.92018795013428,14.55
142.33296513557434,5.93
143.75504159927368,3.38
145.16232585906982,2.38
146.57312178611755,2.55
147.99058604240417,2.79
149.41041231155396,2.21
150.82372856140137,2.14
152.23562359809875,10.9
153.64540457725525,13.34
155.04779863357544,14.31
156.47047996520996,14.34
157.88640689849854,5.72
159.2986238002777,3.55
160.6430206298828,11.34
162.05396103858948,13.59
163.46246004104614,14.48
164.87354803085327,14.59
166.22052884101868,14.69
167.63664650917053,14.62
168.98214197158813,14.55
170.39290285110474,14.97
171.7398579120636,14.62
173.14416074752808,5.76
174.55293345451355,3.66
175.9763777256012,2.62
177.38898372650146,2.24
178.79676389694214,2.38
180.14240169525146,10.93
181.5596902370453,13.48
182.89904260635376,14.17
184.30443572998047,14.41
185.65929007530212,5.66
187.07218432426453,3.55
188.40310859680176,2.38
189.83023309707642,2.21
191.23606753349304,2.1
192.65136241912842,10.76
194.06467652320862,13.38
195.47678422927856,14.1
196.87793135643005,14.72
198.29812717437744,14.62
199.71152114868164,6.1
201.1269702911377,3.52
202.5378439426422,2.45
203.95651364326477,2.59
205.36605143547058,2.21
206.77473092079163,2.34
208.18464922904968,2.14
209.59608602523804,2.1
211.0082504749298,2.0
212.42968201637268,2.0
213.84413528442383,2.28
215.25340485572815,2.28
216.66123270988464,11.03
218.0838873386383,4.72
219.48423719406128,2.93
220.90883779525757,11.07
222.32086563110352,13.38
223.7225422859192,5.59
225.1436915397644,3.45
226.55188941955566,2.83
227.96755814552307,2.24
229.3714303970337,2.41
230.7905421257019,2.38
232.2001953125,2.38
233.6230902671814,2.41
235.03358221054077,2.1
236.43767714500427,10.9
237.85620522499084,13.17
239.26856422424316,14.1
240.67268013954163,14.21
242.09313249588013,14.45
