1.104071855545044,-1.72,0
2.3361034393310547,-1.9,0
3.545551061630249,-1.86,0
4.748715400695801,-1.83,0
5.956195116043091,-1.76,0
7.175442457199097,-1.79,0
8.381588220596313,-1.83,0
12.9599027633667,1.86,1
14.37308120727539,10.9,1
15.786638975143433,9.93,1
17.19840383529663,7.97,1
18.610666036605835,6.93,1
20.02396249771118,6.59,1
21.434685945510864,6.66,1
22.848330974578857,4.72,1
24.26058077812195,5.21,1
25.673718452453613,3.62,1
27.08739447593689,3.97,1
28.501118421554565,2.69,1
29.91315007209778,3.14,1
31.324743270874023,2.03,1
32.736889123916626,2.14,1
34.08066439628601,1.69,1
35.495264530181885,1.83,1
36.83838200569153,1.62,1
38.25154423713684,1.52,1
39.66493225097656,1.45,1
41.07749319076538,1.0,1
42.49077296257019,0.45,1
43.90457582473755,0.41,1
45.248558044433594,0.93,1
46.59173774719238,-0.86,1
48.005648374557495,-1.28,1
49.41589307785034,-1.52,1
50.82791042327881,-1.52,1
52.241044759750366,-1.52,1
53.65291213989258,-1.55,1
55.06593656539917,-1.52,1
56.47836661338806,-1.52,1
