1.1128690242767334,8.24
2.35811710357666,8.21
3.560821294784546,8.28
4.765179395675659,8.28
5.977766990661621,8.21
7.1812944412231445,8.17
11.77125096321106,8.21
13.183776378631592,8.28
14.59706449508667,9.24
16.010098934173584,12.17
17.344683170318604,16.17
18.694424629211426,22.48
20.030842304229736,31.14
21.446029901504517,43.21
22.867443799972534,57.62
24.271414756774902,71.59
25.680952310562134,86.17
27.105712175369263,100.83
28.514098167419434,114.93
29.927411317825317,127.83
31.324746131896973,139.41
32.73761057853699,148.93
34.158934116363525,156.31
35.493762493133545,161.34
36.90401577949524,165.0
38.31730890274048,165.9
39.73578405380249,164.62
41.13602662086487,161.59
42.55374193191528,157.07
43.90398192405701,151.97
45.3162899017334,145.76
46.71900963783264,138.97
48.13125967979431,132.31
49.55011963844299,125.38
50.962191581726074,118.83
52.3609938621521,113.62
53.77654814720154,108.79
55.19016981124878,104.45
