1.1018362045288086,-1.83,0
2.3103439807891846,-1.86,0
3.518796682357788,-1.97,0
4.758204936981201,-1.86,0
9.335634469985962,183.03,1
10.747853755950928,120.0,1
12.158978700637817,111.59,1
13.558048248291016,109.03,1
14.979980945587158,107.34,1
16.383511304855347,106.28,1
17.803744554519653,105.34,1
19.144487857818604,104.9,1
20.544306993484497,104.31,1
21.901631355285645,103.9,1
23.310714721679688,103.79,1
24.725220918655396,103.41,1
26.052823781967163,92.17,1
33.38118648529053,-2.1,0
34.72071313858032,-2.1,0
36.02801322937012,-1.97,0
37.31825613975525,-2.03,0
38.62690329551697,-2.0,0
39.942580223083496,-2.0,0
41.25006699562073,-1.97,0
42.55727744102478,-1.9,0
43.878172874450684,-2.0,0
45.217211961746216,-1.93,0
46.52653408050537,-1.93,0
47.835978269577026,-1.9,0
49.14443302154541,-1.93,0
50.45404243469238,-1.93,0
51.77517104148865,-1.9,0
53.08253192901611,-1.79,0
57.68221116065979,181.52,1
59.103801250457764,117.79,1
60.509429931640625,109.76,1
61.912771701812744,107.17,1
63.33007621765137,105.93,1
64.74220061302185,104.72,1
66.08267259597778,104.28,1
67.4363489151001,103.83,1
68.76510763168335,103.34,1
70.1838960647583,103.21,1
71.60305452346802,103.0,1
73.01510381698608,102.86,1
74.42725014686584,102.76,1
75.76289319992065,102.83,1
77.17426753044128,102.79,1
78.57989072799683,102.97,1
79.99489307403564,102.48,1
81.41174268722534,102.45,1
