1.1080749034881592,-1.38,0
2.3485660552978516,-1.28,0
3.5606577396392822,-1.34,0
4.766449451446533,-1.41,0
6.20607328414917,-1.34,0
7.483574867248535,-1.28,0
8.697806596755981,-1.38,0
10.197093725204468,-1.28,0
11.415338039398193,-1.34,0
12.660801887512207,-1.31,0
13.880071878433228,-1.41,0
15.094929456710815,-1.38,0
16.31425142288208,-1.31,0
20.88780951499939,-1.1,1
22.301570177078247,13.72,1
23.71420979499817,17.59,1
25.126978397369385,22.76,1
26.531265020370483,24.24,1
27.948323011398315,26.62,1
29.352315664291382,29.41,1
30.77089238166809,31.72,1
32.18167757987976,33.83,1
33.6010479927063,35.55,1
34.940385580062866,34.62,1
36.354700565338135,34.76,1
37.75846457481384,37.21,1
39.176743507385254,36.55,1
40.58077073097229,39.59,1
41.99712920188904,38.93,1
43.346574783325195,38.38,1
44.76289939880371,38.24,1
46.09372305870056,38.38,1
47.51022243499756,38.48,1
48.931108474731445,38.48,1
50.34611654281616,38.38,1
51.74919390678406,38.41,1
53.1719868183136,41.1,1
54.508673429489136,40.76,1
55.91762948036194,40.72,1
57.333832025527954,40.52,1
58.755115270614624,40.62,1
60.16081094741821,40.59,1
61.56897687911987,40.28,1
62.98515176773071,40.52,1
64.40336513519287,40.59,1
65.7332215309143,40.66,1
67.08848810195923,40.72,1
68.43161034584045,38.79,1
69.84141159057617,38.93,1
71.18545866012573,40.97,1
72.59094572067261,40.83,1
73.93440890312195,40.62,1
75.34737753868103,40.52,1
76.70385146141052,40.69,1
78.10492157936096,40.28,1
79.44884371757507,40.52,1
80.86819124221802,40.66,1
82.27328491210938,40.55,1
83.68486475944519,40.48,1
85.10871767997742,40.79,1
86.51929879188538,40.48,1
87.86443257331848,40.55,1
95.14977788925171,-1.62,0
96.48640298843384,-1.62,0
97.79371690750122,-1.59,0
99.08937335014343,-1.55,0
100.41629338264465,-1.62,0
101.70439887046814,-1.62,0
103.0230221748352,-1.66,0
104.32957530021667,-1.59,0
108.91830444335938,259.59,1
110.32667994499207,239.93,1
111.73142004013062,238.97,1
113.07590985298157,237.86,1
114.49815130233765,236.79,1
115.83954930305481,236.52,1
117.24482750892639,215.48,1
118.66648626327515,188.97,1
120.07665753364563,168.45,1
127.37893605232239,-2.03,0
128.6853585243225,-1.97,0
129.9968295097351,-2.03,0
131.30662536621094,-2.0,0
132.61442685127258,-1.97,0
133.92099928855896,-2.03,0
135.2300877571106,-2.0,0
136.5694522857666,-1.9,0
141.1560001373291,257.79,1
142.50695323944092,238.76,1
143.91012263298035,238.66,1
145.33410143852234,237.31,1
146.7374291419983,237.38,1
148.14294576644897,236.45,1
149.55289363861084,213.93,1
150.97105836868286,184.24,1
152.37615847587585,163.97,1
159.72286868095398,-2.1,0
