1.1055161952972412,-1.83,0
2.319061040878296,-1.9,0
3.5619921684265137,-1.86,0
4.757782459259033,-1.86,0
5.9643988609313965,-1.86,0
10.539977550506592,-10.28,1
11.953365325927734,8.34,1
13.367257356643677,14.72,1
14.780946969985962,16.52,1
16.192547082901,17.21,1
17.604686737060547,12.14,1
19.0101101398468,14.52,1
20.42688751220703,15.1,1
21.828274488449097,14.31,1
23.252357482910156,14.21,1
24.66765022277832,13.48,1
26.08349299430847,13.83,1
27.492982625961304,12.34,1
28.898462772369385,12.21,1
30.31750512123108,11.24,1
31.730921506881714,11.69,1
33.13545298576355,10.59,1
34.55315065383911,10.45,1
35.963910818099976,10.55,1
37.30312991142273,9.97,1
38.65600037574768,9.55,1
40.05840063095093,8.76,1
41.48095631599426,8.24,1
42.90023159980774,8.17,1
44.30767297744751,7.28,1
45.712987422943115,7.31,1
47.12873649597168,6.76,1
48.54655361175537,6.83,1
49.95498871803284,9.21,1
51.37488102912903,7.03,1
52.788841247558594,6.48,1
54.193487882614136,8.03,1
55.61585474014282,6.38,1
57.019031286239624,5.45,1
58.43613934516907,5.45,1
59.84176206588745,6.9,1
61.254717111587524,270.03,1
62.67498421669006,332.66,1
64.07819604873657,143.93,1
65.49465131759644,64.48,1
66.83111047744751,53.1,1
68.24043273925781,41.17,1
69.58564639091492,36.86,1
70.93996143341064,30.55,1
72.34704065322876,43.07,1
73.6870346069336,48.0,1
75.10615658760071,90.48,1
76.44979643821716,80.66,1
77.8543586730957,85.31,1
79.25779914855957,34.17,1
80.61084628105164,73.69,1
82.01430487632751,28.14,1
83.43114948272705,46.24,1
84.84849739074707,51.59,1
86.25321459770203,59.17,1
87.67262935638428,37.72,1
89.07914519309998,32.17,1
90.41695094108582,48.31,1
91.75578379631042,45.0,1
93.18043637275696,43.07,1
94.58185148239136,41.14,1
95.99999618530273,39.62,1
97.41503262519836,37.79,1
98.75543928146362,37.41,1
100.1591272354126,38.69,1
101.58314538002014,37.93,1
102.98517751693726,39.62,1
104.32628059387207,38.31,1
105.74642491340637,38.69,1
107.1519775390625,38.14,1
108.57317781448364,48.66,1
109.9178638458252,42.31,1
111.31442594528198,40.97,1
112.74078845977783,40.69,1
114.14759826660156,39.9,1
115.56174993515015,39.48,1
116.9659264087677,38.93,1
118.38522219657898,38.62,1
119.79325747489929,48.83,1
121.21116924285889,41.31,1
122.61464166641235,39.34,1
124.0220935344696,47.41,1
125.43829655647278,40.28,1
126.8589494228363,38.93,1
128.2693908214569,39.21,1
129.6768639087677,46.52,1
131.09585332870483,47.69,1
132.50598621368408,46.86,1
133.90833067893982,46.59,1
