1.1136481761932373,-0.9
2.3496696949005127,-0.86
3.5646328926086426,-0.93
4.7726030349731445,-0.97
9.360594272613525,3.55
10.703847646713257,3.66
12.11559796333313,3.66
13.524615049362183,3.66
14.938110828399658,3.72
16.3497371673584,13.34
17.684563159942627,22.62
19.039397954940796,26.14
20.38026523590088,27.41
21.79561448097229,27.48
23.13261079788208,27.62
24.54750084877014,27.45
25.960554599761963,30.69
27.373713970184326,31.24
28.78673505783081,31.31
30.200037717819214,28.03
31.603626489639282,30.24
33.01944351196289,30.48
34.36217451095581,30.52
35.70297288894653,30.48
37.05362915992737,30.72
38.4634313583374,30.52
39.87623143196106,30.45
41.21255445480347,30.72
42.56328821182251,27.45
43.964499711990356,29.52
45.314388275146484,29.97
46.662286043167114,29.93
48.06337022781372,29.83
49.47667932510376,29.86
50.89047336578369,29.52
52.307236194610596,29.28
53.704105377197266,29.0
55.119452714920044,28.97
56.533777475357056,28.97
57.95287322998047,28.9
59.35662341117859,29.21
60.770180463790894,29.48
62.19029974937439,29.38
63.59794044494629,29.17
65.01184177398682,29.34
66.35135436058044,29.55
67.68334126472473,32.1
69.02854895591736,29.69
70.44113540649414,29.14
71.79321813583374,29.0
73.2071692943573,28.45
74.55042767524719,28.62
75.96293473243713,28.66
77.37299728393555,28.93
78.71008801460266,28.97
86.02161741256714,3.76
87.35671138763428,3.72
88.67957472801208,3.69
89.97473073005676,3.66
91.28550219535828,3.72
92.58795976638794,3.59
93.90699458122253,3.76
95.21187973022461,3.72
99.83316850662231,3.55
101.237868309021,47.93
102.6544976234436,137.59
104.00231385231018,229.14
105.41536736488342,351.79
106.82512879371643,487.66
108.24039936065674,611.45
109.6391294002533,745.38
111.04900121688843,818.41
112.46611022949219,836.72
113.87869930267334,840.48
115.28757858276367,841.69
116.69931244850159,843.0
118.10908365249634,842.93
119.52296018600464,843.69
120.93742513656616,842.93
122.35399746894836,843.52
129.64783024787903,1.86
130.96560621261597,1.93
132.26995491981506,2.0
133.5876009464264,2.0
134.90254521369934,2.07
136.2068154811859,2.1
137.5575704574585,2.03
138.8773694038391,2.07
143.45527172088623,2.1
144.87023186683655,2.03
146.2800669670105,2.07
147.700186252594,2.14
149.1133677959442,2.07
150.52653670310974,2.14
151.9302487373352,10.59
153.34468126296997,14.07
154.76024842262268,15.34
156.17196655273438,16.34
157.58946895599365,8.66
159.002357006073,14.69
160.41300678253174,16.79
161.8289258480072,17.21
163.1577854156494,17.9
164.50780367851257,17.79
165.9209849834442,9.38
167.33410477638245,15.59
168.68374919891357,17.0
170.01969003677368,17.83
171.37118935585022,18.03
172.77681756019592,17.66
174.13064575195312,9.31
175.46689867973328,15.59
176.87707018852234,17.28
178.22040343284607,17.24
179.63472175598145,9.1
180.9816403388977,15.07
182.33079361915588,17.14
183.74196767807007,16.86
185.07685327529907,17.45
186.4343204498291,17.1
187.77362895011902,8.97
189.18747210502625,14.72
190.52471733093262,16.38
191.9342942237854,15.52
193.35818481445312,16.62
194.77216482162476,16.97
196.1707799434662,9.1
197.52725434303284,14.03
198.94103479385376,15.97
200.2743377685547,16.59
201.62631177902222,16.28
203.03998374938965,8.86
204.4519431591034,15.86
205.86348795890808,16.31
207.27762842178345,16.28
208.6203122138977,16.21
209.95468258857727,16.07
211.36939239501953,16.0
212.79108119010925,15.97
214.20529222488403,14.93
215.61758875846863,15.52
217.01813864707947,15.76
218.43266034126282,15.72
219.8463339805603,15.83
221.19910168647766,15.83
222.60034775733948,15.79
224.01869869232178,15.83
225.43558287620544,15.55
226.84714722633362,14.45
234.1580307483673,2.1
235.46134996414185,2.0
236.76393818855286,1.97
238.07849597930908,2.07
239.3818678855896,2.0
240.68685245513916,1.93
242.05311846733093,1.93
243.3704650402069,2.0
247.96244144439697,1.93
249.3618130683899,1.97
250.78453636169434,1.93
252.1900737285614,1.9
253.6017816066742,1.9
255.01898002624512,1.93
256.4344036579132,1.97
257.8514037132263,2.0
259.26393270492554,1.93
260.6621470451355,1.86
262.08638525009155,1.86
263.4924097061157,1.9
264.90338253974915,1.97
266.3189673423767,1.93
267.6623194217682,1.93
269.07590675354004,1.9
270.48932099342346,1.97
271.89299964904785,2.0
273.30771136283875,1.97
274.71932911872864,1.93
276.133273601532,1.93
277.5577709674835,1.9
278.9691722393036,1.93
280.38457775115967,1.9
281.78328347206116,1.97
283.19906854629517,1.9
284.612916469574,1.9
286.03098034858704,1.93
287.4449198246002,1.97
288.85037326812744,1.97
290.26463866233826,1.93
291.6750032901764,1.93
293.0847864151001,1.97
294.4982578754425,1.93
295.9130506515503,1.93
297.32122468948364,1.86
298.7344024181366,1.93
300.15536308288574,1.93
301.5679404735565,1.86
302.9799075126648,1.9
304.3950619697571,1.93
305.8069405555725,1.93
307.2218155860901,2.0
308.63504219055176,1.97
310.03342962265015,1.93
311.4585189819336,1.93
312.87155532836914,1.93
314.28413486480713,1.93
315.6873850822449,1.97
317.10343289375305,1.9
318.51486134529114,1.93
319.9288911819458,1.93
321.282564163208,1.86
322.62192010879517,1.97
323.95553946495056,1.97
325.30600810050964,1.93
326.7176263332367,1.93
328.05536246299744,1.93
329.4712927341461,1.86
330.8254680633545,1.97
332.164719581604,1.97
333.585586309433,1.93
334.9840552806854,2.0
336.3368921279907,1.9
337.6735210418701,1.86
339.09745836257935,1.9
340.5100631713867,1.9
341.8447918891907,1.93
343.25596284866333,1.93
344.6101768016815,1.93
346.00994658470154,1.93
347.42757177352905,1.97
348.84374499320984,2.0
350.1833121776581,1.9
351.597069978714,1.86
352.94490242004395,1.97
354.2928133010864,1.9
355.63164353370667,2.03
357.04373955726624,2.0
358.3844175338745,2.0
359.7963352203369,1.97
361.2108483314514,2.0
362.6241295337677,2.0
363.9741382598877,2.0
365.31036591529846,1.97
366.6586489677429,1.86
368.0016825199127,2.07
369.4131238460541,2.0
370.8246829509735,2.07
372.24581027030945,1.97
373.6540768146515,1.97
375.06898164749146,2.0
376.4054341316223,2.07
377.7494776248932,2.07
379.16691970825195,2.03
380.507785320282,1.97
381.9192750453949,1.93
383.3324820995331,3.0
384.7530632019043,2.03
386.0923321247101,2.03
387.5057258605957,2.0
388.9189465045929,2.07
390.3325147628784,2.03
391.74645256996155,2.0
393.16051840782166,2.03
394.57275462150574,2.07
395.9834043979645,2.07
397.39692640304565,2.14
398.8090069293976,2.0
400.22015261650085,2.03
401.6322717666626,2.14
403.04373025894165,2.1
404.45817494392395,2.14
405.87034249305725,2.1
407.2812566757202,2.07
408.69243836402893,2.14
410.10774517059326,2.14
411.5244770050049,2.03
412.9378185272217,2.03
414.35076785087585,2.03
415.7506682872772,2.1
417.17644119262695,2.07
418.5836112499237,2.14
419.9952075481415,2.1
421.40765595436096,2.14
422.74339413642883,2.07
424.16857266426086,2.17
425.5821747779846,2.14
426.9795026779175,2.1
428.3924238681793,2.07
429.8073921203613,2.07
431.22038745880127,1.93
432.6345353126526,2.03
434.0563189983368,2.1
435.462042093277,2.07
436.87385296821594,2.0
438.2849726676941,2.03
439.69804644584656,2.03
441.11363887786865,2.07
442.51957869529724,2.21
443.8703918457031,2.24
445.2828276157379,2.0
446.6964020729065,1.97
448.11264061927795,1.97
449.5232162475586,2.0
450.9296591281891,2.0
452.3402895927429,1.93
453.75685596466064,1.9
455.1738474369049,1.9
456.50970125198364,1.93
457.9268527030945,1.93
459.3390574455261,1.93
460.7528040409088,1.93
462.16493368148804,1.9
463.57477283477783,1.97
464.9861695766449,1.93
466.4035875797272,1.97
467.8139576911926,1.97
469.2291417121887,1.93
470.6319603919983,1.93
472.04777932167053,1.9
473.46240425109863,1.97
474.8762593269348,1.93
476.2961895465851,1.93
477.6984362602234,1.93
479.11439514160156,1.93
480.5333023071289,1.93
481.93704104423523,1.93
483.3482229709625,1.9
484.7644033432007,1.93
486.18145751953125,1.93
487.5942587852478,1.97
489.0056223869324,1.93
490.4186635017395,1.9
491.8372700214386,1.86
493.24043464660645,1.93
494.6556990146637,1.86
496.06905722618103,1.9
497.4778022766113,1.9
498.8854637145996,1.9
500.30426931381226,1.9
501.71777057647705,1.93
503.12595891952515,1.86
504.538428068161,1.9
505.95766949653625,1.93
507.3710834980011,1.9
508.7803761959076,1.93
510.1925811767578,1.9
511.61230731010437,1.9
513.0252094268799,1.9
514.4392168521881,1.97
515.8400402069092,1.9
517.2520513534546,1.9
518.6683809757233,1.9
520.084689617157,1.93
521.4867873191833,1.93
522.9043183326721,1.93
524.3241980075836,1.93
525.7279529571533,1.9
527.1391477584839,1.86
528.552895784378,1.93
529.9661135673523,1.86
531.3810381889343,1.9
532.8002977371216,1.9
534.2103803157806,1.9
535.6232511997223,1.86
537.0402836799622,1.93
538.4454505443573,1.9
539.8549480438232,1.86
541.2692892551422,1.86
542.6800174713135,1.97
544.0976116657257,1.9
545.5120451450348,1.9
546.9227406978607,1.93
548.3298895359039,1.93
549.7436430454254,1.86
551.156950712204,1.93
552.5735709667206,1.93
553.9892346858978,1.93
555.4056329727173,1.86
556.8119168281555,1.9
558.2186009883881,1.93
559.6339740753174,1.9
561.0472452640533,1.9
562.4595470428467,1.83
563.8680102825165,1.83
565.2793533802032,1.93
