1.0974881649017334,-1.79
2.3476152420043945,-1.69
3.560873031616211,-1.83
4.768338918685913,-1.86
7.535892486572266,-0.62
8.877336978912354,0.66
10.215548038482666,1.76
11.619800567626953,3.52
13.04533576965332,5.24
14.450047492980957,5.0
15.85558009147644,7.48
17.27358078956604,14.45
18.622050285339355,17.17
19.96536946296692,19.41
21.309377431869507,22.07
22.645413875579834,26.86
23.988806009292603,29.69
25.403703212738037,32.17
26.736595630645752,34.17
28.159746885299683,36.14
29.5595383644104,37.86
30.980570793151855,39.72
32.38859701156616,40.76
33.724809646606445,41.93
35.06901502609253,42.76
36.47838473320007,45.28
40.17707967758179,-0.72
41.49494957923889,-0.66
42.79402160644531,-0.76
44.09949445724487,-0.76
45.4139506816864,-0.9
46.71051621437073,-0.83
48.02550506591797,-0.83
49.371278047561646,-0.83
50.67102360725403,-0.93
51.98681163787842,-1.0
53.30440616607666,-0.97
54.63092517852783,-1.03
55.93483924865723,-0.9
57.239181995391846,-1.0
58.59022617340088,-0.93
59.909127950668335,-1.0
62.70637106895447,35.41
64.12230801582336,63.41
65.4631028175354,60.69
66.87508392333984,52.52
68.20648956298828,54.55
69.6239869594574,55.0
71.03628849983215,55.52
72.43906497955322,71.48
73.86355566978455,64.28
