1.111945390701294,-1.45,0
2.3478026390075684,-1.38,0
3.5554583072662354,-1.41,0
4.759396076202393,-1.41,0
5.946013450622559,-1.45,0
10.532436847686768,-1.38,1
11.956615686416626,-1.52,1
13.370214223861694,-1.52,1
14.781188726425171,-1.45,1
16.18285346031189,-1.45,1
17.593360662460327,-1.52,1
18.93595266342163,-1.48,1
20.289212703704834,-1.41,1
21.708216667175293,-1.41,1
23.110620260238647,-1.48,1
24.53463077545166,-1.48,1
25.94027876853943,-1.41,1
27.34982395172119,-1.48,1
28.768475770950317,-1.45,1
30.18201494216919,-1.52,1
31.585080862045288,-1.48,1
33.00812029838562,-1.41,1
34.408907890319824,-1.41,1
35.76648211479187,-1.48,1
37.10610342025757,-1.59,1
38.52272176742554,-1.52,1
39.92651414871216,-1.45,1
41.34223508834839,-1.48,1
42.75060153007507,-1.48,1
44.16956830024719,-1.45,1
45.50773072242737,-1.52,1
46.86029529571533,-1.48,1
48.26459550857544,-1.48,1
49.68664193153381,-1.55,1
51.087838888168335,-1.52,1
52.506432056427,-1.45,1
53.92469120025635,-1.52,1
55.33612132072449,-1.52,1
56.73863863945007,-1.48,1
58.160191774368286,-1.48,1
59.56874918937683,-1.52,1
60.98774027824402,-1.48,1
62.391194105148315,-1.45,1
63.8077187538147,-1.41,1
65.21874237060547,-1.45,1
66.6332049369812,-1.45,1
68.03982782363892,-1.48,1
69.46347880363464,-1.52,1
70.87746214866638,-1.48,1
72.2140474319458,-1.52,1
73.63094162940979,-1.55,1
75.03698468208313,-1.45,1
76.39287638664246,-1.55,1
77.73310565948486,-1.52,1
79.06564688682556,-1.48,1
80.4851245880127,-1.45,1
81.90241479873657,-1.55,1
83.31925630569458,-1.52,1
84.65214395523071,-1.48,1
86.00757145881653,-1.52,1
87.34969878196716,-1.55,1
88.75826859474182,-1.55,1
90.17719960212708,-1.45,1
91.58421492576599,-1.52,1
92.99084210395813,-1.52,1
94.40490770339966,-1.55,1
95.76019430160522,-1.52,1
97.1007673740387,-1.48,1
98.50475668907166,-1.52,1
99.92419409751892,-1.48,1
101.34157013893127,-1.52,1
102.74714541435242,-1.52,1
104.1620523929596,-1.52,1
105.56680345535278,-1.55,1
106.98698735237122,-1.55,1
108.39294385910034,-1.45,1
109.8063600063324,-1.52,1
111.22279763221741,-1.48,1
112.6427161693573,-1.48,1
114.05437159538269,-1.55,1
115.46615862846375,-1.55,1
116.8707685470581,-1.52,1
118.29011797904968,-1.52,1
119.70566987991333,-1.45,1
121.11225032806396,-1.48,1
122.53070878982544,-1.48,1
123.93962454795837,-1.52,1
125.35666108131409,-1.48,1
126.75934982299805,-1.48,1
128.17785930633545,-1.48,1
129.58779430389404,-1.48,1
131.0037271976471,-1.59,1
132.42021918296814,-1.48,1
133.8270285129547,-1.52,1
135.24669456481934,-1.52,1
136.6515600681305,-1.48,1
138.06811475753784,-1.55,1
139.47568488121033,-1.52,1
140.89681196212769,-1.52,1
142.30410432815552,-1.55,1
143.70905756950378,-1.52,1
145.1290602684021,-1.45,1
146.54705619812012,-1.45,1
147.94895434379578,-1.45,1
149.3701410293579,-1.48,1
150.7753129005432,-1.45,1
152.19398307800293,-1.52,1
153.59857082366943,-1.52,1
155.01808285713196,-1.48,1
156.42440056800842,-1.52,1
157.84800624847412,-1.55,1
159.24791169166565,-1.41,1
160.6628053188324,-1.55,1
162.08172059059143,-1.48,1
163.424250125885,-1.45,1
164.76381731033325,-1.48,1
166.1043779850006,-1.48,1
167.52301692962646,-1.55,1
168.8651566505432,-1.52,1
170.2121503353119,-1.48,1
171.55208492279053,-1.48,1
172.89459824562073,-1.48,1
174.25090980529785,-1.48,1
175.59122347831726,-1.48,1
176.93282675743103,-1.45,1
178.2716679573059,-1.45,1
179.69592356681824,-1.45,1
181.03955745697021,-1.48,1
182.38159036636353,-1.38,1
183.7231421470642,-1.48,1
185.06181526184082,-1.55,1
186.41555047035217,-1.52,1
187.7622790336609,-1.48,1
189.09906768798828,-1.48,1
190.44072008132935,-1.48,1
191.8585422039032,-1.45,1
193.20116233825684,-1.52,1
194.54636788368225,-1.48,1
195.9531135559082,-1.45,1
197.36901092529297,-1.59,1
198.7872724533081,-1.52,1
200.18838095664978,-1.45,1
201.53895902633667,-1.55,1
202.95633506774902,-1.45,1
204.29764223098755,-1.52,1
205.6390082836151,-1.52,1
206.98925065994263,-1.52,1
208.39713048934937,-1.52,1
209.80445837974548,-1.45,1
211.2222957611084,-1.45,1
212.64214205741882,-1.48,1
214.04341745376587,-1.48,1
215.39573097229004,-1.48,1
216.7322063446045,-1.48,1
218.08591079711914,-1.48,1
219.4984974861145,-1.45,1
220.83884835243225,-1.55,1
222.254727602005,-1.41,1
223.66193389892578,-1.48,1
225.01131415367126,-1.59,1
226.41172051429749,-1.48,1
227.8337264060974,-1.41,1
229.25139236450195,-1.52,1
230.65138030052185,-1.52,1
232.06892323493958,-1.48,1
233.48942589759827,-1.52,1
234.8864197731018,-1.52,1
236.31142687797546,-1.55,1
237.72690749168396,-1.52,1
239.13015365600586,-1.45,1
240.48496747016907,-1.48,1
241.89105248451233,-1.55,1
243.29370021820068,-1.55,1
244.72179007530212,-1.52,1
246.12326860427856,-1.52,1
247.54274201393127,-1.41,1
248.9541735649109,-1.48,1
250.37376189231873,-1.55,1
251.77648544311523,-1.52,1
253.19675540924072,-1.52,1
254.61139512062073,-1.45,1
256.0204474925995,-1.52,1
257.43640065193176,-1.48,1
258.84522438049316,-1.52,1
260.26080441474915,-1.52,1
261.66588592529297,-1.55,1
263.0793945789337,-1.48,1
264.4955644607544,-1.52,1
265.9083411693573,-1.41,1
267.314462184906,-1.55,1
268.7354998588562,-1.45,1
270.1370701789856,-1.41,1
271.55715799331665,-1.52,1
272.975786447525,-1.52,1
274.3152678012848,-1.41,1
275.726895570755,-1.45,1
277.1342589855194,-1.48,1
278.5506737232208,-1.52,1
279.9713382720947,-1.52,1
281.37404108047485,-1.52,1
282.7927680015564,-1.48,1
284.21117305755615,-1.48,1
285.6092851161957,-1.48,1
287.0322391986847,-1.52,1
288.4353585243225,-1.48,1
289.8578767776489,-1.52,1
291.2621991634369,-1.52,1
292.6847586631775,-1.45,1
294.09499502182007,-1.55,1
295.5107443332672,-1.55,1
296.9172341823578,-1.48,1
298.3368880748749,-1.48,1
299.73909854888916,-1.55,1
301.14874482154846,-1.52,1
302.57013511657715,-1.45,1
303.98556566238403,-1.52,1
305.38931608200073,-1.45,1
306.81085324287415,-1.48,1
308.22343945503235,-1.55,1
309.62736225128174,-1.52,1
311.0453259944916,-1.59,1
312.448513507843,-1.55,1
313.8677361011505,-1.45,1
315.2800805568695,-1.52,1
316.6975431442261,-1.48,1
318.1063368320465,-1.48,1
319.51689434051514,-1.48,1
320.8561418056488,-1.48,1
322.2024440765381,-1.55,1
323.6219973564148,-1.48,1
324.96919107437134,-0.9,1
326.3743987083435,-0.97,1
327.727591753006,-1.14,1
329.12856936454773,-1.14,1
330.5473880767822,-1.21,1
331.965265750885,-1.28,1
333.3751800060272,-1.34,1
334.71013712882996,-1.55,1
336.05025839805603,-1.45,1
337.467657327652,-1.48,1
338.81246280670166,-1.52,1
340.2284574508667,-1.48,1
341.570109128952,-1.48,1
342.9918043613434,-1.41,1
344.32784390449524,-1.52,1
345.74482679367065,-1.45,1
347.1489622592926,-1.38,1
348.5653007030487,-1.55,1
349.90716791152954,-1.48,1
351.3151993751526,-1.45,1
352.73244309425354,-1.52,1
354.0742337703705,-1.48,1
355.41550064086914,1100.0,1
356.8317792415619,1099.9,1
364.13837361335754,54.1,0
365.4386160373688,54.31,0
366.74484395980835,54.0,0
368.05524468421936,54.48,0
369.395254611969,54.07,0
370.7026879787445,54.21,0
372.0006523132324,48.41,0
373.30557894706726,49.55,0
377.8893687725067,63.62,1
379.30762243270874,32.14,1
380.6531376838684,8.03,1
381.99580931663513,3.59,1
383.3382730484009,1.72,1
384.7558960914612,9.93,1
386.15689992904663,12.93,1
387.51475977897644,14.66,1
388.8538751602173,11.9,1
390.26139783859253,-61.03,1
391.6856598854065,-193.1,1
393.089617729187,-39.38,1
394.5033142566681,-10.48,1
395.8417966365814,-1.93,1
397.2583932876587,1.83,1
398.67852210998535,1.83,1
400.024893283844,4.0,1
401.4346914291382,8.9,1
402.83845496177673,8.55,1
404.25033164024353,3.97,1
405.67458152770996,7.07,1
407.091121673584,7.28,1
408.5016760826111,4.0,1
409.9161674976349,7.17,1
411.3206355571747,-5.45,1
412.6700904369354,-73.93,1
414.08262753486633,-55.38,1
415.4885530471802,87.9,1
416.9027397632599,-83.9,1
418.32122921943665,-79.69,1
419.7353734970093,-38.52,1
421.1471130847931,-19.72,1
422.5478427410126,-10.07,1
423.9041714668274,-7.28,1
425.3046786785126,-5.21,1
426.72465538978577,-4.14,1
428.1272654533386,-3.17,1
429.55337381362915,-3.55,1
430.95219230651855,-7.83,1
432.372567653656,-2.52,1
433.78281688690186,-2.79,1
435.19860911369324,-1.31,1
436.61780071258545,-3.0,1
438.0194425582886,-2.21,1
439.4290249347687,-2.14,1
440.85489535331726,-2.0,1
442.20045256614685,-2.1,1
443.6089515686035,-2.07,1
444.9502956867218,-2.1,1
446.36710119247437,-2.17,1
447.78337478637695,-2.21,1
449.1833167076111,-2.03,1
450.53777527809143,-2.03,1
451.94199800491333,-2.03,1
453.36332178115845,-2.03,1
454.76859641075134,-2.0,1
456.1847252845764,-2.0,1
457.59691977500916,-2.07,1
459.0162374973297,-1.97,1
460.4167540073395,-2.03,1
461.76997208595276,-1.83,1
463.11087822914124,-1.86,1
464.5293984413147,-1.93,1
465.9372720718384,-2.0,1
467.3549768924713,-1.9,1
468.7589650154114,-2.0,1
470.16713309288025,-1.97,1
471.5885262489319,-2.0,1
472.9957230091095,-1.9,1
474.41374015808105,-2.0,1
475.8177058696747,-1.97,1
477.23261547088623,-1.97,1
478.65412735939026,-1.97,1
480.0546259880066,-2.0,1
481.478791475296,2.17,1
482.89065408706665,-1.79,1
484.2958047389984,-2.52,1
485.706374168396,9.0,1
487.1330463886261,-2.17,1
488.538791179657,-1.76,1
489.95825242996216,6.28,1
491.36218523979187,-4.07,1
492.7787446975708,-2.21,1
494.1817500591278,-1.76,1
495.60768866539,-1.97,1
497.02100801467896,-1.97,1
498.43521904945374,-1.86,1
499.84479117393494,-1.97,1
501.26102089881897,-1.93,1
