1.106797456741333,-0.86
2.319478750228882,-0.83
3.5565576553344727,-0.79
4.760446786880493,-0.9
5.97052001953125,-0.9
7.170133352279663,-0.9
11.757365703582764,762.9
13.175617694854736,662.28
14.587352514266968,404.52
15.999634027481079,246.86
17.396870374679565,165.76
18.751744270324707,125.9
20.154624223709106,115.31
21.5678448677063,106.0
22.981683015823364,109.83
24.387081384658813,108.1
25.7999906539917,121.59
27.214805126190186,98.79
28.623295783996582,114.28
30.036378860473633,121.86
31.44680953025818,140.03
32.858717918395996,-675.1
34.27567005157471,-1.41
35.68757200241089,-1.97
37.0996470451355,-1.45
38.51564383506775,-1.21
39.9279203414917,-1.07
41.34093236923218,-0.69
42.74980139732361,118.14
44.16440486907959,3.21
45.58007502555847,7.72
46.97827100753784,12.14
48.39804410934448,13.86
49.812655448913574,15.79
51.21239757537842,20.31
52.62834072113037,23.76
54.04777956008911,26.52
55.44301891326904,27.17
56.854844093322754,25.41
58.267258644104004,50.97
59.693047523498535,234.76
61.097312211990356,135.69
62.513482332229614,196.0
63.925597190856934,163.45
65.34096622467041,142.17
66.74492812156677,132.52
68.09478569030762,126.07
69.50718355178833,124.14
70.9186544418335,123.0
72.2578980922699,122.93
73.66776251792908,118.52
75.07908606529236,121.45
76.48527097702026,122.03
83.79008412361145,2.66
85.09779095649719,2.62
86.45314264297485,2.52
87.77058839797974,2.52
89.07386112213135,2.62
90.38465929031372,2.66
91.70621824264526,2.66
93.0110068321228,2.66
97.59090876579285,2.59
99.0021767616272,2.62
100.41594886779785,2.59
101.8401026725769,3.28
103.25110387802124,14.59
104.66357207298279,21.38
106.07771277427673,27.55
107.49282121658325,33.45
108.89615321159363,35.55
110.30830097198486,36.24
111.7217857837677,39.41
113.13328957557678,40.17
114.53947019577026,40.14
115.9616584777832,39.97
117.37351083755493,39.76
118.78278589248657,39.79
120.19631576538086,39.76
121.61041927337646,39.86
123.02354598045349,39.72
124.43299770355225,39.45
125.84613013267517,39.31
127.24540305137634,39.1
128.66566920280457,39.14
130.07735443115234,39.17
131.4780523777008,39.07
132.89111971855164,39.0
134.30761981010437,39.31
135.7225742340088,39.1
137.1275351047516,41.59
138.55028820037842,39.45
139.95227432250977,38.62
141.36856532096863,38.59
142.78274989128113,41.03
144.18466210365295,38.83
145.5991222858429,38.62
147.0137791633606,41.1
148.42247605323792,39.1
149.8405110836029,38.38
151.24538779258728,38.17
152.65172457695007,37.97
154.06464743614197,38.07
155.47997307777405,38.21
156.8942165374756,38.17
158.3057963848114,38.21
159.72435760498047,38.21
161.13533210754395,38.07
162.54532265663147,38.9
163.95747566223145,38.21
165.35593008995056,38.52
166.78219389915466,38.03
174.0834400653839,2.55
175.39699792861938,2.59
176.70174908638,2.69
178.02105236053467,2.59
179.3557367324829,2.59
180.67589592933655,2.55
181.98405647277832,2.55
183.30257964134216,2.59
187.87807321548462,8.34
189.29093742370605,8.45
190.69215846061707,8.34
192.1138792037964,8.41
193.51581025123596,8.45
194.94113397598267,9.76
196.34313583374023,12.38
197.75677037239075,15.9
199.17273354530334,20.31
200.58328986167908,25.07
202.00188159942627,29.69
203.4172968864441,34.59
204.82850813865662,38.76
206.23105239868164,42.55
207.65032625198364,46.07
209.04999899864197,48.59
210.46183824539185,50.48
211.87548303604126,51.86
213.29412055015564,52.72
214.7100477218628,52.72
216.11417150497437,52.21
217.52594661712646,51.34
218.94590425491333,49.97
220.3440339565277,48.79
221.75878310203552,46.97
223.17283725738525,44.69
224.58994555473328,42.55
225.98836827278137,40.55
227.41015315055847,38.66
228.82438015937805,36.97
230.15877676010132,36.07
231.57377123832703,35.41
232.9803068637848,34.79
234.38913321495056,34.86
235.80482363700867,35.1
237.22053122520447,35.55
238.63147687911987,36.07
240.04413390159607,36.86
241.44548082351685,37.52
242.85866141319275,38.1
244.2739281654358,39.03
245.6962113380432,39.9
247.09848999977112,40.76
248.5114095211029,41.21
249.9259738922119,41.59
251.3256232738495,41.93
252.73958611488342,42.31
254.16114854812622,42.14
255.5627634525299,42.24
262.94866490364075,8.48
264.2649927139282,8.59
265.5772225856781,8.48
266.8789668083191,8.45
268.1974401473999,8.59
269.50628089904785,8.41
270.8253779411316,8.52
272.13011741638184,8.48
276.7676565647125,2.59
278.18058586120605,2.62
279.5901162624359,2.59
281.0040981769562,2.86
282.42049765586853,14.72
283.8334627151489,19.52
285.24465799331665,28.52
286.654883146286,35.45
288.0644953250885,38.21
289.4669260978699,38.66
290.8824396133423,38.48
292.2958149909973,41.97
293.71567845344543,38.86
295.1294023990631,38.48
296.5295205116272,42.31
297.9487841129303,42.79
299.36460185050964,38.83
300.77551341056824,38.69
302.18585109710693,37.21
303.5838906764984,37.34
304.9957158565521,36.59
306.41408252716064,42.21
307.82582902908325,38.0
309.23668146133423,42.17
310.64632177352905,42.9
312.05867767333984,42.59
313.46984219551086,43.17
314.8815746307373,36.31
316.293829202652,34.41
317.70691776275635,33.86
319.114839553833,39.1
320.52672290802,39.28
321.93774127960205,39.0
323.2850453853607,39.76
324.69718527793884,39.0
326.04613733291626,40.1
327.3789985179901,39.07
328.7311301231384,38.69
330.13763451576233,39.03
331.4888389110565,39.28
332.90079855918884,38.48
334.2378480434418,38.66
335.5721318721771,38.45
336.92032051086426,41.69
338.3321385383606,39.38
339.6834282875061,39.24
341.0174605846405,39.31
342.4224433898926,39.17
343.83641481399536,38.97
345.18783235549927,39.03
352.4968569278717,2.34
353.80057406425476,2.41
355.1099715232849,2.45
356.41364192962646,2.38
357.71717166900635,2.41
359.06673979759216,2.45
360.38049840927124,2.38
361.6956992149353,2.45
362.9050259590149,2.45
364.1013374328613,2.34
365.30856585502625,2.45
366.51800775527954,2.38
367.7276785373688,2.48
368.97384309768677,2.41
370.1743960380554,2.34
371.38233399391174,2.45
372.59173107147217,2.38
373.7990655899048,2.38
375.01318740844727,2.38
376.2185664176941,2.41
377.4401488304138,2.41
