1.1120030879974365,-1.69,0
2.3611183166503906,-1.76,0
3.5699281692504883,-1.79,0
4.766988039016724,-1.83,0
9.344015836715698,-2.07,1
10.760555982589722,-1.69,1
12.162881135940552,1.41,1
13.587103128433228,2.21,1
14.92699408531189,3.21,1
16.33791208267212,5.03,1
17.679677963256836,6.03,1
19.101249933242798,7.31,1
20.44182014465332,8.1,1
21.85325336456299,9.21,1
23.26944088935852,10.17,1
24.68339514732361,11.14,1
26.015714406967163,11.66,1
27.42655897140503,12.93,1
28.770793914794922,13.55,1
30.19046640396118,14.55,1
31.604209423065186,15.31,1
33.02027177810669,16.52,1
34.42280960083008,16.55,1
35.84004497528076,17.59,1
37.258100271224976,18.07,1
38.67312002182007,18.83,1
40.004122734069824,19.21,1
41.42478942871094,19.83,1
42.84194612503052,20.1,1
44.18147277832031,20.52,1
45.59735298156738,21.03,1
47.01179885864258,21.41,1
48.42608380317688,21.86,1
49.82784390449524,22.17,1
51.23942422866821,22.38,1
52.657432079315186,22.83,1
54.06578230857849,22.86,1
55.484556913375854,23.41,1
56.88743352890015,23.66,1
58.30420136451721,23.66,1
59.70783972740173,24.21,1
61.130770444869995,24.76,1
62.53415584564209,24.48,1
63.95730948448181,25.1,1
65.28821229934692,25.55,1
66.7043788433075,25.52,1
68.12193131446838,26.03,1
69.52974891662598,25.93,1
70.93192434310913,26.38,1
72.355220079422,26.34,1
73.75720691680908,26.76,1
75.16608428955078,26.66,1
76.59277367591858,26.76,1
77.99268579483032,26.83,1
79.41295146942139,26.72,1
80.81735110282898,27.38,1
82.23992156982422,27.38,1
83.64258170127869,27.31,1
85.06022310256958,27.9,1
86.46213817596436,27.79,1
87.88178014755249,28.0,1
89.2842161655426,27.83,1
90.69993853569031,28.34,1
92.11924409866333,28.24,1
93.52482461929321,28.31,1
94.9434745311737,28.31,1
96.35695552825928,28.38,1
97.75965738296509,28.38,1
99.17605423927307,28.45,1
100.57930088043213,28.59,1
101.99579429626465,28.62,1
103.41232347488403,28.55,1
104.81859159469604,29.24,1
106.23095107078552,29.17,1
107.64292025566101,29.0,1
109.05313158035278,29.24,1
110.47141671180725,29.17,1
111.87839436531067,29.28,1
113.29665064811707,29.1,1
114.70777416229248,29.14,1
116.11811637878418,28.83,1
117.5278832912445,28.86,1
119.07912874221802,29.03,1
120.49093413352966,29.55,1
121.90149021148682,29.66,1
129.2117223739624,-1.34,0
130.56177234649658,-1.52,0
131.87022399902344,-1.45,0
133.18067264556885,-1.52,0
134.49285197257996,-1.48,0
135.81832575798035,-1.48,0
137.12654280662537,-1.55,0
138.44286918640137,-1.59,0
143.0529043674469,-2.1,1
144.46869230270386,-1.83,1
145.88386178016663,-1.55,1
147.29531598091125,-1.55,1
148.70913743972778,-1.55,1
150.11852431297302,-1.59,1
151.53370904922485,-1.52,1
152.9445366859436,-1.59,1
154.35674333572388,0.69,1
155.77313232421875,0.34,1
157.18557238578796,1.03,1
158.59514951705933,0.9,1
160.00640416145325,1.48,1
161.42477583885193,1.34,1
162.82586097717285,1.72,1
164.2490212917328,1.69,1
