1.1001513004302979,6.72
2.3457658290863037,6.62
3.5513811111450195,6.86
4.753051280975342,6.79
9.320810317993164,0.45
10.733566045761108,0.21
12.145617246627808,0.31
13.557640790939331,0.17
14.957051753997803,0.1
16.37773561477661,-1.14
17.793479919433594,-0.38
19.14158844947815,0.07
20.471782684326172,0.07
21.81603717803955,0.1
23.230815649032593,0.1
24.57829785346985,0.03
25.986015796661377,0.0
27.32933497428894,2.1
28.747491121292114,10.21
30.15486168861389,13.17
31.568233013153076,14.07
32.984304904937744,12.66
34.39775204658508,13.41
35.752235889434814,14.48
37.15491771697998,6.59
38.57831287384033,7.24
39.98568272590637,8.66
41.321608781814575,9.62
42.74637007713318,7.31
44.16200375556946,11.97
45.56381011009216,10.17
46.90702152252197,7.9
48.330647468566895,7.1
49.73012661933899,6.31
51.155770778656006,11.62
52.56149411201477,10.52
53.97048354148865,10.83
55.39373421669006,8.66
56.80578088760376,9.59
58.20971965789795,6.69
59.62066340446472,11.62
61.04404878616333,11.66
62.45518779754639,13.31
63.80298376083374,14.14
65.1404504776001,12.76
66.48075103759766,9.76
67.89865684509277,6.79
69.3157594203949,11.45
70.72871828079224,10.41
72.0730311870575,13.31
73.47819447517395,14.24
74.81899189949036,10.69
76.16785645484924,8.97
77.50949501991272,12.69
78.9303891658783,10.1
80.26073670387268,13.24
81.67915177345276,12.93
83.02436089515686,10.48
84.4445366859436,10.21
85.85758757591248,10.76
87.19548869132996,12.66
88.54446482658386,12.03
89.9535858631134,8.9
91.29011535644531,9.21
92.70214796066284,11.9
94.11941385269165,10.14
95.54084038734436,9.38
96.94178414344788,8.31
98.36771845817566,12.31
99.7808358669281,12.55
101.1877543926239,8.97
102.59187388420105,9.38
104.01706075668335,12.17
105.34957575798035,13.34
106.77271175384521,11.34
108.18318915367126,7.72
109.59228324890137,12.07
111.00061750411987,10.72
112.42329525947571,8.59
113.83756947517395,12.34
115.24802827835083,10.1
116.6610906124115,9.17
118.07485866546631,12.45
119.4747006893158,10.45
120.90050935745239,12.59
122.31179332733154,8.0
123.71339750289917,11.79
125.1289176940918,7.21
126.55077505111694,11.62
127.960773229599,7.31
129.3777370452881,9.59
130.7857210636139,12.38
132.19332695007324,11.24
133.60408115386963,11.38
135.01309156417847,12.86
136.43013668060303,10.79
137.85196089744568,13.07
139.1874861717224,8.79
140.6055932044983,8.03
141.94153356552124,12.0
143.35466527938843,9.31
144.77192854881287,8.59
146.1877565383911,12.21
147.605238199234,13.62
149.01420068740845,12.21
150.41936087608337,8.79
151.83525896072388,7.69
153.2443835735321,11.38
154.65986847877502,9.62
156.07900309562683,10.76
157.49062061309814,12.31
158.89858293533325,8.45
160.31956338882446,10.72
161.72506189346313,10.59
163.07178354263306,4.72
164.4200360774994,5.72
165.76515793800354,6.66
167.1777446269989,11.48
168.5879843235016,7.83
169.93466114997864,7.66
171.2773916721344,6.66
172.6882290840149,11.59
174.0254328250885,12.62
175.37867784500122,13.72
176.72374486923218,10.72
178.0620903968811,8.83
179.46760368347168,7.24
180.81207299232483,11.21
182.22949767112732,11.24
183.5831651687622,6.55
184.9155194759369,11.38
186.26109337806702,11.41
187.6829478740692,8.34
189.08227562904358,11.76
190.50458908081055,7.97
191.9214096069336,8.55
193.2537796497345,11.97
194.6724317073822,11.07
196.01506400108337,10.62
197.42037749290466,9.93
198.76656889915466,7.41
200.1891393661499,7.38
201.5366780757904,11.55
202.94479870796204,8.97
204.28094124794006,8.28
205.70424437522888,11.76
207.04932117462158,10.34
208.45100355148315,12.59
209.87394428253174,8.83
211.28059816360474,8.93
212.69527983665466,9.55
214.0292112827301,7.97
215.37819027900696,5.79
216.79333877563477,6.07
218.21060872077942,8.41
219.6232521533966,11.93
221.04077672958374,8.59
222.44738221168518,7.72
223.78867292404175,11.86
225.2025649547577,9.55
226.60984182357788,8.48
228.0250723361969,5.62
229.43543767929077,4.55
230.8594467639923,5.45
232.25800371170044,8.62
233.68353295326233,12.17
235.0965611934662,13.1
236.4990553855896,13.62
237.91088962554932,9.1
239.33351397514343,11.86
240.73729491233826,11.14
242.1613380908966,13.14
243.56216549873352,12.79
244.98582553863525,8.69
246.398699760437,7.86
247.80137300491333,7.62
249.21015977859497,6.72
250.63659715652466,8.38
252.03781032562256,7.17
253.45426678657532,5.17
254.87608790397644,9.07
256.2878646850586,12.07
257.69966077804565,7.66
259.1122102737427,9.48
260.52523827552795,12.34
261.9344263076782,12.03
263.3476219177246,10.55
264.7571470737457,5.31
266.163635969162,5.93
267.57672667503357,7.69
269.00291109085083,11.66
270.412029504776,9.17
271.81661796569824,12.41
273.2361991405487,13.45
274.6536159515381,11.45
276.056316614151,13.0
277.4741909503937,11.93
278.88818645477295,13.28
280.3032395839691,9.97
281.70169711112976,9.83
283.1252381801605,12.03
284.5349669456482,8.41
285.95133996009827,10.21
287.357049703598,9.38
288.7691819667816,12.24
290.1937572956085,10.55
291.5980122089386,12.52
293.01087856292725,13.79
294.41849398612976,11.59
