1.1164593696594238,-1.52
2.3217580318450928,-1.55
3.555480718612671,-1.55
4.760418653488159,-1.52
9.348665952682495,-1.45
12.900771379470825,-1.52
14.313605785369873,-1.48
17.86132526397705,-1.48
21.3440158367157,-1.48
24.894144296646118,-1.52
26.306333303451538,-1.48
27.71873426437378,-1.55
31.26622986793518,-1.55
32.679418087005615,-1.59
34.02442526817322,-1.48
35.36850714683533,-1.55
36.77138590812683,-1.55
38.18634796142578,-1.52
39.52776098251343,-1.45
40.8836030960083,-1.55
42.28855633735657,-1.48
43.70880198478699,-1.55
45.10956907272339,-1.52
46.52132821083069,-1.48
47.945833683013916,-1.48
49.35785412788391,-1.48
50.772093296051025,-1.52
52.184170722961426,-1.48
53.597970962524414,-1.52
55.01138949394226,-1.45
56.42431640625,-1.52
57.82414102554321,-1.52
59.24801588058472,-1.52
60.65849733352661,-1.41
62.05798602104187,-1.45
63.47476267814636,-1.52
64.88865518569946,-1.41
66.23920559883118,-1.48
67.6390733718872,-1.52
69.05242276191711,-1.48
70.4650330543518,-1.59
71.81409025192261,-1.52
73.22917699813843,-1.48
74.64204907417297,-1.52
76.0576388835907,-1.48
77.46921849250793,-1.48
78.8829882144928,-1.52
80.29877781867981,-1.45
81.70571303367615,-1.48
83.1177327632904,-1.59
84.53844404220581,-1.48
85.87394118309021,-1.55
87.28582668304443,-1.52
88.70766186714172,-1.48
90.10666680335999,-1.48
91.53425288200378,-1.48
92.93646883964539,-1.48
94.35062170028687,-1.41
95.76241850852966,-1.52
97.18050146102905,-1.55
98.5821943283081,-1.59
99.9990508556366,-1.48
101.41638326644897,-1.48
102.82540440559387,-1.55
104.24217200279236,-1.48
105.6600751876831,-1.52
107.06147336959839,-1.45
108.47304368019104,-1.48
109.88929724693298,-1.55
111.3083074092865,-1.52
112.70849537849426,-1.52
114.12789821624756,-1.52
115.54600739479065,-1.52
116.96236681938171,-1.48
118.3756000995636,-1.52
119.77482461929321,-1.52
121.18874526023865,-1.55
122.60688042640686,-1.55
124.01168036460876,-1.48
125.42431974411011,-1.48
126.84150266647339,-1.48
128.2494764328003,-1.45
129.6644515991211,-1.45
131.0807909965515,-1.45
132.49860453605652,-1.45
133.9016990661621,-1.52
135.31340146064758,-1.52
136.7325484752655,-1.52
138.14425230026245,-1.55
139.5539906024933,-1.41
140.9721336364746,-1.55
142.38806915283203,-1.45
143.80407977104187,-1.52
145.2031216621399,-1.52
146.62022852897644,-1.52
148.037579536438,-1.45
149.44077730178833,-1.52
150.8558428287506,-1.55
152.26954340934753,-1.55
153.68389058113098,-1.52
155.0988028049469,-1.45
156.51511240005493,-1.45
157.92819547653198,-1.48
159.33101892471313,-1.48
160.74464440345764,-1.52
162.15963220596313,-1.48
163.57812118530273,-1.45
164.9884705543518,-1.59
166.3917727470398,-1.55
167.80693197250366,-1.45
169.22846341133118,-1.52
170.64670586585999,-1.48
172.058358669281,-1.52
173.39212822914124,-1.52
174.80110144615173,-1.55
176.23011827468872,-1.55
177.6427047252655,-1.48
179.0433313846588,-1.45
180.46614027023315,-1.48
181.865660905838,-1.52
183.27980542182922,-1.52
184.69690871238708,-1.55
186.1123960018158,-1.52
187.52896094322205,-1.45
188.93835878372192,-1.45
190.3538303375244,-1.48
191.7581386566162,-1.52
193.17447018623352,-1.48
194.59317183494568,-1.45
195.99845004081726,-1.48
197.41041469573975,-1.52
198.82351756095886,-1.48
200.24333715438843,-1.48
201.6468849182129,-1.48
203.067227602005,-1.45
204.4711513519287,-1.55
205.89213013648987,-1.48
207.29638862609863,-1.48
208.71973180770874,-1.45
210.1187973022461,-1.52
211.54147171974182,-1.59
212.94656419754028,-1.48
214.36943364143372,-1.45
215.78505897521973,-1.48
217.19166564941406,-1.55
218.6078817844391,-1.52
220.01926374435425,-1.52
221.4270577430725,-1.52
222.83946299552917,-1.48
224.25734114646912,-1.48
225.6629979610443,-1.55
227.0773742198944,-1.48
228.48604369163513,-1.52
229.8977313041687,-1.48
231.3239300251007,-1.52
232.7338171005249,-1.52
234.14531540870667,-1.48
235.56039190292358,-1.52
236.97498035430908,-1.48
238.38784551620483,-1.55
239.79585242271423,-1.48
241.20674562454224,-1.52
