1.1090259552001953,7.66
2.3444175720214844,7.62
3.557070255279541,7.66
4.761719226837158,7.72
9.346608400344849,7.76
10.75887417793274,7.59
12.162996768951416,7.62
13.575236797332764,7.66
14.984426021575928,7.62
16.41255807876587,7.55
17.746603965759277,7.72
19.096503257751465,7.66
20.431756734848022,7.62
21.77944827079773,7.59
23.125964403152466,7.62
24.535890817642212,7.55
25.9511935710907,7.59
27.369638442993164,7.59
28.784162759780884,7.59
30.195553302764893,7.52
31.6097674369812,8.59
33.014827728271484,9.93
34.366007566452026,11.62
35.699180603027344,13.0
37.04873776435852,14.41
38.46603226661682,16.24
39.811582803726196,17.79
41.1448118686676,19.31
42.49524235725403,20.76
43.91128158569336,22.45
45.32358980178833,24.17
46.658807039260864,25.62
48.00799798965454,26.55
49.41799592971802,27.55
50.76681137084961,28.34
52.177189111709595,29.21
53.51014161109924,29.86
54.93710255622864,30.79
56.336986780166626,31.48
57.759472370147705,32.07
59.17012119293213,32.66
60.58111262321472,33.41
61.91701316833496,33.86
63.33997702598572,34.55
64.75136709213257,35.38
66.16434693336487,36.03
67.49691557884216,36.86
68.8528368473053,37.59
70.25474429130554,38.31
71.60533046722412,38.93
72.93963050842285,39.52
74.29019784927368,40.31
75.62629508972168,40.86
77.04228949546814,41.31
78.45828866958618,41.86
79.87154388427734,42.31
81.28406143188477,42.45
82.68262243270874,42.45
84.03065156936646,42.52
85.44683122634888,42.31
86.85913395881653,41.93
88.27450156211853,41.79
89.67676782608032,41.62
91.08779907226562,41.28
92.49984407424927,40.69
93.91092658042908,40.17
95.32143926620483,39.55
96.7331473827362,39.59
98.14087796211243,39.45
99.5540931224823,39.48
100.96527051925659,39.38
102.37918901443481,39.21
103.80068230628967,39.21
105.21172881126404,39.14
106.54219508171082,39.07
107.9623532295227,39.24
109.37752437591553,39.1
110.79017567634583,39.45
112.20287203788757,39.69
113.61622452735901,40.03
115.02670431137085,40.31
116.44066095352173,40.55
117.8507091999054,40.45
119.2478940486908,40.21
120.67338633537292,40.17
122.08388042449951,40.07
123.49313545227051,39.93
124.90852308273315,39.86
126.32005476951599,39.83
127.73334121704102,39.97
129.1440510749817,39.93
130.553320646286,40.17
131.96568703651428,40.1
133.37886214256287,40.28
134.78992533683777,40.0
136.1218101978302,40.0
137.5337598323822,39.93
138.88260674476624,39.83
140.29395151138306,40.03
141.71041440963745,40.31
143.1221525669098,40.21
144.53301978111267,40.14
145.94295835494995,40.1
147.3604302406311,39.9
148.76728582382202,39.72
150.1792492866516,40.03
151.59421157836914,40.0
153.00224375724792,39.83
154.41110801696777,39.69
155.81934261322021,39.55
157.23337054252625,39.45
158.64139652252197,40.0
160.05084466934204,40.21
161.4762032032013,40.38
162.8135347366333,40.24
164.22665548324585,40.21
165.56164598464966,40.07
166.97059845924377,39.93
168.32341146469116,40.03
169.66507983207703,39.93
171.01181387901306,39.76
172.35580039024353,39.59
173.6952474117279,39.93
175.10454607009888,40.28
176.45124745368958,40.28
177.7955048084259,40.07
179.19718480110168,40.1
180.5476677417755,39.93
181.88393807411194,39.9
183.2964210510254,39.79
184.64397764205933,39.76
186.0563566684723,39.62
187.38905596733093,40.03
188.73753571510315,40.38
190.14845442771912,40.24
191.49427103996277,40.24
192.90658593177795,40.1
194.2412428855896,39.93
195.58898258209229,40.48
196.93612623214722,40.72
198.34816813468933,40.83
199.75783014297485,40.55
201.17444825172424,40.59
202.5081148147583,40.41
203.9202857017517,40.24
205.3320415019989,40.24
206.6874077320099,40.21
208.0949728488922,40.17
209.4299464225769,40.0
210.77942562103271,39.93
212.18892455101013,39.79
213.59844827651978,39.97
215.00964307785034,39.79
216.42116236686707,39.66
217.8356432914734,39.48
219.2432839870453,39.59
220.59687781333923,39.38
227.97679996490479,8.86
229.2787961959839,8.76
230.6105616092682,8.83
