1.1187829971313477,6.31
2.3650882244110107,6.24
3.572671890258789,6.28
4.778125524520874,6.31
5.989186525344849,6.28
7.200001239776611,6.28
11.787237405776978,106.66
13.200344562530518,138.28
14.612393617630005,142.17
16.02441143989563,143.14
17.436372995376587,143.28
18.84424614906311,143.38
20.19089674949646,140.03
21.59447956085205,126.31
23.014960050582886,113.9
24.344571352005005,104.59
25.766391038894653,95.03
27.180155038833618,86.03
28.57961893081665,78.45
29.99760103225708,71.72
31.406350135803223,66.07
32.81799578666687,61.17
34.16985630989075,57.1
35.58021664619446,52.52
36.98871040344238,47.97
38.396907806396484,43.97
39.73213529586792,41.07
41.15511441230774,37.9
42.5572566986084,35.0
43.97166562080383,31.86
45.31485056877136,30.1
46.72630500793457,28.59
48.1503541469574,26.69
49.55358862876892,25.1
50.96728491783142,23.34
52.38727331161499,17.17
53.79735469818115,8.1
55.201865911483765,4.38
56.62038826942444,12.07
58.02882099151611,11.76
59.44244384765625,12.59
60.85055637359619,12.28
62.26384210586548,15.38
63.662846326828,12.24
65.07508587837219,5.76
66.43109798431396,8.34
67.77209424972534,5.45
69.18561029434204,10.17
70.59263706207275,5.24
72.00555181503296,10.07
73.42583441734314,5.28
74.82591438293457,7.03
76.18083786964417,13.72
77.59486961364746,13.79
78.99984121322632,11.76
80.41056513786316,11.1
81.82266569137573,10.9
83.24575114250183,14.1
84.64839911460876,14.03
85.9903793334961,14.41
87.41528463363647,12.72
88.81480813026428,9.97
90.16082215309143,11.48
91.58362150192261,5.93
92.92870473861694,8.0
94.34039640426636,12.17
95.74694395065308,14.69
97.15901970863342,12.48
98.57836985588074,11.52
99.99140310287476,10.86
101.39655208587646,9.83
102.81210660934448,10.07
104.22227501869202,11.48
105.63581609725952,9.03
107.05458354949951,9.17
108.46307158470154,10.21
109.8663957118988,10.86
111.28232336044312,12.97
112.70521759986877,10.66
114.10373663902283,12.0
115.53201699256897,8.62
116.94105529785156,10.93
118.34889078140259,5.9
119.76806163787842,9.1
121.18090653419495,9.45
122.58911156654358,5.1
124.0069887638092,4.14
125.40998888015747,8.66
126.83041071891785,11.1
128.24169874191284,11.97
129.64662981033325,10.21
131.0711545944214,12.48
132.48005533218384,6.1
133.89522099494934,8.83
135.29535126686096,12.38
136.7130753993988,6.21
138.12852358818054,6.34
139.53631854057312,7.72
140.94606566429138,9.72
142.36189317703247,7.62
143.7857518196106,10.45
145.19119596481323,10.48
146.60197710990906,8.55
148.00977492332458,6.59
149.42307472229004,7.69
150.84402704238892,10.03
152.26076221466064,12.69
153.66188049316406,12.55
155.086243391037,15.76
156.5003821849823,10.24
157.91083550453186,10.45
159.31347751617432,7.14
160.6570987701416,6.69
162.01299691200256,8.28
163.42490696907043,9.03
164.83755683898926,10.28
166.18065428733826,10.07
167.59194135665894,14.24
168.92534375190735,10.97
170.33714032173157,10.69
171.76189517974854,5.83
173.1686635017395,3.97
174.58110308647156,11.66
175.9905502796173,5.76
177.3361918926239,3.66
178.68344736099243,3.79
180.03530168533325,9.93
181.37645030021667,11.45
182.72128701210022,8.34
184.12752890586853,6.55
185.4671287536621,10.28
186.89246320724487,7.76
188.29807233810425,11.21
189.71755123138428,10.48
191.05594873428345,8.48
192.47359490394592,7.59
193.87369513511658,9.03
195.29057598114014,13.38
196.63144373893738,6.41
198.05572891235352,7.76
199.4629032611847,9.34
200.87191152572632,8.28
202.2925546169281,10.07
203.6982762813568,8.14
205.11689639091492,10.48
206.51969957351685,5.45
207.93956685066223,9.38
209.35277199745178,11.41
210.7674741744995,12.48
212.18008708953857,12.17
213.59404134750366,9.76
215.00130128860474,12.69
216.40857791900635,11.14
217.83017492294312,9.52
219.2330243587494,12.0
220.65626525878906,9.69
222.06269717216492,10.69
223.4775354862213,12.17
224.82400250434875,10.17
226.2321276664734,12.34
227.58237481117249,7.31
228.9951753616333,8.72
230.4072024822235,7.59
231.81637334823608,10.52
233.21829080581665,8.34
234.5728976726532,10.93
235.98470282554626,13.48
237.39605951309204,12.21
238.81411290168762,5.62
240.22572684288025,7.76
241.63445019721985,14.93
243.04043006896973,10.41
244.4587881565094,12.79
245.87786173820496,8.79
247.28423738479614,10.79
248.70176243782043,10.34
250.1074411869049,11.9
251.5215449333191,5.79
252.92887568473816,6.72
254.3503487110138,11.07
255.76507687568665,8.79
257.1677062511444,8.62
258.5777156352997,11.86
260.00252509117126,12.79
261.41964173316956,14.86
262.827778339386,15.69
264.23649644851685,12.1
265.64985847473145,12.45
267.06631302833557,9.45
268.47817373275757,8.45
269.8799104690552,11.52
271.3065960407257,8.66
272.7197427749634,4.93
274.12725496292114,7.83
275.5338833332062,10.93
276.942391872406,6.45
278.3630678653717,3.62
279.7806680202484,9.28
281.1826288700104,8.86
282.5992021560669,7.66
284.00977325439453,8.38
285.4324400424957,5.83
286.84276270866394,8.62
288.25227880477905,9.21
289.67142248153687,14.34
291.08334517478943,13.79
292.48597478866577,6.0
293.90250611305237,11.24
295.32103633880615,14.41
296.7221329212189,12.38
298.1397521495819,9.14
299.5499634742737,5.17
300.9731698036194,7.55
302.38518834114075,9.62
303.7960464954376,9.38
305.206511259079,7.55
306.62209844589233,8.72
308.03287649154663,9.34
309.4483485221863,5.38
310.8620262145996,3.62
312.26176738739014,8.38
313.6855914592743,12.34
315.03224992752075,10.69
316.433890581131,14.45
317.8466215133667,11.24
319.2655382156372,10.48
320.61512541770935,9.62
321.95290994644165,13.62
323.3036994934082,12.38
324.7030234336853,5.93
326.05884051322937,9.76
327.47179913520813,12.79
328.8082683086395,11.48
330.1476993560791,5.48
331.497994184494,5.24
332.9133734703064,7.07
334.2582542896271,12.03
335.60191655158997,12.52
337.01794600486755,10.0
338.35089206695557,9.72
339.7070896625519,5.72
341.0444436073303,10.59
342.38043880462646,12.21
343.72562193870544,11.1
351.039386510849,1.55
352.34741377830505,1.45
353.68410897254944,1.45
354.99105405807495,1.52
356.2817485332489,1.38
357.5897104740143,1.45
358.90470004081726,1.41
360.21149468421936,1.52
364.806681394577,1.31
366.1502351760864,1.45
367.5533039569855,1.38
368.9672577381134,1.28
370.321350812912,1.38
371.7241451740265,1.45
373.06985545158386,10.72
374.4160203933716,15.72
375.7538170814514,18.07
377.1023621559143,19.72
378.4528121948242,21.07
379.86603832244873,21.93
381.21008706092834,23.45
382.6210775375366,24.86
384.0344285964966,24.55
385.3791711330414,25.76
386.71343207359314,25.93
388.1342511177063,26.34
389.5393478870392,26.52
390.94803524017334,26.66
392.35959100723267,26.86
393.76797556877136,26.93
395.12440299987793,27.45
396.5365138053894,27.48
397.9480209350586,27.48
399.3516583442688,28.24
400.6950640678406,28.38
402.10453248023987,28.52
403.4538059234619,28.34
404.8691232204437,28.41
406.208411693573,28.28
407.6257355213165,29.1
408.9653196334839,29.24
410.3109633922577,29.17
411.65258860588074,29.24
413.0521743297577,29.21
414.4768602848053,29.1
415.8878962993622,29.0
417.2265920639038,29.45
418.64396047592163,29.17
419.97857999801636,29.14
421.3970420360565,30.62
422.7341184616089,30.07
424.13911652565,29.66
425.56001496315,29.21
426.9607427120209,30.62
428.3072545528412,30.17
429.7292079925537,29.69
431.05881094932556,30.97
432.4729223251343,30.38
433.8289396762848,29.97
435.2285611629486,29.45
436.58239936828613,30.79
437.9906859397888,30.34
439.33745193481445,29.93
440.749591588974,30.72
442.0910573005676,30.38
443.5032374858856,29.83
444.90990924835205,29.86
446.322776556015,30.62
447.6665155887604,30.38
449.07254219055176,29.69
450.4913046360016,30.93
451.8996534347534,30.41
453.3111526966095,29.9
454.7232460975647,29.45
456.14065194129944,30.97
457.5528972148895,30.41
458.8873372077942,29.9
460.30337929725647,29.38
461.6423978805542,30.93
462.98072576522827,30.28
464.40320658683777,29.79
465.81273341178894,29.28
467.2198760509491,30.72
468.63915634155273,30.24
469.96705865859985,29.66
471.39233899116516,29.17
472.724417924881,28.97
474.1471335887909,28.79
475.4786057472229,30.07
476.83368372917175,29.79
478.23456025123596,30.31
479.6574070453644,30.48
480.9943861961365,30.07
482.4009916782379,29.97
483.8107793331146,30.21
485.224378824234,30.07
486.5737693309784,30.28
487.98476338386536,30.17
489.4003801345825,30.28
490.8098683357239,30.24
492.2234001159668,30.14
493.63101387023926,30.17
494.9705080986023,29.93
496.37999510765076,29.97
497.801216840744,29.86
499.205246925354,30.1
500.622944355011,29.72
502.0221471786499,29.59
503.43145084381104,29.97
504.85596656799316,29.86
506.2591736316681,30.03
507.6701409816742,29.59
509.09105014801025,29.86
510.49366545677185,29.76
511.9160838127136,29.69
513.329208612442,29.76
514.6732187271118,29.79
516.0834498405457,29.69
517.4973056316376,29.93
518.8335750102997,29.55
520.2513835430145,29.66
521.6621208190918,29.55
523.0740594863892,29.59
524.4773185253143,29.52
525.8892683982849,29.72
527.2947993278503,29.69
528.7196066379547,29.69
530.1311242580414,29.59
531.5422348976135,29.79
532.9568300247192,29.52
534.3693206310272,29.76
535.7664988040924,30.07
537.1831753253937,29.79
538.5979936122894,29.97
540.0131230354309,29.97
541.4180862903595,29.83
542.8281540870667,29.86
544.2479374408722,29.76
545.6572494506836,29.52
547.0605351924896,29.66
548.4119634628296,30.28
549.8175046443939,30.21
551.2371170520782,30.17
552.6482300758362,30.07
554.056501865387,30.07
555.4640512466431,30.0
556.8847172260284,29.62
558.2918031215668,29.93
559.7026686668396,29.9
561.1086504459381,29.97
562.5302059650421,29.97
563.9335153102875,29.52
565.3480167388916,29.52
566.7594134807587,29.9
568.1674251556396,29.66
569.5885190963745,30.07
570.9970762729645,30.03
572.4117288589478,30.34
573.8188898563385,30.03
575.2376866340637,30.28
576.648384809494,30.28
578.050050497055,30.07
579.4678654670715,29.93
586.7732493877411,0.93
588.0841953754425,0.97
589.3930480480194,1.03
590.7200417518616,0.9
592.0291454792023,0.83
593.384129524231,0.93
594.7009537220001,0.86
596.0139255523682,0.97
600.6079454421997,0.86
602.0135290622711,0.79
603.431765794754,0.86
604.8375141620636,10.03
606.2634088993073,17.14
607.6749830245972,22.14
609.0867674350739,25.55
610.499508857727,28.76
611.8989465236664,30.83
613.3168635368347,32.41
614.7324106693268,34.62
616.1450781822205,35.76
617.5550072193146,37.34
618.9737129211426,38.97
620.3836288452148,39.72
621.7920506000519,40.76
623.2048754692078,41.52
624.6113228797913,42.79
626.0241303443909,43.69
627.4402523040771,43.79
628.8529460430145,44.14
630.2611424922943,44.76
631.6770100593567,44.97
633.0763320922852,45.62
634.4956312179565,47.45
635.9136209487915,47.48
637.3243806362152,47.83
638.6674675941467,47.55
640.0802044868469,47.83
641.4810054302216,47.83
642.8927893638611,47.72
644.2469267845154,48.14
645.58447432518,48.34
646.9208960533142,48.38
648.3362417221069,48.38
649.6846332550049,48.28
651.0275480747223,48.38
652.3630769252777,48.34
653.7855353355408,49.52
655.125247001648,48.69
656.4670882225037,49.31
657.8136460781097,50.31
659.1490850448608,49.86
660.4969234466553,50.1
661.9098205566406,49.34
663.2483131885529,49.93
664.6646027565002,49.17
666.0065741539001,49.72
667.4199285507202,49.41
668.7592127323151,49.28
670.1759247779846,49.41
671.5165770053864,49.28
672.9256217479706,49.28
674.2641265392303,49.28
675.6696755886078,49.21
677.0958642959595,49.24
678.4384832382202,49.17
679.7794008255005,49.21
681.1152145862579,49.83
682.4576210975647,50.07
683.8103280067444,50.07
685.1512823104858,49.97
686.5526885986328,49.97
687.9742617607117,51.0
689.381908416748,50.07
690.7218959331512,49.31
692.0744588375092,49.1
693.4158337116241,49.21
694.8176057338715,50.21
696.1678025722504,50.93
697.5079216957092,50.1
698.9158799648285,49.45
700.2599060535431,49.31
701.6014158725739,49.21
702.948691368103,50.48
704.2973763942719,49.55
705.7123215198517,49.31
707.0550904273987,48.97
708.3899955749512,50.24
709.740875005722,50.07
711.1506752967834,49.79
712.4826691150665,49.86
713.8300676345825,49.83
715.1663737297058,49.79
716.5245380401611,49.79
717.8670563697815,49.9
719.1996595859528,49.93
720.5410420894623,49.97
721.9559102058411,49.79
723.3001048564911,49.79
724.7192168235779,49.66
726.0620684623718,49.59
727.4029982089996,49.76
728.7370581626892,49.59
730.091970205307,49.72
731.4334216117859,49.72
732.8404054641724,49.79
734.1834526062012,49.52
735.5267488956451,49.59
742.8456497192383,0.41
744.1412410736084,0.41
745.4472177028656,0.38
746.7644522190094,0.41
748.0651183128357,0.34
749.4058191776276,0.31
750.6957902908325,0.38
752.0069243907928,0.34
756.6039884090424,0.28
757.9343030452728,0.34
759.2780885696411,0.34
760.6309185028076,10.72
761.97372174263,19.07
763.3809027671814,25.1
764.7316336631775,30.03
766.1428046226501,34.45
767.5532395839691,38.62
768.9673004150391,42.24
770.3101465702057,44.59
771.7190189361572,47.17
773.1216225624084,48.76
774.5471472740173,51.24
775.9515662193298,52.79
777.3580708503723,54.21
778.7740375995636,56.45
780.1836895942688,57.9
781.5935256481171,58.9
783.011992931366,60.28
784.4163701534271,60.9
785.8406476974487,61.52
787.2527017593384,62.24
788.6502532958984,63.1
790.0637428760529,64.24
791.4759285449982,65.28
792.8240580558777,65.69
794.2378041744232,66.31
795.6411986351013,66.03
796.9849810600281,66.14
798.340222120285,66.59
799.7515816688538,66.83
801.1561529636383,67.48
802.5748510360718,67.66
803.9804906845093,67.72
805.3991465568542,67.66
806.7981607913971,68.34
808.2107963562012,68.83
809.6194152832031,68.66
811.0386486053467,68.55
812.4548408985138,68.79
813.8694512844086,68.66
815.2030940055847,68.69
816.6224558353424,68.76
818.0268416404724,69.79
819.434668302536,70.17
820.8550078868866,70.14
822.2671592235565,70.28
823.6755230426788,69.21
825.0862476825714,69.93
826.4298474788666,70.03
827.8456621170044,69.03
829.1878390312195,69.17
830.589200258255,69.03
831.9325668811798,68.59
833.3451898097992,69.66
834.7547333240509,69.97
836.1656012535095,69.03
837.5899171829224,69.9
839.0002121925354,70.03
840.4075031280518,69.97
841.8131766319275,69.93
843.2238960266113,70.03
844.6405248641968,70.07
845.9870562553406,70.14
847.4061253070831,70.1
848.8102221488953,69.9
850.2257187366486,69.9
851.6386454105377,69.86
853.0532608032227,69.97
854.4642925262451,70.07
855.8684372901917,69.93
857.2768278121948,69.97
864.5883595943451,-0.14
865.9064857959747,-0.1
867.2482190132141,-0.17
868.5576431751251,-0.24
869.861025094986,-0.07
871.1662395000458,-0.17
872.4683315753937,-0.17
873.7797949314117,-0.14
878.3655586242676,94.17
879.7769558429718,130.38
881.1949179172516,137.93
882.5464019775391,140.14
883.9575679302216,140.76
885.3004906177521,140.76
886.6430585384369,140.55
888.0452692508698,140.52
889.451336145401,140.31
890.8753092288971,140.62
892.2765498161316,140.07
893.7006230354309,140.86
895.0442652702332,140.45
896.4552886486053,140.48
897.8663237094879,140.41
899.2731404304504,139.97
900.6880762577057,136.62
902.0901010036469,131.76
903.499517917633,127.76
904.9143495559692,123.45
906.3366377353668,119.69
907.7402601242065,116.72
909.15158867836,114.07
910.5726382732391,110.28
911.9736034870148,108.34
913.3258020877838,106.79
914.7393386363983,104.97
916.0727498531342,103.86
917.4857821464539,102.34
918.8959586620331,100.62
920.30402135849,99.17
921.6588888168335,98.38
923.0673296451569,98.31
924.4788625240326,97.72
925.8874394893646,95.97
927.3038659095764,95.34
928.7102661132812,94.79
936.0015215873718,-0.72
937.320131778717,-0.83
938.6211655139923,-0.79
939.9383039474487,-0.76
941.2305850982666,-0.69
942.5814483165741,-0.69
943.8859810829163,-0.72
945.1980874538422,-0.76
946.4107708930969,-0.69
947.6030859947205,-0.66
948.8112871646881,-0.72
950.0186040401459,-0.62
951.2348463535309,-0.72
952.4676129817963,-0.69
953.673787355423,-0.79
954.900520324707,-0.69
956.0941274166107,-0.76
957.304958820343,-0.66
958.5174219608307,-0.66
959.7288889884949,-0.69
960.936145067215,-0.69
962.1812052726746,-0.69
963.385897397995,-0.62
964.6109056472778,-0.66
965.8094453811646,-0.69
967.0208508968353,-0.76
968.2218520641327,-0.72
969.4318161010742,-0.66
970.6532819271088,-0.66
971.8877639770508,-0.62
973.0939826965332,-0.69
974.3150866031647,-0.66
975.5131778717041,-0.66
976.725635766983,-0.72
977.9273643493652,-0.76
979.1442060470581,-0.72
980.3545730113983,-0.72
981.6023082733154,-0.69
982.8191359043121,-0.66
984.0363657474518,-0.62
985.240668296814,-0.66
986.4651839733124,-0.69
987.6725747585297,-0.62
988.880916595459,-0.69
990.0944130420685,-0.66
991.3349876403809,-0.69
992.555584192276,-0.69
993.7736437320709,-0.66
994.9877932071686,-0.72
996.1986389160156,-0.72
997.3908586502075,-0.66
998.6128089427948,-0.76
999.8122708797455,-0.69
1001.0734541416168,-0.62
1002.2734334468842,-0.55
1003.4846107959747,-0.59
1004.6912393569946,-0.66
1005.9139657020569,-0.72
1007.1220417022705,-0.69
1008.348445892334,-0.66
1009.5555412769318,-0.66
1010.8160183429718,-0.59
1012.0307869911194,-0.59
1013.2511999607086,-0.59
1014.4521062374115,-0.66
1015.6561055183411,-0.69
1016.8704171180725,-0.72
1018.0922241210938,-0.72
1019.3004631996155,-0.62
1020.5472478866577,-0.66
1021.759908914566,-0.59
1022.9546573162079,-0.66
1024.179808139801,-0.66
1025.3910930156708,-0.59
1026.5973513126373,-0.69
1027.805265903473,-0.62
1029.0261282920837,-0.59
1030.2691614627838,-0.62
1031.48282456398,-0.66
1032.6988291740417,-0.76
1033.9072587490082,-0.66
1035.1146657466888,-0.62
1036.342137336731,-0.69
1037.5467426776886,-0.69
1038.7690601348877,-0.66
1040.0193271636963,-0.62
1041.2363634109497,-0.62
1042.454490184784,-0.59
1043.6621277332306,-0.72
1044.8685569763184,-0.66
1046.0729784965515,-0.62
1047.299599647522,-0.62
1048.5121173858643,-0.66
1049.7630670070648,-0.66
