1.112065315246582,-1.86,0
2.3549764156341553,-1.86,0
3.566983222961426,-1.9,0
4.770935773849487,-1.97,0
5.968092918395996,-1.83,0
10.576766967773438,393.0,1
11.993462324142456,242.28,1
13.405182838439941,231.41,1
14.817253112792969,228.72,1
16.216073036193848,214.17,1
17.56120467185974,195.62,1
18.98017144203186,175.62,1
20.383440017700195,160.17,1
21.806729316711426,146.72,1
23.209832668304443,132.38,1
30.52391767501831,-5.59,0
31.853452444076538,-2.31,0
33.19081473350525,-1.97,0
34.499876260757446,-1.86,0
35.80680060386658,-1.79,0
37.12658143043518,-1.79,0
38.43068718910217,-1.79,0
39.74005937576294,-1.83,0
44.34420585632324,395.24,1
45.74800515174866,244.14,1
47.17311453819275,232.66,1
48.512207984924316,230.59,1
49.91307997703552,221.79,1
51.32933950424194,195.86,1
52.74750733375549,175.59,1
54.15171194076538,160.72,1
55.57314705848694,145.66,1
56.98364615440369,135.76,1
64.2815911769867,-1.14,0
65.5982711315155,-1.17,0
66.90729260444641,-1.14,0
68.21707463264465,-1.17,0
69.54109644889832,-1.24,0
70.84318900108337,-1.24,0
72.16703414916992,-1.34,0
73.50356698036194,-1.34,0
78.09562921524048,393.59,1
79.51023507118225,245.41,1
80.92588353157043,233.52,1
82.32834649085999,230.38,1
83.74726176261902,209.76,1
85.15386295318604,188.28,1
86.55990958213806,169.03,1
87.97589254379272,155.62,1
89.38399410247803,141.59,1
90.72880005836487,130.76,1
98.03046107292175,-1.0,0
99.34470295906067,-0.93,0
100.65321922302246,-0.97,0
102.01512551307678,-0.97,0
103.3382580280304,-1.0,0
104.64469027519226,-1.1,0
105.96395421028137,-1.07,0
107.28956627845764,-1.17,0
111.89393830299377,393.55,1
113.31073713302612,245.03,1
114.71182036399841,234.55,1
116.13335490226746,229.59,1
117.53788781166077,208.72,1
118.95286345481873,188.97,1
120.3709487915039,169.62,1
121.7824342250824,154.9,1
123.1885769367218,143.52,1
124.5948646068573,130.48,1
131.98019909858704,-1.59,0
133.30645489692688,-1.48,0
134.63759684562683,-1.41,0
135.95174980163574,-1.45,0
137.27332639694214,-1.45,0
138.59575653076172,-1.38,0
139.9213719367981,-1.41,0
141.23882460594177,-1.48,0
145.8808629512787,41.45,1
147.29030561447144,55.03,1
148.70751667022705,64.97,1
150.12593603134155,73.72,1
151.53698825836182,80.48,1
152.9438099861145,88.24,1
154.3494393825531,95.66,1
155.75842237472534,102.9,1
157.1707136631012,109.9,1
158.5838384628296,117.03,1
160.00090336799622,123.31,1
161.41810774803162,129.21,1
162.7614622116089,135.17,1
164.16836857795715,141.03,1
165.57141757011414,142.72,1
166.9821469783783,143.31,1
168.40296959877014,143.07,1
169.80938935279846,141.79,1
171.22459721565247,139.62,1
172.62704062461853,136.62,1
173.9807403087616,133.62,1
175.39547657966614,128.97,1
176.79899311065674,124.07,1
178.21086192131042,118.59,1
179.55799007415771,113.93,1
180.9604527950287,108.24,1
182.3108172416687,102.55,1
183.72396802902222,96.69,1
185.12622714042664,90.97,1
186.53915452957153,86.48,1
187.95906162261963,81.66,1
189.3679964542389,77.21,1
190.78309559822083,73.62,1
192.1948606967926,70.1,1
193.59880232810974,66.14,1
195.01428866386414,63.24,1
196.43200612068176,60.55,1
197.8438491821289,57.07,1
199.24994015693665,54.41,1
200.65521049499512,51.69,1
202.06785607337952,48.97,1
203.4781813621521,46.69,1
204.82261323928833,44.31,1
206.24298071861267,42.38,1
207.65619683265686,40.41,1
209.05714583396912,38.21,1
210.47208404541016,36.28,1
211.88527965545654,34.14,1
213.28866577148438,33.28,1
214.71261644363403,31.62,1
216.12662601470947,31.14,1
217.53127217292786,30.31,1
218.94066381454468,29.55,1
