1.1090302467346191,-1.97,0
2.3469467163085938,-2.0,0
3.561533212661743,-1.86,0
4.768549919128418,-1.9,0
5.981861591339111,-2.03,0
10.600800514221191,2.38,1
12.013927221298218,2.41,1
13.426981449127197,2.66,1
14.840632915496826,2.0,1
16.252826690673828,6.59,1
17.597301483154297,11.41,1
19.010427474975586,138.03,1
20.42345404624939,50.48,1
21.836146116256714,1.62,1
23.248872995376587,1.72,1
24.660424947738647,6.97,1
26.073200702667236,14.07,1
27.485395431518555,154.17,1
28.89946722984314,1.17,1
30.312107801437378,0.66,1
31.724231481552124,0.86,1
33.13779163360596,1.86,1
34.55089497566223,4.72,1
35.96302056312561,7.52,1
37.37490653991699,9.07,1
38.78695893287659,10.9,1
40.200679063797,16.59,1
41.61297821998596,67.07,1
43.02533745765686,17.97,1
44.43849420547485,9.17,1
45.851598501205444,7.28,1
47.26464295387268,6.62,1
48.676857233047485,6.03,1
50.089524030685425,5.45,1
51.501737117767334,4.97,1
52.915443420410156,27.69,1
54.32672309875488,13.66,1
55.740657567977905,5.41,1
57.153430223464966,3.28,1
58.56612205505371,2.48,1
59.97887706756592,2.17,1
61.39260697364807,1.83,1
62.804189682006836,2.17,1
64.21788096427917,2.0,1
65.62970876693726,1.9,1
67.04158210754395,1.79,1
68.45431685447693,1.79,1
69.86730599403381,1.66,1
71.21143531799316,1.59,1
72.6233160495758,1.48,1
74.03520727157593,1.31,1
75.44761681556702,1.14,1
76.86141610145569,1.0,1
78.27394342422485,0.93,1
79.68662190437317,0.66,1
81.10000419616699,0.66,1
82.51272964477539,0.41,1
