1.1173925399780273,-1.55,0
2.3509151935577393,-1.52,0
3.5568671226501465,-1.48,0
4.760085582733154,-1.52,0
5.9738805294036865,-1.52,0
7.185372591018677,-1.59,0
8.400589942932129,-1.52,0
9.73245644569397,-1.55,0
10.935782432556152,-1.55,0
12.183083295822144,-1.52,0
13.395083665847778,-1.59,0
14.605141639709473,-1.52,0
15.814907789230347,-1.55,0
17.034262895584106,-1.55,0
18.229209184646606,-1.52,0
19.430000066757202,-1.52,0
22.62600064277649,1.69,0
23.869267225265503,-0.93,0
25.080263376235962,898.76,0
26.28288745880127,523.14,0
27.48347043991089,421.83,0
28.67416286468506,420.38,0
29.885910511016846,17.66,0
31.103029489517212,19.83,0
32.302353858947754,20.69,0
33.537450551986694,21.1,0
34.728285789489746,21.41,0
37.927942514419556,21.83,0
39.12694811820984,21.83,0
40.330854654312134,21.9,0
41.53166389465332,21.9,0
46.10843229293823,21.76,1
47.452117681503296,21.79,1
48.86455011367798,26.24,1
50.207080602645874,28.76,1
51.54421782493591,31.1,1
52.88314175605774,32.21,1
54.221824169158936,32.66,1
55.57571053504944,34.72,1
56.98704433441162,36.69,1
58.32934594154358,37.45,1
59.74622344970703,37.41,1
61.08650016784668,37.52,1
62.42132377624512,37.97,1
63.76798987388611,41.9,1
65.11698341369629,40.21,1
66.45515370368958,39.93,1
67.79319381713867,39.41,1
69.13598680496216,39.55,1
70.55671763420105,41.86,1
71.89463591575623,41.62,1
73.23988008499146,42.24,1
74.571035861969,40.31,1
75.92517471313477,41.03,1
77.26482439041138,39.97,1
78.68178844451904,39.66,1
80.0128345489502,39.69,1
81.43278360366821,39.62,1
82.77236557006836,39.41,1
84.1237211227417,39.1,1
85.46406936645508,39.62,1
86.8037600517273,39.97,1
88.20746374130249,39.86,1
89.62702918052673,41.1,1
90.96731472015381,40.03,1
92.38439130783081,41.0,1
93.72381234169006,39.97,1
95.06132936477661,41.1,1
96.4154794216156,41.34,1
97.75453233718872,41.21,1
99.17032837867737,40.17,1
100.58242750167847,39.55,1
101.98367357254028,39.34,1
103.40349125862122,39.55,1
104.74175953865051,40.59,1
106.15985083580017,41.21,1
107.49748969078064,41.45,1
114.81318664550781,20.9,0
116.11787152290344,20.9,0
117.42237401008606,20.97,0
118.76602458953857,21.03,0
120.07158589363098,21.07,0
121.38280463218689,21.07,0
122.69097757339478,21.1,0
123.9940755367279,21.14,0
125.30279231071472,21.07,0
126.59550166130066,21.17,0
127.90819311141968,21.21,0
129.23391342163086,21.21,0
130.54365611076355,21.14,0
131.8503839969635,21.14,0
133.16050052642822,21.24,0
134.46455001831055,21.28,0
139.05499076843262,21.21,1
140.39637184143066,26.07,1
141.73645877838135,31.38,1
143.15137004852295,39.21,1
144.49348664283752,45.45,1
145.89618706703186,51.97,1
147.3144462108612,54.28,1
148.64642596244812,55.24,1
149.9979763031006,58.48,1
151.33513522148132,59.59,1
152.75347447395325,60.0,1
154.17092299461365,60.07,1
155.50785970687866,59.83,1
156.8458616733551,59.9,1
158.26366353034973,59.9,1
159.60250091552734,59.83,1
160.9555413722992,59.97,1
162.29431653022766,60.76,1
163.62662625312805,61.0,1
165.04934763908386,57.9,1
166.39441442489624,60.07,1
167.73402786254883,60.72,1
169.07460021972656,58.24,1
170.41642475128174,59.86,1
171.75278520584106,60.24,1
173.10907077789307,60.07,1
174.44398474693298,60.34,1
175.7888045310974,60.66,1
177.20382046699524,60.34,1
178.54993891716003,60.31,1
179.89306640625,60.48,1
181.22963762283325,60.03,1
182.56697297096252,60.31,1
183.91909432411194,60.45,1
185.26176643371582,60.48,1
186.60325717926025,60.41,1
187.94608187675476,59.97,1
189.36266589164734,60.21,1
190.7007315158844,60.21,1
192.04265570640564,60.14,1
193.38877534866333,59.69,1
194.7350046634674,59.52,1
196.06733632087708,59.66,1
197.42120337486267,59.9,1
198.83503484725952,60.03,1
200.17859768867493,59.59,1
201.58015894889832,59.62,1
208.89277410507202,19.72,0
210.1979477405548,19.9,0
211.50658249855042,20.03,0
212.8143653869629,20.03,0
214.1188681125641,20.14,0
215.45675325393677,20.28,0
216.76548504829407,20.34,0
218.07478046417236,20.52,0
222.64845514297485,20.38,1
223.9855921268463,32.34,1
225.33846998214722,50.93,1
226.67892932891846,68.45,1
228.09544777870178,82.41,1
229.42931723594666,88.41,1
230.78351545333862,90.69,1
232.12340903282166,95.86,1
233.46310091018677,96.83,1
234.80888390541077,97.21,1
236.14761757850647,99.17,1
237.4881386756897,99.72,1
238.90490174293518,99.79,1
240.32209181785583,99.59,1
241.66241359710693,99.45,1
243.07767510414124,99.69,1
244.47851729393005,99.79,1
245.895015001297,99.66,1
247.31278324127197,99.55,1
248.721941947937,99.34,1
250.12534499168396,99.21,1
251.54117941856384,99.66,1
252.8854637145996,99.66,1
254.29371881484985,99.48,1
255.64730715751648,99.34,1
257.0498719215393,99.38,1
258.40193462371826,99.38,1
259.80604577064514,99.24,1
261.1443750858307,101.83,1
262.4863033294678,99.76,1
263.90488600730896,99.59,1
265.32075691223145,99.45,1
266.65330028533936,102.34,1
268.06828689575195,100.28,1
269.4107687473297,99.62,1
270.75130891799927,102.0,1
272.1736195087433,99.93,1
273.57770466804504,99.59,1
274.93076944351196,99.17,1
276.33220958709717,99.34,1
277.67685532569885,99.38,1
279.08468437194824,99.38,1
280.4395365715027,99.45,1
281.841858625412,101.93,1
283.249671459198,100.1,1
284.60524225234985,99.79,1
285.94377732276917,99.38,1
293.25161814689636,16.83,0
294.55837059020996,17.14,0
295.8797974586487,17.34,0
297.17386269569397,17.62,0
298.4887845516205,17.79,0
299.82664155960083,17.86,0
301.1349587440491,18.07,0
302.4638783931732,18.17,0
