1.1038856506347656,0.79
2.346381902694702,0.79
3.5565152168273926,0.86
4.765070676803589,0.86
9.340683460235596,0.9
10.752737998962402,2.21
12.164767980575562,6.86
13.570504426956177,13.31
14.984868049621582,21.55
16.394667625427246,31.07
17.74533748626709,40.83
19.15998125076294,51.45
20.562626361846924,61.69
21.98484206199646,71.69
23.396464824676514,81.62
24.80350685119629,91.38
26.21722650527954,101.21
27.63478422164917,110.45
29.03397512435913,118.97
30.448469877243042,126.69
31.86410927772522,133.83
33.27651858329773,139.59
34.68904948234558,144.45
36.03188347816467,147.83
37.44385099411011,150.21
38.85683035850525,151.62
40.25623059272766,152.1
41.60623621940613,151.69
43.01394605636597,150.38
44.430222034454346,148.34
45.84330940246582,145.28
47.25355553627014,141.24
48.66808819770813,136.93
50.07930541038513,132.38
51.482630252838135,127.48
52.89294767379761,123.31
54.30810332298279,119.14
55.65839910507202,115.07
57.05753016471863,111.31
58.469587564468384,107.55
59.882328748703,104.17
61.29348587989807,100.38
62.708073139190674,97.28
64.1241250038147,94.0
65.53697729110718,90.86
66.87863159179688,88.45
68.28955745697021,86.62
69.70241332054138,85.0
71.11482429504395,83.66
72.52927803993225,82.93
73.94170188903809,82.41
75.33973622322083,82.34
76.75825047492981,82.31
78.17238545417786,82.52
79.58318018913269,83.17
80.99458050727844,84.24
82.40585207939148,85.52
83.81907296180725,87.03
85.22995257377625,89.0
86.6434268951416,90.62
88.05392456054688,92.76
89.46396851539612,94.83
90.87525296211243,97.21
92.29078149795532,99.17
93.70121312141418,101.14
95.1093180179596,102.86
96.5126724243164,104.45
97.93151450157166,106.17
99.34092211723328,107.34
100.74983525276184,108.34
102.17258596420288,108.93
103.57597661018372,109.45
104.99140930175781,109.76
106.40415668487549,110.1
107.80593466758728,109.86
109.21835565567017,109.79
110.6383306980133,109.24
112.05138850212097,108.62
113.46634697914124,107.97
114.86801600456238,107.24
116.28471851348877,106.55
117.69614768028259,105.38
119.10752391815186,104.24
120.520015001297,103.24
121.93695044517517,102.52
123.3347339630127,101.41
124.75090193748474,100.28
126.16608715057373,99.48
127.57698321342468,98.55
128.98969268798828,97.62
130.40107536315918,96.9
131.81069922447205,96.38
133.22174715995789,96.03
134.63508367538452,95.59
136.05244207382202,95.52
137.46433687210083,95.31
138.86707973480225,95.28
140.2873568534851,95.14
141.69950318336487,95.21
143.10292196273804,95.17
144.5129837989807,95.41
145.93345069885254,95.69
147.3323690891266,95.86
148.7488603591919,96.38
150.1617283821106,96.79
151.57640624046326,97.41
152.98730874061584,97.93
154.406245470047,98.59
155.80690908432007,99.0
157.2183346748352,99.76
158.6331343650818,100.03
160.04637145996094,100.72
161.4594600200653,101.17
162.80334043502808,101.45
164.2038803100586,101.83
165.62846755981445,102.28
167.03935170173645,102.45
168.37477779388428,102.55
169.7834963798523,102.9
171.1953089237213,102.76
172.6050705909729,103.07
173.95876955986023,103.28
175.30512762069702,102.97
176.71477460861206,102.93
178.0569396018982,103.0
179.4625940322876,103.0
180.8734109401703,103.0
182.2950849533081,102.34
183.7044496536255,102.21
185.1163866519928,101.79
186.52783179283142,101.9
187.93867945671082,101.48
189.28500366210938,100.86
190.62450337409973,100.62
197.9292917251587,1.0
199.25327849388123,0.97
200.57211565971375,0.83
201.8818120956421,0.83
203.23529314994812,0.83
204.5465841293335,0.93
205.86005640029907,0.79
207.17644453048706,0.79
208.49281191825867,0.79
209.80776047706604,0.83
211.12419390678406,0.9
212.4750304222107,0.9
213.79633736610413,0.83
215.1060574054718,0.83
216.42005157470703,0.76
217.72865271568298,0.79
