1.1054317951202393,-1.62,0
2.343059778213501,-1.62,0
3.5470893383026123,-1.59,0
4.746120452880859,-1.62,0
5.955152750015259,-1.62,0
7.161902189254761,-1.62,0
11.755590915679932,1003.52,1
13.167939901351929,690.62,1
14.58036756515503,382.52,1
15.992417335510254,205.24,1
17.404438734054565,111.55,1
18.739485263824463,69.79,1
20.08097219467163,49.38,1
21.43100881576538,39.31,1
22.842196702957153,37.93,1
24.17936611175537,31.9,1
25.532642364501953,31.17,1
26.942675352096558,31.17,1
28.355370044708252,31.24,1
29.76075839996338,31.24,1
31.16893172264099,31.28,1
32.58039331436157,28.41,1
33.99737048149109,30.83,1
35.41117882728577,31.1,1
36.82692551612854,31.24,1
38.237865686416626,31.38,1
39.648998498916626,27.55,1
40.99088478088379,30.38,1
42.398162841796875,31.21,1
43.813756227493286,30.97,1
45.22813558578491,27.69,1
46.56822395324707,24.24,1
47.97541642189026,25.0,1
49.38775849342346,29.66,1
50.80853056907654,28.14,1
52.22093987464905,30.48,1
53.623191118240356,28.9,1
55.029430627822876,30.76,1
56.44921612739563,31.03,1
57.861016273498535,28.28,1
59.275404930114746,30.72,1
60.67240262031555,27.93,1
62.09827971458435,30.62,1
63.50152516365051,28.31,1
64.9191575050354,30.52,1
66.33024907112122,31.28,1
67.74523949623108,28.59,1
69.15119957923889,30.66,1
70.57139420509338,27.97,1
71.91402053833008,30.45,1
73.32150483131409,28.0,1
74.66187000274658,30.52,1
76.0718424320221,28.66,1
77.42392230033875,30.34,1
78.82703399658203,31.24,1
80.2382390499115,28.59,1
81.65144896507263,30.69,1
83.06309294700623,28.38,1
84.47052240371704,30.72,1
85.81362223625183,28.62,1
87.16050410270691,30.45,1
88.51277685165405,31.34,1
89.9143078327179,28.31,1
91.33285069465637,30.72,1
92.74248576164246,28.34,1
94.14684748649597,30.86,1
95.56811189651489,28.52,1
96.9783833026886,30.62,1
98.38058018684387,29.21,1
99.79251408576965,28.69,1
101.20769190788269,30.66,1
102.61326551437378,31.34,1
104.02648258209229,28.9,1
105.45128440856934,30.52,1
106.85312962532043,31.31,1
108.27673053741455,28.83,1
109.68678283691406,30.66,1
111.0867805480957,31.31,1
112.50850677490234,28.21,1
113.92231273651123,30.55,1
115.32688999176025,28.1,1
116.73903036117554,30.66,1
118.15176582336426,28.31,1
119.56700205802917,27.45,1
120.96907687187195,30.62,1
122.38681817054749,31.28,1
123.80392694473267,28.34,1
125.21381855010986,27.83,1
126.62254929542542,30.76,1
128.02668690681458,31.07,1
129.45124888420105,28.31,1
130.84838318824768,30.38,1
132.2732970714569,31.31,1
133.67860341072083,28.38,1
135.0818452835083,30.72,1
136.5067446231842,28.24,1
137.91962265968323,30.76,1
139.33145928382874,28.24,1
140.74429607391357,30.55,1
142.15132188796997,28.21,1
143.56760120391846,30.72,1
144.97955203056335,28.1,1
146.38403153419495,30.66,1
147.78999018669128,31.28,1
149.21097540855408,28.31,1
150.61989736557007,30.9,1
152.02632236480713,28.1,1
153.4448881149292,27.72,1
154.8484013080597,27.41,1
156.25611877441406,30.62,1
157.67830729484558,28.48,1
159.0879361629486,30.72,1
166.3861608505249,-0.72,0
167.69627976417542,-0.83,0
169.0029594898224,-0.86,0
170.31027269363403,-0.9,0
171.61883544921875,-0.76,0
172.94808554649353,-0.93,0
174.26883125305176,-0.86,0
175.56696438789368,-0.83,0
180.17608952522278,476.76,1
181.58707785606384,672.55,1
182.9888198375702,-509.21,1
184.3393590450287,524.72,1
185.75321245193481,626.03,1
187.16275072097778,670.38,1
188.57031083106995,467.34,1
189.91637301445007,379.45,1
191.33387994766235,110.17,1
192.74775171279907,69.21,1
194.1556053161621,71.1,1
195.49005722999573,78.66,1
196.91233229637146,72.03,1
198.3200671672821,75.62,1
199.73506832122803,56.17,1
201.07328629493713,79.34,1
202.48334908485413,79.24,1
203.89734888076782,75.07,1
205.31229519844055,69.79,1
206.6447148323059,95.45,1
208.06556725502014,68.86,1
209.48226976394653,72.34,1
210.8843593597412,65.14,1
218.1872057914734,-1.31,0
219.50411796569824,-1.41,0
220.81933498382568,-1.38,0
222.12160849571228,-1.45,0
223.42906737327576,-1.45,0
224.77764987945557,-1.45,0
226.08434200286865,-1.45,0
227.39793062210083,-1.62,0
231.99367237091064,822.69,1
233.32926392555237,0.69,1
234.6799511909485,1100.0,1
236.08052825927734,605.66,1
237.50561261177063,421.79,1
238.91688680648804,278.48,1
240.3218376636505,192.55,1
241.73237895965576,144.52,1
243.14695358276367,116.62,1
244.5641131401062,103.59,1
245.97103929519653,95.55,1
247.3875834941864,93.59,1
248.7997989654541,89.34,1
250.21028971672058,88.41,1
251.60857582092285,91.48,1
253.02781772613525,88.62,1
254.4392604827881,88.03,1
255.85166239738464,87.62,1
257.2684757709503,87.62,1
258.6780803203583,87.45,1
260.0925250053406,87.45,1
261.4935574531555,79.62,1
262.9080386161804,86.03,1
264.3257381916046,88.0,1
265.738308429718,88.62,1
267.1354548931122,89.14,1
268.55736541748047,86.03,1
269.96864342689514,88.14,1
271.37670373916626,89.52,1
272.78780007362366,90.41,1
274.2078037261963,90.66,1
275.619913816452,90.66,1
282.9210796356201,-7.28,0
284.23085737228394,-1.41,0
285.5971636772156,-1.76,0
286.9118664264679,-1.93,0
288.234228849411,-1.03,0
289.54183077812195,-1.86,0
290.86868715286255,-1.45,0
292.18685150146484,-1.07,0
296.7751977443695,47.76,1
298.1818220615387,103.38,1
299.59466791152954,152.72,1
301.0098166465759,184.14,1
302.4285292625427,229.9,1
303.8410792350769,259.41,1
305.24430680274963,284.38,1
306.66167163848877,301.03,1
308.0747284889221,306.41,1
309.4779191017151,305.14,1
310.8892071247101,290.97,1
312.30729055404663,276.0,1
313.71633100509644,257.83,1
315.1251108646393,244.0,1
316.5377984046936,231.59,1
317.95897579193115,218.28,1
319.3618919849396,206.45,1
320.7779920101166,196.62,1
