1.114896535873413,6.28
2.3657960891723633,6.31
3.5734658241271973,6.34
4.784534454345703,6.24
9.365423202514648,177.41
10.778076171875,217.83
12.117958545684814,225.93
13.526284217834473,227.41
14.871057033538818,212.31
16.28302025794983,182.9
17.631285905838013,160.62
18.964904069900513,140.1
20.313316345214844,122.55
21.72806453704834,105.59
23.07168197631836,92.07
30.38507914543152,0.97
31.69058084487915,1.03
33.031625747680664,0.72
34.32280778884888,0.17
35.62541913986206,-0.17
36.93005418777466,-0.59
38.23208689689636,-0.93
39.534287214279175,-1.17
44.09964966773987,173.76
45.513049602508545,214.79
46.86271786689758,222.79
48.282334089279175,226.24
49.68890190124512,211.28
51.10116267204285,185.38
52.50737452507019,160.93
53.921995401382446,138.76
55.33260917663574,122.21
56.75012469291687,106.93
58.16277050971985,94.1
65.53739261627197,-0.9
66.82796859741211,-0.93
68.14073085784912,-1.0
69.45500802993774,-0.9
