1.10919189453125,-1.93,0
2.351971387863159,-1.93,0
3.5659844875335693,-1.86,0
4.7744104862213135,-1.86,0
9.36154580116272,-4.79,1
10.774256229400635,-2.79,1
12.188745975494385,-1.52,1
13.600418090820312,-1.72,1
15.012726068496704,-1.59,1
16.41557025909424,-1.48,1
17.769397497177124,-1.76,1
19.109935760498047,-1.52,1
20.52023482322693,-1.76,1
21.860622882843018,-1.79,1
23.28205108642578,-1.83,1
24.69510793685913,-1.31,1
26.102694511413574,-1.34,1
27.51978349685669,-1.41,1
28.92294192314148,-1.34,1
30.34498381614685,-0.62,1
31.747068643569946,3.14,1
33.166565895080566,0.72,1
34.576908826828,-1.07,1
35.99311304092407,-1.21,1
37.3981728553772,-1.07,1
38.81594729423523,-0.97,1
40.232155561447144,-1.55,1
41.64271950721741,-4.28,1
43.04474115371704,-0.34,1
44.45868945121765,-0.76,1
45.8773455619812,-1.48,1
47.28657817840576,-0.24,1
48.708619117736816,3.48,1
50.113028049468994,0.1,1
51.53331899642944,-99.69,1
52.935827016830444,-39.21,1
54.35391974449158,-13.34,1
55.75830101966858,-2.9,1
57.1837739944458,-1.72,1
58.59890294075012,-14.1,1
59.99919390678406,-3.55,1
61.4234573841095,-2.34,1
62.82663702964783,-1.72,1
64.24968671798706,2.52,1
65.5893714427948,1.79,1
67.0064685344696,-0.86,1
68.3507091999054,-0.24,1
69.76171970367432,-1.48,1
71.16389155387878,-0.62,1
72.52226305007935,3.97,1
73.92557048797607,5.21,1
75.27843952178955,21.66,1
76.61790943145752,-7.17,1
78.03159546852112,3.21,1
79.44213223457336,196.62,1
80.85416889190674,58.34,1
82.25522661209106,11.14,1
83.61136507987976,-13.79,1
85.01570677757263,-16.28,1
86.42367196083069,-7.17,1
87.83804154396057,-2.07,1
89.25486183166504,-0.62,1
90.67117214202881,8.34,1
92.08290123939514,40.72,1
93.4203588962555,468.48,1
94.84137845039368,133.28,1
96.24785327911377,48.93,1
97.65391421318054,18.52,1
104.95010948181152,0.41,0
106.27357316017151,0.45,0
107.57782530784607,-3.69,0
108.93241095542908,-9.83,0
110.24230146408081,-6.31,0
111.56493902206421,0.86,0
112.87004661560059,0.17,0
114.1953399181366,0.48,0
118.77741765975952,0.41,1
120.19637775421143,0.38,1
