1.0982046127319336,-4.0
2.34356951713562,-3.69
3.557671308517456,-3.41
4.761459589004517,-3.14
5.97466254234314,-3.03
8.745650053024292,-2.24
10.088802814483643,-1.86
11.50171971321106,-1.69
12.837703943252563,-1.62
14.254838943481445,-1.52
15.671081781387329,-1.69
17.082939624786377,-1.59
18.412233591079712,-1.52
19.7607204914093,-1.62
21.173308610916138,-1.48
22.525174379348755,-1.52
23.939785718917847,-1.31
25.338610887527466,-1.24
26.690696954727173,-1.07
28.10693120956421,-0.97
29.510374546051025,-0.72
30.93362593650818,0.14
32.345980644226074,2.07
33.67771530151367,2.48
35.02264094352722,4.72
36.43390965461731,7.03
37.78733444213867,9.14
39.13321399688721,12.59
40.46725153923035,14.31
41.88415193557739,16.34
43.29887557029724,17.97
44.70489430427551,19.69
46.121432304382324,20.59
47.537877559661865,21.86
48.87725853919983,22.93
50.284424781799316,25.97
51.691306591033936,25.83
53.10648965835571,25.59
54.52463674545288,26.72
55.92494177818298,30.03
57.348944902420044,30.28
58.759870767593384,29.62
60.17372250556946,29.21
61.57939410209656,24.45
62.98898243904114,21.79
64.40514087677002,15.9
65.81653666496277,8.93
69.51726984977722,-1.31
70.82665824890137,-1.45
72.16133141517639,-1.52
73.48277616500854,-1.62
74.79174733161926,-1.69
76.07902193069458,-1.69
77.38909006118774,-1.76
78.69692635536194,-1.76
79.99869561195374,-1.79
81.31409478187561,-1.9
82.66124820709229,-1.76
83.97466468811035,-1.83
85.27695941925049,-1.83
86.58924126625061,-1.9
87.89618945121765,-1.83
89.20114302635193,-1.9
91.97152495384216,14.69
93.38166618347168,24.24
94.78350448608398,40.34
96.19707441329956,43.9
97.60754418373108,43.55
99.01960062980652,47.45
100.43431615829468,38.21
101.85229730606079,35.83
103.25744771957397,34.17
104.66954565048218,22.38
106.08930277824402,25.38
107.42015194892883,17.9
108.84486436843872,9.14
110.17699265480042,4.24
111.58627724647522,8.55
112.93524074554443,2.83
114.35305070877075,3.86
115.7567617893219,6.72
117.16639280319214,1.41
118.50991463661194,-0.28
119.92603254318237,-0.03
121.27556562423706,-0.07
122.67483687400818,-0.07
124.08605360984802,-0.14
125.50599431991577,-0.14
126.91437220573425,-0.66
128.3226089477539,-0.45
129.73701858520508,-1.0
131.16033363342285,-1.14
132.5689890384674,-1.21
133.9756772518158,-1.34
135.3218903541565,-1.24
136.73404788970947,-1.38
138.07707691192627,-1.59
139.425546169281,-1.62
140.842875957489,-1.83
142.2585747241974,-1.55
143.67153930664062,-1.72
145.0843267440796,-1.72
146.49115824699402,-1.76
147.90618801116943,-1.66
149.31386613845825,-1.72
150.7218577861786,-1.72
152.136155128479,-1.72
153.5512957572937,-1.72
154.9654140472412,-1.69
156.38241600990295,-1.66
157.79455995559692,-1.76
