1.1103627681732178,1.0
2.3483972549438477,0.86
3.563188076019287,0.97
4.77189826965332,0.93
5.993939399719238,0.97
7.215561628341675,1.03
11.802671194076538,1.72
13.21517825126648,8.59
14.628201484680176,21.83
16.041243314743042,40.17
17.454282999038696,60.72
18.86588168144226,79.86
20.26752734184265,97.41
21.619738817214966,112.69
23.021632194519043,127.03
24.37561011314392,138.45
25.783048391342163,147.17
27.195035696029663,151.79
28.609193325042725,153.38
30.012547731399536,151.83
31.43071222305298,146.97
38.73941421508789,1.21
40.049267053604126,1.1
41.35543656349182,1.03
42.69527792930603,1.03
44.00919818878174,1.0
45.321869134902954,0.97
46.630483627319336,1.0
47.94765567779541,1.03
49.25430631637573,1.0
50.57034730911255,1.0
51.88433337211609,1.0
53.23645353317261,1.03
54.544493436813354,1.03
55.866567850112915,1.03
57.181790828704834,1.1
58.49916338920593,1.03
