1.117645263671875,-4.1,0
2.3559844493865967,-2.83,0
3.559988021850586,-2.62,0
4.7490410804748535,-2.76,0
5.947289228439331,-2.48,0
7.156116008758545,-2.59,0
8.337980031967163,-2.41,0
9.545914649963379,-2.52,0
10.745597124099731,-2.34,0
15.340733766555786,15.59,1
16.753390789031982,28.17,1
18.168055295944214,46.55,1
19.50345730781555,68.31,1
20.918476343154907,84.93,1
22.260093450546265,93.21,1
23.594610691070557,96.28,1
24.945016145706177,95.38,1
26.35775375366211,93.14,1
27.694812297821045,94.45,1
29.10324788093567,94.34,1
30.520490407943726,92.93,1
31.93330669403076,94.34,1
33.279606342315674,94.0,1
34.62223553657532,92.59,1
35.95758271217346,86.86,1
37.36961340904236,87.93,1
38.71758151054382,95.93,1
40.13707137107849,93.55,1
41.480618953704834,95.59,1
42.82336950302124,93.03,1
44.16680359840393,89.03,1
45.573092460632324,82.45,1
46.910651445388794,85.48,1
48.32953667640686,85.66,1
49.66783595085144,85.28,1
51.02082014083862,84.66,1
52.35499095916748,88.31,1
53.70119261741638,88.17,1
55.11333894729614,87.66,1
56.52979803085327,91.31,1
57.86719489097595,90.21,1
59.27010107040405,87.97,1
60.69317007064819,91.03,1
62.106722354888916,89.79,1
63.51263165473938,88.41,1
64.9293794631958,90.28,1
66.26483821868896,88.93,1
67.68387031555176,88.97,1
69.02657747268677,101.38,1
70.43765568733215,97.59,1
71.77368783950806,94.24,1
73.18592190742493,87.21,1
74.52887320518494,91.41,1
75.86844849586487,90.86,1
77.21418523788452,89.52,1
78.63520288467407,88.52,1
85.94589757919312,1.72,0
