1.1042563915252686,-1.97,0
2.342061996459961,-1.97,0
3.5489461421966553,-1.97,0
4.750911235809326,-2.0,0
5.953107595443726,-2.03,0
7.166683673858643,-2.03,0
8.356402158737183,-2.07,0
12.937446117401123,130.62,1
14.349993228912354,106.55,1
15.762068748474121,102.1,1
17.174062728881836,98.69,1
18.51776695251465,-16.45,1
19.861660957336426,-3.0,1
21.273062229156494,-1.59,1
22.618074893951416,131.93,1
24.031959533691406,103.34,1
25.44304585456848,98.9,1
26.85441517829895,98.52,1
28.265049695968628,98.24,1
29.67662239074707,98.79,1
31.087028741836548,98.14,1
32.497536420822144,94.21,1
33.84089517593384,97.93,1
35.253851890563965,97.52,1
42.55258345603943,-2.14,0
43.89171886444092,-2.17,0
45.19186305999756,-2.14,0
46.49764537811279,-2.1,0
47.804529905319214,-2.1,0
49.11534857749939,-2.0,0
50.423433780670166,-1.97,0
51.734331130981445,-2.07,0
53.04363775253296,-2.03,0
54.39165186882019,-2.03,0
55.70028853416443,-2.03,0
57.01033806800842,-1.97,0
58.322920083999634,-2.03,0
59.637980937957764,-2.0,0
60.94828176498413,-2.0,0
62.26357460021973,-2.03,0
66.89416003227234,128.97,1
68.30727458000183,104.1,1
69.64968085289001,99.52,1
71.06041383743286,98.03,1
72.40468859672546,97.55,1
73.74583506584167,97.03,1
75.09025979042053,97.0,1
76.50252866744995,96.66,1
77.91357636451721,96.9,1
79.32528328895569,96.66,1
80.73620438575745,96.34,1
82.14513301849365,96.41,1
83.55785632133484,96.62,1
84.96871399879456,96.41,1
86.38010621070862,94.24,1
93.68754458427429,-2.24,0
95.02670645713806,-2.14,0
96.33718419075012,-2.14,0
97.65299868583679,-2.03,0
98.96831321716309,-2.0,0
100.2715859413147,-2.0,0
101.5844988822937,-2.03,0
102.90031957626343,-2.1,0
104.21003150939941,-2.0,0
105.552983045578,-2.0,0
106.86380863189697,-1.97,0
108.16899728775024,-2.0,0
109.48150682449341,-1.97,0
110.79205679893494,-2.03,0
112.10112428665161,-2.1,0
113.4129536151886,-2.0,0
118.03835082054138,128.34,1
119.45114517211914,103.69,1
120.86400008201599,99.69,1
122.27578902244568,98.14,1
123.68765926361084,97.45,1
125.09928154945374,97.21,1
126.51025891304016,96.9,1
127.92191863059998,96.93,1
129.33204221725464,96.69,1
130.7436718940735,96.69,1
132.15578389167786,96.93,1
133.56530666351318,96.59,1
134.97786140441895,96.52,1
136.38904690742493,96.38,1
137.80132007598877,96.45,1
139.21275186538696,96.62,1
140.6247968673706,96.48,1
142.03668928146362,96.34,1
143.4471893310547,96.48,1
144.85758757591248,96.45,1
146.26964163780212,96.55,1
147.6812436580658,96.31,1
149.09063339233398,96.72,1
150.5013825893402,96.59,1
151.9144515991211,96.48,1
153.32533812522888,96.48,1
154.7382035255432,96.83,1
156.14933729171753,96.79,1
163.46894788742065,-2.21,0
164.77124166488647,-2.1,0
166.07490181922913,-2.21,0
167.416339635849,-2.14,0
168.72772598266602,-2.17,0
170.02682757377625,-2.03,0
171.3353831768036,-2.03,0
172.64165568351746,-2.07,0
177.21560096740723,128.41,1
178.55936479568481,105.28,1
179.90220737457275,99.83,1
181.3140082359314,98.1,1
182.7259316444397,97.28,1
184.13794684410095,97.07,1
185.54972338676453,96.76,1
186.9610447883606,96.59,1
188.30497694015503,96.55,1
189.71675157546997,96.48,1
191.12779903411865,96.38,1
192.53962802886963,96.69,1
193.88288950920105,96.28,1
195.29363489151,96.59,1
196.70498251914978,96.62,1
198.04778146743774,96.62,1
199.46022605895996,96.55,1
200.86985874176025,96.69,1
202.2834551334381,96.55,1
203.69218111038208,96.66,1
205.10271787643433,96.59,1
206.51450300216675,96.52,1
207.85694527626038,96.76,1
209.26990151405334,96.66,1
210.61185216903687,96.69,1
212.0229947566986,96.66,1
213.43480825424194,96.59,1
214.77823781967163,96.72,1
222.07387137413025,-2.28,0
223.38863825798035,-2.21,0
224.6958930492401,-2.17,0
226.00883603096008,-2.14,0
227.3128581047058,-2.14,0
228.6198914051056,-2.03,0
229.9624376296997,-2.14,0
231.26789164543152,-2.1,0
232.4716455936432,-2.03,0
233.67349362373352,-2.03,0
234.880779504776,-2.03,0
236.08782720565796,-2.03,0
237.29475736618042,-2.0,0
238.50809597969055,-2.0,0
