1.1185894012451172,-1.86,0
2.35513973236084,-1.83,0
3.5641064643859863,-1.83,0
4.766584396362305,-1.83,0
9.336669921875,43.48,1
10.75831913948059,36.72,1
12.164161205291748,32.03,1
13.58202838897705,30.48,1
14.985891819000244,30.0,1
16.400553703308105,29.79,1
17.742497205734253,29.72,1
19.168354749679565,29.52,1
20.502002239227295,29.55,1
21.92150616645813,29.45,1
23.267247200012207,29.59,1
24.668909788131714,29.48,1
26.089450120925903,29.45,1
27.49116015434265,29.38,1
28.919276237487793,29.38,1
30.32822322845459,29.41,1
31.733553409576416,29.41,1
33.154500007629395,29.48,1
34.487515687942505,29.34,1
35.82842969894409,29.38,1
37.1837944984436,29.34,1
38.58809995651245,29.34,1
39.92641258239746,29.34,1
41.346360206604004,29.31,1
42.76363968849182,29.28,1
44.09617495536804,29.31,1
45.517271280288696,29.34,1
46.91892218589783,29.34,1
48.34353756904602,29.34,1
49.74834752082825,29.28,1
51.166823625564575,29.41,1
52.57323455810547,29.28,1
53.97635364532471,29.38,1
55.39450979232788,29.17,1
56.797898054122925,29.24,1
58.14180111885071,29.21,1
59.56161308288574,29.31,1
60.97034788131714,29.28,1
62.31249189376831,29.34,1
63.7191686630249,29.31,1
65.07476758956909,29.34,1
66.4819827079773,29.28,1
67.82804083824158,29.24,1
69.17280507087708,29.38,1
70.58050847053528,29.17,1
71.92101526260376,29.24,1
73.34004139900208,29.45,1
74.74914979934692,29.17,1
76.09417462348938,29.24,1
77.427987575531,29.21,1
78.84534502029419,29.31,1
80.26138925552368,29.24,1
81.66090965270996,29.24,1
83.07991170883179,29.24,1
84.48263430595398,29.28,1
85.9060468673706,29.28,1
87.30703902244568,29.24,1
88.72672486305237,29.24,1
90.13642263412476,29.38,1
91.55120038986206,29.28,1
98.85334730148315,-2.34,0
100.17511677742004,-2.21,0
101.48308682441711,-2.14,0
102.79798436164856,-2.1,0
104.10292220115662,-2.0,0
105.42487955093384,-1.97,0
106.74336552619934,-1.9,0
108.08408570289612,-1.9,0
112.6764554977417,44.0,1
114.08056473731995,36.86,1
115.49763989448547,32.38,1
116.90254974365234,31.03,1
118.32249188423157,30.38,1
119.72729802131653,30.28,1
121.15099835395813,30.07,1
122.5579400062561,30.0,1
123.97037816047668,30.07,1
125.37459468841553,30.03,1
126.79541850090027,30.0,1
128.1989231109619,29.9,1
129.61920475959778,29.83,1
131.0350775718689,29.9,1
132.4357933998108,29.83,1
133.85469818115234,30.0,1
135.1943757534027,29.9,1
136.61127257347107,30.03,1
138.02284359931946,29.9,1
139.4266653060913,29.9,1
140.84855580329895,29.97,1
142.2502830028534,29.93,1
143.67028832435608,29.9,1
145.07156205177307,29.93,1
146.48267340660095,29.97,1
147.89785313606262,29.93,1
149.3018832206726,29.97,1
150.71886897087097,30.0,1
152.13753485679626,29.97,1
153.5447564125061,29.83,1
154.95295476913452,29.31,1
156.36116242408752,28.59,1
157.7773356437683,28.1,1
159.18602919578552,27.31,1
160.542644739151,27.0,1
161.94680881500244,26.38,1
163.36605978012085,26.14,1
164.76952075958252,25.55,1
166.18548321723938,25.07,1
167.52292442321777,24.45,1
168.86478352546692,24.28,1
170.28392672538757,23.79,1
171.63093662261963,23.07,1
173.03443264961243,23.17,1
174.37665581703186,22.38,1
175.79782557487488,22.1,1
177.20475006103516,21.59,1
178.6080985069275,21.34,1
179.94945693016052,20.93,1
181.30212879180908,20.48,1
182.71767449378967,20.45,1
184.12873697280884,19.97,1
185.5368971824646,19.55,1
186.9517571926117,19.28,1
188.35725831985474,18.59,1
189.77820301055908,18.41,1
191.12176394462585,18.1,1
192.52558612823486,17.79,1
193.86685490608215,17.62,1
195.2859513759613,17.28,1
196.69287109375,17.0,1
198.11338448524475,16.76,1
199.45856094360352,16.52,1
200.85993432998657,16.14,1
202.27627062797546,15.9,1
203.69612765312195,15.59,1
205.03060746192932,15.1,1
206.44688892364502,14.9,1
207.7962896823883,14.76,1
209.20750904083252,14.86,1
210.54732394218445,14.38,1
211.96389293670654,14.17,1
213.36845874786377,13.72,1
214.7831370830536,13.66,1
216.12688732147217,13.31,1
217.5454933643341,13.31,1
218.89107084274292,13.31,1
220.29267382621765,13.1,1
221.6465995311737,12.69,1
223.05378007888794,12.52,1
224.39443063735962,12.28,1
225.81469535827637,12.28,1
227.15376734733582,11.83,1
228.49493718147278,11.86,1
229.91436886787415,11.62,1
231.3337366580963,11.62,1
232.74058365821838,11.28,1
234.1492040157318,10.9,1
235.56501698493958,10.93,1
236.98464345932007,10.83,1
238.3303394317627,10.41,1
239.7326238155365,10.52,1
241.1500518321991,10.41,1
242.55831813812256,10.07,1
243.89838910102844,9.93,1
245.3193485736847,9.9,1
246.73599338531494,9.72,1
248.14892864227295,9.9,1
249.48621821403503,9.45,1
250.89851140975952,9.55,1
252.3222267627716,9.31,1
253.72941756248474,9.31,1
255.14810347557068,8.97,1
256.55190873146057,9.03,1
257.9039509296417,8.55,1
259.3134820461273,8.69,1
260.72541761398315,8.38,1
262.13905596733093,8.48,1
263.543981552124,8.24,1
264.9696033000946,8.28,1
266.3112051486969,8.0,1
267.7152621746063,8.14,1
269.0564332008362,8.17,1
270.4726800918579,8.0,1
271.88487339019775,8.1,1
273.3066051006317,8.07,1
274.7152988910675,7.48,1
276.131254196167,7.59,1
277.5466818809509,7.66,1
278.9546856880188,7.62,1
280.37131118774414,7.66,1
281.77591824531555,7.38,1
283.18666911125183,7.0,1
284.60711908340454,7.31,1
286.0109477043152,7.41,1
287.4260892868042,7.14,1
288.84783720970154,6.86,1
290.2593195438385,7.07,1
291.66050696372986,7.07,1
293.07865047454834,6.93,1
294.4981565475464,6.69,1
295.90148639678955,6.86,1
297.32344031333923,6.66,1
298.7265808582306,6.72,1
300.148065328598,6.86,1
301.5521059036255,6.38,1
302.97338008880615,6.55,1
304.3826427459717,6.79,1
305.78598952293396,6.38,1
307.2107403278351,6.48,1
308.6211588382721,6.52,1
310.0221769809723,6.17,1
311.4503207206726,6.31,1
312.8554301261902,6.48,1
314.27395510673523,6.21,1
315.6773245334625,6.31,1
317.10096645355225,6.38,1
318.5042109489441,6.0,1
319.84662199020386,6.21,1
321.1909251213074,6.14,1
322.53624510765076,6.1,1
323.88993072509766,6.31,1
325.23444843292236,6.0,1
326.5759081840515,6.14,1
327.9796075820923,6.17,1
329.40247559547424,5.72,1
330.7374098300934,6.03,1
332.1545202732086,5.72,1
333.49912452697754,5.93,1
334.91754937171936,5.9,1
336.26032185554504,5.79,1
337.5993871688843,6.14,1
338.9464569091797,5.79,1
340.28583002090454,5.86,1
341.70597791671753,5.69,1
343.0418255329132,5.86,1
344.3809096813202,5.52,1
345.8078398704529,5.66,1
347.14697647094727,5.83,1
348.4938404560089,5.59,1
349.83315324783325,5.83,1
351.250013589859,5.55,1
352.661500453949,5.69,1
353.99869537353516,5.48,1
355.33971190452576,5.66,1
356.6994163990021,5.52,1
358.0431022644043,5.52,1
359.4551634788513,5.69,1
360.79737734794617,5.41,1
362.1374340057373,5.66,1
363.5569281578064,5.17,1
364.9627721309662,5.59,1
366.30182003974915,5.21,1
367.7216498851776,5.52,1
369.0648910999298,5.21,1
370.4050221443176,5.41,1
371.76080799102783,5.17,1
373.10552191734314,5.45,1
374.43607926368713,5.17,1
375.8518855571747,5.34,1
377.19215750694275,5.1,1
378.54870796203613,5.31,1
379.889279127121,5.0,1
381.29175639152527,5.24,1
382.71654438972473,5.07,1
384.1328251361847,5.21,1
385.53590750694275,5.03,1
386.95416235923767,5.21,1
388.36375546455383,5.03,1
389.78101682662964,5.1,1
391.18528866767883,4.93,1
392.592875957489,5.03,1
394.0138695240021,5.07,1
395.4279553890228,5.0,1
396.83471751213074,4.86,1
398.25179505348206,5.03,1
399.67122316360474,5.0,1
401.07504200935364,4.97,1
402.48172760009766,4.9,1
403.9031574726105,4.97,1
405.3073446750641,5.0,1
406.7347831726074,5.0,1
408.1387059688568,4.97,1
409.5556797981262,4.83,1
410.96059918403625,4.93,1
412.3832495212555,4.97,1
413.79054379463196,4.79,1
415.20871329307556,4.79,1
416.6124815940857,4.83,1
418.01989340782166,4.79,1
419.44685673713684,4.72,1
420.86088609695435,4.76,1
422.263858795166,4.72,1
423.68645572662354,4.79,1
425.02874970436096,4.62,1
426.36796379089355,4.9,1
427.78743052482605,4.59,1
429.1883306503296,4.86,1
430.60616517066956,4.62,1
432.0096480846405,4.93,1
433.3548460006714,4.66,1
434.7747452259064,4.93,1
436.18567752838135,4.52,1
437.5975396633148,4.83,1
439.01575660705566,4.55,1
440.42076992988586,4.59,1
441.84064841270447,4.62,1
443.1798424720764,4.52,1
444.51729583740234,4.62,1
445.9411971569061,4.45,1
447.3439586162567,4.62,1
448.6988277435303,4.45,1
450.09888195991516,4.69,1
451.51857018470764,4.38,1
452.9230053424835,4.62,1
454.3421986103058,4.41,1
455.7604167461395,4.55,1
457.16522455215454,4.38,1
458.5867209434509,4.45,1
459.99066638946533,4.52,1
461.4099588394165,4.28,1
462.8121988773346,4.55,1
464.23859095573425,4.38,1
465.64170575141907,5.1,1
466.98767590522766,4.83,1
468.33283495903015,4.97,1
469.67243814468384,4.83,1
471.09164357185364,4.69,1
472.43363428115845,4.9,1
473.8501567840576,4.66,1
475.25395488739014,4.86,1
476.67445278167725,4.72,1
478.07884907722473,4.97,1
479.4966869354248,4.69,1
480.91256499290466,4.93,1
482.3152987957001,4.69,1
483.7360608577728,5.03,1
485.1404163837433,4.72,1
486.5562653541565,5.0,1
487.9633255004883,4.76,1
489.3842122554779,4.9,1
490.80346846580505,4.86,1
492.2148537635803,4.69,1
493.62271428108215,4.86,1
495.02858304977417,4.69,1
496.44770908355713,4.9,1
497.8517074584961,4.69,1
499.27023220062256,4.86,1
500.6767179965973,4.69,1
502.0970630645752,4.97,1
503.50372099876404,4.69,1
504.92226123809814,5.07,1
506.3417479991913,4.76,1
507.7441804409027,5.0,1
509.1644504070282,4.69,1
510.57278847694397,4.83,1
511.9832410812378,4.79,1
513.4043815135956,4.72,1
514.8056211471558,4.93,1
516.2239072322845,4.69,1
517.6352298259735,4.86,1
519.0459890365601,4.76,1
520.4680981636047,4.9,1
521.8663198947906,4.83,1
523.2858328819275,4.97,1
524.7054462432861,4.69,1
526.1092824935913,5.17,1
527.5260698795319,4.72,1
528.9422235488892,4.97,1
530.3435487747192,4.66,1
531.7668273448944,5.03,1
533.1725497245789,4.72,1
534.5903694629669,4.72,1
535.9972183704376,4.76,1
537.4121959209442,4.59,1
538.8227415084839,4.83,1
540.2454972267151,4.76,1
541.6585981845856,5.1,1
543.056802034378,5.03,1
544.4750628471375,5.24,1
545.8928549289703,5.0,1
547.3048694133759,5.24,1
548.710550069809,4.97,1
550.1297388076782,5.31,1
551.5429136753082,5.0,1
552.9497880935669,5.34,1
554.3723413944244,4.93,1
555.7845256328583,5.41,1
557.1952974796295,5.03,1
558.5961008071899,5.31,1
560.014178276062,4.97,1
561.4193434715271,5.34,1
562.778519153595,5.1,1
564.1863684654236,5.31,1
565.5971376895905,4.97,1
567.0142843723297,5.21,1
568.4267632961273,4.93,1
569.8309841156006,5.07,1
571.2478384971619,5.0,1
572.6654944419861,5.03,1
574.0790603160858,5.1,1
575.4792366027832,4.9,1
576.8951332569122,4.93,1
578.3173136711121,4.86,1
579.7212116718292,5.0,1
581.1271314620972,4.79,1
582.5460407733917,5.0,1
583.958662033081,4.76,1
585.3766729831696,5.31,1
586.7827699184418,4.86,1
588.2029101848602,5.24,1
589.6045908927917,4.9,1
591.023745059967,5.1,1
592.4299440383911,4.9,1
593.8478379249573,5.21,1
595.2665553092957,4.86,1
596.6712288856506,5.03,1
598.0935137271881,4.9,1
599.5012359619141,4.79,1
600.9055602550507,4.83,1
602.3299789428711,4.76,1
603.7368779182434,4.86,1
605.1454055309296,4.72,1
606.563805103302,4.9,1
607.9690835475922,4.66,1
609.3882803916931,5.28,1
610.8066711425781,4.97,1
612.2202806472778,5.17,1
613.6305050849915,4.76,1
615.0414118766785,5.28,1
616.4489552974701,4.83,1
617.8698439598083,5.24,1
619.2765707969666,4.93,1
620.6964359283447,5.1,1
622.1018459796906,4.93,1
623.5193500518799,5.0,1
624.9240341186523,4.76,1
626.3444409370422,4.86,1
627.7522449493408,4.9,1
629.1673810482025,4.79,1
630.5838859081268,4.83,1
631.9875977039337,4.72,1
633.4064538478851,4.97,1
634.8105101585388,4.72,1
636.2272987365723,5.31,1
637.6367166042328,4.9,1
638.9908685684204,5.28,1
640.3223834037781,4.97,1
641.6641931533813,5.17,1
643.0853178501129,4.9,1
644.4278476238251,4.9,1
645.8459203243256,4.97,1
647.1922709941864,4.83,1
648.5306432247162,5.0,1
649.9500803947449,4.97,1
651.3536198139191,5.1,1
652.6977722644806,4.9,1
654.1147255897522,5.21,1
655.5325016975403,4.93,1
656.8746433258057,5.21,1
658.2182946205139,4.97,1
659.633561372757,5.14,1
660.9787976741791,4.93,1
662.3806376457214,4.93,1
663.7221193313599,5.0,1
665.1416506767273,4.9,1
666.5600280761719,5.03,1
667.9665505886078,4.83,1
669.3145577907562,5.1,1
670.6575329303741,4.86,1
671.998105764389,5.21,1
673.4038596153259,4.83,1
674.756739616394,5.17,1
676.1680147647858,5.0,1
677.5841171741486,4.97,1
678.9948389530182,4.76,1
680.3464171886444,4.72,1
681.6863708496094,4.97,1
683.0898711681366,4.69,1
684.509592294693,4.97,1
685.8495855331421,4.86,1
687.1880555152893,5.24,1
688.6087729930878,4.9,1
689.9507570266724,5.17,1
691.2917609214783,4.79,1
692.7111842632294,5.1,1
694.0523915290833,4.9,1
695.393036365509,4.97,1
696.7400350570679,5.0,1
698.1595087051392,4.9,1
699.5712058544159,5.17,1
700.9149484634399,4.83,1
702.2530000209808,5.28,1
703.6680200099945,5.0,1
705.0094895362854,5.21,1
706.4278271198273,4.93,1
707.8377673625946,5.07,1
709.1762721538544,5.07,1
710.5876476764679,4.9,1
712.0066046714783,4.93,1
713.412802696228,4.9,1
714.7668747901917,5.03,1
716.1084439754486,4.9,1
717.5126106739044,5.1,1
718.8662595748901,4.86,1
720.2077610492706,5.21,1
721.6266920566559,4.93,1
723.0367496013641,5.21,1
724.3744196891785,4.93,1
725.7941586971283,5.0,1
727.1352872848511,4.86,1
728.5393941402435,4.97,1
729.9584844112396,5.03,1
731.3750035762787,4.69,1
732.7818808555603,5.03,1
734.1335573196411,4.86,1
735.4747154712677,5.17,1
736.8159067630768,4.83,1
738.1634781360626,5.17,1
739.5803122520447,4.79,1
740.9100584983826,5.1,1
742.2622833251953,4.83,1
743.679842710495,4.97,1
745.0898628234863,4.9,1
746.4985311031342,4.83,1
747.9146752357483,4.83,1
749.2565915584564,4.86,1
750.6657497882843,4.86,1
752.009771823883,4.79,1
753.3574573993683,4.83,1
754.7764976024628,4.76,1
756.1857142448425,5.0,1
757.5202174186707,4.72,1
758.9450943470001,5.07,1
760.3481714725494,4.69,1
761.7687332630157,5.03,1
763.1043832302094,4.83,1
764.5314753055573,5.0,1
765.9376773834229,4.72,1
767.2730331420898,5.1,1
768.6843903064728,4.69,1
770.1106035709381,5.07,1
771.5126450061798,4.83,1
772.9324207305908,5.03,1
774.3370139598846,4.72,1
775.7607607841492,5.03,1
777.1760427951813,4.76,1
778.5812726020813,5.07,1
779.9203054904938,4.79,1
781.3384776115417,5.03,1
782.7596082687378,4.69,1
784.1610674858093,5.0,1
785.5771985054016,4.79,1
786.9898874759674,5.03,1
788.4082987308502,4.76,1
789.8088974952698,5.0,1
791.2292199134827,4.79,1
792.6465377807617,5.03,1
794.0584418773651,4.83,1
795.4714229106903,5.1,1
796.8739631175995,4.76,1
798.2935421466827,5.1,1
799.7007734775543,4.76,1
801.1222376823425,5.1,1
802.5330414772034,4.79,1
803.9349250793457,5.0,1
805.3514664173126,4.76,1
806.768043756485,5.17,1
808.1077888011932,4.76,1
809.527704000473,5.07,1
810.8718793392181,4.79,1
812.2858200073242,5.07,1
813.6891372203827,4.76,1
815.099912405014,5.07,1
816.5169560909271,4.76,1
817.9329509735107,5.1,1
819.3393173217773,4.79,1
820.7567238807678,5.07,1
822.1733114719391,4.62,1
823.5838222503662,5.03,1
824.9314365386963,4.76,1
826.333652973175,5.07,1
827.756189584732,4.72,1
829.1583952903748,5.07,1
830.578999042511,4.76,1
831.9947581291199,5.0,1
833.4057374000549,4.76,1
834.8134255409241,5.03,1
842.1295552253723,-2.59,0
843.4790143966675,-2.45,0
844.794114112854,-2.38,0
846.1018996238708,-2.34,0
847.4110777378082,-2.21,0
848.7253129482269,-2.17,0
850.0319428443909,-2.07,0
851.3592336177826,-2.1,0
855.9402191638947,42.79,1
857.3482558727264,36.21,1
858.7701282501221,31.97,1
860.1813461780548,30.41,1
861.5301930904388,29.86,1
862.9332003593445,29.59,1
864.348316192627,29.55,1
865.7647407054901,29.38,1
867.1670513153076,29.48,1
868.5860006809235,29.31,1
869.9896109104156,29.28,1
871.413732290268,29.34,1
872.8209371566772,29.31,1
874.2352914810181,29.34,1
875.6450853347778,29.34,1
877.0497047901154,29.21,1
878.4650475978851,29.21,1
879.871444940567,29.28,1
881.2840974330902,29.17,1
882.6921417713165,29.45,1
884.1091310977936,29.34,1
885.5266389846802,29.31,1
886.9413704872131,29.38,1
888.344286441803,29.28,1
889.6840784549713,29.55,1
891.0281524658203,29.28,1
892.3823025226593,29.31,1
893.7836685180664,29.41,1
895.2030391693115,29.38,1
896.6060318946838,29.48,1
903.9737501144409,-2.59,0
905.2835755348206,-2.52,0
906.5911519527435,-2.52,0
907.9206385612488,-2.48,0
909.2162344455719,-2.31,0
910.5421679019928,-2.21,0
911.8513033390045,-2.21,0
913.1752219200134,-2.21,0
917.8179633617401,43.1,1
919.2251048088074,36.72,1
920.6458246707916,32.55,1
922.0591084957123,31.03,1
923.4021019935608,30.48,1
924.8139762878418,30.17,1
926.2213251590729,30.24,1
927.6346116065979,30.1,1
929.0522935390472,29.83,1
930.4525852203369,29.93,1
931.8706920146942,29.9,1
933.2064063549042,29.79,1
934.6247329711914,29.93,1
935.9640827178955,29.76,1
937.3838109970093,29.93,1
938.7930529117584,29.86,1
940.1930637359619,29.83,1
941.6191921234131,29.86,1
943.0194911956787,29.76,1
944.440806388855,29.86,1
945.8512277603149,29.86,1
947.2558591365814,29.76,1
948.6726312637329,29.86,1
950.0739767551422,29.97,1
951.4955196380615,29.86,1
952.9014616012573,29.9,1
954.324206829071,29.9,1
955.7268152236938,29.79,1
957.1399405002594,29.83,1
958.5503771305084,29.83,1
959.968789100647,29.86,1
961.3685460090637,29.93,1
962.7803332805634,29.97,1
964.196849822998,30.0,1
965.6027247905731,29.9,1
967.018125295639,30.07,1
968.4272742271423,30.0,1
969.8421757221222,29.97,1
971.254047870636,29.97,1
972.674889087677,29.93,1
974.0852446556091,29.83,1
975.4818742275238,30.03,1
976.894632101059,30.07,1
978.3184764385223,29.93,1
985.6792416572571,-2.48,0
987.0007421970367,-2.38,0
988.322589635849,-2.17,0
989.6605861186981,-2.24,0
990.9706594944,-2.21,0
992.2957043647766,-2.1,0
993.6091151237488,-1.97,0
994.9670176506042,-2.0,0
999.565506696701,43.07,1
1000.9858613014221,37.0,1
1002.4010126590729,32.62,1
1003.802451133728,31.17,1
1005.2253761291504,30.69,1
1006.6398704051971,30.38,1
1008.046765089035,30.14,1
1009.4620044231415,30.21,1
1010.871746301651,30.1,1
1012.2733805179596,30.03,1
1013.696715593338,29.97,1
1015.0999929904938,30.03,1
1016.5202035903931,30.0,1
1017.9256718158722,29.93,1
1019.3424234390259,30.07,1
1020.7456459999084,30.03,1
1022.170449256897,30.0,1
1023.5694134235382,30.1,1
1024.9903936386108,29.86,1
1026.3891625404358,29.83,1
1027.8147976398468,29.93,1
1029.2192759513855,29.97,1
1030.6242434978485,30.03,1
1032.0420770645142,30.1,1
1033.452763080597,29.97,1
1034.8716328144073,29.9,1
1036.2858440876007,30.1,1
1037.6861505508423,30.1,1
1039.096220254898,30.03,1
1040.5170197486877,30.07,1
1041.932059288025,30.0,1
1043.3391177654266,30.03,1
1044.751430273056,29.86,1
1046.1637840270996,29.83,1
1047.501275062561,30.0,1
1048.918075799942,30.0,1
1050.321849346161,29.93,1
1051.7427372932434,29.86,1
1053.1446778774261,29.97,1
1054.5627517700195,30.0,1
1055.9635434150696,30.0,1
1057.387214899063,30.0,1
1058.787231206894,29.93,1
1060.1967678070068,29.93,1
1067.498447418213,-2.28,0
1068.8205025196075,-2.14,0
1070.160055398941,-2.1,0
1071.4834458827972,-2.1,0
1072.8019409179688,-2.0,0
1074.1372389793396,-2.1,0
1075.4479343891144,-2.14,0
1076.7740342617035,-2.07,0
1081.3664572238922,41.83,1
1082.7847483158112,36.86,1
1084.1923801898956,32.86,1
1085.610098361969,31.28,1
1087.010451555252,30.83,1
1088.4348900318146,30.62,1
1089.838788509369,30.28,1
1091.1826283931732,30.28,1
1092.6056561470032,30.21,1
1094.011072397232,30.1,1
1095.4186427593231,30.1,1
1096.8377101421356,30.1,1
1098.2532966136932,29.97,1
1099.6548192501068,30.1,1
1101.0620093345642,30.03,1
1102.48659658432,30.1,1
1103.9039852619171,30.14,1
1105.3098742961884,29.93,1
1106.7200963497162,30.0,1
1108.1396884918213,30.14,1
1109.5422880649567,29.9,1
1110.9577095508575,30.07,1
1112.367670059204,30.0,1
1113.7751569747925,29.93,1
1115.195517539978,30.07,1
1116.5997292995453,29.97,1
1118.0199601650238,30.03,1
1119.4243113994598,29.97,1
1120.8413054943085,29.83,1
1122.259527206421,30.03,1
1123.6610786914825,30.03,1
1125.014304637909,29.86,1
1126.429067850113,30.0,1
1127.834781885147,29.97,1
1129.2563359737396,29.86,1
1130.6671624183655,29.97,1
1132.079752922058,29.86,1
1133.4895901679993,29.86,1
1134.8961083889008,29.93,1
1136.301728963852,29.62,1
1137.7211425304413,26.93,1
1139.138126373291,28.9,1
1140.5547149181366,29.55,1
1141.9670133590698,29.41,1
1143.3713603019714,29.28,1
1144.7788786888123,29.34,1
1146.1922271251678,29.48,1
1147.6145820617676,29.52,1
1149.0273549556732,29.55,1
1150.438250541687,29.52,1
1151.8504633903503,29.55,1
1153.259831905365,29.76,1
1154.676501274109,29.69,1
1156.0807056427002,29.79,1
1157.497994184494,29.97,1
1158.9092090129852,29.9,1
1160.3200755119324,29.93,1
1161.7380151748657,29.93,1
1169.0399253368378,-2.28,0
1170.3625445365906,-2.34,0
1171.6955931186676,-2.28,0
1173.006772518158,-2.1,0
1174.3347613811493,-1.97,0
1175.6546039581299,-1.86,0
1176.9986412525177,-1.79,0
1178.3217668533325,-1.83,0
1182.9122064113617,40.17,1
1184.330575466156,36.59,1
1185.7412931919098,32.79,1
1187.1466743946075,31.28,1
1188.5639519691467,30.9,1
1189.9827132225037,30.59,1
1191.3862793445587,30.41,1
1192.8066885471344,30.48,1
1194.2094728946686,30.38,1
1195.6314148902893,30.45,1
1197.0430426597595,30.45,1
1198.4538218975067,30.41,1
1199.8586738109589,30.48,1
1201.2851746082306,30.66,1
1202.689885377884,30.62,1
1204.104988336563,30.72,1
1205.5074458122253,30.66,1
1206.9194977283478,30.45,1
1208.3366491794586,30.69,1
1209.7595427036285,30.76,1
1211.164470911026,30.86,1
1212.5805337429047,30.83,1
1213.9964451789856,31.0,1
1215.4089758396149,30.97,1
1216.8232727050781,30.97,1
1218.2321960926056,31.14,1
1219.6349895000458,30.97,1
1221.0604979991913,31.0,1
1222.4707143306732,31.17,1
1223.8818509578705,31.21,1
1225.285705089569,31.31,1
1226.7051711082458,31.21,1
1228.1135292053223,31.21,1
1229.530791759491,31.31,1
1230.9399750232697,31.38,1
1232.3531756401062,31.31,1
1233.7735567092896,31.41,1
1235.175729751587,31.48,1
1236.5890066623688,31.52,1
1238.0067446231842,31.55,1
1239.4245357513428,31.59,1
1240.8288021087646,31.72,1
1242.237813949585,31.52,1
1243.6595768928528,31.66,1
1245.0629465579987,31.66,1
1246.4815881252289,31.72,1
1247.885175228119,31.72,1
1249.3103430271149,31.79,1
1250.7195777893066,31.69,1
1252.1384172439575,31.72,1
1253.5443465709686,31.97,1
1254.962242603302,32.03,1
1256.3660428524017,32.0,1
1257.7868332862854,32.03,1
1259.193342924118,32.21,1
1260.611675977707,32.07,1
1267.9138491153717,-0.28,0
1269.2379734516144,-0.45,0
1270.5933892726898,-0.59,0
1271.9054145812988,-0.66,0
1273.2324967384338,-0.83,0
1274.5380125045776,-0.97,0
1275.8634641170502,-0.83,0
1277.1762783527374,-0.76,0
1281.7706620693207,45.03,1
1283.1755936145782,39.38,1
1284.5925724506378,35.41,1
1286.011662721634,33.79,1
1287.4137337207794,33.17,1
1288.8266215324402,32.9,1
1290.2425608634949,32.83,1
1291.6532373428345,32.72,1
1293.0700788497925,32.62,1
1294.4776663780212,32.66,1
1295.8942778110504,32.66,1
1297.236511707306,32.69,1
1298.6403048038483,32.55,1
1300.0500810146332,32.55,1
1301.4686839580536,32.62,1
1302.877275466919,32.69,1
1304.2882342338562,32.62,1
1305.7099602222443,32.59,1
1307.1158423423767,32.69,1
1308.5359516143799,32.79,1
1309.9419825077057,32.59,1
1311.3469183444977,32.66,1
1312.766294002533,32.72,1
1314.1795961856842,32.66,1
1315.583036184311,32.62,1
1316.9384241104126,32.69,1
1318.3437786102295,32.72,1
1319.7656700611115,32.79,1
1321.1776328086853,32.62,1
1322.5827758312225,32.86,1
1324.0030620098114,32.83,1
1325.4030783176422,32.66,1
1326.8116579055786,32.83,1
1328.2373270988464,32.76,1
1329.6489686965942,32.76,1
1331.0552752017975,32.86,1
1332.4676985740662,32.86,1
1333.8882882595062,32.72,1
1335.3007173538208,32.72,1
1336.7124273777008,32.83,1
1338.1228425502777,32.83,1
1339.5363385677338,32.83,1
1340.9483728408813,32.59,1
1342.3610844612122,32.83,1
1343.7719538211823,32.9,1
1345.1714098453522,32.72,1
1346.5953350067139,32.69,1
1348.0107152462006,32.79,1
1349.421623468399,32.76,1
1350.8321325778961,32.79,1
1352.2462158203125,32.69,1
1353.6452178955078,32.72,1
1355.0628354549408,32.86,1
1356.4841656684875,32.79,1
1357.8928241729736,32.86,1
1359.3091852664948,32.62,1
1360.7187676429749,32.52,1
1362.1268293857574,32.72,1
1363.5460543632507,32.59,1
1364.9474103450775,32.69,1
1366.3682396411896,32.69,1
1367.7778325080872,32.79,1
1369.1915254592896,32.69,1
1370.5941746234894,32.76,1
1372.012219429016,32.66,1
1373.4297122955322,32.55,1
1374.8477799892426,32.69,1
1376.248407125473,32.66,1
1377.6666719913483,32.45,1
1379.0741157531738,32.38,1
1380.495037317276,32.59,1
1381.9018137454987,32.45,1
1383.3203418254852,32.62,1
1384.7240607738495,32.38,1
1386.1442403793335,32.48,1
1387.5463585853577,32.52,1
1388.9658000469208,32.48,1
1390.3694746494293,32.66,1
1391.7861139774323,32.45,1
1393.195101261139,32.45,1
1394.6134157180786,32.38,1
1396.0239503383636,32.45,1
1397.4354858398438,32.48,1
1398.848638534546,32.38,1
1400.2663855552673,32.38,1
1401.6687293052673,32.38,1
1403.088630437851,32.34,1
1404.5058951377869,32.24,1
1405.910403728485,32.41,1
1407.3230831623077,32.34,1
1408.7335624694824,32.21,1
1410.140016078949,32.21,1
1411.5593044757843,32.1,1
1412.9756634235382,32.31,1
1414.3828892707825,32.17,1
1415.8017435073853,32.17,1
1417.2069001197815,32.0,1
1418.6227600574493,32.21,1
1420.026273727417,31.86,1
1421.4438998699188,32.17,1
1422.8476502895355,32.0,1
1424.269957780838,32.14,1
1425.6791832447052,32.0,1
1427.095529794693,32.14,1
1428.5130214691162,31.9,1
1429.9146661758423,32.0,1
1431.3271625041962,31.9,1
1432.7434017658234,32.0,1
1434.1539597511292,31.9,1
1435.5708701610565,31.86,1
1436.975835800171,31.9,1
1438.3905670642853,31.86,1
1439.807073354721,31.93,1
1441.2250399589539,31.86,1
1442.6379647254944,31.86,1
1444.051438331604,31.76,1
1445.4590134620667,31.79,1
1446.8601377010345,31.72,1
1448.2777547836304,31.62,1
1450.650465965271,31.79,1
1452.0698568820953,31.72,1
1453.4843354225159,31.76,1
1454.891248703003,31.66,1
1456.3075733184814,31.62,1
