1.100015640258789,7.1
2.3424429893493652,7.17
3.5553815364837646,7.07
4.752401828765869,7.07
9.32335090637207,9.48
10.735598087310791,28.9
12.074346780776978,62.21
13.487085819244385,102.34
14.894527196884155,136.72
16.30930209159851,169.0
17.65973687171936,196.0
19.000818252563477,221.0
20.337077379226685,244.21
21.680213928222656,266.0
23.022454261779785,285.69
24.43497943878174,303.31
25.775001525878906,319.93
27.19994020462036,335.59
28.599145650863647,350.0
30.017696380615234,363.21
31.433907747268677,376.24
32.83088278770447,387.93
34.17467641830444,397.34
35.51569151878357,406.62
36.85913157463074,415.38
38.28579092025757,424.17
39.619714975357056,430.34
40.96991276741028,438.86
42.31157088279724,444.1
43.724408864974976,449.31
45.05714440345764,453.93
46.412309646606445,457.79
47.81472110748291,462.28
49.22839617729187,467.31
50.57133960723877,471.97
51.9127721786499,475.45
53.26428842544556,478.34
54.610107421875,482.03
56.009371280670166,483.66
57.42199683189392,486.0
58.839054346084595,487.45
60.25753998756409,489.69
61.668665409088135,491.76
63.07720923423767,494.76
64.49026322364807,496.62
65.82790803909302,495.9
67.17746210098267,497.9
68.51588416099548,498.03
69.93103671073914,499.07
71.27623271942139,500.38
72.6106207370758,500.69
73.96187663078308,501.52
75.30490303039551,502.34
76.6425530910492,503.14
77.99094080924988,503.17
79.40296936035156,504.07
80.73987317085266,503.93
82.14312291145325,505.17
83.49774074554443,505.45
84.91308832168579,507.28
86.24413895606995,507.28
87.58951759338379,506.59
88.93433809280396,505.38
90.28381252288818,506.83
91.6256034374237,506.1
93.03565120697021,506.41
94.371999502182,506.45
95.78151822090149,507.45
97.20070314407349,507.38
98.53847408294678,506.69
99.88458776473999,507.83
101.29270243644714,508.86
102.71261596679688,508.76
104.04961729049683,508.97
105.39631938934326,508.83
106.80513501167297,509.41
108.21488809585571,509.69
109.56953430175781,509.14
110.9077045917511,509.41
112.30823802947998,508.86
113.72080397605896,510.14
115.12989735603333,509.28
116.5557291507721,510.03
117.95308470726013,508.93
119.36803770065308,509.55
120.77989482879639,508.79
122.2022967338562,508.69
123.60357880592346,509.62
124.9526596069336,509.14
126.36992526054382,510.24
127.71395373344421,509.45
129.1254198551178,510.86
130.53699374198914,509.14
131.8810350894928,509.03
133.2173206806183,510.03
134.62756991386414,509.9
135.97908282279968,509.69
137.3775613307953,511.28
138.72751832008362,510.45
146.04931807518005,6.55
147.35276627540588,6.38
148.66233825683594,6.59
149.96756291389465,6.55
151.33341002464294,6.62
152.63250279426575,6.69
153.9519019126892,6.69
155.25793743133545,6.79
156.45421648025513,6.69
157.6757938861847,6.66
158.8789939880371,6.79
160.12721467018127,6.72
161.33261513710022,6.72
162.53664922714233,6.79
163.7262487411499,6.76
164.9276351928711,6.69
166.12891173362732,6.76
167.32330346107483,6.79
168.52279448509216,6.83
169.71577858924866,6.86
170.93677806854248,6.83
172.13770294189453,6.79
173.33775734901428,6.86
174.543874502182,6.83
175.74190020561218,6.83
176.9389386177063,6.83
178.16595339775085,6.86
179.37287425994873,6.86
