1.104837417602539,-1.52,0
2.357419490814209,-1.52,0
3.575284719467163,-1.55,0
4.776581764221191,-1.52,0
5.98676061630249,-1.52,0
7.194610118865967,-1.52,0
8.403651237487793,-1.55,0
9.60860800743103,-1.59,0
10.821983098983765,-1.55,0
12.081409454345703,-1.48,0
13.292731046676636,-1.48,0
14.505766153335571,-1.55,0
15.935699939727783,-1.55,0
17.195303678512573,-1.55,0
18.68926692008972,-1.59,0
19.900598764419556,-1.55,0
21.116336345672607,-1.55,0
22.354239463806152,-1.41,0
23.550410985946655,-1.59,0
24.779070377349854,-1.55,0
25.991440057754517,-1.52,0
30.578705310821533,-1.52,1
31.993347883224487,-1.55,1
33.40505599975586,-1.55,1
34.81068563461304,-1.55,1
36.21975135803223,-1.52,1
37.63235640525818,-1.52,1
