1.1015832424163818,-1.97,0
2.3524391651153564,-2.0,0
3.5624966621398926,-2.0,0
4.764898300170898,-1.97,0
9.339475870132446,-7.97,1
10.75671672821045,-2.31,1
12.171092987060547,-0.07,1
13.57923173904419,-1.03,1
14.994025707244873,0.69,1
16.416425943374634,-0.86,1
17.754873991012573,0.66,1
19.100006341934204,-0.79,1
20.448168754577637,1.1,1
21.7876193523407,-0.45,1
23.13336706161499,1.28,1
24.478424549102783,-0.28,1
25.81804847717285,1.34,1
27.2342791557312,-0.52,1
28.651761531829834,1.55,1
30.055155992507935,-0.31,1
31.466482639312744,1.52,1
32.88508701324463,-0.34,1
34.22351551055908,1.79,1
35.576326847076416,0.21,1
36.914753437042236,1.69,1
38.330199003219604,0.28,1
39.66813564300537,1.69,1
41.08988308906555,0.34,1
42.423561811447144,1.72,1
43.838627338409424,0.21,1
45.17708778381348,1.83,1
46.59372806549072,0.62,1
47.947208642959595,1.83,1
49.35607719421387,0.72,1
50.770323276519775,1.83,1
52.170125007629395,0.66,1
53.58895230293274,1.9,1
55.00635051727295,1.0,1
56.42278718948364,1.93,1
57.83736038208008,0.97,1
59.244378089904785,2.07,1
60.65370440483093,1.24,1
62.06103491783142,2.0,1
63.484524965286255,1.66,1
64.88804244995117,2.28,1
66.23176908493042,1.59,1
67.58563113212585,1.17,1
68.92495894432068,2.07,1
70.27408146858215,1.72,1
71.68537187576294,1.31,1
73.02295660972595,2.0,1
74.4342782497406,1.62,1
75.78876900672913,1.31,1
77.12607765197754,2.24,1
78.4732129573822,1.69,1
79.8906569480896,1.52,1
81.22358965873718,2.21,1
82.64025783538818,1.79,1
84.0438003540039,2.59,1
85.45872497558594,1.79,1
86.87366962432861,1.72,1
88.28673338890076,2.62,1
89.70271039009094,1.83,1
91.11926817893982,3.07,1
92.53529858589172,1.9,1
93.94705295562744,1.79,1
95.35136795043945,1.79,1
96.77001333236694,2.69,1
98.17234635353088,2.0,1
99.59311819076538,1.83,1
100.99704122543335,1.14,1
102.41265535354614,222.41,1
103.83198189735413,88.17,1
105.24603986740112,38.45,1
106.6616005897522,19.38,1
108.07426428794861,13.24,1
115.37258195877075,-5.45,0
116.68694424629211,-2.66,0
117.99085521697998,-2.24,0
119.3512237071991,-2.24,0
120.6576316356659,-2.17,0
121.97166585922241,-2.07,0
123.28277540206909,-2.14,0
124.60175013542175,-2.14,0
129.19862699508667,-7.41,1
130.60092449188232,-1.76,1
132.01588559150696,-0.69,1
133.43535780906677,1.41,1
134.83996677398682,1.45,1
136.18207120895386,1.76,1
137.6011414527893,1.83,1
139.01602721214294,1.83,1
140.43219208717346,1.9,1
141.83830738067627,1.9,1
143.25567317008972,2.03,1
144.6698658466339,2.21,1
146.072509765625,2.41,1
147.49233627319336,2.69,1
148.89669847488403,3.14,1
150.31451106071472,3.48,1
151.73094081878662,3.86,1
153.1470968723297,4.55,1
154.5478446483612,4.55,1
155.9642174243927,5.14,1
157.38281345367432,5.66,1
158.79300236701965,4.28,1
160.20974826812744,6.21,1
161.54793858528137,5.14,1
162.88633155822754,6.59,1
164.30742931365967,5.55,1
165.64666485786438,7.38,1
167.06292295455933,6.48,1
168.4116930961609,8.52,1
169.81366229057312,7.79,1
171.16666412353516,7.62,1
172.56933856010437,7.59,1
173.99192786216736,8.34,1
175.39811873435974,8.55,1
176.7507803440094,9.86,1
178.15846300125122,9.93,1
179.4971408843994,10.21,1
180.91598081588745,10.52,1
182.25546169281006,10.76,1
183.6731255054474,11.21,1
185.0213761329651,10.69,1
186.43389105796814,11.45,1
187.84586596488953,11.97,1
189.25178456306458,13.31,1
