1.1072309017181396,0.79
2.343593120574951,0.72
3.5584261417388916,0.79
4.764437198638916,0.72
5.973195552825928,0.62
10.543442964553833,0.69
11.96218490600586,1.66
13.375202655792236,2.93
14.78819727897644,6.38
16.187763929367065,10.34
17.541789293289185,14.83
18.9502215385437,19.76
20.290935039520264,25.1
21.70460319519043,30.55
23.055992364883423,35.86
24.45767855644226,41.28
25.874976634979248,46.59
27.28938102722168,51.1
28.638166427612305,55.24
30.051180601119995,59.21
31.461588621139526,62.83
32.874255657196045,66.17
34.217329025268555,68.79
35.55729794502258,71.28
36.897656202316284,73.0
38.30780744552612,74.72
39.65786027908325,75.72
41.0634446144104,75.97
42.4109947681427,76.0
43.752009868621826,76.0
45.09713649749756,75.41
46.50258493423462,74.28
47.9204306602478,72.76
49.33142876625061,70.93
50.744136333465576,68.48
52.14116406440735,66.21
53.55246186256409,63.86
54.973530292510986,61.93
56.38746380805969,59.9
57.79724860191345,58.0
59.21049237251282,56.1
60.61935043334961,54.34
62.035868883132935,52.76
63.45091366767883,50.9
64.85420536994934,49.31
66.26990032196045,47.83
67.61080527305603,46.21
69.01730227470398,44.59
70.43957185745239,43.28
71.85064840316772,42.45
73.18562889099121,41.9
74.53682112693787,41.38
75.873544216156,40.86
77.22044062614441,40.76
78.62582850456238,40.66
79.97658014297485,40.69
81.39303708076477,40.79
82.80452513694763,41.28
84.14566707611084,41.66
85.55109572410583,42.41
86.8972840309143,43.14
88.30373167991638,43.86
89.65477585792542,44.59
91.0623517036438,45.59
92.46892404556274,46.34
93.88872361183167,47.52
95.2971670627594,48.28
