1.1109230518341064,-0.86
2.3506906032562256,-0.9
3.5686898231506348,-0.86
4.777641773223877,-0.62
5.988494157791138,-0.79
7.202237606048584,-0.69
11.765726566314697,636.52
13.192791223526001,695.69
14.603765964508057,454.45
16.015825271606445,260.41
23.303008794784546,-3.72
24.62558078765869,-3.59
25.939009189605713,-3.66
27.246702194213867,-3.66
28.566489696502686,-3.69
29.883703470230103,-3.62
31.201551914215088,-3.66
32.56192231178284,-3.66
37.13897156715393,604.79
38.490906953811646,758.48
39.907307863235474,529.76
41.30423188209534,321.34
42.720184564590454,188.52
44.13860082626343,122.72
45.54635810852051,101.31
46.96467661857605,101.14
48.375203132629395,108.72
49.77467751502991,114.86
51.18851137161255,117.9
52.60802388191223,119.07
54.02403807640076,119.66
55.42513298988342,120.28
56.83899116516113,120.31
58.25364947319031,120.83
59.66929388046265,120.79
61.06955862045288,121.59
62.48997521400452,118.41
63.89740300178528,117.59
65.31377959251404,119.83
66.71326994895935,120.03
68.1292495727539,120.28
69.47835373878479,119.86
70.81193232536316,120.07
72.22803902626038,119.72
73.63910698890686,119.1
75.05362033843994,119.03
76.46237587928772,118.59
77.87377095222473,118.9
79.28735113143921,118.34
86.59477233886719,11.21
87.90705013275146,11.31
89.22697591781616,11.31
90.54294967651367,11.21
91.84514331817627,11.34
93.1653802394867,11.38
94.50026369094849,11.28
95.80306267738342,11.28
100.40599536895752,1.76
101.81494927406311,1.76
103.22895812988281,1.76
104.64253044128418,11.03
106.05644059181213,15.31
107.4661111831665,19.9
108.87657880783081,25.45
110.2919065952301,31.14
111.70034575462341,37.0
113.12718749046326,38.52
114.5353217124939,38.62
115.94228458404541,38.21
117.35373544692993,41.14
118.7753255367279,38.86
120.17557430267334,40.9
121.5962290763855,41.52
123.00817775726318,41.31
124.4165530204773,41.24
125.83262395858765,41.14
127.2443470954895,41.07
128.6473696231842,41.0
130.06641936302185,40.69
131.46468949317932,37.69
132.8788743019104,36.97
134.29126906394958,39.97
135.70683336257935,40.69
137.1234564781189,40.83
138.52477860450745,37.72
139.94416332244873,40.59
141.35510921478271,37.55
142.77036714553833,36.69
144.18317222595215,39.97
145.5893886089325,40.9
146.9998435974121,41.0
148.4019420146942,41.28
149.82111597061157,40.97
151.23629236221313,37.83
152.6488859653473,36.79
154.06083393096924,39.72
155.47355437278748,36.97
156.88840413093567,40.0
158.29427003860474,40.38
159.70430970191956,40.66
161.11925601959229,40.9
162.53412318229675,40.79
163.93214392662048,41.03
165.35045671463013,40.69
166.76404857635498,37.38
168.16904139518738,36.62
175.4918029308319,1.07
176.79167342185974,1.1
178.11027598381042,1.0
179.4133219718933,1.03
180.7624433040619,0.97
182.06328558921814,1.0
183.37870335578918,0.97
184.69774746894836,1.0
189.264262676239,62.45
190.61561560630798,130.72
192.02460098266602,192.31
193.43729209899902,223.07
194.8476722240448,289.24
196.25837445259094,306.17
197.66984176635742,278.17
199.09075021743774,307.52
200.50151991844177,281.76
207.81099152565002,-0.9
209.1271369457245,-1.0
210.48785996437073,-0.97
211.79886651039124,-0.97
213.11095142364502,-0.93
214.40704131126404,-0.93
215.72874283790588,-0.97
217.04635381698608,-0.93
218.25481271743774,-1.0
219.47075772285461,-0.97
220.70968341827393,-0.97
221.9300947189331,-0.97
223.1558609008789,-0.97
