1.1103477478027344,2.9
2.330876111984253,2.76
3.539945363998413,2.86
4.781993865966797,2.93
9.370550155639648,154.17
10.782266855239868,207.62
12.19351577758789,222.24
13.603061437606812,224.69
15.014445304870605,200.93
16.42753505706787,173.45
23.730095624923706,-1.34
25.07962155342102,-1.41
26.383334636688232,-1.34
27.684805154800415,-1.31
29.000917196273804,-1.34
30.308627367019653,-1.38
31.627179622650146,-1.38
32.921539068222046,-1.28
37.5109224319458,151.97
38.92464566230774,205.59
40.33636498451233,219.9
41.676039695739746,220.79
43.092341899871826,205.93
44.502777099609375,179.07
51.797961711883545,-1.45
53.11160397529602,-1.55
54.430402755737305,-1.48
55.7782883644104,-1.45
57.08194136619568,-1.52
58.390382528305054,-1.52
59.71714520454407,-1.38
61.03413105010986,-1.45
65.61362218856812,152.62
66.96226739883423,205.21
68.37510013580322,220.62
69.78546738624573,224.17
71.19749760627747,208.03
72.6085422039032,180.41
79.93194818496704,-1.55
81.23307394981384,-1.59
82.55678987503052,-1.62
83.85817432403564,-1.62
85.17533612251282,-1.52
86.52652287483215,-1.55
87.82770276069641,-1.55
89.13006234169006,-1.48
93.72394967079163,150.28
95.13583374023438,204.48
96.54484438896179,219.03
97.9559235572815,222.76
99.28912782669067,208.1
100.70228910446167,181.21
108.0211329460144,-1.93
109.35311269760132,-1.83
