1.1054661273956299,-1.93,0
2.3516085147857666,-1.97,0
3.55400013923645,-1.9,0
4.755371332168579,-1.97,0
9.339541673660278,50.93,1
10.672125577926636,9.28,1
12.088051319122314,1.69,1
13.431731700897217,0.0,1
14.777018547058105,-0.79,1
16.194252729415894,-0.9,1
17.534952878952026,-1.24,1
18.885220050811768,-1.31,1
20.22147536277771,-1.31,1
21.628228187561035,-1.48,1
22.982941150665283,-1.31,1
24.387466430664062,-1.48,1
25.808351039886475,-1.48,1
27.209748029708862,-1.59,1
28.629225730895996,-1.59,1
30.033013105392456,-1.52,1
31.450535535812378,-1.62,1
32.86583137512207,-1.59,1
34.21593236923218,-1.66,1
35.55756187438965,-1.69,1
36.97351336479187,-1.66,1
38.378387212753296,29.31,1
39.72852182388306,5.93,1
41.069825410842896,-6.66,1
42.488253355026245,-12.21,1
43.89983510971069,-1.9,1
45.313438415527344,-1.52,1
46.71448493003845,-1.66,1
48.065077781677246,-1.52,1
49.48281931877136,15.45,1
50.894888162612915,2.38,1
52.2348792552948,0.14,1
53.6494038105011,-0.79,1
55.05763649940491,-1.1,1
56.47422480583191,-1.17,1
57.88998794555664,-1.34,1
59.299771785736084,-1.45,1
60.71672010421753,-1.34,1
62.11942911148071,-1.55,1
63.52633714675903,-1.52,1
64.94325685501099,-1.59,1
66.29808807373047,-1.59,1
67.63844108581543,-1.55,1
68.97516107559204,-1.59,1
70.39628338813782,-1.66,1
71.74214029312134,-1.66,1
73.08292293548584,-1.62,1
74.43052744865417,-1.52,1
75.83676052093506,-1.62,1
77.17749953269958,-1.72,1
78.59927272796631,-1.66,1
80.01068663597107,-1.66,1
81.41139101982117,-1.62,1
82.833664894104,-1.79,1
84.25045108795166,-1.62,1
85.59263277053833,-1.66,1
86.99569320678711,-1.59,1
88.41487574577332,-1.66,1
89.82163429260254,-1.72,1
91.23666834831238,-1.62,1
92.65459299087524,-1.62,1
94.06221437454224,-1.76,1
95.40575575828552,-1.79,1
96.82612657546997,-1.76,1
98.23012471199036,-1.59,1
99.65357160568237,-1.69,1
101.05430507659912,-1.72,1
102.47340488433838,-1.62,1
103.89274501800537,-1.72,1
105.30016374588013,-1.72,1
106.71721768379211,-1.62,1
108.0604887008667,-1.72,1
109.401780128479,-1.69,1
110.81785893440247,-1.72,1
112.22247219085693,-1.79,1
113.64098405838013,-1.62,1
115.05750799179077,-1.76,1
116.46547150611877,-1.69,1
117.88092708587646,-1.62,1
119.28768014907837,-1.79,1
120.7053611278534,-1.62,1
122.1069815158844,-1.83,1
123.52650332450867,-1.66,1
124.86504411697388,-48.86,1
126.28178262710571,-30.14,1
127.62274765968323,10.17,1
129.04068636894226,1.21,1
130.45757389068604,-0.93,1
131.86051726341248,-1.45,1
133.21498847007751,-1.66,1
134.62755250930786,-1.66,1
135.9692461490631,-1.66,1
137.32032370567322,-1.83,1
138.73270988464355,-1.72,1
140.13523960113525,-1.72,1
141.47614312171936,-1.72,1
142.8337426185608,-1.66,1
144.2389497756958,-1.9,1
145.6572620868683,-1.76,1
146.99466061592102,-1.72,1
148.40427684783936,-1.66,1
149.75973510742188,-1.72,1
151.16399908065796,-1.72,1
152.58341765403748,-1.83,1
153.9887776374817,-1.79,1
155.40842747688293,-1.72,1
156.8111710548401,-1.76,1
158.22988891601562,-1.76,1
159.63675737380981,-1.72,1
160.99259448051453,-1.76,1
162.3334321975708,-1.72,1
163.6722707748413,-1.83,1
165.0164668560028,-1.83,1
166.37194848060608,-1.76,1
167.77506923675537,-1.69,1
169.12116765975952,-1.79,1
170.4605233669281,-1.79,1
171.81308579444885,-1.76,1
173.15502429008484,-1.72,1
174.4930202960968,-1.83,1
175.83890008926392,-1.72,1
177.1923816204071,-1.83,1
178.59617638587952,-1.72,1
179.934401512146,-1.86,1
181.29052186012268,-1.69,1
182.63478136062622,-1.83,1
183.96804523468018,-1.79,1
185.32142853736877,-1.72,1
186.66224598884583,-1.72,1
188.0076940059662,-1.76,1
189.35446667671204,-1.76,1
190.75901126861572,-1.72,1
192.098974943161,-1.76,1
193.45004773139954,-1.69,1
194.80145812034607,-1.79,1
196.14125680923462,-1.86,1
197.48484802246094,-1.76,1
198.82237577438354,-1.76,1
200.1633973121643,-1.83,1
201.59050750732422,-1.76,1
202.92253303527832,-1.83,1
204.26365113258362,-1.76,1
205.61811470985413,-1.76,1
206.95676684379578,-1.76,1
208.3753161430359,-1.83,1
209.714861869812,-1.69,1
211.05980944633484,-1.83,1
212.4776360988617,-1.72,1
213.8929889202118,-1.76,1
215.2252974510193,-1.83,1
216.58133244514465,-1.79,1
217.92000675201416,-1.83,1
219.33491945266724,-1.76,1
220.6794993877411,-1.86,1
222.09569478034973,-1.76,1
223.43342971801758,-1.86,1
224.76862287521362,-1.79,1
226.12369227409363,-1.76,1
227.52761793136597,-1.83,1
228.88315653800964,-1.76,1
230.2254650592804,-1.83,1
231.62759852409363,-1.79,1
233.04555463790894,-1.72,1
234.39849972724915,-1.83,1
235.7288680076599,-1.79,1
237.0828733444214,-1.83,1
238.49643993377686,-1.79,1
239.9066367149353,-1.83,1
241.31204867362976,-1.93,1
242.72988486289978,-1.79,1
244.07130002975464,-1.79,1
245.41252422332764,-1.76,1
246.83237385749817,-1.9,1
248.23637080192566,-1.86,1
249.65787076950073,-1.83,1
251.07379269599915,-1.86,1
252.47556352615356,-1.79,1
253.8241584300995,-1.83,1
255.24441957473755,-1.76,1
256.5880527496338,-1.86,1
257.931184053421,-1.76,1
259.34340929985046,-1.79,1
260.74864387512207,-1.86,1
262.090354681015,-1.72,1
263.5097556114197,-1.76,1
264.927414894104,-1.79,1
266.3386483192444,-1.83,1
267.6844046115875,-1.83,1
269.0231418609619,-1.86,1
270.37046813964844,-1.79,1
271.70697498321533,-1.9,1
273.1260242462158,-1.86,1
274.5288701057434,-1.86,1
275.88286328315735,-1.76,1
277.2284789085388,-1.93,1
278.6308982372284,-1.79,1
279.9720456600189,-2.0,1
281.31850385665894,-2.03,1
282.7370183467865,-2.24,1
284.15536618232727,-2.48,1
285.5557506084442,-11.31,1
286.97526121139526,-4.34,1
288.3831329345703,-3.31,1
289.72399950027466,-3.24,1
291.14761567115784,-3.14,1
292.4885857105255,-2.9,1
293.89779257774353,-3.1,1
295.2455880641937,-2.86,1
296.6627552509308,-2.52,1
298.07230949401855,-2.52,1
299.478000164032,-2.86,1
300.825740814209,-2.38,1
302.16102838516235,-2.28,1
303.51495122909546,-2.28,1
304.920205116272,-2.17,1
306.27775263786316,-2.07,1
307.6817297935486,-2.1,1
309.0259964466095,-2.24,1
310.37838196754456,-2.17,1
311.7888696193695,-2.28,1
313.1277072429657,-2.1,1
314.5487542152405,-2.14,1
315.9494981765747,-2.14,1
317.36701917648315,-2.07,1
318.7073938846588,-2.07,1
320.046669960022,-2.07,1
321.40083622932434,-2.07,1
322.73789715766907,-2.21,1
324.09153747558594,-2.17,1
325.43270921707153,-2.07,1
326.77540826797485,-2.07,1
328.1801874637604,-2.03,1
329.53608655929565,-2.1,1
330.87755393981934,-2.1,1
332.22769689559937,-2.17,1
333.55923867225647,-2.07,1
334.913325548172,-2.03,1
336.2553164958954,-2.03,1
337.5940628051758,-2.0,1
339.0125412940979,-1.93,1
340.3561499118805,-1.97,1
341.69373893737793,-2.0,1
343.0478940010071,-2.07,1
344.3875892162323,-2.07,1
345.7267692089081,-2.03,1
347.0813102722168,-1.97,1
348.42051792144775,-2.0,1
349.7669825553894,-2.0,1
351.1826741695404,-2.07,1
352.52224349975586,-1.97,1
353.8601644039154,-2.07,1
355.2038254737854,-1.97,1
356.5562222003937,-2.07,1
357.90162324905396,-1.97,1
359.2374596595764,-2.03,1
360.5827605724335,-1.93,1
361.9261145591736,-1.93,1
363.34311389923096,-1.93,1
364.6794185638428,-1.79,1
366.03089904785156,-1.86,1
367.37070894241333,-1.83,1
368.7234094142914,-1.86,1
370.0612118244171,-1.9,1
371.40855503082275,-1.93,1
372.7488627433777,-1.97,1
374.0872747898102,-1.93,1
375.50664710998535,-1.83,1
376.8554937839508,-1.93,1
378.18952918052673,-1.9,1
379.54523944854736,-2.03,1
380.88481092453003,-1.9,1
382.22021436691284,-1.93,1
383.63746452331543,-1.97,1
385.05451560020447,-1.97,1
386.4758062362671,-1.97,1
387.80674719810486,-1.86,1
389.1620490550995,-1.86,1
390.4962275028229,-1.9,1
391.91549611091614,-1.97,1
393.25648260116577,-1.97,1
394.6745626926422,-1.93,1
396.0778477191925,-1.97,1
397.5004680156708,-1.83,1
398.83578610420227,-1.86,1
400.1812515258789,-1.9,1
401.533896446228,-1.83,1
402.9337737560272,-1.9,1
404.2900638580322,-1.86,1
405.70011854171753,-1.9,1
407.11316442489624,-1.9,1
408.52986693382263,-1.93,1
409.86573219299316,-1.93,1
411.28538823127747,-1.9,1
412.685409784317,-1.86,1
414.04234766960144,-1.86,1
415.3741705417633,-2.1,1
416.79346776008606,-1.9,1
418.137478351593,-1.93,1
419.4768273830414,-1.9,1
420.83314657211304,-1.9,1
422.17637157440186,-1.9,1
423.5152907371521,-1.9,1
424.85889744758606,-1.9,1
426.2785589694977,-1.97,1
427.616215467453,-1.86,1
428.9563136100769,-1.93,1
430.3769052028656,-1.9,1
431.71675872802734,-1.93,1
433.05936551094055,-1.93,1
434.399870634079,-1.93,1
435.75182938575745,-1.86,1
437.16756796836853,-1.86,1
438.509831905365,-1.9,1
439.8507056236267,-1.9,1
441.27025628089905,-1.93,1
442.60836911201477,-1.97,1
444.0260314941406,-1.93,1
445.35815620422363,-1.86,1
446.77509808540344,-1.93,1
448.12870144844055,-2.03,1
449.4713909626007,-1.9,1
450.8168821334839,-1.86,1
452.21933031082153,-2.03,1
453.56409978866577,-1.97,1
454.9162003993988,-2.03,1
456.2559745311737,-1.86,1
457.66990399360657,-1.86,1
459.00946044921875,-1.76,1
460.4197678565979,-1.79,1
461.77679347991943,-1.93,1
463.1886043548584,-1.9,1
464.52542877197266,-1.9,1
465.9416399002075,-1.9,1
467.3441152572632,-1.97,1
468.6984167098999,-1.93,1
470.034072637558,-1.9,1
471.37603521347046,-1.86,1
472.73035192489624,-1.93,1
474.06933760643005,-1.9,1
475.4200949668884,-1.79,1
476.82453441619873,-1.93,1
478.24227952957153,-1.86,1
479.65143632888794,-1.93,1
481.0733542442322,-1.86,1
482.47414350509644,-1.9,1
483.89839792251587,-1.83,1
485.31255292892456,-1.9,1
486.6544671058655,-1.9,1
488.0577025413513,-1.9,1
489.40868377685547,-1.79,1
490.7534005641937,-1.97,1
492.1575577259064,-1.83,1
493.57346200942993,-1.9,1
494.99177837371826,-1.93,1
496.3931131362915,-1.93,1
497.8130142688751,-1.9,1
499.2287976741791,-1.9,1
500.5747272968292,-1.9,1
501.98279881477356,-1.9,1
503.32358717918396,-1.9,1
504.7310025691986,-1.86,1
506.08844685554504,-1.97,1
507.49342608451843,-1.86,1
508.9084610939026,-1.79,1
510.24915170669556,-1.97,1
511.6660985946655,-1.9,1
513.0826444625854,-1.83,1
514.4246757030487,-1.9,1
515.7707967758179,-1.97,1
517.1165902614594,-1.86,1
518.5210020542145,-1.9,1
519.8588263988495,-1.9,1
521.2155153751373,-1.9,1
522.6198356151581,-1.83,1
523.9656438827515,-1.97,1
525.3164896965027,-1.9,1
526.7181026935577,-1.9,1
528.1352279186249,-1.9,1
529.5538094043732,-1.86,1
530.9572677612305,-1.86,1
532.2974061965942,-1.9,1
533.6515107154846,-1.93,1
535.0676844120026,-1.83,1
536.4801802635193,-1.97,1
537.8821954727173,-1.93,1
539.3033146858215,-1.83,1
540.7084209918976,-1.86,1
542.119725227356,-1.79,1
543.4718947410583,-1.9,1
544.8795533180237,-1.93,1
546.3014793395996,-1.79,1
547.7033038139343,-1.79,1
549.1302337646484,-1.93,1
550.4715676307678,-1.83,1
551.8861801624298,-1.86,1
553.2285182476044,-1.79,1
554.6419191360474,-1.83,1
556.0488059520721,-1.83,1
