1.1124331951141357,6.03
2.31522274017334,6.03
3.5492444038391113,6.03
4.75770115852356,6.03
9.342610836029053,1.52
10.681556940078735,1.41
12.088278532028198,1.28
13.51347279548645,1.34
14.924892663955688,1.34
16.333750009536743,1.34
17.6859712600708,1.24
19.09550642967224,1.24
20.442952871322632,1.31
21.77738070487976,1.28
23.18867301940918,1.24
24.6017324924469,1.24
26.01326847076416,9.0
27.425509929656982,12.59
28.85095238685608,5.69
30.24860692024231,11.62
31.661134004592896,12.28
33.07856059074402,13.03
34.42195129394531,14.48
35.774975061416626,15.21
37.11333441734314,6.72
38.53006458282471,4.03
39.94291806221008,10.55
41.355921030044556,12.55
42.70024538040161,6.31
44.11164569854736,3.76
45.52784466743469,9.66
46.9268593788147,11.62
48.34375524520874,5.48
49.75537443161011,11.14
51.16982460021973,13.24
52.58849096298218,14.31
53.994311571121216,14.17
55.40873456001282,6.07
56.82179284095764,11.03
58.2347526550293,5.55
59.64878296852112,3.52
61.06199097633362,10.83
62.47837829589844,13.17
63.876312017440796,14.1
65.29740476608276,10.97
66.71002888679504,5.55
68.12382364273071,12.0
69.54155421257019,12.97
70.95428037643433,6.03
72.29177379608154,11.1
73.64112615585327,12.69
74.97516703605652,13.03
76.32343649864197,13.83
77.73715209960938,12.86
79.1512804031372,6.03
80.56630420684814,11.1
81.98115253448486,12.21
83.38212823867798,5.41
84.73339366912842,11.0
86.07116723060608,5.45
87.48340129852295,10.97
88.91003274917603,12.34
90.32090377807617,5.72
91.72274136543274,10.52
93.14788269996643,12.72
94.5532455444336,13.34
95.9634051322937,5.86
97.37208199501038,10.59
98.79765701293945,12.38
100.21139907836914,14.21
101.60972309112549,6.17
103.03149056434631,3.55
104.38167953491211,7.83
105.78123116493225,12.48
107.19832444190979,12.03
108.61137008666992,13.34
110.02701449394226,14.28
111.44263935089111,12.66
112.84635400772095,5.83
114.27147459983826,10.93
115.68217015266418,12.93
117.09535336494446,6.1
118.50464820861816,10.31
119.91704249382019,14.21
121.33007717132568,6.1
122.73767709732056,12.62
124.15042853355408,14.66
125.56011939048767,14.45
126.97310471534729,6.59
128.3987352848053,3.69
129.73085236549377,8.79
131.14155983924866,4.45
132.56907391548157,2.93
133.9661169052124,2.76
135.38047647476196,10.48
136.792298078537,5.17
138.20343232154846,11.52
139.62798953056335,13.07
141.03834176063538,6.07
142.4492003917694,10.72
143.8687608242035,5.07
145.28256940841675,10.24
146.69576835632324,5.24
148.09418106079102,10.52
149.5098967552185,13.21
150.92376852035522,6.28
152.3376579284668,3.76
153.75500297546387,3.38
155.16890168190002,10.76
156.58020997047424,11.93
157.98723220825195,5.66
159.39964175224304,9.24
160.74996662139893,12.59
162.1580138206482,6.03
163.56951236724854,9.79
164.97902488708496,11.14
166.3308298587799,5.97
167.74049401283264,3.59
169.08982181549072,10.93
170.49371671676636,13.28
171.84412503242493,12.83
173.19034051895142,5.76
174.53829050064087,11.76
175.87563228607178,5.62
177.2255356311798,3.72
178.6365146636963,11.17
180.0525197982788,13.0
181.46296525001526,5.93
182.87637972831726,3.66
184.2911024093628,2.76
185.70382452011108,11.48
187.11345887184143,5.55
188.5182340145111,8.97
189.9316074848175,5.03
191.3448576927185,3.34
192.7576560974121,9.76
194.1080024242401,12.34
195.51782059669495,5.69
196.92760562896729,3.66
198.34024024009705,12.0
199.75239276885986,13.76
201.16663646697998,6.1
202.5762495994568,11.79
203.98962593078613,5.45
205.3392255306244,11.45
206.7475266456604,13.66
208.09695196151733,6.24
209.50795936584473,10.59
210.8559741973877,11.17
212.26700568199158,5.38
213.67786145210266,3.72
215.09158420562744,9.97
216.4402904510498,12.62
217.84969282150269,6.0
219.26003575325012,3.97
220.67128229141235,10.66
222.08768153190613,12.86
223.49251890182495,14.07
224.90414667129517,6.41
226.31600522994995,11.76
227.73197174072266,6.28
229.15494799613953,11.45
230.5666627883911,14.17
231.97962427139282,6.17
233.38956594467163,12.45
234.80062747001648,13.9
236.2122597694397,12.17
237.63098406791687,5.79
239.03977227210999,3.62
240.45099997520447,2.9
241.86008524894714,2.66
243.271413564682,10.62
244.68197536468506,13.21
246.10779333114624,14.72
247.5155313014984,15.41
248.93121027946472,14.24
250.34540247917175,15.48
251.7538619041443,14.55
253.16764283180237,6.48
254.57851386070251,10.31
255.99058389663696,13.9
257.39986276626587,12.93
258.82350611686707,5.66
260.2322201728821,11.48
261.64491295814514,5.55
263.0577304363251,11.93
264.4678111076355,12.24
265.87797451019287,6.17
273.17159509658813,1.34
274.5084195137024,1.24
275.8242905139923,1.21
277.13809514045715,1.17
278.45386028289795,1.14
279.7709450721741,1.1
281.1195628643036,1.14
282.45061922073364,1.03
287.0329923629761,1.07
288.44483852386475,1.07
289.87019419670105,1.1
291.2803068161011,1.21
292.6930105686188,1.0
294.10902762413025,1.07
295.52040696144104,9.69
296.93305492401123,14.59
298.3397364616394,16.1
299.754182100296,16.55
301.1641607284546,18.31
302.57865357398987,19.72
303.98325300216675,19.55
305.4077880382538,19.34
306.818838596344,18.97
308.2324607372284,18.93
309.64671874046326,18.97
311.06001806259155,20.21
312.47270035743713,19.9
313.8723120689392,19.55
315.28583812713623,19.21
316.69775772094727,18.93
318.11694288253784,18.83
319.52730321884155,20.03
320.93881368637085,19.83
322.35173892974854,19.52
323.7627012729645,19.21
325.1770544052124,18.86
326.5888202190399,19.9
328.0128228664398,19.59
329.347291469574,19.31
330.75737023353577,20.24
332.1682298183441,20.28
333.58360481262207,9.93
334.99889373779297,4.21
336.408251285553,6.07
337.8222668170929,7.66
339.23459100723267,11.52
340.6502573490143,12.48
342.06075167655945,14.66
343.40254616737366,15.07
344.8164222240448,16.0
346.2302680015564,28.24
347.6423306465149,31.86
349.06890988349915,29.38
350.46801924705505,30.38
351.8921914100647,28.66
353.30482053756714,27.38
354.6395421028137,26.69
356.05812430381775,24.83
357.40110540390015,24.03
358.80485439300537,23.69
360.2325658798218,23.41
361.6307182312012,21.83
363.05967378616333,21.86
364.4728469848633,21.1
365.8841083049774,21.1
367.2932107448578,21.17
368.70169615745544,20.66
370.05077743530273,20.69
371.4622995853424,20.31
372.8678894042969,19.48
