1.1063225269317627,-1.55
2.308480978012085,-1.55
3.536005973815918,-1.52
4.7370922565460205,-1.59
9.316042423248291,26.07
10.6604745388031,31.07
12.004268646240234,36.14
13.415926694869995,41.14
14.827967166900635,46.1
16.24274230003357,50.86
17.57537341117859,54.17
18.923637866973877,57.69
20.335214614868164,61.28
21.686755657196045,64.34
23.022088050842285,67.34
24.37209463119507,70.24
25.779061555862427,73.1
27.191394805908203,75.93
28.605535984039307,79.0
30.017186164855957,81.07
31.418357133865356,83.21
32.76984167098999,85.45
34.11883354187012,87.48
35.454010009765625,89.48
36.802520751953125,91.21
38.20258188247681,92.83
39.613993644714355,94.45
40.96125364303589,96.14
42.37246012687683,97.28
43.72160196304321,98.62
45.13535737991333,99.86
46.47088980674744,101.1
47.88242721557617,102.0
49.23097205162048,103.17
50.64332842826843,104.03
52.05592679977417,104.97
53.46700668334961,105.66
54.877827882766724,106.55
56.21173453330994,107.31
57.56152582168579,107.93
58.97649145126343,108.55
60.31212043762207,109.0
61.73141598701477,109.72
63.067936182022095,110.03
64.4783205986023,110.72
65.82816290855408,111.1
67.175621509552,111.28
68.51431822776794,111.62
69.9253625869751,112.24
71.33765888214111,112.34
72.67416167259216,113.0
74.02548313140869,113.21
75.35976839065552,113.28
76.7146635055542,113.76
78.04933333396912,113.83
79.39696168899536,114.1
80.73346138000488,114.55
82.15194439888,114.72
83.56076765060425,114.86
84.90917944908142,114.79
86.31380319595337,115.1
87.66377210617065,115.62
89.07634115219116,115.34
90.40992593765259,115.72
91.82417893409729,115.83
93.17308378219604,116.1
94.51012563705444,116.17
95.92728543281555,116.41
97.32982778549194,116.38
98.7470850944519,116.66
100.15088891983032,116.79
101.56541275978088,116.69
102.97774887084961,116.83
104.3914430141449,117.1
105.81170797348022,116.83
107.14532446861267,117.24
108.55725479125977,117.21
109.97114682197571,117.07
111.31432867050171,117.14
112.72598004341125,117.52
114.13880038261414,117.41
115.48972964286804,117.31
116.90264558792114,117.79
118.30107760429382,117.48
119.71436333656311,117.66
121.13674306869507,117.69
122.53338837623596,117.69
123.94463086128235,117.72
125.35717034339905,118.0
126.77084732055664,117.97
128.18164587020874,118.0
129.59190583229065,118.07
130.93852877616882,117.9
132.29095363616943,118.1
133.70099806785583,117.9
135.11097121238708,117.83
136.52054595947266,117.86
137.86859679222107,118.03
139.277818441391,118.17
140.61305356025696,118.0
142.02411675453186,118.21
143.43841576576233,118.1
144.85370874404907,118.21
146.26655983924866,118.31
147.6782124042511,118.17
149.09319758415222,118.38
150.50344133377075,118.41
157.80782890319824,-2.34
159.12416863441467,-2.07
160.4545156955719,-2.0
161.75179648399353,-1.9
163.0681667327881,-1.86
164.36910915374756,-1.93
165.65749382972717,-1.83
166.963529586792,-1.9
171.5523545742035,27.21
172.9642517566681,32.14
174.2981677055359,37.41
175.72558403015137,42.66
177.05849409103394,47.21
178.47669959068298,52.03
179.82522225379944,55.72
181.16011667251587,59.07
182.50945019721985,62.48
183.85783576965332,65.76
185.19167256355286,69.24
186.60150718688965,72.14
187.94978642463684,74.83
189.3001947402954,77.48
190.6335666179657,80.31
191.9875133037567,82.41
193.32075905799866,84.66
194.7357838153839,86.93
196.15114164352417,89.07
197.55016160011292,91.28
198.9007213115692,92.76
200.31378984451294,94.1
201.6477165222168,95.34
202.99791622161865,96.0
204.3481593132019,95.14
205.68172693252563,94.17
207.0243628025055,92.97
214.34197616577148,-2.03
215.64392042160034,-1.97
216.96055388450623,-1.76
218.26478672027588,-1.72
219.57240962982178,-1.79
220.874609708786,-1.76
222.19543981552124,-1.76
223.54429984092712,-1.62
