1.1080021858215332,-1.69,0
2.3468735218048096,-1.79,0
3.5597996711730957,-1.72,0
4.765832901000977,-1.69,0
9.348937749862671,24.03,1
10.761157989501953,33.28,1
12.175198554992676,42.9,1
13.588348388671875,52.1,1
15.001295328140259,59.83,1
16.414473056793213,67.14,1
17.75804328918457,74.9,1
19.169549465179443,81.86,1
20.513195753097534,87.69,1
21.92359733581543,94.28,1
23.33477520942688,100.21,1
24.745525121688843,105.9,1
26.159332513809204,113.24,1
27.567985773086548,118.17,1
28.980664491653442,123.41,1
30.39236545562744,127.97,1
31.805933237075806,132.93,1
33.21719765663147,137.28,1
34.62898230552673,141.34,1
36.04120206832886,145.0,1
37.452131509780884,147.21,1
38.79603576660156,148.14,1
40.20857048034668,148.41,1
41.62034320831299,147.83,1
43.032623052597046,146.31,1
44.444983959198,144.62,1
45.85679793357849,141.86,1
47.26774978637695,138.86,1
48.67896318435669,135.55,1
50.09025573730469,131.34,1
51.500635385513306,127.03,1
52.912081241607666,122.45,1
54.32304000854492,117.86,1
55.73616886138916,112.83,1
57.14858388900757,108.0,1
58.56089448928833,102.97,1
59.97243905067444,97.97,1
61.38451790809631,92.93,1
62.79647421836853,88.24,1
64.20793890953064,83.31,1
65.61859369277954,79.03,1
66.96265077590942,74.9,1
68.37533926963806,71.0,1
69.78618311882019,67.28,1
71.19926381111145,63.86,1
72.61037731170654,60.59,1
74.02195477485657,57.52,1
75.43342089653015,54.62,1
76.84424304962158,51.55,1
78.25529503822327,49.69,1
79.6672043800354,46.34,1
81.07938146591187,44.52,1
82.49130749702454,43.31,1
83.90338182449341,42.0,1
85.31544041633606,40.93,1
86.72747611999512,40.07,1
88.14011836051941,39.41,1
89.55110812187195,39.03,1
90.96244978904724,38.93,1
92.3732385635376,38.69,1
93.7838077545166,39.0,1
95.19587254524231,39.14,1
96.60693669319153,39.52,1
98.01919674873352,40.1,1
99.43105816841125,40.72,1
100.84303402900696,41.62,1
102.25518608093262,42.45,1
103.667236328125,43.21,1
105.08004665374756,44.1,1
106.49036860466003,45.38,1
107.90174794197083,46.62,1
109.31352281570435,47.76,1
110.72376155853271,48.86,1
112.13598704338074,50.31,1
113.54681611061096,51.34,1
114.95920515060425,52.48,1
116.37089252471924,53.97,1
117.78323268890381,54.93,1
119.19514298439026,56.0,1
120.60770320892334,56.86,1
122.0193440914154,58.21,1
123.43070578575134,59.38,1
124.84308218955994,60.24,1
126.25313520431519,61.31,1
127.66427206993103,61.9,1
129.07567524909973,62.45,1
130.48637104034424,63.41,1
131.8984570503235,63.76,1
133.31049394607544,64.31,1
134.7232973575592,65.0,1
136.1356816291809,65.21,1
137.54697060585022,65.69,1
138.9592695236206,65.86,1
140.37143445014954,66.03,1
141.78116750717163,66.14,1
143.1929371356964,66.21,1
144.60360598564148,66.24,1
146.01591515541077,66.1,1
147.42611956596375,65.93,1
148.83818435668945,65.93,1
150.25024271011353,65.79,1
151.66238236427307,65.79,1
153.07452917099,65.62,1
154.48712635040283,65.45,1
155.8995704650879,65.1,1
157.31054735183716,65.03,1
158.72161507606506,64.69,1
160.13255953788757,64.14,1
161.54424118995667,63.93,1
162.95479011535645,63.55,1
164.36595559120178,63.1,1
165.77791380882263,62.55,1
167.1899790763855,62.28,1
168.60203170776367,62.07,1
170.0152473449707,61.72,1
171.4270465373993,61.48,1
172.83923721313477,61.21,1
174.25028014183044,60.83,1
175.6618869304657,60.66,1
177.0730757713318,60.38,1
178.4834656715393,60.14,1
179.89526796340942,59.86,1
181.30572938919067,59.79,1
182.7180037498474,59.55,1
184.06184840202332,58.9,1
185.4734935760498,58.9,1
186.88397979736328,58.72,1
188.29488563537598,58.55,1
189.70593333244324,58.62,1
191.117595911026,58.55,1
192.52955961227417,58.45,1
193.94160509109497,58.59,1
195.3537666797638,58.28,1
196.76661372184753,58.41,1
198.17832565307617,58.41,1
199.52038168907166,58.38,1
200.93185758590698,58.59,1
202.34351754188538,58.48,1
203.7555491924286,58.41,1
205.16924023628235,58.14,1
206.58066868782043,58.41,1
207.99273252487183,58.28,1
209.40465569496155,58.45,1
210.81692361831665,58.45,1
212.2269148826599,58.59,1
219.54784870147705,-1.62,0
220.8558394908905,-1.45,0
222.17404460906982,-1.52,0
223.48707723617554,-1.52,0
224.8416132926941,-1.48,0
226.1580491065979,-1.45,0
227.47164964675903,-1.38,0
228.78469562530518,-1.52,0
233.3685657978058,-4.79,1
234.78068494796753,6.17,1
236.19348812103271,16.07,1
237.60606813430786,21.55,1
239.01989722251892,26.86,1
240.43126368522644,31.9,1
241.8429310321808,35.1,1
243.2552969455719,39.03,1
244.66843962669373,40.69,1
246.08115124702454,42.59,1
247.4945728778839,45.07,1
248.90649557113647,47.66,1
250.31867122650146,48.14,1
251.73046469688416,49.21,1
253.14191389083862,50.34,1
254.55399751663208,51.59,1
255.96469521522522,52.66,1
257.37647342681885,54.17,1
258.78806710243225,55.28,1
260.19899582862854,55.21,1
261.6119260787964,56.41,1
263.0231053829193,56.31,1
264.4348404407501,57.72,1
265.84753036499023,57.41,1
267.25928831100464,57.34,1
268.6713364124298,58.83,1
270.08297395706177,58.66,1
271.49297165870667,58.59,1
272.90506982803345,58.38,1
274.317409992218,58.31,1
275.7281415462494,58.21,1
277.1387073993683,58.83,1
278.55081605911255,59.93,1
279.96293354034424,59.66,1
281.3749179840088,59.76,1
282.78751611709595,59.66,1
284.1990728378296,59.66,1
285.6112153530121,59.79,1
287.02287554740906,60.0,1
288.4338080883026,59.69,1
289.845894575119,59.83,1
291.2557592391968,59.93,1
292.6673767566681,59.86,1
294.078444480896,59.55,1
295.49050760269165,59.66,1
296.90301036834717,59.66,1
298.31469082832336,59.48,1
299.7269389629364,59.66,1
301.13884806632996,59.72,1
302.55112648010254,59.52,1
303.9633688926697,59.52,1
305.373575925827,59.59,1
306.7844967842102,59.62,1
308.1960196495056,59.62,1
309.6071639060974,61.14,1
311.018789768219,61.03,1
312.4311521053314,60.72,1
313.8424677848816,60.21,1
315.25434017181396,60.34,1
316.6671664714813,60.38,1
318.07908153533936,60.34,1
319.4918849468231,60.48,1
320.90297389030457,60.38,1
322.313679933548,60.28,1
323.7247197628021,60.55,1
325.13620114326477,60.55,1
326.4794602394104,60.52,1
327.89086413383484,60.55,1
329.3040955066681,60.45,1
330.7150228023529,60.45,1
332.1265504360199,60.45,1
333.53874921798706,60.28,1
334.9479823112488,59.86,1
336.3600523471832,60.38,1
337.7711203098297,59.72,1
339.18246841430664,59.97,1
340.5941336154938,59.93,1
342.00635266304016,59.93,1
343.4185709953308,59.9,1
344.83226919174194,59.76,1
346.24369287490845,59.93,1
347.65525364875793,59.93,1
349.0651550292969,59.72,1
350.4772946834564,59.76,1
351.88792419433594,59.76,1
353.29903173446655,59.79,1
354.64334177970886,59.83,1
356.05511355400085,59.83,1
357.4671094417572,59.66,1
358.8782410621643,59.38,1
360.2897171974182,59.17,1
361.7000048160553,59.34,1
363.11142230033875,59.41,1
364.5227298736572,59.34,1
371.8341281414032,-1.93,0
373.1758542060852,-1.79,0
374.4910101890564,-1.76,0
375.79894852638245,-1.79,0
377.1139702796936,-1.93,0
378.4275975227356,-1.86,0
379.7424011230469,-1.93,0
381.05528926849365,-1.9,0
385.68603920936584,-5.45,1
387.0994522571564,8.14,1
388.51349997520447,17.59,1
389.9262857437134,22.21,1
391.3414058685303,27.0,1
392.7531864643097,32.07,1
394.1647551059723,35.41,1
395.5768129825592,39.24,1
396.98989844322205,40.76,1
398.4010064601898,42.86,1
399.8119921684265,45.38,1
401.22568011283875,47.17,1
402.6371121406555,48.0,1
404.0492000579834,49.41,1
405.4612910747528,51.76,1
406.8754143714905,52.86,1
408.28536796569824,54.28,1
409.69662618637085,53.48,1
411.1069407463074,54.59,1
412.5192394256592,56.07,1
413.93005108833313,55.59,1
415.3414957523346,57.28,1
416.75373220443726,56.93,1
418.1656656265259,56.9,1
419.57813811302185,57.14,1
420.9897654056549,58.21,1
422.4018886089325,58.03,1
423.8140368461609,57.83,1
425.22542452812195,58.03,1
426.6364963054657,59.55,1
428.0479955673218,59.48,1
429.46051001548767,59.55,1
430.8703405857086,58.9,1
432.28140330314636,59.0,1
433.69279503822327,59.14,1
435.1055631637573,60.76,1
436.51851511001587,60.55,1
437.93007135391235,60.14,1
439.341632604599,60.48,1
440.7537486553192,60.34,1
442.1651301383972,60.17,1
443.5759844779968,59.79,1
444.98695063591003,59.76,1
446.39882159233093,59.66,1
447.8104281425476,60.52,1
449.22090911865234,60.31,1
450.633526802063,60.14,1
452.04557275772095,60.34,1
453.45817017555237,60.31,1
454.8697075843811,60.17,1
456.2815525531769,60.31,1
457.694420337677,60.07,1
459.1051335334778,60.0,1
460.51598286628723,60.52,1
461.92703104019165,60.34,1
463.3392696380615,60.59,1
464.7498004436493,60.48,1
466.16157960891724,59.72,1
467.573086977005,59.66,1
468.9855258464813,59.45,1
470.3976483345032,59.24,1
471.8097927570343,60.41,1
473.22116780281067,60.24,1
474.63252902030945,60.14,1
476.0453186035156,60.21,1
477.4560875892639,60.14,1
478.86743569374084,60.07,1
480.27938866615295,59.86,1
481.6900906562805,60.14,1
483.1006078720093,60.07,1
484.5125541687012,59.93,1
485.92471385002136,60.03,1
487.33677911758423,60.07,1
488.74883675575256,60.0,1
490.1606686115265,60.28,1
491.5747244358063,59.97,1
492.98538541793823,60.28,1
494.39595437049866,60.03,1
495.8071594238281,60.28,1
497.21822214126587,60.31,1
498.6295623779297,60.24,1
500.04032707214355,60.17,1
501.453085899353,59.93,1
502.86442613601685,60.03,1
504.2765054702759,60.24,1
505.6878890991211,60.31,1
507.10173654556274,60.31,1
508.51381254196167,60.24,1
509.92474937438965,60.24,1
511.3360044956207,60.21,1
512.7469339370728,60.0,1
514.1584062576294,60.0,1
515.5689752101898,59.72,1
516.9809391498566,59.76,1
524.3023710250854,-2.0,0
525.621016740799,-1.97,0
526.93749833107,-2.07,0
528.2585396766663,-2.0,0
529.5745995044708,-1.93,0
530.887416601181,-1.97,0
532.2507317066193,-1.97,0
533.5667698383331,-1.9,0
538.1610918045044,23.41,1
539.5737957954407,32.59,1
540.9860148429871,42.34,1
542.3980596065521,51.48,1
543.8088295459747,58.59,1
545.2198078632355,66.9,1
546.6310889720917,74.1,1
548.041601896286,80.55,1
549.4534401893616,86.48,1
550.8665790557861,92.66,1
552.2785732746124,98.62,1
553.6913230419159,104.24,1
555.1032395362854,109.59,1
556.5145280361176,114.66,1
557.9257416725159,119.28,1
559.3368852138519,124.1,1
560.7480108737946,128.52,1
562.159633398056,132.66,1
563.5704717636108,136.79,1
564.9818999767303,140.31,1
566.3942663669586,142.9,1
567.8053212165833,143.93,1
569.2184491157532,144.48,1
570.6303427219391,145.07,1
572.0425958633423,143.72,1
573.4538216590881,141.86,1
574.8657898902893,140.07,1
576.276983499527,136.83,1
577.6876471042633,133.76,1
579.0985858440399,130.07,1
580.5097026824951,126.07,1
581.9218769073486,122.17,1
583.334335565567,117.55,1
584.7468121051788,113.55,1
586.1585817337036,108.07,1
587.5707025527954,103.59,1
588.9824194908142,99.03,1
590.3940536975861,94.41,1
591.8052136898041,90.0,1
593.2163560390472,85.38,1
594.6273431777954,81.0,1
596.0381598472595,76.21,1
597.4495871067047,72.31,1
598.8615720272064,68.48,1
600.2736427783966,65.0,1
601.6854996681213,61.72,1
603.0976564884186,58.52,1
604.509806394577,55.45,1
605.9223647117615,52.97,1
607.3344855308533,50.38,1
608.7450134754181,48.55,1
610.1568057537079,46.45,1
611.5671188831329,44.41,1
612.9796249866486,41.69,1
614.390252828598,40.86,1
615.8020389080048,40.14,1
623.11057472229,-1.66,0
624.4296848773956,-1.52,0
625.794730424881,-1.52,0
627.119779586792,-1.55,0
628.4428577423096,-1.48,0
629.7645907402039,-1.52,0
631.089959859848,-1.59,0
632.4069757461548,-1.48,0
633.6300806999207,-1.66,0
634.8800330162048,-1.48,0
636.0985455513,-1.52,0
637.326165676117,-1.66,0
638.5402913093567,-1.55,0
639.7583472728729,-1.59,0
640.9661674499512,-1.55,0
642.1793835163116,-1.55,0
643.3899774551392,-1.55,0
644.6373515129089,-1.59,0
646.0896537303925,-1.66,0
646.3916201591492,-1.66,0
646.7179265022278,-1.62,0
647.0304715633392,-1.62,0
647.3512437343597,-1.69,0
647.6621305942535,-1.59,0
647.9723892211914,-1.66,0
