1.1092102527618408,-1.9,0
2.3548333644866943,-1.9,0
3.5668699741363525,-2.0,0
4.77017617225647,-1.86,0
9.350770711898804,-2.07,1
10.770707130432129,-2.66,1
12.18345856666565,-2.24,1
13.596431016921997,-1.97,1
15.000968933105469,-1.9,1
16.423484325408936,-1.93,1
17.83664345741272,-1.93,1
19.236773252487183,-1.62,1
20.660911798477173,-1.28,1
22.066773653030396,-0.93,1
23.48520302772522,-1.17,1
24.892953872680664,-1.76,1
26.30017900466919,-1.31,1
27.724767923355103,-1.34,1
29.13506507873535,-1.03,1
30.536890029907227,-1.28,1
31.962884664535522,1.03,1
33.36859440803528,0.31,1
34.78466081619263,2.1,1
36.18816542625427,3.03,1
37.5439076423645,3.03,1
38.9569616317749,4.72,1
40.30087399482727,7.34,1
41.71442723274231,7.59,1
43.12609004974365,6.93,1
44.53718066215515,7.28,1
45.95403528213501,7.48,1
47.285973072052,6.24,1
48.70478916168213,3.38,1
50.125096797943115,8.14,1
51.538193702697754,6.97,1
52.95169925689697,5.21,1
54.36317753791809,5.17,1
55.76724171638489,5.21,1
57.18731427192688,5.34,1
58.5851469039917,5.86,1
60.00417160987854,5.24,1
61.4253933429718,5.55,1
62.835567474365234,6.07,1
64.25091409683228,6.31,1
65.58561897277832,6.07,1
67.00245118141174,5.55,1
68.41994857788086,5.28,1
69.83432078361511,4.07,1
71.24659657478333,5.97,1
72.65962815284729,5.76,1
74.07265853881836,5.76,1
75.4843180179596,5.45,1
76.89684081077576,5.79,1
78.3055989742279,5.24,1
79.7216944694519,5.9,1
81.13556003570557,6.1,1
82.53796029090881,5.34,1
83.95133590698242,5.07,1
85.30357789993286,5.28,1
86.7047655582428,4.34,1
88.12109994888306,4.52,1
89.54195952415466,4.34,1
90.95511436462402,4.41,1
92.29802393913269,4.28,1
93.70507550239563,4.24,1
95.12044835090637,5.52,1
96.5357825756073,4.9,1
97.94811725616455,6.86,1
99.36138010025024,5.76,1
100.77476119995117,4.21,1
102.18584275245667,4.52,1
103.58754205703735,4.69,1
105.00393867492676,5.72,1
106.41877961158752,6.1,1
107.83725714683533,4.24,1
109.25035953521729,4.86,1
110.6624071598053,5.62,1
112.06820940971375,5.62,1
113.48845291137695,5.83,1
114.90205526351929,6.0,1
116.3141438961029,5.48,1
117.72142934799194,5.07,1
119.13585925102234,6.38,1
120.53813791275024,4.97,1
127.85887956619263,-1.72,0
129.17001223564148,-1.76,0
130.52678656578064,-1.79,0
131.8386266231537,-1.79,0
133.1554684638977,-1.83,0
134.46963953971863,-1.93,0
135.77099227905273,-1.9,0
137.08722591400146,-1.76,0
141.68572187423706,-1.93,1
143.0893976688385,-2.72,1
144.50310897827148,-2.34,1
145.92230939865112,-1.93,1
147.3368399143219,-1.59,1
148.73797512054443,-1.31,1
150.08735060691833,-1.1,1
151.50622248649597,0.34,1
152.92059659957886,1.41,1
154.31983137130737,1.72,1
155.74530673027039,1.79,1
157.15733289718628,2.31,1
158.5696349143982,3.24,1
159.97067618370056,4.28,1
161.32038831710815,4.69,1
162.74002122879028,5.55,1
164.0706226825714,5.79,1
165.4866428375244,7.0,1
166.9063687324524,7.45,1
168.32096457481384,7.45,1
169.6665952205658,8.34,1
171.01159405708313,8.62,1
172.35449123382568,8.72,1
173.69956612586975,8.38,1
175.04182028770447,8.59,1
176.38702034950256,8.72,1
177.7879478931427,8.59,1
179.2071053981781,8.66,1
180.55709218978882,9.59,1
181.97120666503906,9.9,1
183.31386637687683,10.0,1
184.72339248657227,9.79,1
186.07106471061707,9.66,1
187.4839403629303,9.72,1
188.8220248222351,9.41,1
190.24100518226624,9.45,1
191.57149171829224,9.9,1
192.98899364471436,9.86,1
194.4067313671112,9.86,1
195.80852556228638,9.97,1
197.2228720188141,9.79,1
198.64030480384827,10.17,1
200.06119990348816,10.07,1
201.47439336776733,10.03,1
202.8853244781494,10.14,1
204.28986859321594,9.66,1
205.70625615119934,9.55,1
207.1234793663025,10.28,1
208.52420020103455,9.69,1
209.948392868042,9.62,1
211.36211848258972,10.0,1
212.775456905365,10.0,1
214.1736569404602,9.83,1
215.60149502754211,10.17,1
217.0101819038391,10.17,1
218.42294335365295,10.17,1
219.83761882781982,10.34,1
221.24962782859802,9.97,1
222.65778493881226,10.03,1
224.0748245716095,10.17,1
225.48854231834412,10.17,1
226.90274095535278,9.97,1
228.30736589431763,9.9,1
229.72352266311646,9.93,1
231.14038705825806,9.72,1
232.54007863998413,9.48,1
233.88881969451904,10.55,1
235.30991077423096,10.14,1
236.72216844558716,10.62,1
238.1349561214447,10.17,1
239.54699778556824,10.72,1
246.86562490463257,-1.66,0
248.21417474746704,-1.72,0
249.5234661102295,-1.76,0
250.83920001983643,-1.76,0
252.1409933567047,-1.79,0
253.4611110687256,-1.86,0
254.7746434211731,-1.83,0
256.08842611312866,-1.86,0
260.73642921447754,-1.79,1
262.07690715789795,-3.24,1
263.4927306175232,-1.86,1
264.90540313720703,-1.76,1
266.3079092502594,-0.86,1
267.7270655632019,0.83,1
269.14457726478577,1.45,1
270.55754113197327,1.79,1
271.969669342041,4.1,1
273.3081648349762,5.34,1
274.72781682014465,6.34,1
276.14078068733215,7.03,1
277.55443263053894,8.38,1
278.96547174453735,9.45,1
280.3759832382202,10.24,1
281.7910842895508,10.66,1
283.2028810977936,11.14,1
284.61554479599,11.86,1
286.0280351638794,11.66,1
287.44086146354675,11.69,1
288.8436405658722,13.07,1
290.26702427864075,13.14,1
291.6807677745819,13.48,1
293.09300470352173,13.38,1
294.50455832481384,14.28,1
295.9171333312988,14.69,1
297.3291714191437,14.76,1
298.73980951309204,15.28,1
300.1558840274811,15.59,1
301.56825280189514,17.0,1
302.98128604888916,17.31,1
304.39593267440796,17.41,1
305.8073585033417,15.97,1
307.21937823295593,18.0,1
308.63139295578003,16.86,1
310.04358768463135,14.55,1
311.457049369812,14.69,1
312.86995673179626,14.79,1
314.28250908851624,17.41,1
315.6951825618744,17.76,1
317.1095459461212,16.31,1
318.50823855400085,15.21,1
319.8569555282593,17.34,1
321.20815110206604,17.21,1
322.55365443229675,17.14,1
323.89093685150146,17.07,1
325.24103927612305,16.0,1
326.6433756351471,15.86,1
328.0680658817291,15.83,1
329.41181445121765,15.97,1
330.8241603374481,15.93,1
332.1691393852234,15.48,1
333.51188588142395,15.38,1
334.84285259246826,15.59,1
336.1998884677887,15.55,1
337.6129620075226,15.55,1
338.9566447734833,15.62,1
340.2901635169983,15.59,1
341.71404933929443,15.48,1
343.05849957466125,15.45,1
344.4701156616211,15.41,1
345.8150975704193,15.38,1
347.15779304504395,14.45,1
348.55856943130493,14.55,1
349.91576409339905,14.45,1
357.21335673332214,-1.34,0
358.50873279571533,-1.41,0
359.80987906455994,-1.55,0
361.1251199245453,-1.62,0
362.4388496875763,-1.52,0
363.74756693840027,-1.62,0
365.08567357063293,-1.66,0
366.3922350406647,-1.66,0
370.9591405391693,262.34,1
372.31271052360535,251.9,1
373.65587186813354,244.76,1
374.99974966049194,244.1,1
376.34189558029175,242.34,1
377.6857933998108,230.34,1
384.98195242881775,-2.0,0
386.3308925628662,-2.03,0
387.6262483596802,-2.0,0
388.9443597793579,-1.97,0
390.24255108833313,-2.0,0
391.5657784938812,-2.0,0
392.8746192455292,-2.0,0
394.17559814453125,-2.03,0
398.7753221988678,-0.66,1
400.1952464580536,-1.97,1
401.52759528160095,-1.45,1
402.8832995891571,0.38,1
404.29532837867737,2.03,1
405.708899974823,4.59,1
407.05340218544006,7.28,1
408.39235854148865,11.59,1
409.8114399909973,13.79,1
411.1445314884186,16.52,1
412.56649565696716,18.69,1
413.91225004196167,20.14,1
415.3252055644989,20.14,1
416.6692011356354,24.34,1
418.076655626297,24.14,1
419.4943468570709,23.72,1
420.9066677093506,23.66,1
422.3197331428528,23.38,1
423.662305355072,17.9,1
424.9931824207306,12.66,1
426.4090278148651,10.1,1
427.7649176120758,8.76,1
429.1777422428131,7.86,1
430.51146125793457,7.24,1
431.92865562438965,6.62,1
433.27678751945496,6.52,1
434.6924395561218,7.1,1
436.03595995903015,5.93,1
437.44321060180664,6.66,1
438.7921607494354,6.34,1
440.1283965110779,5.97,1
441.54397320747375,5.9,1
442.96216082572937,142.07,1
444.3051402568817,75.1,1
445.64558005332947,61.52,1
446.9928159713745,55.79,1
448.3372058868408,50.14,1
449.7502431869507,43.62,1
451.16329979896545,40.66,1
452.5754163265228,40.21,1
453.9851486682892,37.0,1
455.39626574516296,35.38,1
456.8116981983185,32.17,1
458.223379611969,32.21,1
459.63542652130127,30.55,1
461.0461971759796,28.9,1
462.4456470012665,28.93,1
463.87052631378174,27.07,1
465.28356099128723,27.24,1
466.6967043876648,27.34,1
468.1095473766327,27.21,1
469.5125584602356,25.24,1
470.931054353714,26.24,1
472.3468313217163,25.28,1
473.75934076309204,25.34,1
475.17204451560974,25.21,1
476.5852246284485,25.24,1
477.9294066429138,25.21,1
479.3295171260834,25.17,1
480.75287556648254,25.14,1
482.16490864753723,25.03,1
483.5775771141052,25.0,1
484.97961354255676,24.93,1
486.3965973854065,24.86,1
487.81415581703186,24.83,1
495.1161549091339,-1.55,0
496.43118238449097,-1.48,0
497.7324843406677,-1.45,0
499.0456237792969,-1.62,0
500.4022550582886,-1.66,0
501.7133185863495,-1.59,0
503.0304136276245,-1.62,0
504.34070444107056,-1.72,0
508.93031191825867,241.86,1
510.3469092845917,238.14,1
511.7635540962219,237.1,1
513.1745297908783,238.14,1
514.5800459384918,237.14,1
515.9946393966675,206.17,1
517.4076154232025,175.14,1
518.8143281936646,151.03,1
520.2305092811584,127.9,1
527.5300738811493,-2.0,0
528.8482766151428,-1.93,0
530.2028756141663,-1.97,0
531.5138533115387,-1.9,0
532.8306021690369,-1.83,0
534.1291627883911,-1.9,0
535.4561071395874,-1.93,0
536.7659502029419,-1.83,0
541.3751018047333,242.93,1
542.7787923812866,239.28,1
544.1967575550079,238.24,1
545.5972168445587,-27.59,1
547.0145614147186,-2.62,1
548.4312355518341,-3.03,1
549.8461332321167,-2.07,1
551.2583012580872,292.0,1
552.6703205108643,278.79,1
554.0793273448944,281.93,1
555.495020866394,279.59,1
556.8383359909058,287.03,1
558.2504255771637,267.83,1
559.6622269153595,259.97,1
561.0744857788086,203.0,1
562.4122149944305,233.34,1
563.8140513896942,304.66,1
565.2292337417603,303.1,1
566.650933265686,302.93,1
568.06401014328,301.45,1
569.4756648540497,301.9,1
570.8876206874847,296.1,1
572.2977476119995,296.38,1
573.7117629051208,292.79,1
575.1227767467499,294.34,1
576.5339331626892,295.31,1
577.9457149505615,294.45,1
579.3557906150818,292.48,1
