3.1057159900665283,-1.86
6.360512971878052,-1.83
9.585745573043823,-1.83
12.801585674285889,-1.79
17.809720516204834,1.69
21.289823293685913,1.66
24.8396954536438,1.66
28.37525701522827,1.66
31.93713068962097,1.66
35.483887910842896,1.66
39.03215503692627,1.66
42.575406551361084,1.59
46.137807846069336,1.66
49.67365598678589,1.52
53.23304486274719,1.72
56.7139458656311,1.59
60.253270387649536,1.66
63.80481696128845,1.66
67.35083675384521,1.62
70.83769202232361,1.59
74.3929545879364,1.59
77.86931347846985,1.59
81.41883873939514,1.55
84.95923852920532,1.55
88.51236128807068,1.52
92.06245565414429,1.59
95.62362766265869,1.55
99.16677761077881,1.48
102.7122950553894,1.59
106.27021098136902,1.66
109.82232546806335,1.52
113.36519265174866,1.66
116.91295886039734,1.55
120.46126937866211,1.55
124.01654171943665,1.59
127.5641086101532,1.62
131.12257313728333,1.62
134.6573715209961,1.55
138.22029972076416,1.59
141.76121878623962,1.55
145.31854391098022,1.59
148.8703978061676,1.59
152.42017602920532,1.55
155.96091318130493,1.59
159.51138639450073,1.59
163.06926321983337,1.62
166.6219093799591,1.52
170.16580271720886,1.52
173.64490342140198,1.55
177.1909623146057,1.59
180.67444896697998,2.34
184.16583037376404,1.83
187.63760566711426,1.69
191.195871591568,1.55
194.73694372177124,1.69
198.2904713153839,3.34
201.84510922431946,1.76
205.3903284072876,1.62
208.86656188964844,1.76
212.34605050086975,1.79
215.82736897468567,1.83
219.38994479179382,1.79
222.86073279380798,2.28
226.41338658332825,3.41
229.9691026210785,3.48
233.52779293060303,3.34
236.99402499198914,2.69
240.55678963661194,2.45
244.10503244400024,5.55
247.6512656211853,3.55
251.12698459625244,3.28
254.68792009353638,3.9
258.2331874370575,5.48
261.77837085723877,4.76
265.32540464401245,3.41
268.8821122646332,4.1
272.43022751808167,4.38
275.98165249824524,4.41
279.5224492549896,4.52
283.08400678634644,5.34
286.5625717639923,7.0
290.11079263687134,5.07
293.5952157974243,7.55
297.1400566101074,5.14
300.6897039413452,7.28
304.24035906791687,5.07
307.79034090042114,6.59
311.3398516178131,7.59
314.8896470069885,7.24
318.43533992767334,5.72
321.92035961151123,6.24
325.4073784351349,6.38
328.8851923942566,6.28
332.3560607433319,6.69
335.9126799106598,8.86
339.40432357788086,8.38
342.87323451042175,7.52
346.3637533187866,6.83
349.83779788017273,6.59
353.32797408103943,9.1
356.79912281036377,7.48
360.34788942337036,9.45
363.83576560020447,8.1
367.38536739349365,7.21
370.8623831272125,8.76
374.4187083244324,7.0
377.8965437412262,8.9
381.45079803466797,7.07
384.9214427471161,8.72
388.4754867553711,9.9
391.967143535614,7.66
395.51595163345337,9.1
398.99192214012146,7.66
402.5341544151306,8.38
406.0177414417267,9.83
409.5740911960602,7.45
413.0581314563751,8.9
416.60302090644836,9.52
420.15144419670105,10.24
423.70818758010864,10.31
427.1902668476105,8.0
430.7360954284668,8.28
434.2210876941681,8.55
437.75966358184814,9.07
441.25169587135315,9.86
444.80630564689636,10.31
448.35278511047363,7.97
451.9030485153198,7.9
455.44720911979675,8.76
458.9931991100311,9.86
462.5456247329712,9.86
466.10281133651733,7.86
469.6559729576111,8.62
473.1985263824463,9.62
476.7484703063965,10.24
480.30214190483093,8.24
483.85288977622986,8.24
487.40532207489014,8.55
490.94575810432434,9.28
494.50078225135803,10.83
497.9850797653198,9.86
501.5203127861023,8.38
505.0778729915619,8.03
508.62247347831726,8.28
512.1708753108978,9.07
515.7311742305756,9.45
519.2798521518707,10.17
522.8278295993805,7.69
526.3808801174164,8.17
529.9199655056,9.41
533.4721245765686,10.24
537.022791147232,7.93
540.5711090564728,8.07
544.1274907588959,8.97
547.67635679245,9.52
551.2286806106567,9.55
554.7722027301788,9.21
558.3204524517059,9.0
561.8761796951294,9.1
565.4230809211731,10.79
568.9779300689697,9.79
572.5271682739258,8.72
576.0782537460327,10.97
579.6162858009338,10.17
585.7176828384399,1.52
589.0316162109375,1.41
592.3471369743347,1.34
595.6794090270996,1.38
598.9887099266052,1.38
602.3169627189636,1.17
605.6424300670624,1.24
610.6606712341309,1.24
614.2050964832306,1.28
617.7628469467163,1.14
621.3112471103668,1.28
624.8570375442505,1.14
628.4056193828583,1.21
631.9560115337372,1.14
635.5105926990509,1.14
639.0572655200958,1.21
642.5351982116699,1.17
646.0243997573853,1.17
649.5056331157684,1.14
653.0405306816101,1.14
656.5222465991974,1.17
660.0171296596527,1.14
663.4850254058838,1.17
666.9663827419281,1.14
670.5236945152283,1.28
674.0720057487488,1.17
677.5489730834961,1.21
681.108241558075,1.21
684.5836751461029,1.17
688.0659558773041,1.14
691.5473718643188,1.21
695.1087303161621,1.31
698.6559019088745,1.17
702.1349658966064,1.17
705.6220774650574,1.24
709.0999855995178,1.14
712.5849118232727,1.24
716.0642411708832,1.14
719.5323240756989,1.21
723.0275626182556,1.21
726.5726399421692,1.31
730.1173567771912,1.17
733.6055643558502,1.17
737.0926003456116,1.31
740.560693025589,1.31
744.0481300354004,1.17
747.5332725048065,1.24
751.0182671546936,1.31
754.4992311000824,1.31
758.043294429779,1.28
761.5163645744324,1.21
765.0126242637634,4.86
768.4882397651672,1.21
772.035938501358,1.41
775.5090713500977,1.9
779.0612258911133,1.93
782.6239774227142,1.59
