1.1124546527862549,8.21
2.323321580886841,8.17
3.556291341781616,8.31
4.7612690925598145,8.21
5.978398323059082,8.24
7.186309576034546,8.17
11.752177000045776,8.28
13.176727056503296,8.28
14.589029312133789,8.31
16.002001762390137,8.38
17.34007215499878,8.45
18.68767809867859,9.79
20.102258920669556,12.21
21.51260495185852,15.45
22.923595190048218,19.69
24.335704565048218,24.62
25.747634887695312,30.07
27.157580614089966,34.83
28.570137977600098,39.76
29.979167699813843,43.79
31.40479826927185,47.14
32.814387798309326,49.45
34.14997887611389,51.41
35.49385166168213,52.86
36.90987014770508,53.55
38.32254123687744,53.66
39.66946864128113,53.38
41.072309732437134,52.28
42.484501361846924,50.9
43.83454251289368,49.14
45.242215633392334,46.76
46.659093141555786,44.28
48.05750036239624,42.07
49.47450542449951,40.07
50.889249086380005,38.07
52.23297715187073,36.34
53.645355224609375,35.0
54.98289704322815,34.55
56.40084886550903,34.21
57.7480149269104,34.14
59.15051245689392,34.41
60.56677794456482,34.62
61.980695486068726,35.14
63.38210988044739,36.0
64.79823064804077,36.79
66.13720917701721,37.41
67.55114126205444,38.03
68.8909752368927,38.97
70.30120396614075,39.9
71.65126466751099,40.66
73.00045680999756,41.24
74.34365487098694,41.62
75.75469875335693,42.14
77.09935402870178,42.34
78.43674635887146,42.55
85.73988723754883,8.17
87.0918447971344,8.21
88.39456748962402,8.17
89.70150780677795,8.14
91.01080965995789,8.21
92.33446741104126,8.17
93.64156889915466,8.1
94.94692921638489,8.17
99.5348379611969,1.69
100.95444512367249,1.59
