1.0997264385223389,6.34
2.34438419342041,6.38
3.5544068813323975,6.28
4.761373043060303,6.38
9.33061933517456,6.38
10.750777959823608,6.28
12.15061354637146,6.38
13.573848485946655,6.93
14.98984146118164,8.31
16.39920973777771,10.86
17.734849452972412,13.93
19.149154901504517,18.24
20.496541261672974,22.83
21.837337017059326,27.93
23.187164783477783,33.28
24.522465229034424,38.55
25.93932557106018,44.24
27.35397696495056,50.14
28.77502465248108,56.03
30.174098014831543,61.55
31.59265899658203,67.24
33.00223684310913,72.93
34.34218454360962,78.69
35.762770652770996,83.97
37.16402816772461,89.41
38.5846004486084,94.59
39.983652114868164,98.86
47.310131311416626,-1.55
48.604453325271606,-1.55
49.9169819355011,-1.62
51.24423813819885,-1.55
52.54703116416931,-1.72
53.89878463745117,-1.69
55.22228789329529,-1.66
56.52353358268738,-1.66
61.10851502418518,163.93
62.521475315093994,207.07
63.935370206832886,219.0
65.27178525924683,215.1
66.61839532852173,210.66
68.0339732170105,179.76
75.34614515304565,0.69
76.66585278511047,0.72
