1.1218681335449219,31.97,0
2.3543829917907715,32.83,0
3.5553672313690186,32.83,0
4.749516725540161,33.28,0
5.959592580795288,33.52,0
10.542848348617554,38.07,1
11.9539053440094,41.86,1
13.366004228591919,43.24,1
14.775622844696045,38.93,1
16.174959182739258,39.76,1
17.52527117729187,40.66,1
18.870877265930176,40.97,1
20.210267305374146,41.38,1
21.629443645477295,41.97,1
22.969440698623657,42.24,1
24.37994956970215,42.34,1
25.72697687149048,42.72,1
27.12513518333435,43.07,1
28.55031418800354,35.72,1
29.960886001586914,38.1,1
31.361310482025146,38.93,1
32.769792318344116,40.0,1
34.195884227752686,40.79,1
