1.1100363731384277,-2.0,0
2.3149611949920654,-2.1,0
3.5181849002838135,-2.0,0
4.720292329788208,-2.07,0
9.285842180252075,3.28,1
10.699812650680542,7.0,1
12.112778902053833,6.62,1
13.52568507194519,5.34,1
14.939514398574829,5.9,1
16.3516366481781,4.93,1
17.763856649398804,2.79,1
19.10883903503418,2.86,1
20.522302627563477,2.28,1
21.934541940689087,1.83,1
23.347738027572632,1.9,1
24.759562015533447,1.34,1
26.171831130981445,1.86,1
27.58425259590149,1.17,1
28.995965003967285,0.83,1
30.40947389602661,0.59,1
31.82235836982727,0.41,1
33.1654634475708,0.28,1
34.577197313308716,0.17,1
35.92236351966858,-0.03,1
37.26461338996887,0.1,1
38.6782386302948,-0.24,1
40.02250623703003,-0.24,1
41.43574905395508,-0.34,1
42.84789824485779,-0.66,1
44.19171762466431,-0.66,1
45.60531425476074,-0.59,1
47.01884865760803,-0.55,1
48.4319863319397,-0.69,1
49.84473180770874,-0.93,1
51.25579023361206,-0.76,1
52.66964507102966,-0.93,1
54.08172392845154,-1.0,1
55.49298620223999,-0.93,1
56.906660318374634,-1.24,1
58.319231271743774,-0.93,1
59.73260951042175,-1.17,1
61.14465308189392,-1.17,1
62.557910203933716,-11.66,1
63.9698805809021,-5.38,1
65.38322854042053,-2.83,1
66.7945327758789,-2.93,1
68.2067403793335,-2.17,1
69.62078976631165,1.59,1
71.03336811065674,1.69,1
72.37663650512695,4.38,1
73.78868794441223,3.97,1
75.20066356658936,3.28,1
76.6132333278656,4.17,1
78.02558517456055,3.14,1
79.43880295753479,3.03,1
80.85210227966309,2.45,1
82.26490378379822,1.83,1
83.67749452590942,1.76,1
85.09141540527344,1.79,1
86.50269770622253,1.76,1
87.91436195373535,1.66,1
89.32612323760986,1.79,1
90.73935317993164,109.76,1
92.15136432647705,636.62,1
93.56345415115356,0.69,1
94.97487950325012,51.83,1
96.38721203804016,587.48,1
97.73078060150146,557.83,1
99.1415388584137,488.38,1
100.55343890190125,416.45,1
101.96480131149292,394.93,1
103.37715458869934,372.72,1
110.68382120132446,-1.93,0
111.99498867988586,-1.9,0
113.31396555900574,-1.9,0
114.62507700920105,-1.9,0
115.94392442703247,-1.93,0
117.29591417312622,-2.0,0
118.6108627319336,-1.97,0
119.92742824554443,-1.97,0
121.25056600570679,-2.0,0
122.56982660293579,-2.0,0
123.87809419631958,-1.97,0
125.1937735080719,-1.9,0
126.54988050460815,-1.97,0
127.865962266922,-1.93,0
129.18370294570923,-1.97,0
130.4986810684204,-1.93,0
135.08545660972595,751.86,1
136.49768686294556,762.41,1
137.90854930877686,475.69,1
139.31946778297424,268.69,1
140.73097038269043,161.07,1
142.14125800132751,104.86,1
143.5524446964264,82.86,1
144.96340560913086,70.93,1
152.2644522190094,-1.83,0
153.58335089683533,-1.9,0
154.9033830165863,-1.86,0
156.26661849021912,-1.86,0
157.58855819702148,-1.93,0
158.90754199028015,-1.9,0
160.22915196418762,-1.83,0
161.54348468780518,-1.9,0
166.1160490512848,751.62,1
167.52746748924255,794.1,1
168.93728351593018,508.17,1
170.28200149536133,333.9,1
171.69345021247864,217.17,1
173.10625839233398,156.52,1
174.51688432693481,124.83,1
181.81676745414734,-1.86,0
183.1317594051361,-1.9,0
184.4410092830658,-1.97,0
185.79467940330505,-1.93,0
187.09878611564636,-2.0,0
188.41464829444885,-1.86,0
189.7257537841797,-1.97,0
191.04161882400513,-1.93,0
192.25230050086975,-2.0,0
193.4566888809204,-2.03,0
194.66853737831116,-2.0,0
195.92106127738953,-1.97,0
197.13009810447693,-2.03,0
198.33816194534302,-1.93,0
199.5512294769287,-1.97,0
200.7634162902832,-1.97,0
201.97555375099182,-2.1,0
203.18968844413757,-2.0,0
204.40194725990295,-2.03,0
205.6508059501648,-1.97,0
206.86030197143555,-2.0,0
208.07115197181702,-2.0,0
209.27969932556152,-2.03,0
210.49123620986938,-2.03,0
211.7030749320984,-2.07,0
216.30444264411926,4.55,1
217.71821856498718,6.21,1
219.1310851573944,9.31,1
220.5438539981842,13.76,1
221.95703744888306,19.17,1
223.36902785301208,25.34,1
224.78135323524475,31.52,1
226.19296097755432,37.45,1
227.60607147216797,43.07,1
229.01739716529846,48.07,1
230.429265499115,51.9,1
231.84095454216003,55.07,1
233.25287055969238,57.52,1
234.66493225097656,58.93,1
236.07685017585754,59.41,1
237.48879218101501,59.34,1
238.8993992805481,58.31,1
240.3107271194458,56.48,1
241.7227771282196,54.41,1
243.1336705684662,51.52,1
244.54464626312256,48.76,1
245.9559178352356,46.52,1
247.3669946193695,44.07,1
248.77971124649048,42.17,1
250.1914734840393,40.0,1
251.6031198501587,38.1,1
253.01550459861755,36.34,1
254.42861890792847,34.69,1
255.83824634552002,33.14,1
257.25057673454285,32.28,1
258.6615033149719,31.34,1
260.0723326206207,31.07,1
261.4833474159241,31.45,1
262.8943910598755,31.97,1
264.306515455246,32.83,1
265.7184057235718,34.03,1
267.1304597854614,35.0,1
268.54222869873047,36.59,1
269.95486307144165,37.93,1
271.3661904335022,39.38,1
272.7784607410431,40.79,1
274.1891179084778,42.1,1
275.6002869606018,42.86,1
276.9430568218231,43.72,1
278.3548324108124,44.48,1
279.76717042922974,44.83,1
281.18036937713623,45.14,1
282.59097504615784,45.21,1
284.00310158729553,44.72,1
285.4132881164551,44.28,1
286.8238227367401,43.69,1
288.23594403266907,43.03,1
289.6456561088562,42.34,1
291.0576276779175,41.66,1
292.47070598602295,40.62,1
293.88177013397217,39.66,1
295.2937295436859,38.69,1
296.70668172836304,38.66,1
298.11807799339294,38.03,1
299.5299117565155,37.69,1
300.9405710697174,37.24,1
302.3513607978821,37.0,1
