1.1047239303588867,-1.83,0
2.363801956176758,-1.86,0
3.572120428085327,-1.86,0
4.7736287117004395,-1.83,0
5.990292549133301,-1.83,0
7.206433296203613,-1.69,0
8.409518718719482,-1.76,0
9.615290880203247,-1.83,0
14.205424070358276,-1.83,1
15.617809295654297,-1.79,1
17.030896425247192,-1.86,1
18.374387979507446,-1.83,1
19.71890687942505,-1.83,1
21.061845541000366,-1.76,1
22.47625184059143,-1.76,1
23.888957023620605,-1.83,1
25.30240750312805,-1.79,1
26.71495223045349,-1.86,1
28.127991676330566,-1.83,1
29.540519952774048,-1.79,1
30.951996326446533,-1.79,1
32.36342406272888,-1.79,1
33.77627944946289,-1.9,1
35.12068295478821,-1.83,1
36.46403884887695,-1.72,1
37.8770477771759,-1.83,1
39.28980255126953,-1.79,1
40.70325970649719,-1.79,1
42.11601281166077,-1.79,1
43.5287823677063,-1.79,1
44.94176912307739,-1.83,1
46.354037046432495,-1.83,1
47.76626944541931,-1.79,1
49.179543256759644,-1.79,1
50.59103083610535,-1.79,1
51.93515968322754,-1.69,1
53.346413135528564,-1.93,1
54.75930905342102,-1.83,1
56.17152762413025,-1.86,1
57.584545612335205,-1.83,1
58.99622178077698,-1.86,1
60.40959358215332,-1.76,1
61.82239484786987,-1.79,1
63.23592972755432,-1.79,1
64.64825415611267,-1.83,1
65.9922103881836,-1.83,1
67.40456175804138,-1.76,1
68.81869268417358,-1.86,1
70.23192071914673,-1.79,1
71.57556056976318,-1.86,1
72.91985154151917,-1.76,1
