1.1054563522338867,-1.0
2.3456053733825684,-0.93
3.5536694526672363,-0.9
4.754512548446655,-0.93
9.33337664604187,36.0
10.745768547058105,40.9
12.159408807754517,53.83
13.559959888458252,59.69
14.971150636672974,58.93
16.381733179092407,160.31
17.808231592178345,83.83
19.2187180519104,75.21
20.552706956863403,76.41
21.90613603591919,79.07
23.30569839477539,81.17
24.731173276901245,82.69
26.143371105194092,84.0
27.540390253067017,84.66
28.96450448036194,86.83
30.376580715179443,87.21
31.787718534469604,86.48
33.19420409202576,22.34
34.541940689086914,10.31
35.883638858795166,10.41
37.295273303985596,7.76
38.63054537773132,69.76
39.9847686290741,22.28
41.39532113075256,8.83
42.808833837509155,8.45
44.14273452758789,16.1
45.5643265247345,3.52
46.97537183761597,3.1
48.38702368736267,14.07
49.799967765808105,3.69
51.210493087768555,3.28
52.62369918823242,7.17
54.03483867645264,3.66
55.449931621551514,12.66
56.860852003097534,2.93
58.271414041519165,2.41
59.6814329624176,2.0
61.09370684623718,3.24
62.504955530166626,1.86
63.9317946434021,12.0
65.34538888931274,1.76
66.74152207374573,1.59
68.09199929237366,1.52
69.50288224220276,1.41
70.92684078216553,1.21
72.329172372818,1.14
73.67938995361328,8.66
75.08315706253052,1.38
76.4298677444458,0.93
77.84435558319092,0.86
79.25705218315125,0.83
80.66785335540771,0.69
82.08387351036072,0.52
83.49533796310425,0.38
84.90492129325867,0.31
86.31663870811462,1.69
87.7278311252594,0.38
89.14758539199829,0.17
90.55409121513367,0.07
91.96659541130066,-0.03
93.37700080871582,-0.03
94.79045939445496,-0.1
96.13904023170471,-0.14
97.56175017356873,-0.17
98.96674799919128,-0.31
100.38456511497498,-0.31
101.79734015464783,-0.31
103.20899820327759,-0.38
104.62037801742554,-0.48
106.03392171859741,-0.45
107.44461417198181,-0.52
108.85812091827393,-0.55
110.27135372161865,3.76
111.68517899513245,-0.38
113.09734535217285,-0.48
114.50810289382935,-0.62
115.92030167579651,-0.66
117.33548402786255,-0.62
118.74916243553162,-0.55
120.16132307052612,-0.76
121.56809186935425,-0.66
122.99049925804138,-0.72
124.3933675289154,-0.66
125.81379699707031,-0.66
127.22444605827332,-0.59
128.63525366783142,-0.76
130.04604816436768,-0.72
131.45891427993774,-0.76
132.8688883781433,-0.72
134.21425342559814,-0.66
135.62873888015747,-0.76
137.04489707946777,-0.76
138.44635796546936,-0.72
139.87186551094055,-0.72
141.28463530540466,-0.76
142.69536685943604,-0.76
144.10622549057007,-0.76
145.51640677452087,-0.79
146.92451119422913,-0.83
148.3378300666809,-0.76
149.74889206886292,-0.76
151.16324877738953,-0.83
152.57581043243408,-0.72
153.98881459236145,-0.76
155.3987684249878,-0.79
156.8220455646515,-0.79
158.22638487815857,-0.83
159.637553691864,-0.9
161.05456161499023,-0.76
162.46582651138306,-0.83
163.8826653957367,-0.79
165.22794270515442,-0.76
166.57575726509094,-0.86
167.98989510536194,-0.76
169.40199518203735,-0.9
170.8127167224884,-0.86
172.22447180747986,-0.86
173.6413094997406,-0.76
175.04248118400574,-0.72
176.45543003082275,-0.86
177.80420207977295,-0.76
179.2221918106079,-0.83
180.63072204589844,-0.79
182.04163455963135,-0.79
183.45316648483276,-0.69
184.8668041229248,-0.9
186.27579808235168,1.9
187.6236846446991,-1.76
189.03553581237793,-0.83
190.4475884437561,-0.76
191.8563425540924,-0.69
193.2660937309265,-0.69
194.680269241333,-0.76
196.09387159347534,-0.79
197.50466966629028,-0.69
198.91402316093445,-0.93
200.34128093719482,-0.76
201.7546844482422,-0.72
