1.1117987632751465,8.03
2.3655197620391846,8.1
3.5757384300231934,8.14
4.777642250061035,8.17
9.358811378479004,8.17
10.770256280899048,13.72
12.180830240249634,24.14
13.58578610420227,38.66
14.992730617523193,55.62
16.408539056777954,71.93
17.82124662399292,87.48
19.162374019622803,102.31
20.578227281570435,117.41
21.924827337265015,131.07
23.268266677856445,143.0
24.68142008781433,153.28
26.090359687805176,161.1
27.50112271308899,166.31
28.899134874343872,169.48
30.30983805656433,169.9
31.727925539016724,168.07
33.13699269294739,164.76
34.4796679019928,160.48
35.833133697509766,154.66
37.24545478820801,148.14
38.575817346572876,141.79
39.99689197540283,134.52
41.40355205535889,127.0
42.740320920944214,120.17
44.09215784072876,115.0
45.426971197128296,109.79
46.83790826797485,105.31
48.26481819152832,102.52
49.66584801673889,100.41
