1.1086809635162354,-1.52,0
2.3491246700286865,-1.48,0
3.558548927307129,-1.55,0
4.7553863525390625,-1.55,0
5.971809148788452,-1.52,0
7.184389591217041,-1.48,0
8.397911787033081,-1.59,0
9.602096319198608,-1.52,0
10.812076091766357,-1.55,0
12.06369662284851,-1.48,0
15.283634424209595,-1.52,0
18.499117136001587,-1.52,0
19.69388484954834,-1.52,0
20.90794563293457,-1.55,0
22.116886615753174,-1.52,0
23.31330108642578,-1.55,0
24.535860300064087,-1.48,0
25.766016006469727,-1.55,0
26.989907026290894,-1.48,0
28.182353734970093,-1.48,0
29.395874738693237,-1.48,0
30.613067388534546,-1.52,0
31.824976444244385,-1.41,0
33.05602502822876,-1.55,0
