1.1087324619293213,1.0
2.3513708114624023,1.0
3.5656397342681885,0.93
4.777626276016235,1.03
9.33323884010315,2.38
10.744046211242676,13.14
12.1567862033844,21.86
13.571924924850464,30.14
14.985371828079224,32.38
16.406684160232544,29.86
17.740273475646973,29.03
19.095436811447144,28.76
20.439574718475342,32.21
21.843186140060425,30.14
23.256186962127686,29.17
24.670596837997437,28.83
26.079883813858032,31.86
27.49278450012207,29.31
28.84645652770996,28.72
30.251352310180664,31.79
31.659985780715942,29.14
33.07371997833252,29.07
34.421976804733276,31.76
35.76842141151428,29.48
37.11415886878967,29.1
38.520660161972046,31.62
39.86897349357605,28.55
41.28396511077881,28.41
42.62206220626831,32.17
44.03943991661072,29.03
45.38154602050781,28.03
46.79466128349304,32.0
48.20447826385498,29.21
49.61487054824829,31.79
50.966551303863525,28.9
52.30945444107056,28.59
53.7083306312561,31.86
55.06160593032837,29.38
56.40825629234314,28.97
57.74921941757202,31.41
59.15210151672363,28.48
60.568854331970215,31.31
61.97953391075134,28.97
63.39259123802185,31.59
64.80379915237427,29.52
66.15704369544983,28.86
67.49879908561707,31.24
68.84339690208435,29.55
70.24407482147217,28.21
71.65701746940613,31.69
73.00898218154907,29.83
80.31189227104187,2.31
81.62248039245605,2.34
82.93002319335938,2.24
84.23666834831238,2.34
85.55274772644043,2.24
86.89736366271973,2.28
88.21899962425232,2.28
89.52890062332153,2.31
90.84233093261719,2.24
92.14450263977051,2.31
93.45068883895874,2.31
94.756826877594,2.28
96.1007444858551,2.31
97.41365575790405,2.34
98.72657752037048,2.24
100.03496670722961,2.24
104.59868669509888,0.21
106.00807595252991,0.14
107.4241464138031,4.52
108.83616137504578,8.28
110.25495338439941,11.03
111.60021162033081,10.38
112.94478845596313,10.28
114.34923696517944,10.1
115.75931119918823,9.97
117.17432999610901,9.72
118.58248281478882,9.69
119.99382495880127,9.59
121.40829706192017,9.55
122.82323694229126,10.97
124.23784279823303,9.97
125.64704132080078,9.48
127.05746793746948,10.79
128.46867322921753,9.72
129.8960988521576,9.28
131.30736351013184,10.76
132.71969151496887,9.76
134.1325228214264,9.24
135.5433588027954,10.52
136.955406665802,9.72
138.36748433113098,10.72
139.7760148048401,9.41
141.18793773651123,10.31
142.5969433784485,9.38
144.02183628082275,10.41
145.42422437667847,10.69
146.83449530601501,9.38
148.26299476623535,10.31
149.67409658432007,9.52
151.08453226089478,10.45
152.49524021148682,9.41
153.89879488945007,10.45
155.31188917160034,9.48
156.7240595817566,10.48
158.13699960708618,9.48
159.5542402267456,10.45
160.9046413898468,9.48
162.2506856918335,10.41
163.65913701057434,9.41
165.0079107284546,10.28
166.3435399532318,10.55
167.6892535686493,9.31
169.0387282371521,10.17
170.38015127182007,10.52
171.72630858421326,9.34
173.06557774543762,10.14
174.4158797264099,10.52
175.82534742355347,9.1
177.1736192703247,9.97
178.51524138450623,10.45
179.85935521125793,10.52
181.20239996910095,9.24
182.55036401748657,10.07
183.89142775535583,10.38
185.23101258277893,10.66
186.58132529258728,9.17
187.98911952972412,10.1
189.33295106887817,10.38
190.7433831691742,10.48
192.1574103832245,8.97
193.57874202728271,10.07
194.92156744003296,10.34
196.33636951446533,10.38
197.748703956604,9.0
199.15780472755432,9.86
200.57106924057007,10.24
201.98806428909302,10.24
203.39236044883728,10.28
204.73972487449646,9.1
206.14835476875305,9.93
207.49969100952148,10.07
208.91148209571838,10.14
210.32633781433105,10.24
211.73964500427246,10.21
213.13963389396667,10.14
214.55373239517212,10.14
215.96778059005737,10.1
217.3774721622467,10.03
218.78969073295593,10.17
220.21464371681213,8.97
221.6270673274994,9.86
222.9670705795288,10.38
224.3146035671234,10.52
225.6592185497284,10.62
227.0045871734619,9.21
228.34383749961853,10.14
229.7549786567688,10.59
231.17102432250977,9.24
232.5783064365387,10.03
233.92839765548706,10.48
235.3417468070984,9.31
236.68406081199646,10.24
238.02900338172913,10.45
239.3683533668518,9.17
240.78716564178467,10.1
242.1998097896576,10.41
243.60120058059692,9.21
244.95361757278442,10.03
246.36776757240295,10.45
247.78254199028015,9.14
249.19296288490295,10.03
250.59313702583313,10.48
252.00639724731445,10.41
253.42980456352234,9.1
254.77593755722046,10.03
256.17694425582886,10.28
257.60216307640076,10.38
259.01076102256775,9.24
260.42058277130127,10.1
261.77148628234863,10.34
263.18348693847656,10.52
264.5892803668976,9.14
266.0026886463165,10.14
267.4188733100891,10.48
268.8309154510498,9.45
270.2391905784607,10.38
271.6532447338104,10.62
273.0688109397888,9.14
274.4803614616394,10.21
275.89543175697327,10.72
277.3090009689331,9.31
278.7239592075348,10.34
280.1370096206665,9.45
281.5397698879242,10.59
282.9550745487213,9.52
284.37278747558594,10.34
285.78505516052246,9.31
293.07421684265137,-0.03
294.38957834243774,-0.14
295.70782446861267,-0.1
297.03321957588196,-0.21
298.34789752960205,-0.21
299.7046663761139,-0.21
301.02379274368286,-0.14
302.34262681007385,-0.14
303.65933084487915,-0.21
304.97771549224854,-0.28
306.2991280555725,-0.28
307.6109571456909,-0.17
308.9604094028473,-0.31
310.2781994342804,-0.24
311.59732818603516,-0.21
312.922602891922,-0.21
317.50911140441895,3.97
318.9180631637573,8.24
320.2626259326935,12.62
321.61149644851685,15.72
323.0239486694336,18.48
324.4407024383545,19.0
325.78526544570923,20.66
327.18427062034607,20.38
328.5947313308716,20.34
330.0184209346771,20.0
331.36424493789673,20.55
332.7626678943634,20.48
334.1769618988037,20.52
335.5306513309479,20.38
336.93923330307007,20.62
338.3509314060211,20.76
339.76417779922485,20.31
341.1756703853607,20.62
342.51953077316284,19.1
343.864798784256,20.21
345.2635314464569,20.62
346.67813062667847,19.07
348.02908420562744,19.93
349.43395042419434,20.48
350.8506679534912,19.41
352.2539486885071,20.07
353.60868096351624,19.9
355.0178544521332,20.45
356.4330928325653,19.34
357.84604024887085,19.79
359.1803481578827,20.59
360.58978629112244,19.55
362.0073654651642,20.66
363.3535258769989,19.45
364.76116847991943,20.28
366.1759157180786,19.41
367.5177354812622,20.31
368.9218831062317,19.52
370.3445429801941,20.1
371.6844277381897,20.28
373.0286395549774,20.97
374.4345133304596,19.69
375.7808928489685,19.03
377.1945548057556,20.0
378.5381360054016,20.59
379.9530704021454,19.48
381.2941575050354,20.34
382.70231556892395,19.41
384.1088242530823,20.55
385.46129417419434,20.38
386.8601460456848,19.21
388.28475999832153,20.38
389.6838872432709,20.31
391.0973598957062,19.52
392.51281213760376,20.79
393.9301264286041,19.28
395.329306602478,20.1
396.74108242988586,20.62
398.1630883216858,19.21
399.578421831131,20.21
400.98236441612244,20.28
402.3951110839844,19.28
403.80987882614136,20.45
405.2183675765991,20.69
406.56622529029846,19.0
407.97997665405273,20.34
409.322687625885,20.9
410.72171926498413,19.34
418.0934672355652,4.17
419.40872025489807,4.14
420.7292830944061,4.1
422.0466196537018,4.14
423.35382890701294,4.14
424.66611099243164,4.1
425.9716041088104,4.07
427.29054594039917,4.07
431.9036214351654,2.34
433.3188359737396,21.28
434.73330783843994,44.45
436.1350111961365,55.66
437.5470175743103,51.69
438.9006505012512,48.0
440.24451446533203,48.72
441.65340185165405,49.45
443.0683217048645,49.55
444.47014904022217,48.97
445.88340425491333,51.97
447.29464507102966,49.48
448.7033762931824,48.93
450.11917185783386,51.83
451.46677923202515,49.17
452.87232303619385,51.03
454.2812569141388,49.72
455.69083642959595,48.9
457.10343980789185,51.41
458.5139334201813,48.72
459.92302203178406,50.9
461.34344458580017,50.03
462.7573425769806,51.79
464.1604964733124,48.03
465.57225608825684,51.41
466.98491954803467,48.28
468.39601588249207,51.79
469.81433391571045,48.72
471.23015213012695,51.21
478.52384209632874,2.41
479.84879302978516,2.55
481.20388531684875,2.45
482.5145721435547,2.52
483.834379196167,2.41
485.15099143981934,2.55
486.4720962047577,2.59
487.78594183921814,2.52
