1.1182563304901123,7.34,0
2.354036808013916,7.31,0
3.55531907081604,7.45,0
4.754674911499023,7.34,0
9.331125736236572,152.83,1
10.743057489395142,214.59,1
12.154067277908325,235.86,1
13.555304527282715,243.0,1
14.965537786483765,244.45,1
16.386310338974,244.55,1
17.724978923797607,239.83,1
19.066617727279663,232.79,1
20.47531032562256,221.28,1
21.828684091567993,207.41,1
23.228023052215576,194.0,1
24.58131170272827,182.41,1
25.984766006469727,173.1,1
27.400012731552124,165.14,1
28.81420660018921,157.59,1
30.230628728866577,151.24,1
31.64307689666748,144.41,1
33.05466318130493,139.86,1
34.465496301651,136.86,1
35.80051922798157,133.28,1
37.21711349487305,131.24,1
38.62227821350098,129.28,1
39.97550821304321,127.97,1
41.37920069694519,126.1,1
42.79588985443115,124.41,1
44.20531630516052,124.1,1
45.542638063430786,124.21,1
46.96289587020874,123.62,1
48.371623039245605,123.34,1
49.779521465301514,121.69,1
51.192206621170044,120.62,1
52.59576749801636,120.14,1
59.89483070373535,12.59,0
61.219329833984375,12.59,0
62.54536461830139,12.66,0
63.86042046546936,12.72,0
65.1996202468872,12.62,0
66.50694274902344,12.79,0
67.80037117004395,12.79,0
69.12515544891357,12.83,0
73.70133352279663,12.66,1
75.1070864200592,23.93,1
76.51573014259338,40.1,1
77.93832683563232,53.76,1
79.34292817115784,65.79,1
80.76151156425476,75.1,1
82.16579294204712,83.28,1
83.5725748538971,90.1,1
84.91435694694519,94.24,1
86.33406972885132,98.38,1
87.73586797714233,101.86,1
89.15867352485657,104.79,1
90.56347322463989,108.38,1
91.98284912109375,109.83,1
93.38475489616394,111.48,1
94.8054928779602,112.52,1
96.21463012695312,114.1,1
97.61886143684387,115.76,1
99.03136968612671,116.14,1
100.44021916389465,117.17,1
101.85929942131042,117.69,1
103.2745189666748,117.24,1
104.68391633033752,117.97,1
106.08773279190063,117.93,1
107.50435519218445,117.79,1
108.90695643424988,118.21,1
110.32706570625305,122.21,1
111.74211716651917,117.59,1
113.15118908882141,117.34,1
114.55673289299011,117.48,1
115.98028707504272,118.79,1
117.38815021514893,121.24,1
118.79521751403809,113.1,1
120.21489787101746,110.24,1
121.62051916122437,113.66,1
123.03885579109192,118.0,1
124.44068813323975,129.1,1
125.86086344718933,123.72,1
127.26235914230347,114.14,1
128.67404961585999,100.14,1
130.09464740753174,107.83,1
131.49609327316284,1.62,1
132.91372394561768,-1.76,1
134.32437133789062,-1.48,1
135.66783666610718,-1.24,1
137.08346104621887,-1.14,1
138.48619890213013,1.79,1
139.90476727485657,1.66,1
141.3239243030548,1.55,1
142.74034547805786,1.62,1
144.15099620819092,1.55,1
145.56214118003845,1.66,1
146.96765208244324,1.52,1
148.37487125396729,1.38,1
149.79447317123413,1.48,1
151.21328139305115,1.55,1
152.6205279827118,1.52,1
154.03982615470886,1.52,1
155.44873142242432,1.52,1
156.86357641220093,1.66,1
158.2752182483673,1.66,1
159.6791615486145,1.66,1
161.09581542015076,1.48,1
162.4365255832672,1.52,1
163.85551285743713,1.66,1
165.2720959186554,1.52,1
