1.1159460544586182,-1.48,0
2.3558108806610107,-1.55,0
3.5658349990844727,-1.48,0
4.7638585567474365,-1.52,0
9.35835337638855,-1.45,1
10.76465892791748,-1.55,1
12.115212678909302,-1.45,1
13.459522247314453,-1.59,1
14.80335259437561,-1.48,1
16.201733112335205,-1.48,1
17.55193567276001,-1.41,1
18.89578151702881,-1.48,1
20.24459481239319,-1.45,1
21.59447979927063,-1.48,1
22.92856001853943,-1.52,1
24.26724600791931,-1.52,1
25.68398928642273,-1.52,1
27.10670566558838,-1.62,1
28.446966648101807,0.03,1
29.853489875793457,-11.66,1
31.275058031082153,-2.69,1
32.67312407493591,-2.34,1
34.02876615524292,-2.21,1
35.3641197681427,-2.07,1
36.7185115814209,24.79,1
38.1270809173584,8.07,1
39.45895075798035,2.59,1
40.872766971588135,-1.14,1
42.217833280563354,2.17,1
43.62603282928467,0.31,1
45.03955841064453,-1.69,1
46.38904523849487,-0.24,1
47.80685472488403,0.24,1
49.22111177444458,0.79,1
50.559844732284546,0.31,1
51.971160650253296,-2.86,1
53.386910915374756,-1.45,1
54.80304169654846,-4.72,1
56.21291422843933,-3.1,1
57.55720615386963,-3.97,1
58.967185735702515,-2.45,1
60.38721704483032,-2.86,1
61.72492432594299,-2.48,1
63.13161635398865,-3.17,1
64.55408096313477,-1.21,1
65.96820402145386,-2.41,1
67.30731153488159,-1.69,1
68.6591386795044,-2.69,1
69.99162983894348,-1.41,1
71.41518998146057,-2.17,1
72.8242814540863,-1.07,1
74.16701102256775,-2.1,1
75.51392793655396,-3.28,1
76.86056017875671,-7.55,1
78.19376707077026,-1.62,1
79.53887486457825,-2.59,1
80.95770835876465,-1.55,1
82.36211442947388,-1.97,1
83.78340363502502,-1.69,1
85.12698435783386,-1.97,1
86.53549075126648,-2.34,1
87.94603681564331,-3.59,1
89.29593229293823,0.69,1
90.64156293869019,-9.48,1
92.04888439178467,-2.93,1
93.46908116340637,41.62,1
94.80537128448486,8.21,1
96.14436078071594,0.72,1
97.49742841720581,-0.38,1
98.910719871521,-0.59,1
100.25589299201965,-1.0,1
101.65866303443909,-1.41,1
103.069504737854,-1.59,1
