3.1230485439300537,-1.72
6.3766930103302,-1.72
9.590106725692749,-1.79
12.80717396736145,-1.79
17.745054483413696,1.83
21.234426259994507,9.41
24.708560705184937,13.24
28.263855457305908,9.83
31.815673112869263,1.97
35.36605763435364,1.83
38.91605877876282,4.83
42.39826059341431,8.24
45.94672393798828,10.48
49.49529457092285,9.69
53.04509210586548,8.86
56.597285747528076,9.0
60.13849234580994,9.14
63.69507813453674,8.97
67.23268032073975,8.83
70.85597610473633,9.0
74.47950077056885,8.69
78.16399693489075,8.62
81.78938031196594,8.97
85.4012188911438,8.93
89.01700234413147,9.31
92.64284753799438,8.86
96.26175570487976,8.9
99.94436740875244,10.69
103.49176597595215,8.31
107.10852432250977,9.14
110.65122413635254,8.9
114.27539229393005,9.0
117.90053510665894,9.14
121.5841920375824,11.55
125.13465714454651,11.48
128.81162476539612,10.07
132.3707721233368,9.52
135.97958898544312,8.72
139.605286359787,9.17
143.28937315940857,11.62
146.97555804252625,11.07
150.53310108184814,11.66
154.15511631965637,11.62
157.76316857337952,11.14
161.32230281829834,8.17
164.8688817024231,9.21
168.42659902572632,8.41
172.10869312286377,8.86
175.72447776794434,8.66
179.27200365066528,9.34
182.89603185653687,9.66
186.5109474658966,9.83
190.1362783908844,9.1
193.67752695083618,8.83
197.304340839386,9.21
200.9139473438263,8.79
204.46203303337097,8.86
208.160014629364,9.1
211.70389604568481,8.69
215.2627067565918,9.07
218.81008577346802,9.24
222.36002135276794,8.83
225.91295409202576,9.38
229.45826745033264,9.07
233.00204610824585,9.62
236.55931568145752,9.48
240.11113262176514,8.83
243.657781124115,9.21
247.2072787284851,9.31
250.7507734298706,8.41
254.3137218952179,9.0
257.8609082698822,8.93
261.40923833847046,8.55
264.9537191390991,8.9
268.50715374946594,8.93
272.05237674713135,8.62
275.60023307800293,9.45
279.14925169944763,8.79
282.70145773887634,8.66
286.25022864341736,8.62
289.8035378456116,8.86
293.35051226615906,8.86
296.9088342189789,8.79
300.44518303871155,8.38
304.00848507881165,9.21
307.55553221702576,8.59
311.103271484375,11.76
314.65293622016907,9.59
318.1993224620819,8.34
321.7574999332428,8.97
325.3039963245392,8.0
328.77642703056335,9.41
332.3346657752991,8.24
335.8907165527344,8.28
339.426784992218,9.0
342.9204111099243,8.1
346.4605405330658,11.41
350.0230257511139,11.24
353.5697703361511,9.55
357.1121709346771,8.9
