1.1052131652832031,-2.1,0
2.3461196422576904,-2.1,0
3.56396222114563,-2.17,0
4.7703776359558105,-2.1,0
9.359211444854736,15.66,1
10.771037101745605,31.17,1
12.184292316436768,53.24,1
13.596316576004028,63.45,1
15.009064674377441,71.0,1
16.413942098617554,76.62,1
17.756908416748047,78.24,1
19.09894585609436,80.52,1
20.444181442260742,81.79,1
21.792009592056274,84.9,1
23.124207973480225,83.52,1
24.470678329467773,89.17,1
25.877201557159424,89.14,1
27.291419506072998,88.86,1
28.632518768310547,87.21,1
30.047874689102173,87.48,1
31.457499742507935,93.24,1
32.8078179359436,94.28,1
34.14682173728943,92.17,1
35.496957540512085,90.66,1
36.836928844451904,91.62,1
38.2500958442688,95.28,1
39.65648865699768,92.48,1
40.99352669715881,95.69,1
42.404825925827026,95.17,1
43.749797105789185,86.83,1
45.10090923309326,90.38,1
46.43657445907593,89.21,1
47.84819412231445,88.07,1
49.19774341583252,91.14,1
50.60521936416626,94.21,1
52.02235770225525,92.52,1
53.36655855178833,85.79,1
54.69831728935242,89.79,1
56.1189239025116,89.21,1
57.52919840812683,88.93,1
58.93320822715759,92.9,1
60.35561537742615,94.24,1
61.768409967422485,92.45,1
63.18070411682129,95.31,1
64.5858850479126,90.07,1
65.92560935020447,91.97,1
67.33471870422363,89.72,1
68.68594741821289,87.76,1
70.10278463363647,87.69,1
71.44501900672913,87.28,1
72.78670287132263,84.14,1
74.12861657142639,86.69,1
81.43483543395996,-13.17,0
82.7472710609436,-17.07,0
84.05775594711304,-3.31,0
85.36285781860352,-2.66,0
86.70711636543274,-2.45,0
88.0136935710907,-2.31,0
89.31671285629272,-2.38,0
90.63756012916565,-2.24,0
95.22982978820801,10.31,1
96.57597279548645,12.48,1
97.98406505584717,31.07,1
99.393718957901,38.1,1
100.81666898727417,42.86,1
102.21632862091064,45.45,1
103.63075351715088,40.14,1
104.96966314315796,46.83,1
106.39011120796204,44.69,1
107.72666621208191,50.93,1
109.14043688774109,59.38,1
110.55677199363708,55.86,1
111.96388816833496,51.79,1
113.37394404411316,52.55,1
114.78327918052673,53.72,1
116.2060980796814,50.1,1
117.61781406402588,46.14,1
119.02820944786072,49.45,1
120.44010663032532,49.72,1
121.85319423675537,46.17,1
123.26725482940674,49.0,1
124.67678809165955,62.41,1
126.08744955062866,57.38,1
127.50042796134949,54.1,1
128.91260147094727,45.55,1
130.32371401786804,50.52,1
131.73613381385803,47.79,1
133.13948273658752,43.07,1
134.55538606643677,46.21,1
135.97091436386108,47.93,1
137.3716320991516,41.14,1
138.79253578186035,47.62,1
140.20676469802856,44.66,1
141.61908650398254,40.48,1
143.02402591705322,47.66,1
144.4402723312378,44.55,1
145.8473837375641,40.0,1
147.25029349327087,48.24,1
148.6713683605194,44.45,1
155.96887111663818,-2.28,0
157.28424263000488,-2.14,0
158.5975284576416,-2.17,0
159.94497990608215,-2.07,0
161.2540304660797,-2.1,0
162.5621783733368,-2.1,0
163.86925840377808,-2.1,0
165.17068815231323,-2.07,0
169.75189638137817,250.97,1
171.09235906600952,210.45,1
172.42965149879456,203.66,1
173.83957266807556,198.52,1
175.18892860412598,188.72,1
176.52538132667542,212.14,1
177.8759307861328,231.34,1
179.217999458313,201.55,1
180.56046795845032,34.97,1
181.9774374961853,-1.69,1
183.32099390029907,-1.21,1
184.7267243862152,-1.34,1
186.07031798362732,-1.17,1
187.4775311946869,1.72,1
188.83343076705933,1.62,1
190.24108052253723,1.66,1
191.58919310569763,1.79,1
192.93471384048462,1.69,1
194.26863622665405,1.59,1
195.68567824363708,1.66,1
197.02090883255005,1.24,1
198.3664951324463,1.66,1
199.71967673301697,1.34,1
201.05811500549316,1.59,1
202.39657306671143,1.55,1
203.82043385505676,1.72,1
205.23370480537415,1.52,1
206.6443886756897,1.41,1
207.98238968849182,1.72,1
209.33154439926147,1.66,1
210.6670060157776,1.62,1
212.09470295906067,1.69,1
213.4951148033142,1.66,1
214.91302919387817,1.72,1
216.33452606201172,1.69,1
217.7461130619049,1.76,1
219.07747507095337,1.72,1
220.43318819999695,1.79,1
221.77903056144714,1.76,1
223.1185839176178,1.76,1
224.45443391799927,1.76,1
225.8790853023529,1.72,1
227.22373795509338,1.76,1
228.6355757713318,1.69,1
230.04863095283508,1.79,1
231.4556200504303,1.76,1
232.80027318000793,1.69,1
234.21683382987976,1.72,1
235.556161403656,1.76,1
236.96542930603027,1.83,1
238.38619232177734,1.76,1
239.80135679244995,1.79,1
241.20872616767883,1.72,1
242.62412309646606,1.69,1
244.02439093589783,1.72,1
245.43886494636536,1.76,1
246.85524153709412,1.69,1
248.27418494224548,1.72,1
249.68745064735413,1.72,1
251.09090065956116,1.66,1
252.51526737213135,1.72,1
253.91601729393005,1.69,1
255.27066826820374,1.69,1
256.68030834198,1.76,1
258.0935003757477,1.72,1
259.5046229362488,1.72,1
260.91649889945984,1.62,1
262.3230366706848,1.72,1
263.74759435653687,1.76,1
265.1504337787628,1.72,1
266.55962562561035,1.79,1
267.97531270980835,1.83,1
269.3929114341736,1.76,1
270.8058338165283,1.76,1
272.14332818984985,1.79,1
273.56566286087036,1.79,1
274.9794762134552,1.79,1
276.3934485912323,1.76,1
277.8036255836487,1.79,1
279.2138614654541,1.76,1
280.55100870132446,1.76,1
281.97623014450073,1.79,1
283.32145166397095,1.76,1
284.73230934143066,1.76,1
286.1332492828369,1.79,1
287.54559659957886,1.69,1
288.96211552619934,1.79,1
290.37685346603394,1.76,1
291.7832295894623,1.79,1
293.2085061073303,1.76,1
294.61882400512695,1.76,1
296.02696084976196,1.76,1
297.4395363330841,1.72,1
298.8532202243805,1.76,1
300.27324652671814,1.76,1
301.6759865283966,1.76,1
303.0939631462097,1.72,1
304.50118613243103,1.72,1
305.9152729511261,1.72,1
307.3377935886383,1.76,1
308.7369329929352,1.79,1
310.1549172401428,1.72,1
311.5703926086426,1.76,1
312.98335003852844,1.76,1
314.39330983161926,1.76,1
315.80642461776733,1.79,1
317.22616386413574,1.79,1
318.6297855377197,1.79,1
320.04495000839233,1.79,1
321.3962516784668,1.76,1
322.7403082847595,1.76,1
324.0766716003418,1.79,1
325.4203681945801,1.79,1
326.7731478214264,1.79,1
328.1138913631439,1.76,1
329.52351212501526,1.76,1
330.9397883415222,1.76,1
332.2756726741791,1.76,1
333.62146973609924,1.79,1
334.96390867233276,1.76,1
336.3110890388489,1.72,1
337.7184946537018,1.76,1
339.0668456554413,1.72,1
340.4081983566284,1.72,1
341.75977540016174,1.79,1
343.1700646877289,1.72,1
344.5195014476776,1.72,1
345.9286952018738,1.72,1
347.2699086666107,1.72,1
348.6164116859436,1.72,1
349.95772790908813,1.66,1
351.29880714416504,1.66,1
352.6417715549469,1.69,1
354.0518727302551,1.62,1
355.3960337638855,1.72,1
356.7481212615967,1.66,1
358.0894150733948,1.62,1
359.42927742004395,1.69,1
360.78089690208435,1.69,1
362.19734597206116,1.55,1
363.5352716445923,1.62,1
364.9436182975769,1.55,1
366.2916901111603,1.55,1
367.71025681495667,1.52,1
369.0551061630249,1.52,1
370.39144492149353,1.55,1
371.74474716186523,1.52,1
373.1480586528778,1.52,1
374.56799030303955,1.52,1
375.90778255462646,1.55,1
377.3274166584015,1.55,1
378.66661620140076,1.55,1
380.0129928588867,1.45,1
381.36000895500183,1.55,1
382.7030668258667,1.55,1
384.1036467552185,1.59,1
385.4557468891144,1.52,1
386.87355875968933,1.55,1
388.2711932659149,1.69,1
389.6973009109497,1.76,1
391.03195691108704,1.72,1
392.3825125694275,1.72,1
393.7209439277649,1.72,1
395.1303894519806,1.76,1
396.48233008384705,1.76,1
397.8885259628296,1.69,1
399.29768776893616,1.1,1
400.6416206359863,1.72,1
401.9981496334076,1.72,1
403.40731143951416,1.72,1
404.81900548934937,1.66,1
406.23066210746765,1.72,1
407.6480634212494,1.72,1
409.0583248138428,1.66,1
410.47567868232727,1.66,1
411.8895878791809,1.69,1
413.2249846458435,1.69,1
414.57108068466187,1.55,1
415.921945810318,1.59,1
417.322979927063,1.52,1
418.7478611469269,1.52,1
420.15450263023376,1.66,1
421.49660563468933,1.69,1
422.90878534317017,1.72,1
424.3226761817932,1.69,1
425.73690533638,1.72,1
427.1428678035736,1.69,1
428.56527042388916,1.66,1
429.91325640678406,1.69,1
431.3258979320526,1.69,1
432.65710401535034,1.66,1
434.01070380210876,1.66,1
435.35052037239075,1.62,1
436.76237988471985,1.62,1
438.1714942455292,1.66,1
439.5887098312378,1.52,1
440.9967591762543,1.66,1
442.42271423339844,1.66,1
443.76415634155273,1.62,1
445.17512488365173,1.72,1
446.5818622112274,1.72,1
448.00560092926025,1.66,1
449.40809965133667,1.72,1
450.7488672733307,1.59,1
452.10080575942993,1.66,1
453.5050437450409,1.66,1
454.8482620716095,1.76,1
456.2758889198303,1.69,1
457.62025332450867,1.62,1
459.0273063182831,1.62,1
460.44082617759705,1.66,1
461.8441815376282,1.62,1
463.2543435096741,1.59,1
464.6027810573578,1.59,1
465.94429993629456,1.55,1
467.3633568286896,1.41,1
468.7105939388275,1.62,1
470.1164290904999,1.55,1
471.53491592407227,1.62,1
472.94299697875977,1.55,1
474.2859432697296,1.59,1
475.695659160614,1.59,1
477.1088910102844,1.55,1
478.5260753631592,1.59,1
479.94548749923706,1.55,1
481.34270572662354,1.55,1
482.7572033405304,1.55,1
