1.1039049625396729,-1.86,0
2.350921154022217,-1.83,0
3.559285879135132,-1.93,0
4.761273384094238,-1.86,0
9.351048469543457,370.69,1
10.763078212738037,163.9,1
12.176082849502563,136.0,1
13.581416368484497,130.69,1
14.998932123184204,129.79,1
16.40101647377014,129.66,1
17.819367170333862,129.79,1
19.231186866760254,128.72,1
20.638094425201416,117.9,1
22.046480894088745,110.07,1
23.456763982772827,107.31,1
24.877009868621826,102.38,1
26.28015446662903,97.1,1
27.698411464691162,93.62,1
29.105472087860107,90.1,1
30.523370027542114,86.1,1
31.926240921020508,83.62,1
33.28284287452698,73.17,1
34.68351078033447,78.17,1
36.02782082557678,75.76,1
37.447330713272095,71.93,1
38.78901815414429,69.9,1
40.194475412368774,68.07,1
41.61498546600342,66.03,1
43.016424894332886,63.48,1
44.440635204315186,63.14,1
45.84428405761719,59.48,1
47.26251530647278,59.07,1
48.664140462875366,57.48,1
50.081207275390625,56.34,1
51.48841667175293,54.62,1
52.896002531051636,53.03,1
54.31915760040283,18.55,1
