1.1202757358551025,-1.34,0
2.3516836166381836,-1.31,0
3.5577149391174316,-1.31,0
4.763763904571533,-1.24,0
8.352115869522095,87.17,1
9.764259576797485,170.69,1
11.169389724731445,230.28,1
12.517242908477783,282.17,1
13.93050217628479,332.0,1
15.33585524559021,358.59,1
16.744001388549805,364.21,1
18.163225173950195,358.97,1
24.45905637741089,-0.9,0
25.763817071914673,-1.07,0
27.085946559906006,-1.21,0
28.403930187225342,-1.28,0
29.72151470184326,-1.28,0
31.07919406890869,-1.28,0
32.38881492614746,-1.17,0
33.69726848602295,-1.34,0
35.0056734085083,-1.31,0
36.32908082008362,-1.38,0
37.63500165939331,-1.24,0
38.945202350616455,-1.34,0
40.30654168128967,-1.17,0
41.60824799537659,-1.31,0
42.9190776348114,-1.24,0
44.2256875038147,-1.31,0
47.83964705467224,686.07,1
49.24743914604187,776.79,1
50.653507232666016,524.48,1
52.0697066783905,279.52,1
58.4424843788147,-9.0,0
59.76658034324646,-9.24,0
61.09053707122803,-9.03,0
62.40559434890747,-9.14,0
63.73035717010498,-9.31,0
65.03853440284729,-9.31,0
66.35900568962097,-9.45,0
67.70286917686462,-9.48,0
68.9211950302124,-9.59,0
70.13343024253845,-9.55,0
71.38822937011719,-9.72,0
72.61338996887207,-9.76,0
