1.1082961559295654,0.62
2.347761631011963,0.62
3.5578885078430176,0.66
4.7668232917785645,0.72
9.336728811264038,0.69
10.749782800674438,0.76
12.162856817245483,0.72
13.564352989196777,0.69
14.977006196975708,0.69
16.39408779144287,0.66
17.813875198364258,0.69
19.151113986968994,0.66
20.567485332489014,0.69
21.912599325180054,0.69
23.314713716506958,0.21
24.666976928710938,1.45
26.079705953598022,6.07
27.494933605194092,12.62
28.905765533447266,19.59
30.312543153762817,26.38
31.722442388534546,31.59
33.135005235672,39.79
34.49077534675598,45.34
35.82854413986206,50.59
37.17756199836731,55.38
38.57452392578125,60.0
39.990501403808594,64.24
41.34102249145508,68.17
42.686044692993164,71.83
44.08360481262207,75.45
45.496777057647705,78.76
46.84793949127197,81.38
48.25815153121948,83.69
49.602725982666016,85.62
51.00666379928589,87.07
52.360475301742554,88.55
53.76863384246826,89.28
55.182146072387695,89.66
56.59421968460083,89.52
57.99413347244263,89.52
59.40528440475464,88.62
60.817057847976685,87.76
62.232120990753174,86.59
63.64311385154724,84.97
64.99271392822266,83.38
66.33834743499756,81.31
67.68129205703735,79.62
69.01737022399902,76.97
70.42595505714417,74.38
71.77382564544678,72.24
73.12041425704956,69.76
74.45753192901611,67.72
75.80063056945801,65.76
77.1496593952179,63.66
78.55505609512329,61.72
79.96292424201965,59.66
