1.1088058948516846,597.0,0
2.3410191535949707,597.66,0
3.547006845474243,597.45,0
4.748157978057861,597.31,0
9.331087350845337,601.21,1
16.63303852081299,594.79,0
17.941975593566895,596.41,0
19.24698257446289,594.86,0
20.559670448303223,595.14,0
21.8908851146698,594.31,0
23.193440914154053,595.0,0
24.505165815353394,595.0,0
25.821272373199463,594.9,0
27.129080772399902,595.21,0
28.45292615890503,593.79,0
29.75824761390686,594.79,0
31.082497119903564,593.83,0
32.42786765098572,594.45,0
33.72785973548889,592.62,0
35.04304265975952,594.14,0
36.33177614212036,593.72,0
37.6305992603302,593.45,0
38.95008039474487,593.31,0
40.249497175216675,593.48,0
41.57140827178955,592.38,0
42.89646553993225,592.62,0
44.192654848098755,593.28,0
45.517075538635254,592.72,0
46.81363296508789,591.34,0
48.113075494766235,591.34,0
49.4274787902832,591.24,0
50.72781038284302,591.9,0
52.038740396499634,590.41,0
53.37765026092529,591.59,0
54.69305729866028,591.31,0
56.0100302696228,591.14,0
57.32786750793457,590.41,0
58.65151834487915,590.21,0
59.982431173324585,589.86,0
