1.1082077026367188,6.97
2.348766803741455,7.03
3.559427499771118,7.0
4.762603521347046,7.03
9.331101655960083,7.0
10.743812799453735,7.03
12.156852722167969,8.79
13.563845872879028,11.45
14.976420402526855,14.66
16.392739057540894,18.48
17.804254055023193,22.79
19.214977979660034,27.34
20.628015756607056,31.66
22.039968729019165,35.93
23.451727628707886,40.31
24.865071773529053,44.34
26.275259971618652,47.86
27.68734884262085,51.28
29.100606441497803,54.14
30.51530170440674,56.9
31.91367268562317,58.93
33.264028549194336,60.69
34.611878395080566,62.24
35.95206117630005,63.31
37.35419249534607,64.21
38.775527477264404,64.24
40.185176372528076,64.34
41.53570079803467,64.17
42.934815645217896,64.21
44.28556418418884,63.79
45.69609832763672,63.07
47.043200969696045,62.52
48.38520932197571,61.69
49.79060244560242,60.48
51.195950508117676,59.17
52.612908363342285,57.97
54.02609848976135,56.69
55.437742471694946,55.28
56.84374809265137,53.93
58.261852502822876,52.52
59.67319893836975,51.03
61.081315994262695,49.93
62.50093603134155,48.83
63.91328954696655,48.03
65.32290720939636,47.31
66.67099261283875,46.59
68.00916051864624,46.21
69.35316276550293,45.93
70.76437616348267,45.66
72.11198663711548,45.48
73.51639246940613,45.38
74.86542272567749,45.38
76.20291900634766,45.31
77.6157648563385,45.14
79.03007698059082,45.1
80.37201452255249,45.31
81.7823052406311,45.45
83.20057082176208,45.72
84.6108934879303,46.1
85.9545111656189,46.34
87.29764080047607,46.9
88.64184021949768,47.14
90.04049634933472,47.34
91.45570755004883,47.93
92.87089538574219,48.34
94.22182273864746,48.79
95.62919807434082,49.14
97.030513048172,49.45
98.44500756263733,49.79
99.85860800743103,50.21
101.2713680267334,50.41
102.68377614021301,50.55
104.09751629829407,50.97
105.50681686401367,51.1
106.92257165908813,51.21
108.3326301574707,51.24
109.74548363685608,51.17
111.15102124214172,51.21
112.56135821342468,51.1
113.97813081741333,50.97
115.39298605918884,51.14
116.80563926696777,51.14
118.20661044120789,51.14
119.61677479743958,50.83
121.04117059707642,50.97
122.44434976577759,50.76
123.85657858848572,50.69
125.2690658569336,50.72
126.68655300140381,50.52
128.0902762413025,50.52
129.500661611557,50.55
130.85369491577148,50.34
132.25506234169006,50.14
133.66578269004822,50.24
141.03894066810608,7.0
142.35062503814697,6.97
143.66062545776367,7.0
144.97003722190857,7.0
146.28859686851501,7.0
147.5997552871704,6.97
148.91951870918274,7.03
150.23447442054749,7.07
151.58581018447876,7.1
152.90277767181396,7.0
154.22194647789001,7.03
155.53573632240295,7.03
156.8520791530609,7.1
158.1674509048462,7.03
159.48471856117249,7.0
160.79403352737427,7.03
