1.1115953922271729,8.31
2.3483006954193115,8.34
3.556353807449341,8.31
4.758918523788452,8.34
5.948241233825684,8.21
10.530297756195068,8.28
11.954589128494263,8.03
13.365469694137573,9.24
14.776427745819092,10.97
16.180938959121704,13.03
17.53130340576172,15.31
18.871392250061035,17.79
20.20380187034607,21.0
21.559906721115112,23.59
22.89894199371338,26.59
24.309250116348267,29.9
25.658388137817383,32.79
27.054303884506226,35.69
28.402276039123535,38.0
29.81220507621765,40.59
31.227177143096924,42.69
32.63984537124634,44.79
33.98538327217102,46.24
35.32607817649841,47.9
36.6753363609314,49.21
38.07903742790222,50.24
39.43281269073486,50.62
40.76705980300903,51.48
42.19005250930786,51.62
43.531869649887085,52.1
44.86480259895325,51.9
46.21574640274048,51.9
47.62923836708069,51.52
49.03035354614258,50.55
50.38125801086426,49.86
51.784475803375244,49.07
53.20892548561096,48.24
54.54845309257507,47.24
55.89318346977234,46.0
57.307618141174316,44.76
58.7196159362793,43.69
60.130051136016846,42.86
61.541548013687134,41.79
62.94102740287781,40.66
64.35308456420898,39.59
65.70108985900879,38.79
67.04358911514282,37.86
68.38648653030396,37.45
69.79769897460938,37.07
71.14453339576721,35.97
72.47754645347595,35.69
73.82526564598083,35.55
75.16773128509521,35.34
76.51771116256714,35.03
77.85105085372925,35.0
79.19972658157349,35.31
80.61186838150024,35.0
81.94872879981995,35.03
83.29878306388855,35.66
84.63443922996521,36.07
85.98075699806213,36.48
87.3330180644989,37.03
88.67518854141235,37.55
90.01381087303162,38.38
91.42474126815796,38.83
92.83409667015076,39.31
94.1859757900238,39.62
95.52126049995422,40.34
96.87009382247925,40.86
98.27842688560486,41.28
99.6920657157898,41.48
101.10444688796997,41.76
102.50460147857666,41.97
103.92661833763123,42.07
105.26369285583496,42.21
106.61333656311035,42.14
108.01364469528198,42.1
109.36344337463379,42.1
110.77309250831604,42.28
112.18355679512024,41.66
113.53585052490234,41.48
114.94449663162231,41.24
116.35751295089722,41.07
117.76883912086487,40.86
119.16929483413696,40.93
120.58288311958313,40.69
121.99872493743896,40.17
123.40662026405334,40.24
124.82474637031555,40.17
126.23565626144409,40.0
127.5842399597168,39.41
128.99317812919617,39.52
130.39512085914612,39.52
131.80998158454895,39.03
133.22868537902832,39.21
134.5633418560028,38.72
135.9099304676056,38.93
137.24365329742432,38.59
138.59448862075806,38.62
139.93003344535828,38.55
141.27868843078613,38.52
142.6848258972168,38.52
144.0965678691864,38.45
145.50778007507324,38.31
146.858900308609,38.38
148.27602291107178,38.52
149.67402696609497,38.79
151.0860631465912,38.86
152.49831676483154,39.0
153.9136927127838,38.79
155.26342749595642,38.59
156.6774184703827,39.31
158.0110433101654,39.24
159.42914152145386,40.03
160.77212285995483,39.76
162.1131308078766,40.14
163.4531066417694,40.1
164.86147046089172,40.24
166.21052598953247,40.62
167.54558205604553,40.72
168.89606356620789,40.93
170.24466156959534,40.86
171.57971811294556,41.21
172.93041610717773,40.86
174.27197670936584,41.0
175.61385583877563,40.86
177.01875710487366,41.17
178.35617589950562,40.79
179.70715832710266,40.9
181.055358171463,40.52
182.39331984519958,40.69
183.73047423362732,40.83
185.0791940689087,40.83
186.42917680740356,40.66
187.7732207775116,40.66
189.18457746505737,40.59
190.51648998260498,40.83
191.9312789440155,40.48
193.28260564804077,40.28
194.61661028862,40.38
201.93861508369446,7.79
203.23665523529053,7.72
204.54098892211914,7.62
205.87725806236267,7.69
207.1816065311432,7.79
208.4885311126709,7.59
209.7916121482849,7.59
211.0968918800354,7.66
215.67548823356628,4.66
217.09178829193115,10.59
218.50014543533325,19.41
219.91608595848083,26.38
221.24748349189758,30.28
222.6627221107483,33.24
224.0108368396759,33.83
225.3451008796692,35.41
226.69549465179443,35.97
228.10630631446838,36.34
229.4451265335083,36.34
230.79439187049866,38.03
232.12978649139404,38.28
233.54635763168335,38.48
234.89638805389404,38.55
236.23253750801086,38.52
237.57799410820007,38.52
238.9942750930786,40.83
240.32908725738525,39.28
241.74176740646362,38.62
243.09024024009705,38.66
244.4239227771759,41.14
245.83611345291138,41.79
247.2575192451477,41.93
248.65884828567505,39.55
250.01440167427063,41.52
251.34558057785034,39.66
252.75756001472473,41.55
254.11479449272156,41.76
255.52743124961853,41.83
256.9399185180664,41.97
258.3504047393799,42.03
259.7606101036072,42.03
261.0928816795349,39.79
262.5188844203949,39.1
263.93050503730774,38.93
265.3272759914398,38.86
266.74130487442017,38.41
268.09279227256775,41.21
269.50525164604187,39.55
270.9159348011017,41.55
272.32865047454834,39.48
273.65976333618164,41.69
275.07634830474854,39.72
276.4876825809479,39.48
277.898814201355,39.45
279.30897545814514,39.07
280.65815591812134,39.34
282.00678420066833,41.76
283.40486240386963,40.24
284.7551317214966,39.86
286.1034746170044,39.9
287.5148458480835,41.72
288.925888299942,40.24
290.3353433609009,39.79
291.737913608551,39.76
293.1508481502533,40.03
294.5615723133087,40.21
295.9738256931305,40.24
297.3852229118347,40.17
298.8020136356354,40.1
300.21221375465393,39.97
301.6238934993744,39.93
303.03369402885437,40.21
304.4480571746826,40.24
305.8604152202606,40.24
307.2697494029999,40.21
308.6802682876587,40.28
310.0912516117096,40.28
311.503221988678,40.31
312.9147825241089,40.41
314.327171087265,40.21
315.73815751075745,40.45
317.1613314151764,40.38
318.5585858821869,40.24
319.90925192832947,40.31
321.3203353881836,40.14
322.66998648643494,40.14
324.0022873878479,40.21
325.351779460907,40.24
326.6846697330475,40.34
328.0326566696167,40.17
329.38327503204346,40.14
330.7158827781677,40.17
332.06367087364197,40.21
333.4734764099121,40.38
334.82675194740295,40.24
336.1597547531128,40.28
337.5104365348816,40.31
338.84626746177673,40.1
340.1962659358978,40.17
341.5305643081665,40.31
342.8786163330078,40.24
344.2901668548584,40.14
345.64099168777466,40.45
346.97203516960144,40.17
348.31920766830444,40.41
349.65881156921387,38.62
351.00924706459045,40.03
352.35870909690857,40.28
353.69648361206055,40.59
355.0380449295044,40.48
356.4532186985016,40.55
357.79754304885864,40.38
359.13125014305115,40.38
360.4866816997528,38.76
361.81916904449463,40.17
363.1694161891937,40.59
364.51015162467957,40.79
365.8622827529907,40.69
367.2736232280731,40.69
368.61567878723145,38.83
369.95191049575806,40.0
371.3013050556183,40.21
372.63619232177734,40.17
373.97769594192505,40.34
375.32815527915955,40.28
376.6651895046234,40.28
378.01390838623047,40.28
379.42853832244873,40.38
380.7648298740387,40.24
382.11570167541504,40.31
383.4543857574463,40.24
384.86560106277466,38.62
386.21552896499634,39.93
387.6222336292267,40.24
388.96078085899353,40.48
390.37264680862427,40.31
391.72174739837646,38.72
393.13733530044556,40.21
394.478835105896,40.21
395.81236577033997,40.07
397.16051959991455,40.24
398.5675892829895,40.31
399.982301235199,40.24
407.2844567298889,4.03
408.591894865036,4.03
409.8971769809723,4.07
411.19661927223206,3.97
412.5143415927887,3.97
413.80905413627625,3.86
415.1108446121216,4.0
416.41507625579834,3.97
421.0346624851227,6.48
422.3670027256012,5.59
423.71959233283997,5.79
425.0686638355255,22.52
426.47819423675537,30.38
427.81303668022156,32.62
429.23704862594604,34.66
430.57845163345337,37.03
431.9873938560486,37.62
433.3213095664978,37.69
434.7415084838867,37.31
436.15143752098083,39.83
437.562628030777,40.24
438.91261625289917,40.55
440.24674558639526,40.62
441.5952515602112,40.52
443.0086929798126,40.59
444.35615277290344,40.41
445.761643409729,40.45
447.1120743751526,40.31
448.44622921943665,40.28
449.7970690727234,40.24
451.13191986083984,39.97
452.5516097545624,39.9
453.8878185749054,40.24
455.23753356933594,40.03
456.57084703445435,40.14
457.9185826778412,40.07
459.2549648284912,39.83
460.6040117740631,39.97
461.951064825058,39.9
463.36386823654175,39.21
464.77634716033936,34.17
466.1211168766022,30.86
467.4600920677185,34.14
468.8037929534912,30.31
470.21561789512634,34.38
471.5484936237335,37.55
472.89946365356445,38.45
474.30045986175537,38.72
475.6519238948822,39.31
476.986941576004,38.41
478.4117166996002,39.03
479.82418513298035,39.0
481.1601998806,39.24
482.5088038444519,38.76
483.9146251678467,38.9
485.3250050544739,38.86
486.7359879016876,38.21
488.14879727363586,38.52
489.5654764175415,38.34
490.9109673500061,39.0
492.30775809288025,38.48
493.6578800678253,39.17
495.07026720046997,39.1
496.4806778430939,39.24
497.89390563964844,39.1
499.2423748970032,39.17
500.65219807624817,38.83
501.99858593940735,40.41
503.4110040664673,35.14
504.75435066223145,35.45
506.1626057624817,36.17
507.49855518341064,36.83
508.9130382537842,37.34
510.2622539997101,43.24
511.66256880760193,38.03
513.0881323814392,38.0
514.4961457252502,38.24
515.9069547653198,38.9
517.3194313049316,39.1
518.7277226448059,38.69
520.1423101425171,39.14
521.4798464775085,39.72
522.8264904022217,40.28
524.2295479774475,40.69
525.652839422226,40.72
527.0653307437897,40.83
528.3970463275909,41.14
529.7470376491547,41.52
531.1568956375122,41.17
532.5763306617737,41.38
533.9820697307587,41.0
535.3178563117981,41.79
536.733559846878,41.76
538.0711045265198,42.48
539.4850742816925,42.21
540.8978090286255,42.62
542.2457644939423,42.83
543.6559081077576,43.1
545.07102227211,43.0
546.4813840389252,43.38
547.8940753936768,42.93
549.2286818027496,43.17
550.6400425434113,43.59
551.9973938465118,44.1
553.3314054012299,39.24
554.6845219135284,39.9
556.0187044143677,40.55
557.4332497119904,40.38
558.8468716144562,46.86
560.2582030296326,40.76
561.5963010787964,41.17
563.005341053009,40.83
564.4198477268219,41.38
565.7680025100708,41.38
567.1774232387543,41.69
568.5884697437286,41.66
570.0064177513123,41.76
571.4184787273407,37.48
572.8173935413361,37.52
574.2325022220612,38.66
575.6497354507446,39.34
577.0616161823273,39.41
578.4714543819427,39.9
579.8167374134064,40.66
581.2285950183868,40.69
582.6391780376434,43.52
584.0510256290436,40.59
585.4507482051849,41.24
586.865606546402,41.28
588.2766206264496,41.41
589.6904802322388,41.1
591.1008055210114,42.0
592.5143599510193,41.52
593.861218214035,37.69
595.2749719619751,37.45
596.6768209934235,36.38
598.0905706882477,34.76
599.5062165260315,35.97
600.9191927909851,36.38
602.2543184757233,37.62
603.6683015823364,38.45
605.0037875175476,39.38
606.416989326477,39.34
607.8289682865143,35.17
615.218736410141,2.41
616.5218906402588,1.97
617.8273265361786,1.9
619.153966665268,1.72
620.47048163414,1.76
621.7733423709869,1.62
623.0927851200104,1.48
624.4483759403229,1.31
625.6551268100739,1.28
626.8788676261902,1.17
628.0930829048157,1.1
629.2945327758789,1.1
630.5007157325745,0.9
631.7174799442291,0.79
632.9414029121399,0.66
634.1969275474548,0.34
635.411212682724,0.17
636.6374442577362,0.21
