1.1101202964782715,-0.79
2.3483498096466064,-0.69
3.5595858097076416,-0.72
4.769147872924805,-0.66
9.349536895751953,60.59
10.761101484298706,128.48
12.173161268234253,184.45
13.514594554901123,234.07
14.857295989990234,281.86
16.262994289398193,330.24
17.676650524139404,375.62
19.09418559074402,414.34
26.384990692138672,0.0
27.692914962768555,-0.38
29.007096767425537,-0.48
30.31884789466858,-0.59
31.631013870239258,-0.55
32.975260972976685,-0.59
34.285218715667725,-0.72
35.59008455276489,-0.62
36.90084791183472,-0.69
38.20767617225647,-0.72
39.51405358314514,-0.69
40.82717776298523,-0.66
42.14120149612427,-0.69
43.49117302894592,-0.79
44.7988338470459,-0.69
46.12342286109924,-0.66
