1.1056017875671387,-1.1
2.3099565505981445,-0.97
3.551027297973633,-1.0
4.756985187530518,-1.0
5.960131645202637,-1.0
10.54616379737854,1.79
11.957939147949219,1.76
13.371402502059937,1.79
14.776330947875977,1.79
16.19267439842224,1.79
17.53008246421814,1.76
18.885951042175293,1.79
20.226377248764038,2.76
21.6385235786438,2.9
23.04561185836792,3.03
24.39464044570923,3.28
25.73005747795105,3.14
27.144402265548706,2.86
28.566237688064575,2.93
29.971735954284668,3.07
31.379936695098877,13.17
32.793960094451904,15.93
34.14661502838135,17.14
35.55142068862915,7.55
36.97317028045654,14.66
38.38465213775635,16.34
39.79812812805176,7.48
41.21662902832031,14.69
42.55627179145813,16.31
43.96993684768677,17.03
45.37657928466797,7.24
46.79578185081482,4.62
48.20678925514221,13.62
49.61817145347595,6.59
51.03219437599182,14.21
52.44202542304993,16.28
53.8570818901062,7.34
55.27085089683533,4.62
56.67419171333313,13.97
58.08592629432678,6.55
59.504637002944946,14.21
60.924911975860596,6.55
62.33740949630737,14.1
63.74781036376953,6.55
65.08265519142151,4.31
66.50655126571655,3.62
67.84276151657104,3.48
69.18224954605103,3.07
70.60443902015686,3.07
72.02266144752502,3.21
73.36607074737549,3.31
74.78001809120178,3.1
76.19002556800842,3.1
77.60685515403748,13.07
78.94784808158875,15.76
80.3561692237854,17.07
81.76419925689697,7.45
83.17896246910095,4.66
84.5929548740387,13.52
86.0161406993866,6.34
87.35622692108154,4.03
88.7727301120758,3.59
90.17649483680725,13.31
91.5301742553711,15.83
92.92951250076294,16.86
94.35292434692383,7.52
95.76829481124878,14.66
97.18122267723083,16.62
98.593829870224,6.93
100.00423812866211,14.48
101.41433620452881,6.72
102.83141660690308,4.17
104.23940563201904,13.34
105.65655875205994,6.24
107.06893110275269,14.17
108.46727442741394,6.59
109.8816430568695,4.21
111.29479932785034,13.45
112.72166538238525,6.24
114.12076354026794,4.17
115.54183840751648,13.79
116.95843553543091,6.31
118.36148929595947,14.14
119.77536106109619,6.45
121.19582462310791,4.31
122.60565137863159,3.41
124.0181097984314,13.21
125.42596197128296,15.86
126.84171152114868,7.0
128.25730276107788,4.48
129.60425400733948,3.62
131.01554942131042,12.86
132.42992877960205,5.97
133.83964920043945,4.07
135.25693726539612,3.38
136.66486501693726,13.31
138.06665325164795,15.9
139.48422813415527,6.66
140.9016489982605,4.31
142.3116855621338,3.69
143.7255461215973,3.14
145.1333646774292,12.72
146.55591654777527,6.1
147.9573254585266,13.93
149.3802080154419,6.21
150.79282689094543,4.03
152.2071475982666,3.38
153.60831212997437,3.07
155.02788758277893,3.34
156.43489742279053,3.24
157.85062646865845,2.97
159.26369452476501,12.97
160.6103551387787,15.48
161.95897722244263,16.41
163.30467414855957,17.24
164.64856672286987,17.59
171.93955278396606,1.79
173.2560932636261,1.76
174.55765748023987,1.76
175.84874534606934,1.79
177.16020393371582,1.79
178.4682137966156,1.76
179.75668931007385,1.76
181.06925439834595,1.72
185.69088411331177,1.69
187.02169132232666,1.72
188.3771529197693,1.76
189.71907949447632,1.69
191.06079173088074,1.72
192.47724270820618,10.83
193.8176543712616,5.14
195.16606211662292,13.9
196.57626724243164,16.66
197.91359066963196,18.1
199.26117539405823,18.1
200.6730034351349,7.9
202.00904512405396,15.24
203.43709301948547,7.17
204.7822482585907,14.93
206.18835854530334,7.0
207.6060585975647,15.17
209.0196340084076,17.03
210.36510682106018,8.21
211.78042101860046,15.52
213.18214392662048,17.38
214.5945155620575,18.0
216.01343178749084,18.14
217.3485016822815,8.24
218.7632987499237,15.55
220.18030500411987,17.31
221.52183437347412,8.38
222.94365239143372,15.69
224.3524398803711,17.41
225.7659146785736,17.86
227.10736751556396,8.55
228.51876521110535,15.59
229.92681097984314,17.38
231.34580063819885,8.48
232.7489652633667,15.59
234.1063780784607,17.28
235.43913555145264,17.9
236.8569724559784,8.14
238.26594042778015,15.55
239.68486952781677,17.21
241.08692932128906,8.0
242.5052261352539,15.41
243.92334151268005,17.21
245.34010410308838,8.0
246.7481653690338,15.38
248.16207790374756,17.21
249.57659912109375,17.83
250.97819828987122,8.17
252.39258289337158,15.52
253.8106439113617,17.28
255.22676849365234,7.59
256.6326222419739,15.34
258.0502645969391,17.17
259.45559334754944,7.86
260.8773274421692,15.41
262.2757668495178,17.17
263.6988196372986,17.62
265.1024684906006,8.07
266.5233864784241,15.34
267.94301986694336,17.0
269.34272170066833,17.66
276.7305862903595,1.76
278.0409333705902,1.72
279.3574290275574,1.72
280.6616458892822,1.69
281.9836416244507,1.76
283.29640078544617,1.76
284.6031799316406,1.69
285.91622972488403,1.69
290.5459358692169,1.69
291.96031522750854,1.69
293.3718066215515,1.72
294.7222104072571,1.66
296.1276009082794,10.86
297.5494441986084,15.28
298.96292662620544,17.62
300.3784132003784,18.14
301.77757716178894,18.69
303.19448828697205,18.62
304.61485862731934,18.28
306.0172121524811,18.66
307.43371510505676,12.79
308.85229992866516,14.97
310.2574841976166,16.21
311.6664192676544,17.86
313.0862922668457,25.41
314.49613523483276,21.69
315.9117157459259,19.86
317.3231225013733,19.97
318.7392165660858,20.31
320.0746967792511,20.31
321.41651487350464,20.59
322.8379909992218,25.17
324.167368888855,24.28
325.52040243148804,27.21
326.8539168834686,23.69
328.2046957015991,21.97
329.5505349636078,21.69
330.8851044178009,21.0
332.2325382232666,17.21
333.5726728439331,16.21
334.991158246994,18.38
336.33774876594543,19.83
337.67935585975647,19.86
339.01742720603943,21.79
340.36164951324463,17.9
341.69596672058105,21.72
343.0455529689789,22.38
344.39581871032715,22.9
345.7954332828522,23.07
347.14505910873413,23.79
348.55912470817566,18.83
349.8929600715637,22.31
351.23627495765686,22.9
352.5895218849182,22.93
353.9332637786865,18.93
355.2679455280304,18.83
362.57457447052,-0.69
363.873250246048,-0.76
365.1812701225281,-0.86
366.47250628471375,-0.86
367.7871518135071,-0.9
369.09232783317566,-0.9
370.3890347480774,-0.9
371.6957378387451,-0.97
376.2851026058197,918.17
377.6964964866638,768.52
379.1071035861969,414.48
386.40911889076233,1.76
387.7259957790375,1.83
389.06007409095764,1.72
