1.1177408695220947,6.72
2.3544540405273438,6.69
3.5642552375793457,6.69
4.771034240722656,6.72
5.979329586029053,6.72
7.191516876220703,6.72
11.758814334869385,15.21
13.185626745223999,64.07
14.59762167930603,66.72
16.008788347244263,66.21
17.343430995941162,67.34
18.69475030899048,75.41
20.032417058944702,71.69
21.3694269657135,70.45
22.719916820526123,69.28
24.053757667541504,67.97
25.468751668930054,68.62
26.883349657058716,75.41
28.29206418991089,71.59
29.632492065429688,70.31
31.04684853553772,69.24
32.45736336708069,69.17
33.80265974998474,75.72
35.148709297180176,71.48
36.497567653656006,70.28
37.906686782836914,69.17
39.245150566101074,75.59
40.596436738967896,71.48
41.931888818740845,70.45
43.269919633865356,69.17
44.68567943572998,69.38
46.0259690284729,68.38
47.449665546417236,68.72
48.85809826850891,75.28
50.27142643928528,71.28
51.67965388298035,70.17
53.084834575653076,68.9
54.429680824279785,75.62
55.76541018486023,71.59
57.1901912689209,70.21
58.603705167770386,69.07
60.014896869659424,68.14
61.42914319038391,68.59
62.761542081832886,67.45
64.16897368431091,75.03
65.51621651649475,71.28
66.85568761825562,70.14
68.20924830436707,68.86
69.54334449768066,75.45
70.9535071849823,71.1
72.37279415130615,70.07
73.71728253364563,75.0
75.12529683113098,71.28
76.46361970901489,70.1
77.8045301437378,68.93
79.16067385673523,75.38
80.56852865219116,71.17
81.97861075401306,69.83
83.39309048652649,68.9
84.72504353523254,75.03
86.14991044998169,71.17
87.49235939979553,70.0
88.8307273387909,69.0
90.1790382862091,67.83
91.58644938468933,68.41
92.93005800247192,75.24
94.27581572532654,71.1
95.61465334892273,70.1
96.9624605178833,69.0
98.30447196960449,75.66
105.59466981887817,1.14
106.9090986251831,1.21
108.24987125396729,1.03
109.55708980560303,1.14
110.87684440612793,1.07
112.18029069900513,1.07
113.49877214431763,1.17
114.81005597114563,1.14
119.40209865570068,13.52
120.82138538360596,41.03
122.2349603176117,49.83
123.63450360298157,44.79
125.05208396911621,50.93
126.47020363807678,50.59
127.87274837493896,51.14
129.28915166854858,51.0
130.70332217216492,51.1
132.1105194091797,50.86
133.52800703048706,50.59
134.93300437927246,50.45
136.34794116020203,50.45
137.7635476589203,44.21
139.1756088733673,49.48
140.57805943489075,50.86
141.98488688468933,50.59
143.3986268043518,50.48
144.82013249397278,50.17
146.23137283325195,50.34
147.64283323287964,49.93
149.05463314056396,50.17
150.4649224281311,50.48
151.86432909965515,50.31
153.28725242614746,50.0
154.6942172050476,50.03
