1.1083612442016602,4.24,0
2.3466923236846924,4.24,0
3.5532875061035156,4.34,0
4.753927230834961,4.21,0
9.330439567565918,4.21,1
10.742002248764038,4.28,1
12.086323976516724,4.17,1
13.49899935722351,4.28,1
14.841996431350708,4.28,1
16.25498604774475,4.24,1
17.597563982009888,4.24,1
18.942019939422607,4.1,1
20.28496289253235,4.17,1
21.629127502441406,4.14,1
22.97199511528015,4.1,1
24.384000778198242,4.52,1
25.796074151992798,4.79,1
27.20885419845581,5.31,1
28.619463205337524,5.97,1
29.964991569519043,6.48,1
31.37803030014038,6.97,1
32.79011845588684,7.62,1
34.13497447967529,8.1,1
35.548301219940186,8.66,1
36.89125180244446,9.1,1
38.303319215774536,9.55,1
39.647582054138184,10.14,1
40.990580320358276,10.55,1
42.334986448287964,11.03,1
43.74802017211914,11.45,1
45.09298610687256,11.76,1
46.43699765205383,12.1,1
47.848864793777466,12.34,1
49.19396376609802,12.66,1
50.53597402572632,12.9,1
51.87990045547485,12.93,1
53.22339367866516,13.17,1
54.63501858711243,13.1,1
56.04680323600769,12.9,1
57.39067196846008,12.93,1
58.80448579788208,12.97,1
60.1470251083374,12.52,1
61.560001850128174,12.07,1
62.972463846206665,11.59,1
64.38595604896545,11.17,1
65.72798824310303,10.72,1
67.0719530582428,10.59,1
68.4147264957428,10.21,1
69.82638001441956,9.83,1
71.2383303642273,9.55,1
72.5818600654602,9.17,1
73.92397403717041,9.0,1
75.26804637908936,8.79,1
76.60996866226196,8.62,1
78.02189636230469,8.41,1
79.36566686630249,8.17,1
80.70796060562134,8.38,1
82.11908197402954,8.55,1
83.53175044059753,8.79,1
84.87496495246887,8.79,1
86.28809642791748,8.9,1
87.63240957260132,9.07,1
88.9748375415802,9.24,1
90.31805443763733,9.24,1
91.73088312149048,9.48,1
93.07396149635315,9.59,1
94.41807985305786,9.97,1
95.76095962524414,10.03,1
97.17348551750183,10.17,1
98.51691031455994,10.24,1
99.85888361930847,10.31,1
101.20382785797119,10.38,1
102.61714887619019,10.41,1
104.03040385246277,10.59,1
105.44347906112671,10.62,1
106.78594398498535,10.62,1
108.13047814369202,10.62,1
109.54295659065247,10.76,1
110.95575404167175,10.79,1
112.36796760559082,10.83,1
113.77956914901733,10.86,1
115.19187879562378,10.86,1
116.53598546981812,10.62,1
117.94753408432007,10.28,1
119.3607428073883,9.9,1
120.7727541923523,9.62,1
122.18564248085022,9.72,1
123.59721636772156,9.76,1
125.00994634628296,9.9,1
126.3529281616211,9.93,1
127.69700288772583,10.14,1
129.11037182807922,10.17,1
130.45395708084106,10.17,1
131.86619091033936,10.24,1
133.2787127494812,10.28,1
134.68994045257568,10.28,1
136.1029543876648,9.97,1
137.44753885269165,10.1,1
138.79217672348022,10.45,1
140.2048795223236,10.62,1
141.54892349243164,10.34,1
142.9609513282776,9.97,1
144.3040065765381,10.07,1
145.64856100082397,9.93,1
146.99233651161194,10.03,1
148.40540313720703,10.07,1
149.81917929649353,10.21,1
151.2309446334839,10.31,1
152.6429319381714,9.93,1
154.05493330955505,9.66,1
155.39899563789368,9.9,1
156.74280643463135,10.0,1
158.08742713928223,9.86,1
159.5018286705017,9.9,1
160.84391403198242,10.07,1
162.18919920921326,10.21,1
163.5325813293457,10.21,1
164.8771550655365,10.34,1
166.28947496414185,10.14,1
167.63433837890625,9.76,1
168.9793770313263,9.86,1
170.32290601730347,9.97,1
171.66664290428162,10.17,1
173.01091504096985,10.31,1
174.35578060150146,10.34,1
175.69960188865662,10.17,1
177.11151695251465,10.14,1
178.45594096183777,10.24,1
179.80007576942444,10.1,1
181.14393639564514,10.03,1
182.4882264137268,9.93,1
183.83191657066345,10.0,1
185.17554259300232,9.83,1
186.51990914344788,9.52,1
187.8639371395111,9.69,1
189.27897000312805,9.93,1
190.62084817886353,10.03,1
191.96599864959717,10.17,1
193.30891108512878,10.03,1
194.65445756912231,9.72,1
195.9962763786316,9.52,1
203.30888772010803,1.79,0
204.61274766921997,1.76,0
205.95460748672485,1.76,0
207.25698709487915,1.69,0
208.56274127960205,1.72,0
209.85690569877625,1.72,0
211.16164898872375,1.69,0
212.4668312072754,1.66,0
213.7781422138214,1.66,0
215.11497521400452,1.69,0
216.4208242893219,1.69,0
217.72390246391296,1.72,0
219.03289484977722,1.72,0
220.33691501617432,1.62,0
221.64489841461182,1.66,0
222.94703698158264,1.72,0
227.5576422214508,1.69,1
228.9029984474182,6.14,1
230.24668526649475,16.17,1
231.59304881095886,26.03,1
233.00489330291748,34.69,1
234.34816074371338,40.52,1
235.75989198684692,45.41,1
237.10489320755005,47.97,1
238.51787662506104,51.9,1
239.8600630760193,52.59,1
241.27225923538208,54.1,1
242.68409371376038,55.97,1
244.09618997573853,56.45,1
245.4379017353058,56.62,1
246.84852123260498,58.62,1
248.25988602638245,58.69,1
249.60388612747192,58.72,1
250.94634866714478,58.72,1
252.35687518119812,58.97,1
253.76907444000244,59.34,1
255.17986750602722,59.52,1
256.5908989906311,59.62,1
258.0028946399689,59.76,1
259.4147856235504,59.9,1
260.8268938064575,60.21,1
262.23887181282043,60.45,1
263.651141166687,60.52,1
265.06299352645874,61.07,1
266.47385597229004,60.69,1
267.81784200668335,60.93,1
269.23046255111694,61.0,1
270.6418044567108,60.83,1
272.0538682937622,58.86,1
273.46587443351746,60.0,1
274.876966714859,60.34,1
276.28848218917847,60.66,1
277.63189029693604,60.55,1
279.04357409477234,60.34,1
280.45587062835693,60.28,1
281.8684895038605,58.93,1
283.27985072135925,60.07,1
284.6909832954407,60.24,1
286.1036171913147,58.76,1
287.5134449005127,60.24,1
288.924884557724,58.83,1
290.3361928462982,60.07,1
291.74625611305237,60.66,1
293.15948033332825,58.72,1
294.5708622932434,60.21,1
301.8795020580292,1.07,0
303.1939136981964,1.03,0
304.5042304992676,1.0,0
305.81978273391724,1.03,0
307.1664888858795,0.93,0
308.4837999343872,0.93,0
309.79977011680603,1.0,0
311.10428738594055,1.0,0
315.69215178489685,0.86,1
317.1036767959595,19.07,1
318.4482936859131,37.86,1
319.7923460006714,51.76,1
321.2054045200348,63.59,1
322.5496528148651,70.31,1
323.89255952835083,76.76,1
325.23527789115906,81.34,1
326.57821917533875,83.48,1
327.92183780670166,87.17,1
329.26483941078186,89.55,1
330.607852935791,91.93,1
332.0190005302429,94.76,1
333.36245703697205,94.93,1
334.7053439617157,96.83,1
336.04744362831116,97.24,1
337.39082527160645,97.38,1
338.73407793045044,99.1,1
340.07684350013733,99.72,1
341.4198462963104,98.41,1
342.76295042037964,99.66,1
344.17325258255005,99.97,1
345.5167078971863,100.28,1
346.9295220375061,100.52,1
348.27183413505554,100.24,1
349.6828417778015,100.03,1
351.0271463394165,98.79,1
352.36906027793884,99.9,1
353.7127821445465,100.07,1
355.12492513656616,98.52,1
356.46595215797424,99.31,1
357.81094455718994,99.28,1
359.1530864238739,98.86,1
366.4442141056061,-0.17,0
367.7489082813263,0.21,0
369.0558183193207,-2.66,0
370.35652232170105,-2.31,0
371.6963357925415,-10.52,0
373.0017147064209,-326.9,0
374.3071868419647,-264.93,0
375.6068317890167,-37.76,0
376.80884552001953,-3.17,0
378.01083636283875,-0.62,0
379.2178292274475,-1.07,0
380.42276644706726,0.38,0
381.6238343715668,-2.07,0
382.8707432746887,-1.97,0
384.0796091556549,-1.97,0
385.27916169166565,-2.1,0
386.48676085472107,-1.79,0
387.69347310066223,-2.03,0
388.91171860694885,-2.07,0
