1.1085433959960938,8.07
2.3522489070892334,8.07
3.5577425956726074,8.03
4.755037069320679,8.07
9.317198038101196,7.97
10.661633253097534,8.0
12.073738813400269,8.97
13.479990720748901,11.31
14.894289016723633,16.07
16.30198073387146,23.66
17.64800715446472,32.79
18.995463848114014,44.07
20.404504776000977,57.45
21.75462555885315,70.45
23.15595507621765,83.97
24.573879718780518,98.28
25.97607922554016,112.21
27.38926601409912,125.14
28.809624671936035,136.59
30.22232437133789,146.38
31.625044345855713,154.28
33.041165590286255,159.9
34.45955681800842,163.41
35.80386137962341,165.1
37.21164417266846,164.55
38.62014555931091,162.0
40.04007577896118,157.86
41.453556537628174,152.69
42.85199999809265,146.55
44.27357292175293,140.14
45.6747465133667,133.55
47.021084785461426,127.14
48.442420959472656,121.21
49.85583186149597,115.79
51.2546021938324,110.93
52.68005919456482,106.45
54.07886791229248,103.31
55.4928023815155,101.34
56.90016770362854,100.45
58.316314697265625,100.48
59.72583866119385,100.9
61.136929988861084,102.55
