1.1056432723999023,6.45
2.352626323699951,6.48
3.5616397857666016,6.45
4.762646913528442,6.48
9.34932565689087,1.1
10.763406991958618,0.97
12.174885749816895,0.97
13.590874433517456,0.9
14.994410753250122,0.83
16.40957260131836,3.45
17.74898862838745,4.21
19.098283529281616,6.0
20.508105039596558,6.69
21.852354764938354,6.83
23.190167903900146,9.55
24.617552757263184,10.62
26.017240285873413,9.17
27.43606209754944,9.07
28.855801105499268,9.07
30.258236169815063,8.93
31.670873165130615,10.14
33.08197045326233,9.66
34.43582320213318,7.9
35.840434312820435,10.14
37.1889967918396,11.07
38.600815534591675,9.41
39.949567556381226,10.76
41.2879056930542,9.45
42.63826847076416,10.48
43.969544410705566,10.66
45.31712031364441,11.34
46.67241883277893,9.45
48.0042290687561,9.17
49.41900634765625,10.79
50.77280235290527,9.59
52.184922218322754,10.69
53.52922010421753,9.69
54.93920183181763,10.38
56.27819037437439,10.17
57.696497440338135,10.21
59.09713578224182,11.31
60.51220774650574,9.9
61.929004192352295,8.07
63.34278702735901,9.72
64.75437903404236,10.07
66.0962610244751,10.38
67.44897961616516,10.38
68.78167533874512,10.24
70.19319987297058,9.76
71.54146456718445,10.45
72.89300394058228,10.31
74.22788405418396,10.07
75.57802367210388,8.31
76.91679000854492,8.48
78.26225471496582,10.0
79.61054015159607,10.28
80.94581842422485,8.86
82.36055111885071,9.9
83.70851445198059,10.14
85.12342882156372,10.72
86.47280883789062,10.0
87.87131595611572,8.1
89.28428316116333,8.38
90.63748478889465,10.48
92.05102682113647,9.9
93.46411228179932,9.66
94.7982988357544,8.07
96.21068120002747,8.45
97.62314653396606,10.52
99.05102443695068,8.93
100.38349676132202,9.0
101.73507285118103,10.66
103.14576888084412,9.72
104.5628170967102,10.76
105.90046095848083,9.17
107.31353902816772,9.17
108.65419030189514,10.55
110.07178235054016,9.03
111.41922855377197,10.55
112.83079934120178,11.03
114.2340989112854,11.24
115.64611077308655,9.62
117.06740689277649,10.79
118.48022127151489,9.0
119.8854649066925,8.97
121.3044502735138,10.48
122.71843147277832,9.86
124.12182545661926,10.93
125.5493597984314,9.83
126.96256399154663,9.59
128.3717656135559,9.9
129.77235960960388,10.1
131.18464279174805,8.9
132.61176919937134,9.1
134.0172414779663,10.69
135.4345314502716,11.28
136.78238821029663,9.76
138.19163060188293,10.79
139.52377796173096,10.17
140.9493727684021,11.07
142.29096102714539,9.52
143.70501494407654,9.55
145.10803413391113,8.93
146.5246512889862,10.83
147.87658548355103,9.41
149.28886127471924,9.28
150.69111847877502,10.69
152.1029396057129,9.97
153.51985096931458,11.03
154.86903285980225,11.38
156.27787828445435,9.66
157.69322991371155,10.83
159.10336089134216,9.14
160.52003693580627,9.14
161.86736416816711,8.07
163.19781970977783,8.14
164.5505404472351,8.31
165.8909010887146,9.45
167.2401204109192,9.97
168.65086317062378,10.1
169.98679184913635,10.03
171.3354458808899,10.17
172.68142127990723,10.1
174.0205945968628,10.17
175.37120079994202,10.17
176.718932390213,10.21
178.0614743232727,10.24
179.47050142288208,10.17
180.82102942466736,10.31
182.15855407714844,11.17
183.5088505744934,9.34
184.84038043022156,9.93
186.1904730796814,10.14
187.54151701927185,9.52
188.87495970726013,10.86
190.22462677955627,10.17
191.63576459884644,8.31
193.04785227775574,8.38
194.39614272117615,10.83
195.80738735198975,9.45
197.15398478507996,9.83
198.49063062667847,10.07
199.9033534526825,10.14
201.25383234024048,10.17
202.66275453567505,10.24
204.0760452747345,10.21
205.41350674629211,10.17
206.82962012290955,9.0
208.1706862449646,11.07
209.5216941833496,9.76
210.85795903205872,10.83
212.2836298942566,10.07
213.6255168914795,8.28
215.02919363975525,10.69
216.3797721862793,9.0
217.79868960380554,9.21
219.13661980628967,9.72
220.55142402648926,10.14
221.96575784683228,10.21
223.37219095230103,9.76
224.72008562088013,11.28
226.1243190765381,9.79
227.47807264328003,9.86
228.89071607589722,11.28
230.23761105537415,9.34
231.65104746818542,10.03
233.05957436561584,10.21
234.39590191841125,10.31
235.82000517845154,10.34
237.2300055027008,9.03
238.56517505645752,11.1
239.97838234901428,9.62
241.32998180389404,8.79
242.74324083328247,8.55
244.15873050689697,9.66
245.56323766708374,10.1
246.97532320022583,9.14
248.32114601135254,11.24
249.67444133758545,9.9
251.08626651763916,9.97
252.49923586845398,8.9
253.9079921245575,9.28
255.25668215751648,10.83
256.668612241745,10.0
258.0032181739807,8.31
259.4200031757355,9.69
260.7683734893799,10.21
268.07785415649414,0.79
269.384158372879,0.66
270.72823786735535,0.69
272.0296890735626,0.66
273.3288516998291,0.69
274.63710618019104,0.55
275.9435124397278,0.55
277.24737882614136,0.59
281.8478479385376,0.55
283.2612066268921,0.52
284.6620578765869,6.03
286.07072472572327,12.97
287.49867963790894,18.55
288.9113314151764,23.79
290.3176462650299,25.79
291.72753620147705,26.52
293.1389145851135,26.52
294.552122592926,26.69
295.96363592147827,26.97
297.3741383552551,28.31
298.7857451438904,28.48
300.20687222480774,28.62
301.610125541687,28.69
302.9553816318512,28.59
304.37062406539917,28.72
305.7858293056488,31.21
307.1860280036926,30.62
308.5953905582428,31.55
310.0107524394989,29.72
311.35306572914124,28.79
312.76657366752625,28.76
314.181791305542,30.97
315.5960555076599,30.14
316.9954352378845,29.69
318.4133093357086,28.9
319.76452016830444,29.1
321.16334676742554,30.83
322.5140540599823,29.31
323.9260642528534,28.93
325.26677942276,30.83
326.67486214637756,29.24
328.09727025032043,30.14
329.5077135562897,29.1
330.8398747444153,29.41
332.18191027641296,29.07
333.53615951538086,31.07
334.8790502548218,31.76
336.2209873199463,31.83
337.6357936859131,30.21
338.96752524375916,29.45
340.3810918331146,31.34
341.7298550605774,29.62
343.06794261932373,31.14
344.41976714134216,29.66
345.8218264579773,29.41
347.16358757019043,31.24
348.5767869949341,29.66
349.9822702407837,29.21
351.39592957496643,29.24
352.7476878166199,29.34
354.1581037044525,31.21
355.5733439922333,29.62
356.9845654964447,30.59
358.3249273300171,29.69
359.7383680343628,29.14
361.0736074447632,29.07
362.49345088005066,29.03
363.83709836006165,29.0
365.1687285900116,31.1
366.52362084388733,30.28
367.9324219226837,29.48
369.2779040336609,31.45
376.58286905288696,0.62
377.88978266716003,0.55
379.22437930107117,0.52
380.53156757354736,0.52
381.823118686676,0.45
383.12769961357117,0.52
384.43106722831726,0.45
385.73961186408997,0.45
390.32385754585266,0.41
391.7444269657135,6.14
393.1471848487854,16.24
394.49685525894165,24.97
395.91036224365234,32.21
397.25982785224915,36.48
398.6729416847229,41.17
400.0840120315552,42.72
401.4165802001953,44.55
402.8364477157593,46.38
404.2463984489441,46.93
405.5800838470459,47.1
406.99476289749146,48.76
408.4050660133362,49.24
409.75878715515137,49.52
411.1044690608978,49.59
412.4378938674927,49.41
413.7931203842163,49.48
415.20384979248047,49.45
416.5366041660309,49.45
417.88639640808105,49.45
419.2249422073364,49.48
420.5662326812744,49.41
421.9786014556885,49.55
423.3214998245239,49.45
424.6712238788605,50.83
426.08799958229065,49.79
427.423846244812,50.97
428.7732400894165,49.83
430.1067650318146,50.97
431.51650524139404,50.14
432.9288213253021,49.72
434.3392376899719,49.59
435.6932649612427,49.45
437.1061658859253,49.48
438.4430193901062,49.52
439.8566298484802,49.69
441.1912593841553,50.83
442.5339879989624,50.07
443.883905172348,49.79
445.30090069770813,49.59
452.6836655139923,0.24
453.9896957874298,0.28
455.308470249176,0.24
456.62730741500854,0.17
457.9208438396454,0.14
459.2372353076935,0.24
460.53876066207886,0.24
461.8851499557495,0.21
466.4761061668396,0.21
467.87947368621826,9.83
469.2287437915802,22.79
470.64424180984497,37.0
471.9912357330322,45.24
473.4042663574219,53.14
474.8137700557709,58.14
476.22905445098877,61.1
477.6261603832245,63.48
479.0525975227356,64.34
480.46352076530457,65.72
481.8662974834442,66.34
483.20424222946167,68.21
484.6249120235443,68.79
486.0407700538635,68.97
487.4428861141205,68.9
488.8599591255188,68.83
490.27354431152344,68.97
491.6801414489746,70.21
493.08826971054077,70.55
494.4987201690674,70.76
495.9125039577484,70.86
497.3252136707306,69.66
498.7402677536011,70.41
500.15059542655945,70.48
501.5706808567047,69.62
502.97809410095215,69.17
504.38883447647095,70.31
505.80144023895264,70.69
507.2153241634369,70.83
514.5154957771301,-0.17
515.8343572616577,-0.17
517.1516041755676,-0.14
518.4692053794861,-0.1
519.7798063755035,-0.03
521.096853017807,-0.1
522.4419512748718,-0.07
523.7622811794281,-0.17
528.3608388900757,248.48
529.7747049331665,324.31
531.1897609233856,345.41
532.6044745445251,333.59
534.0210907459259,288.86
535.4273569583893,245.66
536.8364946842194,210.59
544.16623878479,-0.66
545.4851734638214,-0.59
546.7922477722168,-0.55
548.1078507900238,-0.55
549.4256117343903,-0.59
550.7448699474335,-0.52
552.0645413398743,-0.62
553.4127726554871,-0.48
554.6317353248596,-0.45
555.8418033123016,-0.55
557.0602016448975,-0.45
558.2591753005981,-0.52
559.4680395126343,-0.45
560.680900812149,-0.41
561.9451625347137,-0.41
563.170158624649,-0.48
