1.1101040840148926,-1.38,0
2.346618890762329,-1.41,0
3.5534915924072266,-1.48,0
4.7551374435424805,-1.41,0
5.959234237670898,-1.55,0
7.171815395355225,-1.55,0
8.377256870269775,-1.52,0
9.588759183883667,-1.62,0
10.79778528213501,-1.55,0
12.03337812423706,-1.62,0
16.625642776489258,0.62,1
17.973740577697754,6.48,1
19.38655400276184,22.9,1
20.73087501525879,30.48,1
22.06622552871704,36.0,1
23.484092950820923,38.07,1
24.88660454750061,38.55,1
26.302464723587036,38.34,1
27.718507766723633,41.07,1
29.12181043624878,41.62,1
30.54497981071472,38.72,1
31.948992013931274,38.03,1
33.36327004432678,40.69,1
34.713868379592896,38.28,1
36.125046730041504,40.41,1
37.52455401420593,41.0,1
38.943949699401855,40.93,1
40.35339713096619,40.86,1
41.70467185974121,41.0,1
43.10759139060974,40.72,1
44.525383949279785,40.86,1
45.8626434803009,40.48,1
47.274041414260864,40.76,1
48.694541454315186,38.03,1
50.09746336936951,40.14,1
51.51105499267578,40.62,1
52.919841051101685,37.97,1
54.3367714881897,40.38,1
55.741729736328125,40.83,1
57.15940070152283,40.97,1
58.57070708274841,40.9,1
59.985471963882446,38.1,1
61.391828775405884,37.38,1
62.80927777290344,40.59,1
64.21482539176941,41.1,1
65.55580234527588,41.45,1
66.89647436141968,40.79,1
68.24486684799194,41.1,1
69.65768957138062,41.07,1
71.00027298927307,37.9,1
72.40795707702637,40.03,1
73.82302260398865,40.41,1
75.16163349151611,40.72,1
76.50221872329712,40.59,1
77.91702723503113,40.55,1
79.3364429473877,40.34,1
80.73837876319885,40.38,1
88.04202461242676,-1.86,0
89.3536524772644,-1.79,0
90.64591550827026,-1.83,0
91.95322918891907,-1.93,0
93.2507209777832,-1.86,0
94.55730175971985,-1.9,0
95.89814519882202,-1.79,0
97.20420527458191,-1.83,0
98.49156475067139,-1.86,0
99.80081224441528,-1.83,0
101.10893774032593,-1.86,0
102.4156928062439,-1.72,0
103.72122836112976,-1.79,0
105.02766251564026,-1.76,0
106.36904072761536,-1.72,0
107.66824984550476,-1.86,0
112.25625252723694,584.17,1
113.67357969284058,704.1,1
115.07220482826233,483.48,1
116.49317526817322,308.66,1
117.90508985519409,197.14,1
119.30680727958679,131.41,1
120.72716331481934,96.03,1
122.06431460380554,78.45,1
123.40854859352112,69.52,1
124.82931184768677,63.17,1
126.23142385482788,61.41,1
133.5330126285553,-1.1,0
134.84352707862854,-1.28,0
136.1506998538971,-1.24,0
137.49500703811646,-1.24,0
138.80289959907532,-1.28,0
140.1109013557434,-1.21,0
141.42052245140076,-1.24,0
142.7189497947693,-1.24,0
147.31624794006348,578.0,1
148.732572555542,724.48,1
150.13644862174988,509.48,1
151.55414271354675,337.21,1
152.9657199382782,231.93,1
154.38081312179565,169.55,1
155.79293704032898,136.0,1
157.20211815834045,118.07,1
158.621928691864,108.38,1
160.0304458141327,106.41,1
161.4447569847107,101.93,1
162.85748672485352,99.0,1
164.26783227920532,98.93,1
165.67279767990112,101.38,1
