1.1155436038970947,-0.66
2.3467257022857666,-0.45
3.5537469387054443,-0.59
4.762772083282471,-0.66
7.5402069091796875,11.0
8.876450061798096,24.9
10.283644676208496,38.69
11.69424319267273,51.59
13.119935989379883,62.52
14.531964302062988,72.24
15.943994998931885,81.52
17.341973066329956,90.45
18.69128131866455,98.76
22.373230934143066,0.86
23.69183611869812,0.17
25.006247758865356,-0.1
26.322869539260864,-0.34
27.67317271232605,-0.48
28.975196838378906,-0.41
30.298781394958496,-0.55
31.631096363067627,-0.48
32.9422972202301,-0.41
34.25863075256348,-0.59
35.565197706222534,-0.66
36.88189458847046,-0.66
38.218708753585815,-0.55
39.547454833984375,-0.66
40.84871530532837,-0.69
42.184680223464966,-0.59
