1.1150107383728027,-2.72,0
2.3496205806732178,-2.9,0
3.5546698570251465,-3.24,0
4.762698650360107,-3.72,0
9.339232921600342,17.38,1
10.682846546173096,10.31,1
12.095866441726685,22.17,1
13.494271039962769,23.86,1
14.908486604690552,21.0,1
16.319972276687622,27.45,1
17.664908409118652,29.86,1
19.014036655426025,32.14,1
20.42694854736328,29.66,1
21.845110654830933,29.14,1
23.189146041870117,33.31,1
24.602179765701294,31.07,1
26.01421570777893,26.24,1
27.4272518157959,29.72,1
28.759117364883423,29.97,1
30.183322191238403,34.07,1
31.582136631011963,31.07,1
33.00596570968628,29.69,1
34.34411358833313,28.52,1
35.68698740005493,28.21,1
37.02721381187439,30.76,1
38.4398934841156,34.9,1
39.78162860870361,33.97,1
41.13265657424927,30.34,1
42.535133838653564,26.76,1
43.95070266723633,29.97,1
45.29479384422302,36.28,1
46.712984561920166,41.1,1
48.11695647239685,43.52,1
49.53680777549744,33.72,1
50.943315505981445,28.1,1
52.35630249977112,30.41,1
53.69788956642151,34.31,1
55.03515315055847,35.72,1
56.45153188705444,33.76,1
57.87070918083191,31.03,1
59.271552085876465,27.24,1
60.68607783317566,28.1,1
62.09702181816101,25.14,1
63.51382637023926,26.9,1
64.92996764183044,24.52,1
66.34122967720032,27.59,1
67.68426299095154,28.79,1
69.02670621871948,28.86,1
70.43429565429688,28.76,1
71.84010457992554,28.76,1
73.18871569633484,29.0,1
74.5981593132019,25.97,1
75.94812822341919,27.79,1
77.2849473953247,25.66,1
78.63238596916199,27.52,1
80.03617644309998,25.52,1
81.4566171169281,27.83,1
82.86159205436707,29.83,1
84.27117729187012,28.24,1
85.61404943466187,28.52,1
87.03474569320679,29.93,1
88.44337892532349,32.52,1
89.78381395339966,31.28,1
91.18680572509766,29.0,1
92.61365365982056,29.41,1
94.01489925384521,28.86,1
95.35322904586792,30.14,1
96.77275204658508,28.93,1
98.19202518463135,28.45,1
99.59013962745667,30.66,1
100.93760633468628,33.1,1
102.3505311012268,30.17,1
103.75888562202454,32.76,1
105.17070364952087,30.21,1
106.58168816566467,28.52,1
107.9919900894165,28.52,1
109.34930777549744,29.9,1
110.75984191894531,29.52,1
112.09335231781006,33.1,1
113.51162004470825,31.07,1
114.9189715385437,33.07,1
116.33949685096741,29.9,1
117.74175500869751,28.45,1
119.15085911750793,28.59,1
120.5733277797699,28.9,1
121.97547745704651,28.86,1
123.380136013031,32.66,1
124.80563282966614,29.0,1
126.21705222129822,25.34,1
127.62805461883545,21.97,1
129.03656673431396,31.55,1
130.45436215400696,38.62,1
131.7871527671814,34.03,1
133.19611310958862,31.14,1
134.60623955726624,26.31,1
136.023029088974,22.93,1
137.37572145462036,27.24,1
138.78704500198364,39.34,1
140.13007044792175,41.07,1
141.5327820777893,38.28,1
142.88224601745605,31.86,1
144.2863690853119,27.31,1
145.7008171081543,24.59,1
147.1119258403778,23.1,1
148.52307677268982,22.14,1
149.93134689331055,31.72,1
151.35448956489563,32.07,1
152.76381826400757,30.07,1
154.1665964126587,29.45,1
155.59146761894226,25.72,1
156.9998219013214,22.17,1
158.39968848228455,24.59,1
159.81976532936096,32.24,1
161.15557026863098,34.41,1
162.50545978546143,33.93,1
163.85429549217224,32.62,1
165.19643568992615,30.9,1
166.60774326324463,28.52,1
167.94386625289917,24.76,1
169.28435254096985,23.69,1
170.6381311416626,22.14,1
172.038512468338,23.34,1
173.38945984840393,32.38,1
174.73321795463562,33.48,1
176.07020807266235,30.62,1
177.48745846748352,27.76,1
178.82137632369995,24.1,1
180.1698067188263,21.93,1
181.51620435714722,24.83,1
182.93115139007568,31.14,1
184.26082491874695,29.45,1
185.68487191200256,28.41,1
187.0239074230194,25.41,1
188.432354927063,23.24,1
189.7781765460968,22.03,1
191.1815161705017,22.48,1
192.60136890411377,24.0,1
193.94944620132446,25.41,1
195.292094707489,27.66,1
196.69677233695984,25.21,1
198.11022281646729,24.45,1
199.52791929244995,26.76,1
200.8614685535431,27.1,1
202.2160303592682,24.38,1
203.54863381385803,24.45,1
204.9017014503479,21.83,1
206.2338056564331,26.83,1
207.58218097686768,31.48,1
208.93011951446533,29.86,1
210.33638381958008,27.62,1
211.74322390556335,27.17,1
213.1612412929535,27.38,1
214.49644541740417,27.07,1
215.90781211853027,27.55,1
217.31982851028442,27.45,1
218.66211557388306,27.38,1
220.08709836006165,24.62,1
221.4867868423462,26.45,1
222.83098673820496,23.28,1
224.1847267150879,24.83,1
225.51938724517822,22.66,1
226.9291172027588,24.69,1
228.27605175971985,21.69,1
229.61300921440125,23.93,1
230.95991468429565,24.9,1
232.37403416633606,28.1,1
233.71911072731018,27.48,1
235.11878371238708,27.0,1
236.46892881393433,26.83,1
237.88787126541138,25.1,1
239.22480535507202,22.72,1
240.64310550689697,25.24,1
242.0552477836609,23.45,1
243.46667194366455,22.24,1
244.79806327819824,20.45,1
246.21181726455688,23.59,1
247.62246823310852,24.03,1
248.9650797843933,24.41,1
250.38885855674744,24.83,1
251.79550647735596,25.48,1
253.20682501792908,26.38,1
254.6155116558075,26.83,1
256.03110122680664,27.48,1
257.3732604980469,27.52,1
258.79458451271057,24.69,1
260.192747592926,23.69,1
261.60474491119385,26.93,1
263.02496314048767,24.03,1
264.4419991970062,23.1,1
265.8513722419739,21.14,1
267.1954560279846,23.69,1
274.4892282485962,-1.0,0
275.78895473480225,-1.14,0
277.10537099838257,-1.17,0
278.41984009742737,-1.17,0
279.73995423316956,-1.24,0
281.0682809352875,-1.31,0
282.3808605670929,-1.24,0
283.69834661483765,-1.31,0
288.2808518409729,429.28,1
289.6937370300293,511.76,1
291.1045207977295,410.21,1
292.52420139312744,56.72,1
293.93268489837646,374.52,1
295.3504023551941,292.0,1
296.75089859962463,250.45,1
298.1735520362854,140.31,1
299.58707666397095,103.76,1
300.9890537261963,77.72,1
302.4078974723816,68.69,1
303.81734251976013,67.83,1
305.22097086906433,61.31,1
306.64579010009766,63.59,1
308.05462193489075,89.83,1
309.4673306941986,73.17,1
310.8645853996277,67.03,1
312.2779417037964,64.83,1
313.695595741272,59.48,1
315.099732875824,78.45,1
316.52451372146606,69.62,1
317.8594264984131,65.28,1
319.26583218574524,69.59,1
320.6181449890137,63.72,1
321.9634747505188,59.83,1
323.29777216911316,59.24,1
324.6430985927582,60.59,1
326.052214384079,58.76,1
327.4053008556366,59.21,1
328.7405433654785,60.24,1
330.08831214904785,60.52,1
331.43363857269287,61.07,1
332.7729489803314,58.38,1
334.1179418563843,57.03,1
335.46448254585266,52.86,1
336.80445289611816,62.17,1
338.20482635498047,60.21,1
339.5564959049225,57.79,1
340.90338373184204,58.14,1
342.24507427215576,55.59,1
343.5908098220825,54.69,1
344.9279975891113,52.69,1
346.3367290496826,54.55,1
347.67953991889954,57.0,1
349.02473521232605,55.14,1
350.44067215919495,54.45,1
351.7873456478119,57.69,1
353.1239984035492,60.24,1
354.54056215286255,65.31,1
355.88600492477417,61.86,1
363.2075936794281,-1.07,0
364.5097908973694,-1.21,0
365.81465578079224,-1.17,0
367.15137696266174,-1.03,0
368.4547839164734,-1.34,0
369.73895049095154,-1.24,0
371.05009722709656,-1.31,0
372.35825967788696,-1.34,0
376.9277398586273,5.83,1
378.2788414955139,20.48,1
379.69139981269836,51.03,1
381.0381090641022,68.28,1
382.45319056510925,72.62,1
383.78500485420227,78.07,1
385.14323830604553,80.21,1
386.54043769836426,80.34,1
387.95504879951477,87.14,1
389.3740088939667,85.79,1
390.779593706131,79.28,1
392.19839906692505,84.79,1
393.5972902774811,89.69,1
395.00847482681274,88.14,1
396.35778045654297,90.48,1
397.7699520587921,87.62,1
399.11591935157776,90.93,1
400.52695751190186,91.45,1
401.8746576309204,95.48,1
403.20973014831543,89.03,1
404.629677772522,95.38,1
406.03736424446106,91.93,1
407.44536685943604,92.0,1
408.8608193397522,91.34,1
410.19408893585205,92.1,1
411.5529022216797,92.34,1
412.95426297187805,92.28,1
414.3657555580139,89.59,1
415.7050006389618,88.93,1
417.0514121055603,91.76,1
418.466463804245,92.14,1
419.80648922920227,89.76,1
421.220694065094,91.86,1
422.5697588920593,90.1,1
423.91418075561523,89.52,1
425.31354784965515,89.21,1
426.6651394367218,92.0,1
428.07617115974426,92.52,1
429.4764885902405,92.72,1
430.8342866897583,90.34,1
432.24739718437195,89.76,1
433.58896136283875,89.48,1
435.00106620788574,89.76,1
436.4061133861542,89.86,1
437.8214066028595,89.72,1
439.23541617393494,89.72,1
440.5667715072632,89.93,1
441.9874577522278,90.17,1
443.3356912136078,90.14,1
444.736927986145,90.14,1
446.14975333213806,90.38,1
447.48969435691833,90.41,1
448.91510796546936,90.62,1
450.32033801078796,90.62,1
451.7273886203766,90.76,1
453.07948184013367,90.83,1
454.4126965999603,91.03,1
455.8386261463165,90.93,1
457.24619460105896,90.86,1
458.65280532836914,90.97,1
460.06293845176697,90.86,1
461.47688031196594,88.31,1
468.79152750968933,-1.28,0
470.10077357292175,-1.31,0
471.44895792007446,-1.34,0
472.75524163246155,-1.38,0
474.06700682640076,-1.41,0
475.36092138290405,-1.34,0
476.6797912120819,-1.38,0
477.9941973686218,-1.48,0
482.59879755973816,24.21,1
483.9423017501831,61.86,1
485.34930896759033,93.86,1
486.770103931427,120.86,1
488.1863925457001,148.62,1
489.58698534965515,174.45,1
491.0023937225342,198.93,1
492.4189372062683,220.86,1
493.8286633491516,241.17,1
495.23577094078064,253.79,1
496.64930987358093,259.62,1
498.06507539749146,260.07,1
499.47071743011475,256.72,1
500.8836889266968,248.38,1
502.29222536087036,236.72,1
503.70777010917664,223.97,1
505.11184763908386,212.83,1
506.52402091026306,201.76,1
507.93885588645935,191.28,1
509.34574913978577,181.17,1
510.76036834716797,171.48,1
512.1788895130157,162.55,1
513.5900864601135,153.79,1
514.9992878437042,145.59,1
516.4106841087341,138.14,1
517.8246967792511,130.52,1
519.2275538444519,123.52,1
520.6389260292053,117.24,1
522.0539226531982,111.1,1
523.400928735733,105.28,1
524.8147685527802,99.83,1
532.119603395462,-1.38,0
533.4663436412811,-1.34,0
534.7942042350769,-1.38,0
536.1003255844116,-1.41,0
537.400324344635,-1.38,0
538.7103819847107,-1.45,0
540.0311887264252,-1.41,0
541.33953166008,-1.45,0
542.5489280223846,-1.45,0
543.7955644130707,-1.38,0
544.9905211925507,-1.38,0
546.2000415325165,-1.38,0
547.4218316078186,-1.48,0
548.6233141422272,-1.38,0
549.8513085842133,-1.52,0
551.0639672279358,-1.48,0
