1.1036944389343262,-1.1,0
2.3485050201416016,-1.07,0
3.5570106506347656,-1.21,0
4.7636284828186035,-2.62,0
5.977160215377808,-1.24,0
7.177090883255005,-1.24,0
11.789550304412842,196.17,1
13.204955577850342,24.17,1
14.619301795959473,4.86,1
16.032251834869385,1.31,1
17.434914350509644,0.28,1
18.77768564224243,-0.14,1
20.126753330230713,-0.24,1
21.46763014793396,-0.52,1
22.887699604034424,-0.62,1
24.305397987365723,-0.72,1
25.715537548065186,-0.41,1
27.11902928352356,-0.79,1
28.54062056541443,-0.38,1
29.958028078079224,-0.9,1
31.36400532722473,-0.66,1
32.78323435783386,-0.69,1
34.18600559234619,-0.9,1
35.53307628631592,-0.69,1
36.94943857192993,-0.79,1
38.35257411003113,-0.79,1
39.70692038536072,-1.0,1
41.116992712020874,-2.62,1
42.53439688682556,-66.45,1
43.937597036361694,-7.72,1
45.35916447639465,-4.55,1
46.77211618423462,1.24,1
48.176387548446655,192.07,1
49.58889412879944,25.31,1
51.00680446624756,5.34,1
52.42478632926941,2.52,1
53.82901668548584,2.79,1
55.250383138656616,-3.0,1
56.65560960769653,-0.24,1
58.07410144805908,-0.76,1
59.48082375526428,-0.72,1
60.90064096450806,-0.69,1
62.304309606552124,-0.69,1
63.73150706291199,-0.69,1
65.07477355003357,-1.0,1
66.48708415031433,-0.76,1
