1.105015754699707,-1.86,0
2.3506219387054443,-1.86,0
3.560676097869873,-1.97,0
4.759030342102051,-1.93,0
9.335533857345581,-1.07,1
10.754979133605957,-0.76,1
12.162955522537231,-0.45,1
13.58515739440918,-0.59,1
14.989630699157715,-0.52,1
16.40864634513855,-0.59,1
17.81505846977234,-0.55,1
19.23565101623535,-0.48,1
20.570730447769165,-0.72,1
21.99301791191101,-0.86,1
23.39875602722168,0.34,1
24.74711036682129,0.34,1
26.090155839920044,0.69,1
27.4949312210083,0.55,1
28.90485143661499,1.0,1
30.32786226272583,1.1,1
31.730169773101807,1.62,1
33.142584562301636,1.62,1
34.48843312263489,1.62,1
35.82879137992859,1.76,1
37.25103044509888,1.83,1
38.59241223335266,1.79,1
40.00148153305054,1.86,1
41.41880464553833,1.9,1
42.833680391311646,2.24,1
44.1751344203949,2.21,1
45.5156831741333,2.17,1
46.858269453048706,2.1,1
48.275187969207764,2.9,1
49.69079852104187,2.86,1
51.104740858078,2.93,1
52.50749754905701,2.79,1
53.93598175048828,3.24,1
55.34638690948486,3.17,1
56.68734884262085,3.21,1
58.09081959724426,3.14,1
59.51235890388489,3.24,1
60.92589068412781,3.79,1
62.34283423423767,3.79,1
63.747453927993774,3.76,1
65.08723044395447,3.76,1
66.50561690330505,3.83,1
67.85939764976501,3.76,1
69.26716589927673,3.79,1
70.68346834182739,4.21,1
72.0922679901123,4.21,1
73.44132494926453,4.17,1
74.77964901924133,4.03,1
76.11937618255615,4.17,1
77.46856188774109,4.17,1
78.81012082099915,4.1,1
80.15939855575562,4.17,1
81.56399846076965,4.17,1
82.91692328453064,4.21,1
84.3209433555603,4.24,1
85.72929763793945,4.34,1
87.0870954990387,4.41,1
88.43056964874268,4.76,1
89.77214860916138,4.69,1
91.17586970329285,4.76,1
92.53103446960449,4.72,1
93.93734884262085,4.72,1
95.27379536628723,4.66,1
96.69290018081665,4.66,1
98.098965883255,4.66,1
99.51787304878235,4.59,1
100.92180848121643,4.66,1
102.34838819503784,4.59,1
103.75973987579346,4.62,1
105.17467594146729,4.52,1
106.57635283470154,4.62,1
107.9941475391388,4.62,1
109.41293382644653,4.69,1
110.81806063652039,4.69,1
112.23811459541321,4.76,1
113.6441433429718,4.9,1
115.06206965446472,4.79,1
116.46731781959534,4.9,1
117.88883233070374,5.1,1
119.30111026763916,5.0,1
120.7110047340393,5.03,1
122.12920117378235,5.0,1
123.52899765968323,4.93,1
124.94617652893066,4.93,1
126.35378813743591,4.9,1
127.77419400215149,4.93,1
129.17745280265808,4.93,1
130.59397268295288,4.97,1
132.0031442642212,5.0,1
133.41979336738586,4.9,1
134.83883690834045,4.9,1
136.17465162277222,4.9,1
137.59662079811096,4.9,1
139.0126974582672,5.03,1
140.41585183143616,4.97,1
141.83464550971985,5.0,1
149.1612730026245,-1.0,0
150.50446367263794,-1.0,0
151.81377053260803,-1.03,0
153.1416015625,-0.93,0
154.4501724243164,-1.03,0
155.76403665542603,-1.07,0
157.0753049850464,-1.07,0
158.40241646766663,-1.14,0
163.02969551086426,-1.41,1
164.456134557724,-1.28,1
165.79255771636963,-1.17,1
167.20860862731934,-1.17,1
168.5503466129303,-1.17,1
169.96134996414185,-1.0,1
171.30109477043152,0.28,1
172.7258129119873,0.52,1
174.12610602378845,1.21,1
175.5472161769867,1.45,1
176.89155507087708,1.52,1
178.22958636283875,1.79,1
179.6472873687744,1.86,1
181.05309009552002,2.38,1
182.40638518333435,2.62,1
183.7462775707245,3.31,1
185.15155482292175,3.72,1
186.57330703735352,3.83,1
187.99257731437683,4.24,1
189.33396887779236,4.79,1
190.674152135849,4.83,1
192.01630353927612,5.21,1
193.3575563430786,5.31,1
194.77776432037354,5.69,1
196.18021035194397,5.66,1
197.52674531936646,6.21,1
198.94794750213623,6.21,1
200.3523509502411,6.55,1
201.69702172279358,6.41,1
203.1083357334137,6.52,1
204.46363043785095,7.07,1
205.8620126247406,7.14,1
207.28566884994507,7.28,1
208.63203859329224,7.38,1
209.9777855873108,7.41,1
211.3180513381958,7.41,1
212.66746187210083,7.31,1
214.0754177570343,7.86,1
215.4112687110901,7.83,1
216.82985043525696,7.97,1
218.24924612045288,7.86,1
219.59335112571716,8.24,1
221.00557112693787,8.21,1
222.41614055633545,8.17,1
223.82897567749023,8.17,1
225.2349033355713,8.69,1
226.65142703056335,8.76,1
228.05845618247986,8.76,1
229.47738194465637,8.72,1
230.8184952735901,8.76,1
232.15790438652039,8.76,1
233.57708597183228,8.72,1
234.92058801651,9.14,1
236.32856512069702,9.07,1
237.75358867645264,9.03,1
239.15633416175842,9.1,1
240.57851433753967,9.24,1
241.99233484268188,9.03,1
243.39756083488464,9.1,1
244.8031268119812,9.1,1
246.22304368019104,9.03,1
247.6333429813385,9.1,1
249.05396676063538,9.45,1
250.46795177459717,9.55,1
251.8705689907074,9.41,1
253.28281784057617,9.38,1
254.70134687423706,9.38,1
256.1182005405426,9.48,1
257.52213525772095,9.41,1
258.94260716438293,9.41,1
260.34532737731934,9.34,1
261.76435256004333,9.31,1
263.1118357181549,9.31,1
264.5182240009308,9.28,1
265.9240734577179,9.38,1
267.35003423690796,9.38,1
268.76442193984985,9.52,1
270.16792345046997,9.55,1
271.58499789237976,9.48,1
272.9938893318176,9.59,1
274.4111261367798,9.48,1
275.8282685279846,9.41,1
277.23839712142944,9.55,1
278.6407902240753,9.45,1
280.06067943573,9.48,1
281.4655637741089,9.41,1
282.8886215686798,9.41,1
284.30446338653564,9.34,1
285.7049424648285,9.48,1
287.12988901138306,9.45,1
288.53160881996155,9.38,1
289.94035840034485,10.0,1
291.36469316482544,10.0,1
292.7791304588318,9.9,1
294.1245987415314,9.97,1
295.5328800678253,10.03,1
296.9423553943634,9.9,1
298.3475008010864,9.93,1
299.76643991470337,9.97,1
301.17602920532227,10.0,1
302.598925113678,9.79,1
304.0026595592499,9.9,1
305.3577027320862,9.93,1
306.76661252975464,9.86,1
308.1689577102661,9.79,1
309.5873773097992,9.9,1
311.00844955444336,9.9,1
312.411071062088,9.93,1
313.8327465057373,9.72,1
315.2397892475128,9.9,1
316.6446225643158,9.9,1
318.05766248703003,9.86,1
319.4788327217102,9.79,1
320.81643748283386,9.76,1
322.1592540740967,9.79,1
323.57872128486633,9.66,1
330.8901982307434,-1.14,0
332.19568276405334,-1.21,0
333.49123549461365,-1.24,0
334.79894971847534,-1.28,0
336.1084351539612,-1.24,0
337.4159915447235,-1.24,0
338.72282814979553,-1.31,0
340.03774213790894,-1.28,0
344.6583602428436,-1.76,1
346.07017612457275,-1.59,1
347.476318359375,-1.45,1
348.88957166671753,-1.24,1
350.23062324523926,0.14,1
351.6512186527252,0.83,1
353.0679292678833,1.03,1
354.4823331832886,1.41,1
355.88617610931396,1.79,1
357.30459117889404,1.93,1
358.64369654655457,2.52,1
360.06063508987427,3.34,1
361.4684076309204,4.41,1
362.89076805114746,5.07,1
364.22441506385803,5.41,1
365.638991355896,6.07,1
367.05092096328735,6.41,1
368.3947501182556,6.79,1
369.7373766899109,7.21,1
371.0804953575134,7.83,1
372.4923074245453,7.83,1
373.91708278656006,8.24,1
375.2470746040344,8.59,1
376.6659998893738,8.97,1
378.0803225040436,9.03,1
379.42291235923767,9.52,1
380.7674460411072,9.9,1
382.18318223953247,10.03,1
383.60401701927185,10.86,1
385.0139458179474,11.41,1
386.41747403144836,11.79,1
387.82345271110535,11.69,1
389.2412893772125,11.72,1
390.661572933197,12.34,1
392.07176756858826,12.28,1
393.4870889186859,12.76,1
394.904422044754,12.69,1
396.30664682388306,12.9,1
397.72396755218506,12.86,1
399.1293692588806,13.28,1
400.5465598106384,13.38,1
401.9558665752411,13.24,1
403.3725595474243,13.24,1
404.77804589271545,13.24,1
406.2003140449524,13.69,1
407.60404872894287,13.62,1
409.0264627933502,13.76,1
410.42947220802307,13.55,1
411.8487808704376,13.69,1
413.25148463249207,14.03,1
414.66814136505127,14.14,1
416.0900790691376,14.14,1
417.4948241710663,14.03,1
418.91795921325684,14.17,1
420.3279392719269,14.1,1
421.7359502315521,14.1,1
423.14776492118835,14.14,1
424.5639338493347,14.52,1
425.9811143875122,14.38,1
427.38567328453064,14.45,1
428.79330801963806,14.48,1
430.2094602584839,14.48,1
431.6331377029419,14.41,1
433.0369563102722,14.41,1
434.45726799964905,14.45,1
435.86337995529175,14.52,1
437.20654106140137,14.41,1
438.624148607254,14.38,1
440.03000140190125,14.38,1
441.4506642818451,14.48,1
442.8623592853546,14.41,1
444.2763967514038,15.0,1
445.6795837879181,14.76,1
447.0892057418823,14.86,1
448.5042417049408,14.79,1
449.9270980358124,14.9,1
451.2711856365204,14.83,1
452.68378019332886,14.72,1
454.09415340423584,14.83,1
455.5028705596924,14.93,1
456.83998680114746,14.97,1
458.2661039829254,14.86,1
459.6695466041565,14.9,1
461.01194500923157,14.97,1
462.4347379207611,15.0,1
463.77805614471436,14.9,1
465.17895555496216,14.93,1
466.5938935279846,14.83,1
467.93430256843567,14.9,1
469.3555369377136,14.93,1
470.7743110656738,14.9,1
472.1771733760834,14.97,1
473.5866811275482,14.83,1
474.94087314605713,14.97,1
476.355322599411,14.9,1
477.76509380340576,14.83,1
479.17012453079224,14.83,1
480.5937342643738,14.93,1
481.9969789981842,14.93,1
483.40558648109436,14.86,1
484.8250801563263,14.9,1
486.2309944629669,14.79,1
487.6548068523407,14.76,1
489.07035422325134,14.79,1
490.4710862636566,14.45,1
491.8926384449005,15.52,1
493.3014509677887,15.69,1
494.7077841758728,15.52,1
496.12790846824646,15.62,1
497.5450859069824,15.62,1
498.94833278656006,15.55,1
506.2553973197937,-0.9,0
507.5780830383301,-0.97,0
508.8874719142914,-0.97,0
510.2133617401123,-1.1,0
511.55973505973816,-1.03,0
512.8851184844971,-1.07,0
514.1911177635193,-1.21,0
515.501202583313,-1.17,0
520.0944097042084,-1.34,1
521.5137219429016,-1.28,1
522.9195735454559,-1.28,1
524.33917927742,0.55,1
525.7448682785034,1.41,1
527.168007850647,1.76,1
528.5870428085327,2.24,1
529.9904975891113,3.03,1
531.4053220748901,3.97,1
532.8240053653717,4.86,1
534.2297739982605,5.76,1
535.6476776599884,6.76,1
537.0531935691833,7.21,1
538.4707548618317,8.28,1
539.8734655380249,8.72,1
541.3008530139923,9.28,1
542.6993570327759,9.79,1
544.1212041378021,10.0,1
545.534681558609,10.48,1
546.9470286369324,11.0,1
548.3509232997894,11.48,1
549.7729704380035,12.14,1
551.1888947486877,12.48,1
552.5986893177032,12.9,1
554.0080575942993,13.41,1
555.4263534545898,13.76,1
556.835061788559,14.24,1
558.2516748905182,14.38,1
559.6618499755859,14.62,1
561.0074582099915,15.07,1
562.420881986618,15.17,1
563.7600169181824,14.86,1
565.1734709739685,15.38,1
566.591534614563,15.83,1
567.9953343868256,15.72,1
569.3425168991089,16.21,1
570.7595889568329,16.21,1
572.1662292480469,16.45,1
573.573294878006,17.45,1
574.9892122745514,17.48,1
576.4117240905762,17.76,1
577.8155207633972,17.83,1
579.2323038578033,17.79,1
580.6388804912567,18.0,1
582.0604712963104,18.38,1
583.4748086929321,18.38,1
584.8751003742218,18.31,1
586.2911150455475,18.31,1
587.7090222835541,18.76,1
589.1268212795258,21.34,1
590.5285642147064,19.55,1
591.9526672363281,19.34,1
593.3552556037903,19.31,1
594.7741918563843,17.48,1
596.1893963813782,18.28,1
597.595047712326,18.17,1
599.0108449459076,18.21,1
600.4280104637146,18.38,1
601.8283603191376,15.66,1
603.2556002140045,17.31,1
604.6653044223785,15.41,1
606.0754692554474,16.21,1
607.4936530590057,16.31,1
608.9034769535065,15.86,1
610.3052344322205,15.97,1
611.7245168685913,15.14,1
613.1304013729095,14.07,1
614.549941778183,15.48,1
615.9666001796722,15.34,1
617.3746755123138,15.93,1
618.795646905899,13.41,1
620.1994924545288,15.69,1
621.6172606945038,16.07,1
623.031448841095,15.93,1
624.4422652721405,16.79,1
625.8584172725677,16.62,1
627.2689702510834,14.24,1
628.6736268997192,18.17,1
630.0926966667175,23.55,1
631.5082194805145,19.76,1
632.9167132377625,19.34,1
634.3208124637604,19.59,1
635.7372703552246,19.62,1
637.1612911224365,18.59,1
638.5732429027557,17.59,1
639.9154226779938,17.48,1
641.3283145427704,20.03,1
642.6725459098816,21.14,1
644.0028958320618,20.79,1
645.3610816001892,19.45,1
646.7034718990326,20.38,1
648.043271780014,20.48,1
655.3472695350647,-1.48,0
656.6561765670776,-1.62,0
657.9858829975128,-1.62,0
659.2948889732361,-1.59,0
660.5890576839447,-1.62,0
661.8996179103851,-1.72,0
663.2063148021698,-1.62,0
664.5076138973236,-1.76,0
669.0972127914429,51.38,1
670.4384932518005,66.69,1
671.7798314094543,64.62,1
673.1979386806488,64.48,1
674.5375719070435,66.69,1
675.879105091095,65.48,1
677.299530506134,21.14,1
678.6344332695007,-2.14,1
679.9892628192902,-1.83,1
681.3327140808105,-1.38,1
682.7495665550232,-1.45,1
684.1611273288727,-1.48,1
685.5717117786407,-1.41,1
686.9065184593201,-1.52,1
688.321949005127,-1.34,1
