1.1058263778686523,-1.86,0
2.3537116050720215,-1.83,0
3.5637688636779785,-1.83,0
4.771930694580078,-1.86,0
9.361193180084229,41.14,1
10.764319896697998,37.38,1
12.184993028640747,35.97,1
13.592048645019531,35.45,1
14.995861053466797,35.45,1
16.413103818893433,35.34,1
17.75423312187195,35.28,1
19.17337989807129,34.86,1
20.515715837478638,34.93,1
21.867973804473877,34.83,1
23.269115686416626,34.93,1
24.68593192100525,34.69,1
26.100523471832275,34.79,1
27.504528045654297,34.69,1
28.923388719558716,34.76,1
30.343865871429443,34.83,1
31.74792242050171,34.86,1
33.16779160499573,34.83,1
34.570910692214966,34.45,1
35.99354815483093,34.48,1
37.33775806427002,34.55,1
38.74233341217041,34.69,1
40.14970397949219,34.66,1
41.566574573516846,34.69,1
42.98681330680847,34.62,1
44.3884642124176,34.79,1
45.811511754989624,34.86,1
47.15239381790161,34.76,1
48.49162936210632,34.66,1
49.90522336959839,34.38,1
51.32676696777344,34.38,1
52.72915863990784,34.45,1
54.142537117004395,34.66,1
55.56143307685852,34.59,1
56.9792206287384,34.76,1
58.38035249710083,34.72,1
59.80328130722046,34.76,1
61.20669674873352,34.66,1
62.62306070327759,34.83,1
64.03889966011047,34.72,1
65.37439489364624,34.76,1
66.79409098625183,34.45,1
68.13305377960205,34.59,1
69.47576594352722,34.52,1
70.89690232276917,34.59,1
72.2975606918335,34.69,1
73.64242100715637,34.66,1
75.06511616706848,34.66,1
76.4031171798706,34.62,1
77.82268857955933,34.72,1
79.22381448745728,34.97,1
86.54596638679504,-1.41,0
87.88715553283691,-1.45,0
89.19704341888428,-1.48,0
90.50616788864136,-1.45,0
91.81645631790161,-1.48,0
93.13672161102295,-1.45,0
94.44750833511353,-1.45,0
95.74363899230957,-1.52,0
100.3207221031189,41.38,1
101.7400209903717,37.52,1
103.1401674747467,35.66,1
104.55662536621094,35.34,1
105.97512078285217,35.17,1
107.39351677894592,35.03,1
108.80402088165283,35.07,1
110.20657134056091,34.86,1
111.62202167510986,34.97,1
113.0440263748169,34.93,1
120.34407114982605,-1.41,0
121.6694848537445,-1.55,0
122.98166799545288,-1.52,0
124.28973984718323,-1.55,0
125.62323379516602,-1.48,0
126.93135190010071,-1.48,0
128.27211380004883,-1.55,0
129.58185291290283,-1.59,0
134.17719650268555,41.28,1
135.59503746032715,37.48,1
137.0142903327942,36.0,1
138.4268147945404,35.59,1
139.83880591392517,35.07,1
141.24462175369263,35.14,1
142.66028213500977,34.93,1
144.0736289024353,35.03,1
145.49330067634583,34.83,1
146.89795303344727,34.93,1
148.3057906627655,34.9,1
149.72709226608276,34.86,1
151.1347951889038,34.79,1
152.54323625564575,34.9,1
153.96077823638916,35.0,1
155.38133788108826,34.45,1
156.78474712371826,34.66,1
158.2017261981964,34.72,1
159.6135802268982,34.62,1
161.02990818023682,34.69,1
162.43221783638,34.72,1
163.8524181842804,34.52,1
165.26854801177979,34.76,1
166.60467553138733,34.69,1
167.94892621040344,34.72,1
169.36512684822083,34.72,1
176.67833161354065,-1.79,0
177.98122262954712,-1.9,0
179.2944896221161,-1.93,0
180.64013409614563,-1.93,0
181.93859267234802,-2.0,0
183.24846005439758,-2.03,0
184.56872367858887,-1.93,0
185.8684823513031,-2.07,0
190.4526493549347,40.0,1
191.79751062393188,36.72,1
193.21835732460022,35.72,1
194.6294445991516,35.34,1
196.03736686706543,35.21,1
197.43992280960083,35.14,1
198.79343271255493,34.97,1
200.13342571258545,34.93,1
201.54492712020874,34.97,1
202.96758937835693,34.93,1
204.37612581253052,34.86,1
205.79392457008362,34.9,1
207.1378493309021,34.38,1
208.5491964817047,34.48,1
209.89416003227234,34.52,1
211.23727202415466,34.48,1
212.6497404575348,34.52,1
214.06378936767578,34.59,1
