1.1152868270874023,-2.41,0
2.3481314182281494,-2.34,0
3.5521702766418457,-2.34,0
4.749240875244141,-2.38,0
5.952336072921753,-2.31,0
7.15564489364624,-2.41,0
11.744379758834839,-2.38,1
13.16377592086792,1.41,1
14.576975584030151,-0.9,1
15.990947723388672,-2.1,1
17.395187616348267,-2.21,1
18.738646745681763,-2.14,1
20.145161151885986,-2.28,1
21.570533514022827,-2.21,1
22.981216192245483,-2.31,1
24.319737195968628,-2.48,1
25.740545988082886,-4.38,1
27.150502681732178,-3.9,1
28.496734142303467,-1.59,1
29.828463792800903,-1.62,1
31.252880573272705,-1.83,1
32.6649808883667,-1.69,1
33.995402336120605,-1.72,1
35.35130167007446,-2.1,1
36.75297451019287,-2.79,1
38.16941833496094,-3.48,1
39.51701283454895,37.1,1
40.86637091636658,-71.66,1
42.27599334716797,-22.55,1
43.615275621414185,-1.83,1
45.02220869064331,-2.48,1
46.37445831298828,-1.9,1
47.71833610534668,-0.21,1
49.13192057609558,-3.93,1
50.55205988883972,-0.79,1
51.888375997543335,-0.69,1
53.2998161315918,-0.76,1
54.6385235786438,-0.62,1
55.99253988265991,-0.59,1
57.33911657333374,-0.72,1
58.751275062561035,-0.69,1
60.1637442111969,-0.69,1
61.58186435699463,-1.55,1
62.98093104362488,-0.76,1
