1.1090834140777588,6.38
2.3464293479919434,6.28
3.5520641803741455,6.34
4.754086017608643,6.24
9.320426225662231,0.83
10.729069232940674,0.83
12.146292686462402,0.62
13.559688091278076,0.66
14.981289863586426,9.62
16.39346671104431,14.86
17.80630898475647,14.07
19.14629340171814,12.52
20.55168652534485,12.03
21.975109100341797,11.55
23.311578512191772,5.0
24.731220245361328,10.24
26.14602828025818,10.97
27.556119680404663,4.97
28.970706462860107,10.55
30.386563301086426,11.0
31.798603534698486,11.72
33.19640851020813,11.52
34.55046820640564,11.86
35.89705157279968,5.45
37.24162983894348,10.1
38.6533625125885,11.21
39.999380350112915,4.97
41.40644574165344,10.1
42.75194072723389,4.31
44.16628646850586,9.97
45.5075364112854,11.38
46.846696853637695,5.28
48.27128744125366,10.28
49.67484188079834,11.38
51.094948530197144,5.07
52.49901366233826,10.17
53.9172728061676,11.38
55.324846267700195,11.59
56.73242449760437,5.14
58.155232429504395,3.0
59.569613456726074,9.59
60.985126972198486,4.34
62.39779090881348,9.55
63.80067706108093,4.17
65.21660256385803,10.1
66.55330467224121,11.07
67.9061107635498,11.48
69.31248497962952,11.69
70.73630857467651,12.38
72.13727045059204,12.03
73.55401968955994,12.1
74.9647569656372,5.24
76.32041001319885,10.24
77.73157000541687,4.86
79.14081835746765,9.83
80.55933380126953,11.34
81.97243905067444,4.93
83.3740828037262,9.69
84.79657244682312,4.21
86.19872379302979,9.93
87.6216208934784,11.24
89.01982402801514,5.21
90.44840121269226,10.24
91.85635948181152,11.72
93.19667339324951,5.07
94.61443448066711,10.24
95.94861578941345,11.31
97.36158895492554,12.21
98.77626395225525,5.24
100.18305325508118,10.34
101.60350441932678,4.59
103.01497912406921,9.72
104.42576026916504,11.21
105.84209728240967,4.86
107.26137590408325,10.0
108.67295455932617,4.24
110.0791757106781,10.0
111.50010633468628,11.14
112.89936566352844,11.93
114.32571697235107,5.03
115.73362064361572,10.07
117.15002226829529,4.45
118.55308938026428,9.97
119.9646532535553,11.34
121.38052105903625,4.83
122.78680229187012,10.17
124.21041297912598,4.31
125.6203191280365,2.93
127.02833294868469,9.55
128.4505753517151,11.72
129.85418438911438,12.17
131.2654893398285,12.21
132.68406558036804,12.41
134.09236550331116,5.17
135.51092672348022,10.28
136.9234254360199,11.66
138.26323676109314,5.1
139.68178248405457,10.17
141.10028672218323,11.31
142.432799577713,5.14
143.85096979141235,10.28
145.26831030845642,11.69
146.6748869419098,4.9
148.08970379829407,10.1
149.50676584243774,11.14
150.91979551315308,4.83
152.3268940448761,10.14
153.74584579467773,4.76
155.15842127799988,10.17
156.56989645957947,4.31
157.9736351966858,10.0
159.38824772834778,11.28
160.73746180534363,12.24
162.1494870185852,12.24
163.49201345443726,5.41
164.8345696926117,10.24
166.2498698234558,4.93
167.5942361354828,10.0
168.93513226509094,11.24
170.3506579399109,5.07
171.68423581123352,10.1
173.0335853099823,4.24
174.3756012916565,9.72
175.727530002594,4.14
177.13855504989624,9.83
178.47530484199524,11.48
179.8230540752411,4.97
181.2401144504547,9.93
182.57129406929016,4.66
183.99740624427795,9.86
185.33261895179749,11.41
186.75447130203247,12.17
188.1562898159027,12.17
189.49706888198853,4.93
190.8467354774475,9.83
192.26547408103943,3.93
193.67517471313477,9.55
195.08505868911743,4.45
196.43641448020935,9.69
197.8516640663147,11.21
199.25168776512146,4.62
200.60707664489746,2.69
202.01167678833008,9.41
203.42101168632507,11.28
204.83328104019165,4.79
206.24683594703674,9.79
207.6618413925171,10.9
209.08187294006348,4.62
210.49307537078857,9.9
211.84291911125183,11.38
213.1738679409027,11.34
214.58815670013428,4.9
216.0011761188507,9.97
217.41181182861328,11.0
218.76804900169373,4.66
220.18033289909363,9.97
221.52434062957764,4.14
222.93225622177124,9.76
224.34692668914795,4.17
225.75746607780457,9.97
227.17158603668213,11.83
228.58822870254517,12.03
230.0002565383911,4.79
231.411465883255,9.55
232.74426460266113,10.93
234.1640660762787,11.97
235.5724663734436,12.1
236.99434614181519,4.72
238.33618807792664,10.07
239.74500679969788,11.07
241.16546392440796,4.62
242.57042288780212,9.9
243.98728895187378,11.59
245.40154123306274,4.69
246.80484771728516,2.52
248.21352362632751,9.38
249.64052057266235,11.21
251.04319882392883,11.52
252.45723342895508,5.17
253.87185382843018,10.1
255.2915394306183,11.55
256.70350408554077,11.66
258.1130721569061,11.83
259.5277714729309,11.66
260.9371819496155,11.79
268.25288939476013,-0.07
269.563551902771,-0.17
270.8667266368866,-0.1
272.1779284477234,-0.17
273.4862995147705,-0.21
274.816392660141,-0.17
276.1173253059387,-0.21
277.4748148918152,-0.17
282.0582551956177,480.66
283.47220754623413,614.83
284.8962736129761,464.72
286.3090524673462,316.07
287.71603298187256,206.28
295.0175702571869,0.41
296.3812825679779,0.45
297.6884956359863,0.38
299.01145911216736,0.48
300.32279992103577,0.34
301.6297376155853,0.41
302.94411540031433,0.52
304.2528085708618,0.48
308.83827018737793,0.52
310.2559278011322,20.14
311.67426919937134,35.38
313.0795850753784,43.69
314.4941327571869,46.34
315.9102272987366,46.69
317.2422409057617,49.1
318.6621296405792,49.93
319.9976484775543,50.17
321.41336822509766,50.38
322.7520878314972,50.17
324.101135969162,50.14
325.45105385780334,50.17
326.78255462646484,50.28
328.12526869773865,50.17
329.4757032394409,50.17
330.8912720680237,47.52
332.3051788806915,49.52
333.64610385894775,50.1
334.9858877658844,50.14
336.32278060913086,50.31
337.66769766807556,50.41
339.01077032089233,50.34
340.4314661026001,50.38
341.7628481388092,47.55
343.1825361251831,49.76
344.59130573272705,50.28
346.0027551651001,49.93
347.41533279418945,50.31
348.8207654953003,50.34
350.1749346256256,50.48
351.5180993080139,50.24
352.84557938575745,50.21
354.26749777793884,50.14
355.60264229774475,49.97
356.9443006515503,50.21
358.2973589897156,50.14
359.64418268203735,49.83
360.97836899757385,50.07
368.2799732685089,0.34
369.58366203308105,0.41
370.92966198921204,0.41
372.2332286834717,0.28
373.5450632572174,0.34
374.852908372879,0.31
376.16627383232117,0.31
377.4613561630249,0.38
382.04572343826294,0.34
383.4644215106964,26.62
384.87060618400574,47.83
386.28524518013,57.55
387.6246705055237,63.07
389.0371775627136,67.14
390.4592306613922,68.21
391.79645919799805,68.62
393.14095854759216,68.24
394.5433189868927,68.38
395.8997209072113,68.38
397.23763251304626,68.38
398.6472535133362,68.38
400.0544946193695,68.55
401.462926864624,68.34
402.8870220184326,70.9
404.2906949520111,69.21
405.7105038166046,71.0
407.0422158241272,69.28
408.4629957675934,68.59
409.8744716644287,68.48
411.2201690673828,68.48
412.62146401405334,68.76
413.97631549835205,71.38
415.3844656944275,71.86
416.73071479797363,72.17
418.14347076416016,72.28
419.54723167419434,72.21
420.9601640701294,69.62
428.2680358886719,0.0
429.58012104034424,0.0
430.91904878616333,0.07
432.2211711406708,0.07
433.52585434913635,0.0
434.8333556652069,-0.03
436.1300072669983,0.0
437.4504268169403,-0.03
442.02846574783325,471.66
443.3593964576721,601.0
444.7833287715912,530.62
446.19010043144226,394.72
447.5958294868469,281.93
454.8997356891632,-0.55
456.20411491394043,-0.52
457.5240669250488,-0.59
458.8205943107605,-0.52
460.13130736351013,-0.45
461.4762134552002,-0.41
462.7845664024353,-0.38
464.0825254917145,-0.38
465.2866413593292,-0.34
466.4927282333374,-0.34
467.7066140174866,-0.41
468.9182548522949,-0.45
470.11741185188293,-0.28
471.36576318740845,-0.41
472.5708565711975,-0.31
473.7652680873871,-0.38
474.9714865684509,-0.38
476.17546939849854,-0.31
477.4029712677002,-0.34
