1.1103205680847168,6.93
2.3159468173980713,7.0
3.55352783203125,6.93
4.751536130905151,6.93
9.328628778457642,17.79
10.737942934036255,68.14
12.147327184677124,107.0
13.556399583816528,140.48
14.896327495574951,170.21
16.3169527053833,198.59
17.649744272232056,222.83
19.063735485076904,245.66
20.412246704101562,265.69
21.755539894104004,285.38
23.16934370994568,303.83
24.581946849822998,321.59
25.921186685562134,336.1
27.32589030265808,350.48
28.748011112213135,363.45
30.159047603607178,375.14
31.562085390090942,386.79
32.98133182525635,397.83
34.320183753967285,406.9
35.73716068267822,415.86
37.069026947021484,424.17
38.48597860336304,430.72
39.82539486885071,438.21
41.17176008224487,444.03
42.514326333999634,448.76
43.854727029800415,454.24
45.2029390335083,460.17
46.538033962249756,463.83
47.954383850097656,467.97
49.37422251701355,472.14
50.703816652297974,475.76
52.1269953250885,479.66
53.47041893005371,482.66
54.88422226905823,484.41
56.291746616363525,488.41
57.696473121643066,489.55
59.114224672317505,491.9
60.531676292419434,493.86
61.94413781166077,495.9
63.34615635871887,497.24
64.75493478775024,498.0
66.1077470779419,499.07
67.44437980651855,500.55
68.78345060348511,502.14
70.19840407371521,502.97
71.61987471580505,503.9
72.96191620826721,504.62
74.29590630531311,505.14
75.64571928977966,505.48
76.9879789352417,506.1
78.33096861839294,507.69
79.67803573608398,508.21
81.09006381034851,509.83
82.48924851417542,509.34
83.83516097068787,508.31
85.18914556503296,511.03
86.53102540969849,509.9
87.9434859752655,511.59
89.28723001480103,511.66
90.62514400482178,510.66
92.04329657554626,511.79
93.44202852249146,512.34
94.78749442100525,512.24
96.2001256942749,513.31
97.60818934440613,513.31
99.02249574661255,513.86
