1.1078619956970215,6.52
2.343088150024414,6.59
3.55375075340271,6.55
4.75618052482605,6.59
9.329865455627441,13.21
10.742369651794434,48.45
12.154400110244751,45.14
13.561680793762207,43.66
14.962836027145386,43.38
16.37952995300293,50.28
17.798070430755615,50.14
19.136476278305054,49.83
20.542561292648315,49.79
21.889994859695435,49.86
23.307096242904663,49.72
24.65386724472046,49.79
26.05769920349121,49.59
27.466087818145752,49.59
28.886805534362793,49.62
30.29799509048462,49.72
31.70599627494812,49.76
33.11096167564392,49.69
34.519933223724365,49.59
35.872920989990234,49.62
37.21913552284241,57.97
38.627538442611694,56.07
39.959718465805054,53.72
41.30468440055847,52.59
42.655632734298706,52.07
43.995633602142334,44.97
45.412845611572266,48.79
46.757322788238525,49.21
48.16956853866577,49.38
49.566321849823,49.55
50.919963359832764,49.45
52.33677268028259,49.38
53.74863314628601,49.48
55.08673357963562,49.59
56.50308322906494,49.55
57.847089767456055,49.69
59.25791096687317,49.66
60.66869020462036,49.52
62.07992148399353,49.72
63.49271249771118,51.9
64.90415906906128,51.07
66.3141143321991,50.24
67.65744829177856,50.14
69.06046175956726,49.52
70.41365122795105,49.59
71.74678254127502,49.38
73.16669297218323,49.45
74.50268650054932,49.45
75.85458588600159,49.17
77.19424962997437,49.14
78.54087400436401,57.55
79.94560551643372,55.76
81.36468720436096,52.97
82.6993956565857,45.24
84.11018109321594,48.59
85.53143453598022,49.14
86.86239051818848,49.14
88.21093249320984,49.21
89.56082034111023,49.38
90.96524953842163,49.41
92.30322599411011,49.34
93.72736740112305,49.28
95.1368088722229,49.41
96.48310208320618,49.38
97.89528274536133,49.59
99.2381100654602,57.83
100.64727401733398,55.45
102.0506272315979,45.76
103.47168040275574,48.52
104.8136076927185,49.21
106.22098755836487,49.41
107.62777256965637,49.17
108.97475743293762,49.24
110.38303327560425,49.24
111.73711681365967,49.21
113.13861131668091,49.21
114.48056197166443,49.34
115.89490532875061,49.24
117.31556940078735,51.34
118.72175860404968,44.41
120.12677335739136,48.21
121.47459530830383,49.07
122.88063526153564,49.38
124.30277061462402,49.14
125.71931219100952,49.14
127.11694097518921,49.21
128.53435516357422,49.28
129.9493293762207,49.34
131.3633852005005,49.17
138.67102336883545,-0.1
139.98520374298096,-0.17
141.27885246276855,-0.14
142.59179782867432,-0.21
143.91531562805176,-0.17
145.24781918525696,-0.21
146.57316517829895,-0.21
147.8730285167694,-0.24
152.47042512893677,975.45
153.82056593894958,1079.86
155.23560309410095,501.31
156.64702725410461,193.76
158.04467582702637,84.14
159.47097039222717,46.31
160.8833568096161,32.79
162.21887040138245,28.45
163.56626296043396,26.86
164.9010717868805,26.66
166.24507331848145,26.55
167.59727907180786,31.86
168.99721813201904,28.52
170.40640473365784,28.21
171.76312065124512,32.48
173.09926652908325,28.86
174.44791460037231,28.03
175.78289461135864,27.83
177.18911170959473,27.66
178.53324007987976,27.97
179.95403122901917,32.41
181.37242078781128,29.14
182.76932740211487,28.41
184.18197655677795,27.86
185.60036516189575,27.52
186.94498014450073,27.55
188.29105424880981,27.69
189.6323754787445,27.59
190.96424984931946,27.76
192.37473559379578,27.66
193.7952139377594,27.72
195.20994567871094,27.93
196.5475332736969,32.03
197.89495587348938,29.07
199.30801439285278,28.28
200.70901370048523,27.86
202.12247014045715,27.72
203.46215152740479,32.07
204.88558721542358,28.72
206.2915391921997,28.07
207.700359582901,32.21
209.11751627922058,28.97
210.52721405029297,32.24
211.93774890899658,28.41
213.34468412399292,28.1
214.75394749641418,32.0
216.1764702796936,33.24
217.59023189544678,28.9
218.9970827102661,28.0
220.4140510559082,27.86
221.81127071380615,27.72
223.22287726402283,27.79
224.64426708221436,27.93
226.05925059318542,27.79
227.40099382400513,31.86
228.81433844566345,28.52
230.2264266014099,27.9
231.56747579574585,32.31
232.97374820709229,33.69
234.38420128822327,33.52
235.7351381778717,28.9
243.02558875083923,-0.93
244.34416437149048,-0.97
245.65792083740234,-1.0
246.96915698051453,-1.0
248.27856492996216,-0.93
249.62672328948975,-1.1
250.93093347549438,-1.07
252.25908660888672,-1.03
256.8553137779236,954.52
258.26807022094727,906.93
259.67118310928345,397.79
261.09237122535706,160.93
262.4335196018219,76.21
263.8375322818756,43.34
265.25512433052063,31.41
266.6642904281616,27.38
268.08249378204346,26.03
269.49364018440247,25.55
270.90469884872437,25.31
272.31296038627625,25.17
273.6521828174591,24.83
275.06543469429016,24.55
276.4828655719757,24.41
277.8945314884186,24.03
279.2935643196106,23.72
280.70933532714844,23.52
282.1183702945709,23.14
283.5336534976959,22.9
284.9449472427368,22.69
286.35035371780396,22.41
287.7704975605011,22.1
289.17939352989197,21.83
290.59499526023865,21.59
292.0119454860687,21.34
293.4227614402771,21.03
294.8334517478943,20.83
296.24471712112427,20.52
297.6515793800354,20.28
299.0635631084442,19.86
300.4693524837494,19.76
301.87615513801575,19.72
303.2984776496887,19.69
304.70646953582764,19.76
306.1205153465271,19.72
307.5272481441498,19.76
308.9360816478729,20.97
310.3618903160095,20.79
311.77299308776855,20.48
313.1840388774872,20.21
314.5838973522186,19.97
316.00132036209106,19.9
317.40372943878174,19.72
318.8264944553375,19.83
320.17084288597107,19.79
321.57225918769836,19.97
322.9146201610565,20.93
324.3393964767456,20.93
325.68065762519836,20.66
327.0900545120239,20.24
328.43342113494873,20.03
329.76943373680115,19.9
331.1213128566742,20.24
332.52594685554504,19.97
333.93890023231506,20.31
335.2895336151123,20.34
336.69026374816895,20.1
338.1054890155792,19.83
339.5224392414093,20.38
340.936927318573,20.17
342.2762007713318,19.97
343.61566972732544,20.24
344.953138589859,20.21
346.3700692653656,19.79
347.709525346756,20.55
349.13218903541565,20.66
350.54306960105896,20.21
351.8748323917389,19.9
353.2241427898407,19.83
354.5661516189575,19.79
355.9131875038147,19.66
357.32236313819885,19.66
358.66051483154297,19.52
360.06760931015015,20.07
361.49257802963257,19.9
362.8315155506134,19.79
364.16665720939636,20.21
365.5761134624481,19.97
366.99240708351135,19.66
368.4127895832062,19.66
369.74328684806824,19.62
371.1676495075226,20.24
372.5712842941284,19.97
373.98998498916626,19.66
375.3344850540161,20.17
376.7451956272125,19.97
378.07853507995605,19.69
379.4896147251129,19.86
380.8296844959259,20.21
382.1749918460846,19.93
383.5979976654053,19.59
384.9315891265869,19.48
392.219110250473,-1.9
393.54091691970825,-2.0
394.85666847229004,-1.97
396.1608076095581,-2.0
397.47766304016113,-2.0
398.8270812034607,-2.21
400.12242698669434,-2.21
401.4534909725189,-2.1
406.0505564212799,951.1
407.3925838470459,1075.03
408.80766582489014,493.72
410.1576232910156,209.48
411.56982493400574,93.0
412.97998046875,49.66
414.3806414604187,33.21
415.7915608882904,27.45
417.20843839645386,24.0
418.62086486816406,20.93
420.03944277763367,19.38
421.4370231628418,19.03
422.84938383102417,18.93
424.2663688659668,18.93
425.68366384506226,19.07
427.09422636032104,19.0
428.50028944015503,18.86
429.9224102497101,18.76
431.33289885520935,18.79
432.7454812526703,18.86
434.1506018638611,18.76
435.56930923461914,18.76
