1.107421636581421,0.86
2.315317153930664,0.79
3.555386781692505,0.76
4.7588889598846436,0.76
9.326119899749756,1.72
10.738771200180054,8.69
12.152200937271118,21.52
13.564080476760864,39.55
14.964230060577393,59.97
16.382681369781494,79.0
17.79077982902527,96.52
19.201605558395386,112.55
20.61294198036194,126.55
22.0269513130188,137.93
23.442159175872803,146.52
24.85514760017395,151.31
26.268410682678223,152.41
27.67952275276184,151.07
29.090598583221436,146.72
36.39376258850098,1.21
37.70336842536926,1.07
39.00781035423279,0.93
40.31595706939697,0.9
41.62462878227234,0.9
42.94506788253784,0.9
44.29711198806763,0.93
45.607587814331055,0.83
46.92774438858032,0.9
48.23292827606201,0.93
49.58935070037842,0.9
50.99231290817261,0.86
52.44090294837952,0.83
53.76219844818115,0.86
55.20245671272278,0.86
