1.1038403511047363,-1.79
2.352247476577759,-1.83
3.561893939971924,-1.83
4.776223182678223,-1.83
5.995277404785156,-1.79
8.765230417251587,22.62
10.109232902526855,32.72
11.522236108779907,37.03
12.935017824172974,32.86
14.340291500091553,28.79
15.760363578796387,24.83
17.17094874382019,21.72
18.504873991012573,19.0
19.851930856704712,16.62
21.192559480667114,14.66
22.611719608306885,12.9
23.94325542449951,11.38
25.36836838722229,10.1
26.701156854629517,9.17
28.10910177230835,8.28
29.521785974502563,7.55
30.94347095489502,8.0
32.351709842681885,12.48
33.76361131668091,11.9
35.1733181476593,11.03
36.58751440048218,10.0
37.99526858329773,8.86
39.40853714942932,8.31
40.824790716171265,9.17
42.176777839660645,13.07
43.513288259506226,12.48
44.86163330078125,11.48
46.20711326599121,10.34
47.6081600189209,9.17
48.96243071556091,8.41
50.29809856414795,8.69
51.71114444732666,12.86
53.13208627700806,12.34
54.538089752197266,11.28
55.94178581237793,10.41
57.36378359794617,9.48
58.77954292297363,8.38
60.190494775772095,7.79
61.595526456832886,8.76
63.01607322692871,13.03
64.42276787757874,12.24
65.7685341835022,11.07
67.10124897956848,10.1
68.52800631523132,9.0
69.94272756576538,8.14
71.27987408638,8.69
72.62672567367554,12.9
73.97091245651245,12.55
75.3150155544281,11.59
76.65282726287842,10.76
78.05689215660095,9.55
79.47161626815796,8.48
80.89498400688171,7.97
82.30795645713806,8.83
83.71630620956421,13.07
85.13649487495422,12.31
86.5439772605896,11.14
87.95506739616394,9.9
89.37179017066956,8.9
90.7797794342041,8.07
92.19634008407593,9.0
93.60994148254395,13.34
95.01448202133179,12.48
96.43284249305725,11.28
97.8440613746643,10.14
99.25442314147949,8.97
100.66422247886658,8.17
102.07283687591553,8.52
103.49792909622192,13.17
104.89913296699524,12.59
106.31119799613953,16.45
107.72822070121765,10.38
109.1375081539154,8.07
110.55143022537231,7.14
111.90072107315063,6.45
113.30998945236206,5.93
114.72839307785034,7.45
116.13198924064636,11.03
117.55735921859741,9.97
118.96815991401672,8.93
120.37181448936462,8.72
121.78837490081787,8.21
123.19880104064941,7.52
124.60714316368103,7.24
126.01685047149658,8.59
127.43281674385071,11.69
128.85032987594604,10.52
130.2637655735016,9.34
131.67945337295532,9.03
133.09086441993713,8.62
134.50022721290588,7.76
135.9085385799408,7.38
137.3281648159027,8.59
138.7304928302765,11.66
