1.1086418628692627,-1.86,0
2.3552026748657227,-1.79,0
3.564002275466919,-1.83,0
4.773055076599121,-1.9,0
9.353879928588867,-7.07,1
10.698086261749268,-1.76,1
12.112151145935059,1.1,1
13.516712427139282,1.72,1
14.930686473846436,1.97,1
16.345085620880127,2.38,1
17.68005657196045,2.55,1
19.03376531600952,2.66,1
20.38167452812195,3.48,1
21.78613829612732,3.52,1
23.20452880859375,2.86,1
24.617469787597656,3.31,1
26.02786374092102,3.66,1
27.441028356552124,4.45,1
28.845208883285522,4.17,1
30.26311230659485,4.31,1
31.681926012039185,4.66,1
33.09457087516785,5.14,1
34.5086932182312,5.24,1
35.846742153167725,3.21,1
37.26230502128601,4.52,1
38.664045572280884,5.38,1
40.08171343803406,3.34,1
41.48939871788025,5.1,1
42.90915584564209,5.62,1
44.32718300819397,3.97,1
45.72921109199524,5.59,1
47.15527582168579,4.03,1
48.55804228782654,5.69,1
49.978511333465576,4.24,1
51.391833543777466,6.03,1
52.801398515701294,4.59,1
54.21867299079895,6.17,1
55.62189769744873,4.93,1
57.04073619842529,6.55,1
58.448822021484375,5.41,1
59.86591982841492,6.83,1
61.27012753486633,5.34,1
62.6924262046814,7.14,1
64.09865617752075,5.83,1
65.45152807235718,7.48,1
66.78947424888611,6.07,1
68.13390922546387,5.76,1
69.47107863426208,7.45,1
70.88973927497864,6.38,1
72.238844871521,8.14,1
73.57561588287354,6.97,1
74.91593885421753,6.21,1
76.27043771743774,6.55,1
77.67270922660828,6.03,1
79.09623694419861,7.62,1
80.49666619300842,6.83,1
81.91368508338928,8.24,1
83.25756621360779,7.07,1
84.67302560806274,6.76,1
86.08966755867004,8.93,1
87.50460481643677,7.66,1
88.91902685165405,7.07,1
90.33300352096558,9.07,1
91.74470257759094,7.69,1
93.15811109542847,7.31,1
94.56858468055725,9.38,1
95.90495252609253,8.45,1
97.32129144668579,7.62,1
98.66638565063477,7.45,1
100.08478116989136,7.48,1
101.48937940597534,7.59,1
102.89668798446655,9.0,1
104.24397349357605,8.07,1
105.59384226799011,7.9,1
106.93605089187622,7.72,1
108.35385060310364,9.55,1
109.69277143478394,8.72,1
111.11118507385254,8.0,1
112.51932382583618,7.97,1
113.92451500892639,10.03,1
115.33774042129517,8.86,1
116.75263524055481,8.31,1
118.16536974906921,8.34,1
119.57801294326782,8.31,1
120.99048185348511,8.28,1
122.4754478931427,8.45,1
123.89038348197937,8.38,1
125.43323373794556,8.41,1
126.85601162910461,9.97,1
128.26559567451477,9.17,1
129.6729645729065,8.62,1
