1.1101880073547363,-2.0
2.316976308822632,-2.03
3.5549368858337402,-2.03
4.761905193328857,-2.03
9.348104000091553,102.14
10.760207653045654,71.41
12.172345638275146,104.97
13.584258556365967,63.21
14.997944116592407,62.28
16.41032075881958,59.79
17.7541823387146,58.76
19.089505195617676,56.48
20.50542426109314,57.76
24.050607919692993,57.52
25.47322130203247,57.38
26.88452649116516,56.03
28.2959246635437,56.93
35.65926551818848,-2.1
36.95417761802673,-2.03
38.27124285697937,-2.1
39.57264542579651,-2.0
40.87177395820618,-1.97
42.18580174446106,-2.03
43.48780345916748,-2.07
44.80060148239136,-2.0
49.41322898864746,93.03
50.81432247161865,75.97
52.23698973655701,66.59
53.63817048072815,62.48
54.9878990650177,57.97
56.40645408630371,58.59
57.75062298774719,54.9
59.16183543205261,56.21
60.5738091468811,35.31
61.98866367340088,26.55
63.400166749954224,212.07
64.80543279647827,61.21
66.15636563301086,55.72
67.49257779121399,54.76
68.845370054245,54.62
