1.1086902618408203,-1.86,0
2.34843111038208,-1.97,0
3.5583090782165527,-1.97,0
4.7612292766571045,-1.79,0
9.34498381614685,-0.03,1
10.758963584899902,-0.52,1
12.163390159606934,-0.52,1
13.5801100730896,1.45,1
14.988203525543213,1.59,1
16.40545964241028,1.52,1
17.743170261383057,1.97,1
19.086556434631348,1.93,1
20.43899893760681,1.59,1
21.8522846698761,0.76,1
23.19152569770813,1.76,1
24.60962677001953,3.34,1
26.00968885421753,3.72,1
27.427197694778442,3.86,1
28.768958806991577,4.14,1
30.18760085105896,4.24,1
31.60401701927185,4.28,1
32.94374227523804,4.52,1
34.282737016677856,4.38,1
35.69867992401123,4.28,1
37.11642074584961,5.0,1
38.53302025794983,5.17,1
39.93252420425415,5.41,1
41.35335969924927,5.38,1
42.761730909347534,5.48,1
44.18072462081909,5.55,1
45.51788520812988,5.62,1
46.93435525894165,5.69,1
48.35270667076111,5.69,1
49.75709843635559,5.59,1
51.099618434906006,5.62,1
52.517796754837036,5.66,1
53.85869574546814,4.86,1
55.27375650405884,4.69,1
56.67567420005798,5.03,1
58.098851680755615,5.14,1
59.5153067111969,5.28,1
60.917420387268066,5.31,1
62.32906889915466,5.41,1
63.74445176124573,5.38,1
65.09730052947998,5.17,1
66.51329779624939,5.28,1
67.85230827331543,5.17,1
69.26797270774841,5.28,1
70.66846919059753,5.03,1
72.02227115631104,5.17,1
73.3620138168335,4.76,1
74.78041434288025,4.48,1
76.11880445480347,4.69,1
77.53824305534363,4.83,1
78.94756746292114,4.86,1
80.3504548072815,4.83,1
81.76984739303589,4.9,1
83.10643005371094,4.83,1
84.52924346923828,4.9,1
85.94211316108704,4.93,1
87.34441542625427,4.93,1
88.76087093353271,4.93,1
90.17403531074524,5.03,1
91.59089684486389,4.93,1
92.93206238746643,4.72,1
94.33607268333435,4.59,1
95.7526752948761,4.62,1
97.16873097419739,4.72,1
98.58535742759705,4.76,1
99.99459671974182,4.83,1
101.41280055046082,4.72,1
102.81401991844177,4.9,1
104.23942589759827,5.03,1
105.64776062965393,4.97,1
107.06345272064209,4.93,1
108.46589016914368,5.0,1
115.76954007148743,0.14,0
117.1241672039032,0.03,0
118.44852113723755,0.0,0
119.7688615322113,0.1,0
121.08449602127075,0.21,0
122.3931872844696,0.17,0
123.70809388160706,0.24,0
125.02793788909912,0.03,0
129.65562748908997,189.28,1
131.08017325401306,151.03,1
132.485995054245,132.24,1
133.89889192581177,117.1,1
135.3148922920227,104.97,1
142.62211346626282,0.21,0
143.94273257255554,0.41,0
145.28068017959595,0.24,0
