1.098294973373413,-1.9
2.324068069458008,-1.86
3.5711171627044678,-1.83
4.7737603187561035,-1.9
9.357227563858032,198.07
10.759224891662598,131.72
12.170689105987549,122.38
13.587934970855713,120.34
14.998759508132935,119.34
16.401694774627686,119.24
17.814632177352905,119.07
19.161927938461304,119.1
20.574413537979126,115.62
21.92084312438965,115.24
23.32837963104248,112.76
24.740341663360596,103.76
32.0493905544281,-2.52
33.383891582489014,-2.62
34.671502351760864,-2.1
35.98313927650452,-3.28
37.28896641731262,-1.31
38.57590913772583,-3.66
39.894315004348755,-2.03
41.20727205276489,-2.31
45.78499460220337,199.93
47.196834325790405,134.97
48.546510457992554,126.03
49.95584845542908,123.76
51.37408757209778,121.83
52.78845000267029,121.38
54.18502140045166,121.21
55.53467655181885,120.93
56.954450368881226,121.17
58.353442668914795,117.93
59.76591515541077,117.17
61.19103741645813,114.69
62.58773326873779,107.31
63.99842596054077,101.17
65.40945434570312,95.0
66.75272107124329,92.07
74.06058859825134,-2.62
75.34807300567627,-2.55
76.6604015827179,-2.41
77.97956728935242,-2.41
79.29851078987122,-2.31
80.61615061759949,-2.24
81.91028189659119,-2.17
83.2123327255249,-2.24
84.44864177703857,-2.21
85.66880869865417,-2.17
86.86478066444397,-2.17
88.07790160179138,-2.21
89.27438807487488,-2.17
90.48388910293579,-2.17
91.70837330818176,-2.17
92.91719174385071,-2.14
94.1661913394928,-2.17
95.37541198730469,-2.21
96.58826994895935,-2.14
97.78539991378784,-2.21
98.99504947662354,-2.07
100.21756482124329,-2.07
101.4247179031372,-2.1
102.6338906288147,-2.1
103.88451838493347,-2.07
105.0913655757904,-2.03
106.31295800209045,-2.0
107.54130244255066,-2.1
