1.1159367561340332,-0.83,0
2.348966121673584,-1.03,0
3.549903392791748,-4.1,0
4.753870964050293,-0.79,0
5.962064504623413,-2.07,0
10.556118726730347,363.66,1
11.967173099517822,178.1,1
13.378196954727173,145.59,1
14.72260332107544,138.17,1
16.123772621154785,122.97,1
17.46378779411316,134.59,1
18.887226581573486,132.69,1
20.220167875289917,128.55,1
21.571641206741333,140.86,1
22.971598148345947,123.45,1
24.39223051071167,113.1,1
25.797638416290283,108.41,1
27.21681523323059,102.41,1
28.621752977371216,97.79,1
30.04064440727234,95.72,1
31.459725856781006,91.0,1
