1.1161854267120361,6.14
2.320711851119995,6.14
3.55208420753479,6.03
4.752484321594238,6.03
9.333720684051514,1.59
10.745856523513794,1.52
12.086404085159302,1.55
13.499376773834229,1.52
14.903427362442017,1.52
16.328723669052124,1.48
17.66062641143799,1.38
19.004477739334106,1.52
20.356615781784058,1.45
21.69005584716797,1.41
23.04230046272278,1.41
24.457377910614014,1.34
25.863792657852173,5.52
27.276129484176636,3.93
28.687066316604614,9.31
30.108773708343506,5.0
31.51889395713806,10.59
32.93092918395996,5.45
34.3428680896759,11.03
35.69028615951538,12.34
37.02498745918274,5.76
38.43687605857849,8.48
39.861363887786865,10.48
41.27338004112244,11.86
42.687955141067505,13.21
44.10172700881958,5.76
45.51302742958069,10.62
46.92843770980835,5.86
48.32971549034119,11.83
49.74223065376282,12.76
51.1598105430603,12.17
52.57468819618225,5.62
53.989144802093506,9.59
55.331106185913086,11.52
56.74496650695801,5.59
58.15342688560486,9.52
59.5677752494812,11.28
60.97881627082825,12.52
62.390650033950806,12.83
63.80326247215271,5.66
65.1514093875885,11.31
66.48910617828369,5.41
67.831303358078,10.28
69.18190741539001,12.03
70.5916645526886,6.03
71.94716715812683,11.17
73.28096795082092,13.31
74.63230395317078,5.9
75.96958422660828,11.07
77.31964182853699,5.38
78.72970342636108,8.17
80.13874840736389,4.41
81.54950547218323,10.34
82.96417045593262,11.76
84.31704568862915,11.93
85.72774028778076,6.0
87.13875484466553,10.41
88.55507755279541,11.66
89.89041566848755,5.66
91.23629236221313,10.72
92.64945650100708,11.34
94.0634036064148,5.14
95.47693538665771,10.86
96.89661073684692,5.52
98.23351192474365,9.69
99.64794850349426,4.86
101.05987310409546,10.76
102.4709312915802,5.07
103.88497114181519,11.0
105.3040885925293,13.0
106.7150399684906,11.45
108.04685974121094,12.69
109.459299325943,11.55
110.87328338623047,11.0
112.28543257713318,12.59
113.69477987289429,5.86
115.10707426071167,10.52
116.52024602890015,12.69
117.94688105583191,6.0
119.35245728492737,8.83
120.76545715332031,10.03
122.17669677734375,12.93
123.59528064727783,12.86
125.00023627281189,13.41
126.4105954170227,5.97
127.82429242134094,9.34
129.23611211776733,4.66
130.66023063659668,9.38
132.07355546951294,12.48
133.4862744808197,13.76
134.90212893486023,6.0
136.30574774742126,12.0
137.72624254226685,6.14
139.13888835906982,10.1
140.55009412765503,10.76
141.96312975883484,5.55
143.37662363052368,10.07
144.78948998451233,5.41
146.20252537727356,9.62
147.60277891159058,10.9
149.01730871200562,11.24
150.42742228507996,5.45
151.84306955337524,9.97
153.25648617744446,13.03
154.66990113258362,5.69
156.09053564071655,9.86
157.50140142440796,12.66
158.9153127670288,13.62
160.3180387020111,6.62
161.66755843162537,9.83
163.0207555294037,13.14
164.4237620830536,13.72
165.77451419830322,6.55
167.18510389328003,10.69
168.60062742233276,5.34
169.93358707427979,3.38
171.35616970062256,9.0
172.6913001537323,13.93
174.04254388809204,6.1
175.45564675331116,10.55
176.93242502212524,4.83
178.4224112033844,10.93
179.82569360733032,13.24
181.24225664138794,11.03
182.65608048439026,5.69
184.0562460422516,9.62
185.4106686115265,14.07
186.74460554122925,12.86
188.09314584732056,5.97
189.50702047348022,10.72
190.85175228118896,13.17
192.26390385627747,6.24
193.67406916618347,10.93
195.1003782749176,5.55
196.51377987861633,9.24
197.8464000225067,10.28
199.3385727405548,5.48
200.82158184051514,11.59
202.294451713562,5.9
203.8478741645813,4.0
205.32508182525635,9.86
206.8097493648529,11.0
208.28168153762817,5.97
209.69532775878906,10.45
211.18859696388245,9.21
212.66460824012756,5.24
214.21888732910156,10.86
215.62974977493286,11.66
217.0403082370758,5.55
218.51460146903992,10.31
219.86287999153137,5.07
221.27476716041565,11.28
