1.1158983707427979,-1.52,0
2.348435878753662,-1.52,0
3.5554089546203613,-1.48,0
4.7564098834991455,-1.48,0
5.953182220458984,-1.55,0
7.155538558959961,-1.48,0
11.752021789550781,1100.0,1
13.163468360900879,649.24,1
14.574182987213135,383.38,1
15.982052326202393,276.17,1
17.328425884246826,208.9,1
18.6668963432312,160.1,1
20.007492542266846,132.62,1
21.415832042694092,116.62,1
22.82471513748169,105.52,1
24.17168164253235,102.55,1
25.58402156829834,94.62,1
26.99937152862549,92.31,1
28.417094469070435,90.55,1
29.818610191345215,87.97,1
31.23302984237671,87.66,1
32.58228015899658,85.97,1
33.912567138671875,88.76,1
35.26426553726196,85.52,1
36.60101842880249,87.17,1
38.01704025268555,90.31,1
39.35971546173096,88.97,1
40.706815004348755,88.66,1
42.046154499053955,87.55,1
43.38238787651062,88.83,1
50.695626735687256,-2.07,0
52.02607083320618,-2.0,0
