1.118077278137207,40.55,0
2.361583948135376,42.07,0
3.57155442237854,41.9,0
4.778603553771973,42.24,0
6.122470378875732,42.79,0
7.407455921173096,43.17,0
8.661056280136108,43.0,0
9.882149934768677,43.66,0
11.388278007507324,37.86,0
12.632792234420776,41.0,0
1.2060537338256836,51.07,1
2.481091022491455,48.03,1
3.7564923763275146,47.79,1
5.029383897781372,47.72,1
6.440244674682617,57.45,1
7.774128675460815,49.93,1
9.114343881607056,57.0,1
10.524745225906372,49.55,1
11.946295261383057,57.41,1
13.34830904006958,49.76,1
14.694154739379883,56.93,1
16.04562473297119,49.79,1
17.455515146255493,48.28,1
18.800340175628662,57.48,1
20.143802165985107,50.0,1
21.555843591690063,56.79,1
22.883965969085693,49.55,1
24.23146915435791,56.9,1
25.586045742034912,49.62,1
26.984172582626343,57.17,1
28.341058492660522,44.34,1
29.675309419631958,44.31,1
31.089954376220703,48.07,1
32.493727922439575,48.52,1
33.90558695793152,48.38,1
35.26038384437561,47.55,1
36.600035667419434,48.34,1
37.93182849884033,48.45,1
39.27743124961853,48.83,1
40.628214836120605,48.86,1
42.03649163246155,48.1,1
43.44864273071289,53.93,1
44.86555576324463,49.38,1
46.20423245429993,47.31,1
47.61550164222717,48.38,1
48.95774817466736,48.31,1
50.36810898780823,47.07,1
51.778210163116455,48.03,1
53.193278312683105,54.59,1
54.59923720359802,48.83,1
56.0234432220459,54.14,1
57.43479561805725,48.72,1
58.84065389633179,48.59,1
60.25838899612427,48.97,1
61.66539216041565,48.34,1
63.08067774772644,47.48,1
64.48225951194763,48.59,1
65.90080046653748,47.14,1
67.30737686157227,47.62,1
68.65126752853394,54.21,1
70.06222438812256,49.28,1
71.40703392028809,47.55,1
72.7597906589508,48.03,1
74.10347938537598,47.41,1
75.5145947933197,48.48,1
76.8527283668518,48.24,1
78.26305890083313,54.1,1
79.61276245117188,49.1,1
81.02381563186646,54.03,1
82.42777609825134,49.0,1
83.8369414806366,48.97,1
85.24814128875732,54.21,1
86.66351103782654,49.03,1
88.07579803466797,54.07,1
89.4843201637268,49.1,1
90.83710026741028,54.03,1
92.24825835227966,49.1,1
93.65677785873413,53.83,1
95.06138038635254,48.83,1
96.4749083518982,48.45,1
97.89160203933716,53.52,1
99.30137157440186,48.31,1
100.71997785568237,53.83,1
102.05152869224548,49.34,1
103.46684837341309,53.66,1
104.87955212593079,48.97,1
106.2964448928833,48.14,1
107.63255047798157,48.28,1
109.03908348083496,47.83,1
110.4544849395752,48.17,1
111.87322950363159,53.31,1
113.27447891235352,48.62,1
114.68937969207764,53.31,1
116.09554982185364,48.62,1
117.51364183425903,48.0,1
118.92351055145264,53.07,1
120.3380913734436,48.21,1
121.74490928649902,53.28,1
123.1688768863678,48.38,1
124.58054757118225,48.41,1
125.97962379455566,47.28,1
127.38750910758972,53.55,1
128.80438566207886,48.21,1
130.21474385261536,53.69,1
131.6348168849945,48.55,1
132.9730188846588,53.55,1
134.3802216053009,48.9,1
135.78771376609802,47.41,1
137.21058630943298,53.62,1
138.62308835983276,48.62,1
140.0255527496338,48.34,1
141.4417531490326,46.62,1
142.8535647392273,47.86,1
144.2707121372223,53.24,1
145.67711639404297,48.52,1
147.09482288360596,47.48,1
148.50685453414917,48.03,1
149.91515374183655,46.79,1
151.31992554664612,53.17,1
152.73416662216187,48.48,1
154.1522376537323,53.31,1
155.55968379974365,47.93,1
156.9745535850525,48.03,1
158.37532830238342,47.62,1
159.79059267044067,47.0,1
161.1278486251831,52.62,1
162.47292017936707,48.31,1
163.8964855670929,53.1,1
165.23136043548584,48.38,1
166.5820336341858,53.07,1
167.99083638191223,47.55,1
169.40599179267883,47.31,1
170.8132200241089,52.9,1
172.1563868522644,48.0,1
173.56943941116333,47.07,1
174.90500736236572,47.55,1
176.32756304740906,53.0,1
177.6576690673828,48.34,1
179.07398223876953,46.86,1
180.48571848869324,47.9,1
181.8967969417572,47.79,1
183.2482545375824,47.48,1
184.64995551109314,47.9,1
185.99697971343994,53.14,1
187.41528463363647,48.24,1
188.81908559799194,47.83,1
190.22745037078857,52.79,1
191.5810227394104,48.24,1
192.9937024116516,47.66,1
194.4013695716858,52.76,1
195.8177535533905,48.0,1
197.22942423820496,47.79,1
198.62767100334167,47.9,1
200.05266499519348,53.0,1
201.45685839653015,47.69,1
202.87703323364258,52.97,1
204.2843201160431,47.72,1
205.6282753944397,47.72,1
207.03398442268372,52.86,1
208.45034885406494,47.97,1
209.78541827201843,47.62,1
211.1431369781494,52.72,1
212.54307770729065,48.07,1
213.96325540542603,53.21,1
215.3734381198883,48.03,1
216.72047924995422,47.59,1
218.04941964149475,52.9,1
219.4016559123993,47.86,1
220.81810665130615,47.03,1
222.16347408294678,52.66,1
223.5649173259735,47.79,1
224.9776713848114,47.62,1
226.38540530204773,47.76,1
227.73493242263794,52.97,1
229.14047050476074,48.31,1
230.55890417099,47.55,1
231.90524792671204,47.62,1
233.30713415145874,52.62,1
234.7176547050476,47.97,1
236.14085268974304,47.62,1
237.54444932937622,47.59,1
238.96742725372314,47.38,1
240.3765354156494,47.45,1
241.79155826568604,52.76,1
243.1979043483734,47.86,1
244.6090953350067,47.59,1
246.01807045936584,47.38,1
247.43579602241516,52.55,1
248.84569311141968,48.07,1
250.25889444351196,52.55,1
251.66642570495605,48.17,1
253.08187627792358,52.83,1
254.4919626712799,48.21,1
255.90736556053162,52.69,1
257.3075075149536,48.07,1
258.717157125473,52.79,1
260.1362957954407,47.9,1
261.5429472923279,52.79,1
262.9569480419159,47.86,1
264.37334728240967,47.66,1
265.7865078449249,47.38,1
267.1985640525818,52.72,1
268.60779070854187,47.93,1
269.9502730369568,47.52,1
271.36003947257996,47.55,1
272.7674708366394,52.76,1
274.185067653656,47.97,1
275.5848376750946,46.55,1
277.00781512260437,47.52,1
278.4123103618622,52.41,1
279.7534980773926,48.03,1
281.1042366027832,52.45,1
288.4015808105469,2.1,0
289.7224712371826,1.9,0
291.04331827163696,-0.83,0
292.36544013023376,11.14,0
293.7102839946747,-1.45,0
295.0288317203522,-1.9,0
296.34111285209656,-0.9,0
297.6601092815399,-1.31,0
298.9727563858032,-1.17,0
300.2891380786896,-2.24,0
301.6080410480499,-1.48,0
302.92809224128723,-8.59,0
304.2766878604889,-2.31,0
305.59636402130127,-1.21,0
306.92299127578735,-3.45,0
308.2514307498932,-1.24,0
309.5731008052826,-1.55,0
310.89901065826416,-1.59,0
312.2170090675354,-1.59,0
313.5238358974457,-1.59,0
314.8750650882721,-1.66,0
316.1892566680908,-1.62,0
317.5237362384796,-1.59,0
318.8235466480255,-1.59,0
320.14482021331787,-1.59,0
321.46573305130005,-1.69,0
322.7710175514221,-1.69,0
324.0788269042969,-1.69,0
325.43078088760376,-1.62,0
326.723025560379,-1.69,0
328.03633069992065,-1.66,0
329.3397195339203,-1.62,0
330.6610760688782,-1.62,0
331.96212935447693,-1.66,0
333.2592384815216,-1.69,0
337.84439992904663,32.97,1
339.2573175430298,35.14,1
340.60621213912964,45.1,1
342.0153548717499,47.07,1
343.3659873008728,47.28,1
344.78263664245605,47.52,1
346.11397218704224,48.76,1
347.531023979187,49.07,1
348.8708345890045,48.97,1
350.2861981391907,48.41,1
351.6915514469147,54.21,1
353.11159443855286,49.69,1
354.4564392566681,48.45,1
355.86667370796204,54.86,1
357.21302556991577,50.14,1
358.61425971984863,48.62,1
359.96788907051086,48.72,1
361.3752727508545,49.0,1
362.7235746383667,54.24,1
364.1344609260559,49.79,1
365.4720182418823,48.72,1
366.8880271911621,53.79,1
368.29395747184753,49.14,1
369.6979434490204,53.93,1
371.0572941303253,49.55,1
372.3893539905548,48.21,1
373.80600905418396,48.0,1
375.1447579860687,47.0,1
376.48334407806396,48.14,1
377.82557129859924,47.93,1
379.17568373680115,48.28,1
380.58122062683105,48.41,1
381.99071764945984,47.93,1
383.40168285369873,48.52,1
384.82800459861755,53.66,1
386.2382881641388,48.86,1
387.6411724090576,53.62,1
389.06070590019226,49.1,1
390.3974299430847,53.03,1
391.8158209323883,49.38,1
393.22389101982117,48.14,1
394.6386225223541,48.14,1
395.9722638130188,48.0,1
397.39371633529663,53.17,1
398.79508090019226,49.07,1
400.2116732597351,53.48,1
401.5494267940521,49.24,1
402.9703722000122,53.34,1
404.3171536922455,49.14,1
405.7159700393677,48.55,1
407.0647943019867,48.48,1
408.4784731864929,48.59,1
409.88671493530273,47.86,1
411.3058967590332,53.21,1
412.71676325798035,48.69,1
414.1179368495941,48.17,1
415.53706669807434,48.21,1
416.94545674324036,48.1,1
418.35911083221436,48.28,1
419.77561497688293,47.86,1
421.17960357666016,48.07,1
422.5895586013794,48.21,1
424.0123815536499,48.03,1
425.42197251319885,53.38,1
426.82337379455566,48.86,1
428.24863147735596,53.38,1
429.5888500213623,49.07,1
430.99408054351807,53.28,1
432.34380626678467,49.03,1
433.751179933548,53.48,1
435.09902787208557,49.17,1
436.51041436195374,53.21,1
437.84949469566345,49.14,1
439.25963044166565,53.48,1
440.6104402542114,49.1,1
442.0111277103424,53.14,1
443.42767810821533,48.45,1
444.83976554870605,53.76,1
446.2568247318268,49.1,1
447.6580810546875,47.93,1
449.0707685947418,48.24,1
450.4790008068085,46.83,1
451.89223551750183,46.97,1
453.3073101043701,53.45,1
454.717759847641,48.52,1
456.1244239807129,53.41,1
457.5490517616272,48.76,1
458.8913731575012,47.79,1
460.23640489578247,47.83,1
461.63763904571533,53.21,1
462.97969484329224,48.9,1
464.3974611759186,47.66,1
465.8103473186493,47.72,1
467.2177035808563,52.76,1
468.62460112571716,48.45,1
470.0496599674225,52.93,1
471.45790457725525,48.21,1
472.87017130851746,52.76,1
474.21277356147766,48.28,1
475.6268274784088,52.52,1
477.02502822875977,47.93,1
478.43841671943665,47.48,1
479.86297941207886,52.55,1
481.26998949050903,48.1,1
482.68709111213684,52.31,1
484.0991470813751,48.07,1
485.5119113922119,47.59,1
486.9129059314728,52.14,1
488.3233664035797,47.45,1
489.7369611263275,47.14,1
491.14940118789673,52.34,1
492.5632507801056,48.28,1
493.97487902641296,52.55,1
495.3809652328491,47.93,1
496.799232006073,47.41,1
498.2147059440613,47.1,1
499.62504506111145,52.52,1
501.0303840637207,47.83,1
502.45108246803284,47.45,1
503.858745098114,52.14,1
505.2729709148407,48.52,1
506.6825907230377,52.31,1
508.0914387702942,48.0,1
509.4969530105591,52.52,1
510.90683698654175,48.0,1
512.3287272453308,52.17,1
513.7423193454742,48.24,1
515.1430463790894,52.24,1
516.5574009418488,52.83,1
517.9741940498352,48.52,1
519.3832757472992,47.17,1
520.7929651737213,51.9,1
522.1997854709625,47.41,1
523.623167514801,46.86,1
525.0229144096375,52.1,1
526.4468245506287,47.55,1
527.8496904373169,52.0,1
529.2636981010437,47.48,1
530.6830079555511,46.97,1
532.0933129787445,51.83,1
533.4944338798523,47.55,1
534.9174044132233,52.07,1
536.3291642665863,52.83,1
537.7292172908783,47.59,1
539.15234208107,46.93,1
540.5556516647339,51.55,1
541.9636335372925,47.41,1
543.3774011135101,51.79,1
544.7985484600067,47.34,1
546.2105956077576,46.83,1
547.610104560852,51.76,1
549.0247142314911,52.72,1
550.4319303035736,47.52,1
551.8547115325928,46.59,1
553.2568261623383,46.52,1
554.6818573474884,51.69,1
556.0789098739624,52.17,1
557.5039186477661,47.69,1
558.9025955200195,46.17,1
560.3164751529694,46.21,1
561.7297077178955,46.1,1
563.139092206955,45.93,1
564.5589699745178,46.14,1
565.9683451652527,46.17,1
567.3766803741455,51.17,1
568.7851283550262,46.9,1
570.2000498771667,45.86,1
571.6207301616669,45.45,1
573.0285506248474,45.83,1
574.4292929172516,45.76,1
575.8436646461487,50.69,1
577.2653212547302,51.31,1
578.6773481369019,47.72,1
580.080157995224,46.07,1
581.4900944232941,50.52,1
582.9008905887604,51.0,1
584.3144292831421,51.45,1
585.7334134578705,51.45,1
587.1412591934204,47.34,1
588.5535707473755,50.79,1
589.9668955802917,51.1,1
591.3815069198608,46.48,1
592.7789080142975,50.52,1
594.1929821968079,51.24,1
595.6152987480164,46.72,1
597.0176877975464,50.28,1
598.4414036273956,46.31,1
599.8457496166229,50.28,1
601.2542841434479,51.0,1
602.6639122962952,50.72,1
604.0740509033203,50.9,1
605.4904463291168,46.21,1
606.9060852527618,50.17,1
608.3104498386383,50.76,1
615.631049156189,1.48,0
616.9501407146454,1.97,0
618.2499070167542,-0.28,0
619.5881745815277,12.03,0
620.8970577716827,-4.72,0
622.2594873905182,-6.62,0
623.5691478252411,-1.9,0
624.8930122852325,-2.48,0
626.2015104293823,2.93,0
627.5251293182373,-0.17,0
628.847384929657,-0.21,0
630.1797294616699,-1.0,0
631.4934196472168,-1.24,0
632.8409118652344,-1.34,0
634.1529412269592,-1.52,0
635.4636244773865,-1.48,0
636.778772354126,-1.55,0
638.0978081226349,-1.48,0
639.397115945816,-1.59,0
640.7136299610138,-1.62,0
642.0080442428589,-1.66,0
643.3647890090942,-1.59,0
644.6698153018951,-1.72,0
645.9774060249329,-1.69,0
647.2707989215851,-1.62,0
648.5799007415771,-1.72,0
649.8952248096466,-1.69,0
651.1941330432892,-1.72,0
652.5077006816864,-1.69,0
653.8456056118011,-1.72,0
655.145174741745,-1.66,0
656.4512288570404,-1.79,0
657.7550525665283,-1.72,0
659.0681157112122,-1.76,0
660.3673942089081,-1.66,0
664.95614361763,33.17,1
666.300505399704,29.69,1
667.7141578197479,41.45,1
669.0505623817444,44.1,1
670.4641642570496,51.52,1
671.803124666214,47.03,1
673.2187342643738,51.45,1
674.5535113811493,47.21,1
675.9704465866089,46.41,1
677.321147441864,46.59,1
678.7200570106506,46.14,1
680.0639972686768,51.31,1
681.409206867218,48.34,1
682.7511022090912,47.34,1
684.175491809845,46.31,1
685.5070090293884,51.28,1
686.8485560417175,47.55,1
688.1934809684753,51.52,1
689.6123058795929,47.24,1
690.9586403369904,51.48,1
692.3645770549774,47.34,1
693.7155780792236,51.1,1
695.1268336772919,47.34,1
696.538227558136,46.48,1
697.9471702575684,51.28,1
699.3602447509766,46.83,1
700.7671675682068,45.93,1
702.1185581684113,46.17,1
703.5315334796906,46.31,1
704.9431324005127,45.83,1
706.2801253795624,46.0,1
707.6855912208557,51.0,1
709.0400366783142,47.14,1
710.4449467658997,51.45,1
711.8588554859161,51.66,1
713.2697241306305,51.72,1
714.6765475273132,47.24,1
716.019201040268,50.93,1
717.4424629211426,46.9,1
718.7786474227905,50.97,1
720.1852502822876,46.62,1
721.5946290493011,50.9,1
722.9440279006958,51.66,1
724.3534226417542,51.69,1
725.775018453598,47.17,1
727.1183609962463,46.24,1
728.5166084766388,51.0,1
729.8600642681122,47.14,1
731.2845380306244,46.28,1
732.6957852840424,46.03,1
734.0988130569458,45.86,1
735.5172128677368,46.17,1
736.9225974082947,51.03,1
738.269519329071,51.83,1
739.6790261268616,47.55,1
741.0807945728302,46.38,1
742.4386615753174,45.83,1
743.8419892787933,45.72,1
745.2598962783813,45.55,1
746.6037044525146,50.76,1
748.0119314193726,46.93,1
749.3581290245056,46.52,1
750.7611615657806,46.34,1
752.1071267127991,46.14,1
753.5228655338287,51.24,1
754.866295337677,46.86,1
756.2714126110077,45.9,1
757.6259682178497,45.93,1
759.0347118377686,45.93,1
760.37397813797,46.28,1
761.7901570796967,46.03,1
763.1305937767029,46.21,1
764.5396568775177,45.76,1
765.9502241611481,46.0,1
767.3559882640839,46.34,1
768.7838428020477,51.1,1
770.1845664978027,51.69,1
771.5994532108307,52.24,1
773.0162909030914,52.1,1
774.4143183231354,47.76,1
775.8353292942047,51.34,1
777.2409420013428,47.07,1
778.6614055633545,46.59,1
780.0677061080933,45.76,1
781.4827342033386,51.07,1
782.8977782726288,46.83,1
784.3024072647095,46.28,1
785.718817949295,51.38,1
787.1335928440094,52.0,1
788.4624714851379,48.21,1
789.8787229061127,46.62,1
791.2973349094391,45.55,1
792.7139716148376,46.0,1
794.1210741996765,46.17,1
795.527355670929,46.21,1
796.9400815963745,51.21,1
798.3470113277435,51.9,1
799.6913981437683,46.9,1
801.1103761196136,51.34,1
802.5278697013855,46.93,1
803.9315137863159,46.48,1
805.3448026180267,46.38,1
806.7568602561951,46.28,1
808.1736714839935,45.93,1
809.5800397396088,45.93,1
810.9826140403748,45.93,1
812.3931593894958,45.21,1
813.8144690990448,45.76,1
815.2317674160004,46.1,1
816.6411693096161,50.97,1
818.0551478862762,51.48,1
819.3974378108978,47.34,1
820.7988975048065,46.1,1
822.2135446071625,46.03,1
823.6224672794342,45.9,1
825.0453612804413,45.86,1
826.4506123065948,45.86,1
827.8588409423828,45.93,1
829.2711369991302,46.0,1
830.6842744350433,50.86,1
832.0943584442139,46.38,1
833.5079174041748,50.83,1
834.914975643158,51.62,1
836.328807592392,46.72,1
837.7455427646637,50.97,1
839.158998966217,51.72,1
840.5601348876953,46.79,1
841.9717285633087,45.69,1
843.3951196670532,50.79,1
844.8059778213501,46.62,1
846.2101428508759,46.0,1
847.6277294158936,50.9,1
849.043651342392,46.38,1
850.4548826217651,51.1,1
851.866532087326,46.93,1
853.265469789505,45.93,1
854.674334526062,45.9,1
856.0904107093811,46.03,1
857.506219625473,45.93,1
858.9225687980652,45.93,1
860.3349294662476,50.9,1
861.7443671226501,51.66,1
863.1604940891266,51.55,1
864.5632290840149,46.86,1
865.9705755710602,51.1,1
867.3217616081238,46.79,1
868.7294955253601,46.14,1
870.1373898983002,46.03,1
871.556428194046,46.03,1
872.9033675193787,45.97,1
874.3129603862762,45.79,1
875.7206013202667,50.76,1
877.1385979652405,46.59,1
878.5510895252228,45.66,1
879.962887763977,46.0,1
881.3705174922943,50.86,1
882.7831673622131,51.55,1
884.2006003856659,51.59,1
885.5976738929749,47.28,1
887.0222499370575,46.0,1
888.4345288276672,45.48,1
889.8321120738983,50.9,1
891.2482817173004,51.62,1
892.668066740036,51.66,1
894.0701327323914,51.79,1
895.4146869182587,51.59,1
896.8334834575653,51.66,1
898.2458312511444,47.97,1
899.656858921051,51.0,1
901.0555760860443,47.62,1
902.4787120819092,51.28,1
903.8820793628693,46.69,1
905.2954473495483,51.21,1
906.7141509056091,51.62,1
908.1159715652466,51.83,1
909.5376400947571,51.79,1
910.946581363678,47.21,1
912.3543570041656,45.9,1
913.774160861969,50.45,1
915.1810669898987,46.62,1
916.5889914035797,50.93,1
917.9996812343597,51.62,1
919.4162607192993,47.03,1
920.825070142746,45.79,1
922.2423112392426,45.97,1
923.6540114879608,50.83,1
925.0669462680817,51.55,1
926.4669363498688,47.86,1
927.8776154518127,46.07,1
929.2887771129608,50.79,1
930.7107729911804,51.34,1
932.1148660182953,51.83,1
933.5216028690338,51.72,1
934.9429459571838,51.86,1
936.3527276515961,46.97,1
937.7673857212067,51.0,1
939.1124806404114,46.41,1
940.5229229927063,50.76,1
947.8176064491272,0.79,0
949.1331486701965,0.66,0
950.4409878253937,0.62,0
951.7590079307556,1.76,0
953.0865585803986,-1.83,0
954.4297540187836,-1.48,0
955.7493422031403,-1.21,0
957.0776741504669,-2.9,0
958.3907651901245,-1.14,0
959.7122497558594,-1.48,0
961.0405194759369,-1.72,0
962.361428976059,-1.66,0
963.7152888774872,-1.52,0
965.0201654434204,-1.59,0
966.338470697403,-1.62,0
967.6611840724945,-1.66,0
968.9829170703888,-1.62,0
970.2953341007233,-1.69,0
971.6081228256226,-1.69,0
972.9587681293488,-1.66,0
974.2811081409454,-1.69,0
975.5888409614563,-1.79,0
976.9168565273285,-1.66,0
978.2263789176941,-1.62,0
979.5644774436951,-1.69,0
980.8787348270416,-1.72,0
982.196852684021,-1.66,0
983.5582549571991,-1.76,0
984.8828480243683,-1.72,0
986.1988060474396,-1.59,0
987.5256626605988,-1.66,0
988.84645819664,-1.72,0
990.1608233451843,-1.69,0
991.4789006710052,-1.72,0
992.831916809082,-1.69,0
997.4221103191376,30.59,1
998.8342564105988,32.66,1
1000.2508993148804,41.86,1
1001.6609423160553,50.79,1
1003.0681116580963,47.52,1
1004.4879846572876,52.1,1
1005.8947811126709,47.86,1
1007.2980589866638,51.97,1
1008.7213220596313,47.34,1
1010.1230623722076,46.59,1
1011.5329782962799,51.76,1
1012.9579346179962,52.72,1
1014.3677070140839,47.93,1
1015.7746016979218,52.38,1
1017.1856961250305,48.55,1
1018.5915584564209,52.17,1
1020.0073485374451,47.48,1
1021.4155230522156,47.17,1
1022.8347818851471,51.83,1
1024.2426173686981,47.66,1
1025.6509327888489,46.38,1
1027.0705325603485,46.97,1
1028.4741954803467,51.62,1
1029.8975780010223,52.62,1
1031.3039853572845,47.69,1
1032.715048789978,46.38,1
1034.1346006393433,46.28,1
1035.541874885559,45.93,1
1036.9466724395752,46.9,1
1038.3548545837402,46.41,1
1039.778349161148,46.97,1
1041.182856798172,51.72,1
1042.5974383354187,47.48,1
1044.0128965377808,52.14,1
1045.423968553543,47.93,1
1046.837844133377,51.97,1
1048.2502734661102,47.55,1
1049.6602900028229,46.79,1
1051.0729746818542,51.55,1
1052.4759273529053,47.1,1
1053.8952720165253,47.0,1
1055.3012025356293,46.34,1
1056.7172737121582,51.48,1
1058.1146409511566,47.14,1
1059.538770198822,46.93,1
1060.949672460556,46.79,1
1062.3617627620697,51.66,1
1063.7715315818787,47.17,1
1065.1764051914215,46.9,1
1066.6010930538177,51.66,1
1068.0100779533386,47.14,1
1069.417420387268,46.9,1
1070.830241203308,46.83,1
1072.2387251853943,51.21,1
1073.6584041118622,47.62,1
1075.0581965446472,51.66,1
1076.4691770076752,47.86,1
1077.8841938972473,46.21,1
1079.2931232452393,46.55,1
1080.7116208076477,46.66,1
1082.1213290691376,51.03,1
1083.540289402008,47.59,1
1084.94304728508,46.69,1
1086.351711988449,46.34,1
1087.7762920856476,51.45,1
1089.1781096458435,47.14,1
1090.592523097992,46.34,1
1091.9992322921753,45.79,1
1093.4077129364014,46.52,1
1094.8294112682343,46.28,1
1096.240906715393,46.48,1
1097.6556107997894,51.21,1
1099.0686089992523,47.38,1
1100.468467950821,47.38,1
1101.8819439411163,47.0,1
1103.3039910793304,46.72,1
1104.7038595676422,51.34,1
1106.1260488033295,52.34,1
1107.5372564792633,47.31,1
1108.94460439682,46.83,1
1110.3568966388702,45.9,1
1111.7721860408783,45.83,1
1113.1840529441833,46.14,1
1114.5962331295013,46.28,1
1116.002641916275,51.07,1
1117.4145398139954,47.17,1
1118.8274071216583,51.1,1
1120.2350795269012,47.45,1
1121.6488645076752,45.83,1
1123.0555183887482,46.31,1
1124.466516494751,45.97,1
1125.873458623886,45.97,1
1127.2857241630554,50.9,1
1128.7115054130554,47.48,1
1130.1235311031342,46.24,1
1131.5269355773926,46.21,1
1132.9414219856262,51.0,1
1134.3471848964691,51.66,1
1135.7592935562134,52.0,1
1137.1798374652863,47.38,1
1138.5834670066833,51.17,1
1139.997457742691,46.52,1
1141.4157600402832,51.21,1
1142.8267903327942,51.76,1
1144.238819360733,51.97,1
1145.650297164917,51.93,1
1147.0534749031067,52.0,1
1148.4759049415588,52.0,1
1149.8839638233185,51.97,1
1151.2999613285065,47.28,1
1152.701782464981,45.97,1
1154.1220350265503,45.86,1
1155.5305483341217,50.72,1
1156.932464838028,51.55,1
1158.3551049232483,46.93,1
1159.7649886608124,46.07,1
1161.178781747818,50.76,1
1162.5857102870941,51.48,1
1163.9957256317139,46.97,1
1165.4150941371918,50.97,1
1166.8122334480286,46.28,1
1168.22771525383,50.69,1
1169.6380410194397,46.31,1
1171.0513718128204,50.86,1
1172.4730591773987,51.1,1
1173.8751933574677,51.24,1
1175.2822494506836,47.52,1
1176.7000641822815,50.79,1
1178.1133801937103,51.21,1
1179.5250735282898,46.9,1
1180.9324233531952,50.38,1
1182.3510837554932,46.9,1
1183.7591173648834,45.48,1
1185.1786212921143,50.1,1
1186.5886912345886,51.1,1
1188.0013222694397,51.14,1
1189.4094586372375,50.86,1
1190.810069322586,46.93,1
1192.2220985889435,50.21,1
1193.6404252052307,50.48,1
1195.0572140216827,46.34,1
1196.4600207805634,49.93,1
1197.8819212913513,46.38,1
1199.2935869693756,50.07,1
1200.691722869873,46.72,1
1202.1141068935394,50.07,1
1203.523942232132,46.0,1
1204.932992219925,49.93,1
1206.3518042564392,50.97,1
1207.7504518032074,51.14,1
1209.17413854599,50.83,1
1210.5745627880096,51.07,1
1211.988908290863,51.03,1
1213.3999869823456,50.76,1
1214.8129301071167,46.93,1
1216.2294075489044,50.07,1
1217.645306110382,46.34,1
1219.0446784496307,50.03,1
1220.4583747386932,47.07,1
1221.8793938159943,45.45,1
1223.2790491580963,49.93,1
1224.6963422298431,46.59,1
1226.10049533844,50.03,1
1227.5130169391632,50.66,1
1228.9333109855652,47.21,1
1230.3378875255585,45.83,1
1231.7599358558655,49.72,1
1233.1604444980621,50.9,1
1234.5749468803406,50.69,1
1235.9873278141022,50.83,1
1237.4070677757263,50.86,1
1238.8040082454681,46.62,1
1240.2217667102814,49.86,1
1241.6418099403381,50.62,1
1243.0485212802887,50.72,1
1244.4558217525482,50.79,1
1245.8731350898743,50.86,1
1247.2820918560028,50.86,1
1248.6989765167236,50.62,1
1250.1121292114258,50.59,1
1251.5226023197174,46.86,1
1252.9326193332672,50.07,1
1254.3437786102295,50.59,1
1255.7531633377075,50.59,1
1257.1625442504883,50.62,1
1258.572279214859,50.86,1
1259.981779575348,50.72,1
1261.3899850845337,50.79,1
1262.8165411949158,47.07,1
1264.2196917533875,50.1,1
1265.6284301280975,50.76,1
1267.0381212234497,46.79,1
1268.4623868465424,49.97,1
1269.8732352256775,46.28,1
1277.1742618083954,-0.9,0
1278.5299234390259,-0.93,0
1279.838903427124,-1.31,0
1281.1695988178253,0.38,0
1282.4826340675354,-6.38,0
1283.8025782108307,-2.1,0
1285.1302425861359,-1.72,0
1286.4665055274963,-1.76,0
1287.8030834197998,-1.66,0
1289.1233994960785,-1.62,0
1290.4381432533264,-1.72,0
1291.7675020694733,-1.55,0
1293.0874292850494,-1.62,0
1294.420704126358,-1.59,0
1295.718413591385,-1.59,0
1297.04718875885,-1.69,0
1298.3972234725952,-1.72,0
1299.7125329971313,-1.72,0
1301.0236585140228,-1.76,0
1302.3430235385895,-1.69,0
1303.6570618152618,-1.69,0
1304.9644947052002,-1.72,0
1306.2791154384613,-1.72,0
1307.589931488037,-1.83,0
1308.9474895000458,-1.76,0
1310.2647502422333,-1.83,0
1311.5673446655273,-1.72,0
1312.8889455795288,-1.76,0
1314.2076013088226,-1.72,0
1315.522399187088,-1.76,0
1316.8398129940033,-1.72,0
1318.158241033554,-1.72,0
1319.5093812942505,-1.76,0
1320.8253021240234,-1.72,0
1322.1318936347961,-1.83,0
1326.7160022258759,31.0,1
1328.130239725113,27.48,1
1329.5421121120453,39.07,1
1330.9565949440002,49.41,1
1332.3787863254547,51.62,1
1333.793662071228,47.03,1
1335.205706357956,46.07,1
1336.6157493591309,46.86,1
1338.019048690796,46.59,1
1339.4362375736237,45.93,1
1340.8512389659882,51.14,1
1342.2625725269318,47.41,1
1343.674042224884,51.48,1
1345.0856726169586,52.41,1
1346.4947991371155,47.69,1
1347.902997493744,39.59,1
1349.3187320232391,47.93,1
1350.7280406951904,47.34,1
1352.1371729373932,47.07,1
1353.5463814735413,49.52,1
1354.958907365799,55.21,1
1356.3695957660675,51.59,1
1357.782380104065,59.97,1
1359.194440126419,54.07,1
1360.6127576828003,48.83,1
1362.018854856491,46.48,1
1363.4432640075684,50.66,1
1364.8490884304047,51.45,1
1366.2584578990936,47.24,1
1367.6696846485138,50.79,1
1369.0839607715607,51.14,1
1370.4980218410492,51.1,1
1371.9049515724182,51.14,1
1373.3222470283508,51.14,1
1374.7296214103699,47.48,1
1376.1386632919312,50.17,1
1377.5446615219116,50.83,1
1378.9690492153168,51.07,1
1380.3701672554016,50.62,1
1381.787231683731,50.79,1
1383.2006747722626,50.69,1
1384.612631559372,50.55,1
1386.0242190361023,50.21,1
1387.4247703552246,50.52,1
1388.8488774299622,50.21,1
1390.2604610919952,50.59,1
1391.66872382164,50.34,1
1393.0754523277283,50.1,1
1394.497906923294,50.07,1
1395.9101779460907,50.07,1
1397.32173538208,50.17,1
1398.7182195186615,50.17,1
1400.1314380168915,50.38,1
1401.5453341007233,46.21,1
1402.95214676857,49.31,1
1404.3753154277802,50.03,1
1405.7885687351227,50.0,1
1407.192569732666,50.0,1
1408.599692583084,50.0,1
1410.0168249607086,50.1,1
1411.423303604126,50.14,1
1412.8342370986938,49.83,1
1414.260752916336,50.0,1
1415.65780544281,50.07,1
1417.0805518627167,50.14,1
1418.4957020282745,50.28,1
1419.8925948143005,50.41,1
1421.3155357837677,46.52,1
1422.723551273346,49.1,1
1424.1399178504944,49.97,1
1425.5506145954132,50.03,1
1426.9581401348114,50.17,1
1428.362310886383,50.14,1
1429.785349369049,50.14,1
1431.1876475811005,50.07,1
1432.604234457016,50.0,1
1434.0219023227692,49.76,1
1435.4298450946808,49.79,1
1436.8441033363342,50.03,1
1438.2557332515717,50.0,1
1439.655403137207,49.93,1
1441.0745265483856,49.9,1
1442.4778234958649,49.79,1
1443.8965888023376,49.79,1
1445.3145735263824,49.34,1
1446.7179489135742,49.38,1
1448.1414942741394,49.41,1
1449.548333644867,49.59,1
1450.962946176529,49.52,1
1452.374015569687,49.48,1
1453.7708513736725,49.34,1
1455.188496351242,49.34,1
1456.5992715358734,49.21,1
1458.005328655243,53.76,1
1459.4226052761078,50.45,1
1460.834363937378,49.55,1
1462.2440629005432,49.31,1
1463.6562724113464,49.17,1
1465.0693626403809,49.52,1
1466.4872269630432,49.28,1
1467.8966917991638,53.66,1
1469.311965227127,50.34,1
1470.7244384288788,49.55,1
1472.1337456703186,49.1,1
1473.5396056175232,49.0,1
1474.9523940086365,49.28,1
1476.3626046180725,48.97,1
1477.7835955619812,53.21,1
1479.1927144527435,50.14,1
1480.6050808429718,49.17,1
1482.0150861740112,53.48,1
1483.4193217754364,50.17,1
1484.8400764465332,49.14,1
1486.2527544498444,48.86,1
1487.6539964675903,53.07,1
1489.0711333751678,50.03,1
1490.4819386005402,49.17,1
1491.8979337215424,49.21,1
1493.3011400699615,48.93,1
1494.7216460704803,53.14,1
1496.1360199451447,49.97,1
1497.5480921268463,49.14,1
1498.9564032554626,53.31,1
1500.3602962493896,50.0,1
1501.7801051139832,49.1,1
1503.1851642131805,49.21,1
1504.5963656902313,49.17,1
1506.0077619552612,49.21,1
1507.4187061786652,49.21,1
1508.8389585018158,49.14,1
1510.2515187263489,48.69,1
1511.6496500968933,53.14,1
1513.064296722412,49.9,1
1514.4730820655823,49.0,1
1515.8989217281342,49.31,1
1517.3051805496216,49.34,1
1518.7068891525269,53.34,1
1520.1279528141022,50.17,1
1521.5323278903961,49.07,1
1522.9546616077423,48.86,1
1524.366019487381,52.97,1
1525.778493642807,49.9,1
1527.186108827591,49.14,1
1528.5890493392944,53.07,1
1530.002393245697,50.0,1
1531.42675948143,49.1,1
1532.8251955509186,53.45,1
1534.2445604801178,50.07,1
1535.6472334861755,49.17,1
1537.0714497566223,53.41,1
1538.4689674377441,50.17,1
1539.884435415268,49.28,1
1541.2926096916199,49.24,1
1542.715665102005,53.55,1
1544.1278614997864,50.41,1
1545.5356771945953,49.38,1
1546.9439415931702,49.17,1
1548.360835313797,53.76,1
1549.769028186798,50.48,1
1551.185038805008,49.62,1
1552.5972287654877,49.17,1
1554.0034017562866,49.21,1
1555.4176754951477,53.62,1
1556.8205196857452,50.48,1
1558.2373626232147,49.52,1
1559.6484377384186,49.34,1
1561.0703377723694,49.62,1
1562.4790532588959,49.86,1
1563.887281179428,49.31,1
1565.3003299236298,49.1,1
1566.7087664604187,49.41,1
1568.1259002685547,49.1,1
1569.5352010726929,49.0,1
1570.9436633586884,48.93,1
1572.363177537918,49.14,1
1573.7716779708862,49.03,1
1575.1783707141876,49.59,1
1576.5978713035583,53.21,1
1578.0105464458466,50.31,1
1579.4147913455963,48.93,1
1580.8338747024536,48.9,1
1582.23432803154,49.1,1
1583.6567645072937,53.17,1
1585.0547325611115,49.93,1
1586.4671597480774,48.86,1
1587.889505147934,53.07,1
1589.2942497730255,50.0,1
1590.7032389640808,48.83,1
1592.1224303245544,48.86,1
1593.537729024887,52.9,1
1594.9366297721863,49.83,1
1602.2457797527313,-1.97,0
1603.5434296131134,-2.07,0
1604.8970227241516,-2.03,0
1606.2167654037476,-2.03,0
1607.5211579799652,-2.1,0
1608.8410193920135,-2.1,0
1610.1480424404144,-2.17,0
1611.4601690769196,-2.14,0
1612.769198179245,-2.14,0
1614.0882909297943,-2.17,0
1615.3924877643585,-2.17,0
1616.743629693985,-2.28,0
1618.0500752925873,-2.21,0
1619.3685789108276,-2.17,0
1620.6884503364563,-2.17,0
1622.0145013332367,-2.21,0
