1.1054210662841797,-1.83
2.352958917617798,-1.83
3.5641539096832275,-1.97
4.763681888580322,-1.93
9.33594274520874,-0.72
10.684137344360352,1.69
12.02288556098938,5.76
13.445217370986938,17.69
14.854864597320557,158.62
16.257744550704956,265.38
17.60683274269104,353.45
18.953472137451172,433.79
20.298586130142212,505.48
21.62999677658081,569.59
23.0441997051239,630.48
24.38460421562195,681.79
25.80342411994934,732.03
27.210347175598145,776.55
28.630163431167603,818.03
35.93461012840271,1.76
37.226094007492065,1.76
38.54627966880798,1.79
39.858747243881226,1.83
41.16835618019104,1.76
42.47678565979004,1.79
43.813037157058716,1.76
45.119139432907104,1.83
49.697723388671875,16.21
51.041768074035645,22.03
52.45243287086487,22.83
53.79686236381531,23.34
55.194926500320435,23.24
56.617284297943115,23.07
58.022647857666016,23.1
59.44547986984253,23.03
60.84326362609863,23.21
62.26735281944275,22.9
63.67796492576599,22.83
65.01382255554199,22.79
66.4364218711853,22.66
67.77984142303467,22.97
69.18206858634949,22.69
70.5294783115387,22.72
71.86662411689758,22.86
73.21968936920166,22.72
74.61923956871033,23.1
76.0339777469635,22.93
