3.114527463912964,-1.83
6.325566053390503,-1.79
9.574384212493896,-1.86
12.788517475128174,-1.83
17.563085556030273,11.66
21.034108877182007,6.59
24.583611488342285,4.24
28.13824152946472,13.66
31.696937322616577,9.66
35.24302935600281,10.66
38.719610929489136,9.86
42.206915616989136,9.28
45.75837802886963,8.93
49.30351233482361,5.52
52.8495135307312,4.76
56.40833067893982,11.41
59.95501136779785,9.48
63.498136043548584,6.21
67.04632186889648,11.72
70.53992247581482,9.55
74.08992075920105,10.14
77.57092070579529,10.45
81.1066997051239,10.24
84.66515517234802,6.0
88.20990633964539,3.31
91.75963687896729,1.86
95.30807113647461,1.31
98.86151504516602,0.62
102.41282391548157,0.21
105.96317934989929,10.97
109.5162844657898,12.76
113.05210375785828,11.55
116.60303354263306,11.38
120.1623945236206,10.79
123.70967602729797,10.38
127.25505828857422,10.52
130.81507015228271,10.24
134.36006093025208,9.9
137.96601009368896,9.97
141.588383436203,10.1
145.20879292488098,10.34
148.89122104644775,10.07
152.5089774131775,10.38
156.19666719436646,10.07
159.89395427703857,10.07
163.5789189338684,10.34
167.1829001903534,10.31
170.88453125953674,10.45
174.5696885585785,10.41
178.11312127113342,9.9
181.65960335731506,10.48
185.21988248825073,10.31
188.76205825805664,9.97
192.30865859985352,10.55
195.85636138916016,10.34
