1.1014604568481445,1.83,0
2.3509457111358643,1.66,0
3.5600273609161377,1.31,0
4.773033142089844,0.66,0
9.352182626724243,51.21,1
10.764211654663086,48.66,1
12.17720365524292,47.38,1
13.727559328079224,45.9,1
15.141414165496826,45.41,1
16.553860425949097,45.31,1
17.96526312828064,45.31,1
19.364949464797974,45.34,1
20.706204891204834,45.31,1
22.131883144378662,45.31,1
23.54475235939026,45.38,1
24.942774772644043,45.34,1
26.3678081035614,45.41,1
27.776100158691406,45.62,1
29.18997097015381,45.1,1
30.601695775985718,45.17,1
32.01112413406372,45.28,1
33.42177200317383,45.38,1
34.7598135471344,45.38,1
36.175798654556274,45.34,1
37.51199817657471,45.38,1
38.92545747756958,45.41,1
40.34518623352051,45.48,1
41.75013542175293,45.55,1
43.17318511009216,45.69,1
44.510215520858765,45.21,1
45.92797064781189,45.34,1
47.333840131759644,45.41,1
48.738954067230225,45.45,1
50.15511679649353,45.62,1
51.56261491775513,45.69,1
52.98011112213135,341.21,1
54.458892583847046,329.03,1
55.94816756248474,103.97,1
57.41429376602173,28.34,1
58.83083748817444,27.72,1
60.38725447654724,27.76,1
61.931843519210815,27.93,1
63.41849970817566,27.93,1
64.89477300643921,27.83,1
66.38233971595764,27.83,1
67.86091613769531,27.9,1
69.34322047233582,27.97,1
70.82277727127075,27.86,1
72.30181050300598,27.69,1
73.78210997581482,27.52,1
75.60753655433655,27.24,1
77.02311205863953,27.38,1
78.43846154212952,27.24,1
79.84218335151672,27.03,1
81.26389789581299,26.93,1
82.6726942062378,27.1,1
