1.1090354919433594,7.31
2.3218886852264404,7.38
3.5530669689178467,7.41
4.755193710327148,7.28
9.322182655334473,2.83
10.667211055755615,2.72
12.080346584320068,2.79
13.493247509002686,2.83
14.905453205108643,2.72
16.317253828048706,2.66
17.662362098693848,2.69
19.005391120910645,2.69
20.417997360229492,2.76
21.763097524642944,2.69
23.175440549850464,2.62
24.588415145874023,2.76
26.001157760620117,2.59
27.412469148635864,2.62
28.824573516845703,2.72
30.23760437965393,2.62
31.65128803253174,2.76
33.06363868713379,2.62
34.40664052963257,2.69
35.7527596950531,2.69
37.164756774902344,2.66
38.57782244682312,2.69
39.99079704284668,2.55
41.40301251411438,11.48
42.814778566360474,5.48
44.16102886199951,3.59
45.572843074798584,4.0
46.9169545173645,3.07
48.26097631454468,2.93
49.67399072647095,3.66
51.087159156799316,3.07
52.431644439697266,3.79
53.84408903121948,3.1
55.257102489471436,3.72
56.67010974884033,2.97
58.01415801048279,3.69
59.42718839645386,3.1
60.839946031570435,3.69
62.2532434463501,10.86
63.6662859916687,6.66
65.07931518554688,3.93
66.42434787750244,4.1
67.76809453964233,3.14
69.1128261089325,2.79
70.52552652359009,2.72
71.86945247650146,2.72
73.21378421783447,2.66
74.62671566009521,2.69
75.97083711624146,2.66
77.31446886062622,2.72
78.72762203216553,2.76
80.14150738716125,2.62
81.48562788963318,2.66
82.89858222007751,2.55
