1.1136689186096191,0.97
2.323561429977417,0.9
3.5613138675689697,0.97
4.767635345458984,0.83
9.339344263076782,270.45
10.745964765548706,330.66
12.154204607009888,282.86
13.562764883041382,199.14
14.979891777038574,71.17
16.388874530792236,29.45
17.80205011367798,18.83
19.153690099716187,19.07
20.56475567817688,42.48
21.97421932220459,44.07
23.31789493560791,33.72
24.721940994262695,13.31
32.02553677558899,3.03
33.37334322929382,3.17
34.67967891693115,3.1
35.99443769454956,3.14
37.31079649925232,3.07
38.622385025024414,3.07
39.931944847106934,3.21
41.24480104446411,3.17
42.586687326431274,3.1
43.8978636264801,3.0
45.20631527900696,3.17
46.5163676738739,3.14
47.82953906059265,3.14
49.149847745895386,3.14
50.45848608016968,2.97
51.809085845947266,3.07
56.36256122589111,0.55
57.78885865211487,0.52
59.18793058395386,4.62
60.60092639923096,8.17
62.01782011985779,9.45
63.42956233024597,9.66
64.83607053756714,11.1
66.25011968612671,10.28
67.67590522766113,9.93
69.0890212059021,9.97
70.48965525627136,9.83
72.04127669334412,9.66
73.53049087524414,9.62
75.08078050613403,11.03
76.61915969848633,9.76
78.04389119148254,9.55
79.5180344581604,9.45
81.00289225578308,10.86
82.48817276954651,9.83
83.901127576828,9.59
85.31537103652954,10.62
86.72015643119812,9.76
88.14104390144348,9.45
89.55420422554016,10.76
90.96171045303345,9.79
92.36760663986206,9.34
93.78380846977234,10.59
95.2013156414032,9.79
96.60576677322388,9.59
98.02521204948425,10.76
99.43683648109436,9.79
100.84839987754822,9.41
102.26208090782166,10.55
103.67888617515564,9.72
105.08936262130737,10.55
106.50292444229126,9.48
107.90606951713562,10.52
109.31850790977478,9.62
110.67438840866089,10.52
112.08064007759094,9.52
113.48943996429443,10.59
114.90242624282837,9.69
116.31457829475403,10.62
117.72664213180542,9.55
119.14555335044861,10.38
120.55598998069763,9.55
121.9706609249115,10.45
123.38638377189636,9.59
124.7977123260498,10.45
126.21145796775818,9.48
127.62200355529785,10.45
129.03574299812317,9.52
130.4487020969391,10.38
131.79634046554565,10.86
133.20924520492554,9.41
134.6212785243988,10.31
136.03833723068237,9.34
137.38166880607605,10.34
138.78909420967102,9.45
140.20099592208862,10.38
141.6156723499298,9.41
143.02701210975647,10.38
144.43144941329956,9.52
145.84879541397095,10.41
147.26189947128296,9.41
148.67265343666077,10.41
150.08538675308228,9.48
151.49904656410217,10.34
152.9141812324524,9.48
154.3256003856659,10.41
155.74087715148926,9.59
157.15923404693604,10.55
158.56124091148376,9.45
159.97170186042786,10.41
161.39774894714355,9.55
162.8033483028412,10.45
164.15206503868103,9.62
165.49360704421997,10.59
166.9023380279541,9.38
168.25295066833496,10.28
169.66303062438965,9.31
171.00261092185974,10.34
172.4140124320984,9.52
173.82759308815002,10.41
175.17967295646667,9.38
176.5928874015808,10.28
178.00284004211426,9.45
179.34375762939453,10.45
180.6889910697937,9.55
182.09409928321838,10.48
183.50657272338867,9.52
184.9318151473999,10.38
186.27382111549377,9.52
187.61402773857117,10.38
189.02154350280762,9.45
190.43474817276,10.34
191.85301899909973,9.52
193.26850247383118,10.41
194.67173075675964,9.38
196.0930519104004,10.31
197.5008842945099,10.69
198.91072869300842,9.24
200.32604384422302,10.24
201.73546957969666,10.69
203.15524291992188,9.24
204.5672161579132,10.17
205.9761040210724,10.76
207.3922619819641,9.34
208.8013939857483,10.28
210.14868998527527,10.66
211.56315112113953,9.31
212.9720058441162,10.31
214.3845293521881,10.52
215.79452419281006,9.28
217.20585918426514,10.38
218.6170094013214,9.41
220.03086066246033,10.34
221.44255661964417,10.59
222.8666958808899,9.24
224.2112193107605,10.21
225.6110818386078,10.55
227.02225852012634,9.28
228.44528341293335,10.24
229.8545355796814,10.69
231.26758074760437,9.38
232.68191194534302,10.31
234.09356355667114,10.9
235.49780368804932,9.59
236.92465353012085,9.31
238.33580589294434,10.14
239.74905443191528,10.69
247.0506660938263,0.38
248.37367153167725,0.24
249.6892693042755,0.28
251.007385969162,0.21
252.3243498802185,0.24
253.67473220825195,0.1
254.98515248298645,0.21
256.3023509979248,0.14
257.6144828796387,0.21
258.9360988140106,0.24
260.24867606163025,0.14
261.56248807907104,0.1
262.91064500808716,0.1
264.2220447063446,0.1
265.5333158969879,0.17
266.851026058197,0.14
271.4242990016937,2.34
272.83932065963745,6.48
274.2504277229309,12.41
275.6618392467499,17.38
277.0743691921234,19.66
278.4751353263855,20.03
279.88758540153503,20.45
281.29885816574097,21.07
282.7170684337616,20.45
284.1319179534912,20.14
285.5478763580322,20.14
286.9595503807068,20.14
288.3768618106842,20.62
289.78725004196167,21.86
291.1885974407196,19.45
292.6098828315735,18.76
294.02457880973816,20.45
295.43896889686584,20.59
296.85106778144836,19.59
298.2549731731415,20.03
299.66652846336365,19.59
301.0917353630066,20.28
302.50346970558167,19.31
303.9151659011841,20.72
305.3149893283844,19.62
306.7355592250824,21.03
308.1467628479004,19.52
309.5598039627075,20.0
310.97429156303406,20.28
312.3819088935852,19.03
313.7976167201996,19.97
315.213725566864,21.0
316.62304735183716,19.24
318.0355808734894,20.62
319.44608068466187,19.83
320.85682010650635,20.07
322.2707118988037,19.62
323.6850354671478,20.24
325.1005504131317,20.38
326.5131404399872,19.34
327.86038851737976,19.97
329.2672724723816,21.48
330.67986965179443,20.0
332.0915856361389,19.31
333.4424316883087,19.17
334.85374784469604,20.55
336.26547718048096,20.0
337.6738202571869,19.59
339.0941925048828,20.0
340.5046446323395,19.83
341.8563139438629,19.72
343.2680239677429,20.52
344.6086142063141,19.62
345.95554780960083,20.31
347.2982933521271,19.72
348.7047927379608,21.14
350.11994647979736,19.76
351.53133153915405,19.45
352.9382803440094,19.59
354.3622260093689,20.55
355.69776678085327,20.0
357.1078836917877,19.83
358.5161063671112,19.48
359.87116265296936,20.17
361.27253437042236,20.31
362.69007563591003,19.66
364.0395143032074,21.0
365.4499273300171,20.21
372.7415533065796,3.21
374.04696464538574,3.14
375.35726618766785,3.07
376.6740300655365,3.24
378.01643085479736,3.1
379.322806596756,3.14
380.62885308265686,3.07
381.9390025138855,3.14
386.5064353942871,3.14
387.9119086265564,22.55
389.3243010044098,43.66
390.7443232536316,52.86
392.16302132606506,50.72
393.5629014968872,49.59
394.97460865974426,49.97
396.39218044281006,49.9
397.7425022125244,49.62
399.14226818084717,49.14
400.4942989349365,50.93
401.89757657051086,50.66
403.3075520992279,48.14
404.7193531990051,51.83
406.12926864624023,49.34
407.54140067100525,48.0
408.95497584342957,50.93
410.36877179145813,49.17
411.78930258750916,51.03
413.20178604125977,49.55
414.60026001930237,51.86
416.0166389942169,49.31
417.4311203956604,48.76
418.8454911708832,51.07
420.2589228153229,51.14
421.6568486690521,49.03
423.07037138938904,49.69
424.4832499027252,51.76
431.784236907959,2.38
433.09945726394653,2.45
434.4146194458008,2.28
435.7355101108551,2.41
437.0527606010437,2.45
438.3676104545593,2.48
439.72024393081665,2.45
441.03890013694763,2.52
