1.1066153049468994,-1.76,0
2.3532040119171143,-1.79,0
3.5614161491394043,-1.79,0
4.769404172897339,-1.83,0
9.354707717895508,1066.72,1
10.69895339012146,1095.03,1
12.041438341140747,539.66,1
18.61242389678955,-6.41,0
19.92248845100403,-6.14,0
21.251564025878906,-6.1,0
22.562081813812256,-6.14,0
23.870287656784058,-6.14,0
25.17946982383728,-6.14,0
26.470884561538696,-6.07,0
27.778342723846436,-6.1,0
29.08453679084778,-6.0,0
30.405685901641846,-6.03,0
31.74330759048462,-6.07,0
33.055784940719604,-6.14,0
34.35001850128174,-6.07,0
35.6463897228241,-5.97,0
36.95331835746765,-5.93,0
38.24990963935852,-5.97,0
42.853217363357544,1048.31,1
44.192673683166504,1091.41,1
45.606751441955566,485.03,1
46.94516468048096,194.72,1
48.28531265258789,81.59,1
54.897823333740234,-9.45,0
56.21959352493286,-8.83,0
