1.1141934394836426,0.34,0
2.350208044052124,0.41,0
3.556239604949951,0.24,0
4.758274555206299,0.17,0
5.9528968334198,0.45,0
7.154419183731079,0.38,0
8.356238603591919,0.21,0
9.56721019744873,0.34,0
10.777018547058105,0.17,0
12.02713394165039,0.52,0
13.240548372268677,-0.14,0
14.57379937171936,0.31,0
15.831514120101929,0.48,0
17.36117386817932,0.97,0
18.562525749206543,0.21,0
19.754104137420654,0.41,0
20.956894874572754,0.24,0
22.197691679000854,0.03,0
23.403711080551147,0.1,0
24.612573862075806,0.14,0
25.822927951812744,0.14,0
30.41405153274536,32.1,1
31.827109813690186,36.72,1
33.24015259742737,45.62,1
34.57227849960327,48.31,1
35.98502826690674,48.72,1
37.40539789199829,48.76,1
38.74659180641174,48.59,1
40.08757829666138,48.38,1
41.503193616867065,48.52,1
42.84799337387085,48.55,1
44.19476580619812,48.86,1
45.535701513290405,50.14,1
46.93416714668274,48.97,1
48.281378984451294,48.76,1
49.70007801055908,49.21,1
51.107571840286255,49.38,1
52.453696727752686,49.17,1
53.85904932022095,49.48,1
55.27339243888855,50.0,1
56.680310010910034,49.03,1
63.98097491264343,4.28,0
65.28266668319702,4.0,0
66.61166787147522,1.45,0
67.91329669952393,0.21,0
69.22609639167786,0.76,0
70.52548789978027,1.34,0
71.84398341178894,1.34,0
73.13385963439941,5.62,0
74.48940181732178,1.55,0
75.79648756980896,25.93,0
77.08967137336731,7.9,0
78.40067768096924,1.28,0
79.71484851837158,-0.66,0
81.01569032669067,1.24,0
82.32231211662292,0.24,0
83.62868285179138,0.14,0
84.96217465400696,0.52,0
86.27894759178162,0.21,0
87.5938446521759,0.14,0
88.90005278587341,0.31,0
90.20021104812622,0.17,0
91.5092203617096,0.17,0
92.82900905609131,0.24,0
94.14231848716736,0.24,0
95.49283266067505,0.17,0
96.79799437522888,0.28,0
98.11271071434021,0.14,0
99.42574882507324,0.31,0
100.74464654922485,0.28,0
102.05758953094482,0.1,0
103.36458253860474,0.14,0
104.70438957214355,0.17,0
106.01885557174683,0.17,0
107.33380460739136,0.24,0
108.6564211845398,0.17,0
113.23710894584656,32.34,1
114.64799904823303,38.76,1
116.06258177757263,46.48,1
117.47825694084167,48.34,1
118.89853930473328,48.72,1
120.3086929321289,48.76,1
121.71999096870422,48.79,1
123.12416768074036,48.66,1
124.54990315437317,48.76,1
125.94901943206787,49.1,1
127.36472344398499,48.86,1
128.77538132667542,49.0,1
130.19106936454773,49.38,1
131.60656476020813,49.55,1
133.01369166374207,49.72,1
134.4265341758728,49.45,1
135.84048748016357,49.31,1
137.25132250785828,49.34,1
138.58909702301025,49.17,1
140.0073847770691,54.66,1
141.41841387748718,52.21,1
142.82945656776428,51.38,1
144.2357532978058,50.97,1
145.6469190120697,51.07,1
147.0560600757599,46.45,1
148.47114324569702,50.41,1
149.88870000839233,48.93,1
151.29617071151733,48.9,1
152.7132589817047,48.79,1
154.115243434906,48.83,1
155.53268027305603,48.66,1
156.93730330467224,48.66,1
158.35834956169128,47.83,1
159.75780034065247,51.07,1
161.1796679496765,50.93,1
162.58267664909363,45.45,1
163.92672324180603,43.17,1
165.34511303901672,49.38,1
166.68583226203918,50.17,1
168.03295803070068,45.55,1
169.37726354599,47.97,1
170.70545554161072,48.14,1
172.04773545265198,48.17,1
173.4610559940338,48.21,1
174.809711933136,48.17,1
176.15875506401062,48.17,1
177.56863164901733,50.52,1
178.9761791229248,50.72,1
180.39419770240784,50.48,1
181.73118805885315,50.55,1
183.07866048812866,50.31,1
184.49038100242615,50.31,1
185.83129572868347,49.97,1
187.1675808429718,45.14,1
188.51079654693604,49.0,1
189.86359643936157,44.66,1
191.20448565483093,48.97,1
192.61452841758728,49.62,1
193.95993185043335,45.17,1
195.3735387325287,47.24,1
196.7200653553009,47.62,1
198.06046152114868,47.9,1
199.39537119865417,53.48,1
200.74922394752502,50.9,1
202.1504464149475,50.76,1
203.57382464408875,50.76,1
204.9132010936737,48.41,1
206.32737922668457,53.41,1
207.6696650981903,50.9,1
209.07773232460022,53.93,1
210.41779351234436,50.9,1
211.7590456008911,49.97,1
213.16710138320923,50.07,1
214.5772316455841,49.86,1
215.9345781803131,49.97,1
217.34775686264038,49.86,1
218.75894808769226,50.1,1
220.17184257507324,49.52,1
221.57804203033447,49.72,1
222.98408007621765,49.69,1
224.40652537345886,48.07,1
225.81765627861023,52.66,1
227.14721488952637,48.72,1
228.57305216789246,49.48,1
229.9160933494568,49.14,1
231.32034182548523,49.41,1
232.6683065891266,49.03,1
234.07449865341187,48.59,1
235.42337441444397,49.59,1
236.83075785636902,47.86,1
244.13884568214417,2.55,0
245.44194293022156,2.59,0
246.75238299369812,2.55,0
248.07724118232727,2.52,0
249.38394284248352,2.69,0
250.69212102890015,2.72,0
252.00499868392944,-0.17,0
253.36506915092468,-3.76,0
254.66916036605835,1.41,0
255.98755526542664,0.24,0
257.2977292537689,1.17,0
258.611962556839,5.62,0
259.9229385852814,7.17,0
261.2345402240753,4.28,0
262.54109382629395,1.34,0
263.88186860084534,2.69,0
265.1931757926941,-2.24,0
266.50920391082764,1.69,0
267.822793006897,0.17,0
269.13773107528687,0.69,0
270.4503149986267,-0.66,0
271.75883650779724,-0.93,0
273.1070261001587,1.45,0
274.4153344631195,-0.52,0
275.71481442451477,0.28,0
277.03610134124756,0.62,0
278.36155939102173,-0.14,0
279.6695957183838,0.41,0
280.9746127128601,0.24,0
282.32590794563293,0.1,0
283.63368582725525,0.24,0
284.9514174461365,0.1,0
286.2696237564087,0.03,0
287.58581805229187,0.31,0
288.8954608440399,0.21,0
293.4840199947357,29.83,1
294.88383078575134,34.14,1
296.30810475349426,43.24,1
297.71328115463257,46.07,1
299.12241220474243,46.72,1
300.5401349067688,48.86,1
301.9565291404724,49.86,1
303.3615870475769,49.48,1
304.7850139141083,49.55,1
306.19223523139954,48.76,1
307.5963685512543,48.0,1
309.0191776752472,49.72,1
310.4161593914032,49.62,1
311.840384721756,49.79,1
313.2386815547943,50.03,1
314.65906167030334,49.48,1
316.07658076286316,50.0,1
317.4849474430084,69.31,1
318.8943290710449,61.55,1
320.30231618881226,53.79,1
321.71231746673584,53.83,1
323.1373653411865,51.07,1
324.5413019657135,50.14,1
325.95520067214966,63.17,1
327.3652243614197,57.03,1
328.7715666294098,51.24,1
330.17723059654236,49.34,1
331.5231683254242,49.66,1
332.93957138061523,49.69,1
334.29075026512146,49.45,1
335.69324588775635,49.0,1
337.10383915901184,49.34,1
338.52715015411377,47.93,1
339.86527609825134,49.48,1
341.2767210006714,49.03,1
342.6808133125305,49.21,1
344.1048240661621,49.21,1
345.445344209671,47.83,1
346.85939359664917,48.79,1
348.2023105621338,49.0,1
349.609751701355,52.72,1
350.9448277950287,49.17,1
352.3562741279602,49.03,1
353.77984261512756,48.45,1
355.1874899864197,48.41,1
356.52746391296387,48.17,1
357.9475829601288,52.0,1
359.27990984916687,48.72,1
360.6941387653351,48.76,1
362.0440924167633,47.9,1
363.4502537250519,47.86,1
364.7860198020935,48.07,1
366.199285030365,48.21,1
367.55221128463745,47.62,1
368.96375584602356,48.28,1
370.3705315589905,47.76,1
371.7753622531891,47.55,1
373.11848425865173,51.41,1
374.53394317626953,54.0,1
375.95027327537537,48.59,1
377.3548674583435,47.59,1
378.76872515678406,48.21,1
380.1205732822418,51.17,1
381.4588875770569,52.83,1
382.87572407722473,53.72,1
384.20643377304077,48.21,1
385.61929154396057,47.9,1
387.0438492298126,52.41,1
388.44650435447693,48.24,1
389.8592646121979,47.55,1
391.2746903896332,51.86,1
392.6835341453552,53.31,1
394.0953233242035,53.79,1
395.50556659698486,47.97,1
396.9224774837494,47.66,1
398.3223969936371,46.9,1
399.7388913631439,46.97,1
401.08176946640015,46.83,1
402.4891514778137,51.55,1
403.9128484725952,47.62,1
405.3187975883484,46.97,1
406.72949028015137,47.14,1
408.1470317840576,46.72,1
409.4750199317932,46.76,1
410.8934557437897,46.34,1
412.31261372566223,46.41,1
413.7104823589325,46.55,1
415.12549448013306,46.1,1
416.5467927455902,46.83,1
417.9491813182831,46.38,1
419.35577607154846,45.9,1
420.7049124240875,46.1,1
422.11331009864807,49.55,1
423.4551124572754,50.38,1
424.8800015449524,46.93,1
426.28890323638916,50.66,1
427.69524025917053,50.66,1
429.0466685295105,47.03,1
430.4531180858612,49.55,1
431.79673624038696,46.66,1
433.2086937427521,45.79,1
434.62113070487976,45.72,1
436.0309431552887,50.69,1
437.4421651363373,52.34,1
438.8560473918915,47.59,1
440.25926423072815,46.93,1
441.5992205142975,50.59,1
443.0189354419708,47.76,1
444.36069798469543,46.76,1
445.69795751571655,46.41,1
447.1191020011902,46.76,1
448.52854228019714,46.48,1
449.93509793281555,46.17,1
451.34896326065063,46.28,1
452.7695143222809,45.9,1
454.099093914032,46.34,1
455.5244331359863,46.28,1
456.9254848957062,50.55,1
458.33658719062805,50.9,1
459.7589840888977,51.38,1
461.0944950580597,51.03,1
462.4385504722595,46.79,1
463.84633231163025,51.28,1
465.19169330596924,47.1,1
466.6000154018402,46.24,1
468.0259916782379,46.14,1
469.43557476997375,50.31,1
470.83891677856445,47.34,1
472.2591676712036,45.9,1
473.66923928260803,46.07,1
475.0709719657898,45.93,1
476.4956886768341,50.1,1
477.9011209011078,46.55,1
479.3176431655884,45.97,1
480.7169840335846,52.59,1
482.066876411438,48.03,1
483.48058557510376,47.38,1
484.89581322669983,47.0,1
486.2949092388153,51.55,1
487.71267914772034,47.83,1
489.116370677948,47.1,1
490.5407204627991,47.14,1
491.9525821208954,46.83,1
493.36262679100037,46.76,1
494.7678236961365,50.93,1
496.1806163787842,53.03,1
497.5952899456024,47.72,1
499.0041356086731,47.03,1
500.416668176651,46.93,1
501.82952976226807,46.86,1
503.23873353004456,46.93,1
504.65742540359497,46.48,1
506.0610213279724,47.17,1
507.4794774055481,46.83,1
508.88901948928833,47.1,1
510.29050183296204,47.07,1
511.7080638408661,47.52,1
513.1245696544647,46.93,1
514.5272624492645,47.03,1
515.949579000473,52.14,1
517.363799571991,47.59,1
518.7652273178101,47.31,1
520.1803224086761,47.07,1
521.5905809402466,46.17,1
523.004753112793,50.72,1
524.4132325649261,47.76,1
525.823744058609,50.79,1
527.2436201572418,52.41,1
528.6484262943268,47.83,1
530.0681805610657,46.9,1
531.469318151474,46.59,1
532.8868532180786,46.76,1
534.290534734726,51.45,1
535.7121858596802,47.48,1
537.1187567710876,51.76,1
538.5279819965363,53.03,1
539.9433853626251,47.72,1
541.3605291843414,46.52,1
542.76709151268,46.28,1
544.1836242675781,46.28,1
545.586770772934,50.79,1
546.997151851654,52.48,1
548.4169137477875,51.41,1
549.8258488178253,52.97,1
551.2333459854126,47.86,1
552.6541197299957,46.69,1
554.0651416778564,50.0,1
555.4671287536621,51.59,1
556.8824903964996,47.66,1
558.2853901386261,46.59,1
559.7123696804047,51.52,1
561.1154563426971,51.97,1
562.5331914424896,52.07,1
563.9482080936432,51.28,1
565.3576416969299,47.55,1
566.7608826160431,46.62,1
568.1688888072968,50.72,1
569.5904433727264,46.97,1
570.9904322624207,46.52,1
572.4128878116608,46.66,1
573.8136794567108,46.52,1
575.2348005771637,46.55,1
576.6408116817474,46.52,1
578.0537528991699,49.76,1
579.4649655818939,46.83,1
580.8877329826355,47.07,1
582.2982022762299,50.17,1
583.7034335136414,51.69,1
585.1218590736389,48.1,1
586.5236628055573,46.72,1
587.9397377967834,47.24,1
589.3510270118713,51.07,1
590.7644889354706,47.48,1
592.1745479106903,47.31,1
593.5828099250793,47.0,1
595.0021529197693,47.14,1
596.4152035713196,47.07,1
597.8255426883698,46.72,1
599.2347939014435,47.1,1
600.6466507911682,46.97,1
602.062570810318,46.69,1
603.4605617523193,50.14,1
604.8764154911041,47.52,1
606.2943758964539,51.69,1
607.6924798488617,51.72,1
609.1041352748871,51.76,1
610.520810842514,48.0,1
611.9292948246002,50.59,1
613.3489603996277,51.41,1
614.7556238174438,47.41,1
616.1757590770721,50.62,1
617.5839011669159,48.03,1
618.9981014728546,51.0,1
620.4086034297943,47.69,1
621.8204507827759,47.38,1
623.2345678806305,47.21,1
624.6459937095642,47.07,1
626.0559525489807,47.07,1
627.4631767272949,47.31,1
628.8684446811676,50.59,1
630.2876665592194,52.97,1
631.7050414085388,53.62,1
633.1090874671936,48.07,1
634.5175933837891,47.24,1
635.927031993866,47.28,1
637.3492088317871,50.45,1
638.7628872394562,47.93,1
640.1042351722717,47.1,1
641.4445867538452,52.17,1
642.8500180244446,47.48,1
644.2568626403809,47.17,1
645.6098072528839,46.9,1
647.0194573402405,46.97,1
648.428234577179,47.0,1
649.7735211849213,47.1,1
651.1258625984192,46.62,1
652.4688854217529,47.03,1
653.8015134334564,46.86,1
655.2239706516266,47.14,1
656.5606892108917,47.07,1
657.9041092395782,52.03,1
659.2452385425568,47.66,1
660.6547770500183,46.86,1
662.0642974376678,47.0,1
663.4215641021729,47.1,1
664.7541489601135,46.69,1
666.0947644710541,51.72,1
667.5139765739441,51.41,1
668.8551661968231,51.38,1
670.2744390964508,51.14,1
671.6727116107941,47.1,1
673.0844824314117,46.72,1
674.4945764541626,46.31,1
675.8502206802368,46.76,1
677.2591433525085,46.17,1
678.6663861274719,46.24,1
680.0197191238403,46.48,1
681.4282424449921,49.97,1
682.83544921875,51.48,1
684.1802830696106,46.9,1
685.5267317295074,46.59,1
686.8659687042236,50.14,1
688.2780947685242,51.1,1
689.6961350440979,47.69,1
691.0247340202332,46.55,1
692.3754324913025,46.52,1
693.779545545578,46.69,1
695.132595539093,46.72,1
696.4765934944153,50.14,1
697.8173081874847,51.24,1
699.2246813774109,51.07,1
700.5801675319672,51.03,1
701.9157431125641,51.03,1
703.2656774520874,50.86,1
704.6653800010681,47.28,1
706.0152196884155,50.07,1
707.4335508346558,51.1,1
708.7741417884827,50.93,1
710.1085186004639,51.07,1
711.4525020122528,51.21,1
712.8024508953094,51.34,1
714.2106475830078,50.93,1
715.620049238205,50.9,1
716.9577243328094,46.62,1
718.3838949203491,46.14,1
719.7273051738739,46.24,1
721.1241359710693,46.34,1
722.4725501537323,49.69,1
723.8831722736359,46.83,1
725.2323324680328,46.34,1
726.6354882717133,49.72,1
728.0553543567657,46.93,1
729.4578545093536,50.03,1
730.804886341095,50.66,1
732.2134370803833,46.83,1
733.5693418979645,45.55,1
734.9733216762543,49.62,1
736.3914425373077,50.52,1
737.7903492450714,47.03,1
739.2040700912476,49.97,1
740.5426869392395,51.38,1
741.8941645622253,46.76,1
743.3012957572937,49.93,1
744.7256810665131,46.9,1
746.0663390159607,46.14,1
747.4722383022308,46.38,1
748.8759574890137,46.1,1
750.3022918701172,49.55,1
751.7082040309906,47.1,1
753.1131248474121,50.07,1
754.5306997299194,50.79,1
755.8688428401947,46.97,1
757.2909972667694,49.79,1
758.6256370544434,50.24,1
759.9622523784637,50.34,1
761.3847832679749,46.86,1
762.7897038459778,49.79,1
764.1988487243652,50.24,1
765.6126101016998,46.62,1
767.0210983753204,45.72,1
768.4453966617584,45.03,1
769.8574194908142,49.14,1
771.2694821357727,50.0,1
772.681526184082,50.21,1
774.0888004302979,50.31,1
775.4221441745758,50.1,1
776.8378825187683,50.1,1
778.1828811168671,50.31,1
779.595205783844,50.31,1
781.0070114135742,50.21,1
782.3572685718536,50.21,1
783.7661278247833,50.21,1
785.1733434200287,50.14,1
786.5889363288879,50.17,1
787.9987335205078,50.1,1
789.4037492275238,50.21,1
790.8251066207886,50.24,1
792.2329976558685,50.07,1
793.6483182907104,50.07,1
795.04949426651,49.97,1
796.4742460250854,49.97,1
797.8183002471924,49.97,1
799.2276456356049,50.03,1
800.6281571388245,49.97,1
802.050564289093,49.83,1
803.3933804035187,49.76,1
804.8019864559174,49.79,1
806.2136526107788,50.0,1
807.6262958049774,49.79,1
809.0427920818329,49.83,1
810.4402129650116,49.76,1
811.7911565303802,49.76,1
813.2084102630615,49.69,1
814.5419268608093,49.62,1
815.9565813541412,49.48,1
817.2943017482758,49.38,1
818.7140805721283,49.48,1
820.1251175403595,49.59,1
821.5311739444733,51.24,1
822.946453332901,50.62,1
824.355936050415,49.55,1
825.7042768001556,49.62,1
827.1173610687256,49.52,1
828.4504601955414,49.66,1
829.8735556602478,49.62,1
831.2173018455505,49.59,1
832.6285181045532,49.52,1
834.0379085540771,49.69,1
835.3756589889526,49.62,1
836.7831037044525,49.59,1
838.2097380161285,49.83,1
839.6118297576904,49.69,1
841.029070854187,49.52,1
842.432464838028,49.59,1
843.8504540920258,54.38,1
845.268721818924,51.41,1
846.6777284145355,50.07,1
848.0843508243561,49.62,1
849.4272232055664,49.45,1
850.846892118454,49.48,1
852.1868884563446,49.38,1
853.5887970924377,49.41,1
855.0072519779205,49.52,1
856.4147610664368,49.9,1
857.824981212616,49.38,1
859.2376484870911,49.45,1
860.6499154567719,49.34,1
862.0584623813629,49.41,1
863.475597858429,49.34,1
864.8143889904022,49.28,1
866.240375995636,49.69,1
867.6446626186371,49.17,1
869.0566754341125,49.17,1
870.4639503955841,49.28,1
871.8822116851807,49.41,1
873.2888321876526,49.69,1
874.6361997127533,49.62,1
876.04176902771,49.24,1
877.4677121639252,49.41,1
878.878987789154,49.24,1
880.2889621257782,49.48,1
881.6949076652527,49.07,1
883.10391497612,54.21,1
884.5259261131287,50.69,1
885.93723487854,49.52,1
887.2809941768646,49.21,1
888.690185546875,48.93,1
890.1010527610779,49.07,1
891.5057640075684,49.69,1
892.9241592884064,49.03,1
894.3303050994873,49.14,1
895.7364549636841,49.14,1
897.1496579647064,48.97,1
898.5593767166138,49.72,1
899.9787828922272,54.28,1
901.3951904773712,50.55,1
902.802268743515,49.34,1
904.2103748321533,48.97,1
905.6328825950623,49.31,1
906.9613556861877,49.41,1
908.3832197189331,48.86,1
909.7976701259613,48.9,1
917.1598591804504,-0.83,0
918.4767742156982,-4.1,0
919.7846586704254,-3.86,0
921.1048367023468,-10.59,0
922.4156019687653,0.21,0
923.7268874645233,1.28,0
925.0368967056274,-0.93,0
926.3839673995972,0.9,0
927.7036151885986,53.48,0
929.0086677074432,64.55,0
930.3353190422058,51.28,0
931.6508738994598,61.0,0
932.9798052310944,67.69,0
934.2999002933502,59.07,0
