1.1042113304138184,26.21,0
2.342968225479126,26.07,0
3.5455095767974854,26.1,0
4.7479658126831055,26.14,0
5.950689315795898,26.0,0
7.156379461288452,25.9,0
8.357432842254639,26.14,0
12.94142198562622,30.31,1
14.290624141693115,32.55,1
15.702689170837402,33.14,1
17.114546537399292,38.45,1
18.516573190689087,40.34,1
19.855300903320312,40.69,1
21.275330305099487,40.76,1
22.617135286331177,40.48,1
23.9578914642334,40.41,1
25.37360715866089,40.41,1
26.776252508163452,40.48,1
28.125380992889404,40.62,1
29.540539026260376,40.45,1
30.95591926574707,40.52,1
32.357805490493774,40.21,1
33.7081024646759,40.1,1
35.11858296394348,40.17,1
36.450703620910645,39.93,1
37.85912752151489,39.76,1
39.212759256362915,39.86,1
40.627185106277466,39.59,1
41.96619653701782,39.76,1
43.30535578727722,39.83,1
44.65864396095276,39.76,1
45.99719166755676,39.62,1
47.33515381813049,39.59,1
48.75639033317566,39.69,1
50.093708515167236,39.59,1
51.51161813735962,39.59,1
52.85494828224182,39.69,1
54.25652551651001,39.52,1
55.59622049331665,39.59,1
56.94972324371338,39.52,1
58.359938621520996,39.66,1
59.76955008506775,39.55,1
61.10587811470032,39.45,1
62.52341318130493,39.14,1
63.929344177246094,39.03,1
65.34384727478027,39.07,1
66.69399166107178,39.21,1
68.10472965240479,39.0,1
69.51098084449768,39.03,1
70.9264760017395,38.79,1
72.26447582244873,39.0,1
79.56328248977661,21.0,0
80.87428522109985,21.0,0
82.18088603019714,21.1,0
83.4863486289978,21.03,0
84.79099941253662,21.07,0
86.14261555671692,21.03,0
87.45917797088623,21.1,0
88.75994896888733,21.07,0
90.07400155067444,21.07,0
91.37174892425537,21.0,0
92.67177724838257,21.03,0
93.97685933113098,21.03,0
95.31642270088196,20.97,0
96.62734866142273,20.93,0
97.9333770275116,20.97,0
99.239501953125,21.0,0
103.820396900177,28.03,1
105.1647162437439,42.21,1
106.58026480674744,54.28,1
107.92295145988464,57.62,1
109.34367322921753,58.66,1
110.75013065338135,59.66,1
112.15553450584412,59.45,1
113.57002305984497,59.79,1
114.98718619346619,59.03,1
116.3897397518158,59.93,1
117.8149037361145,60.17,1
119.21755647659302,60.24,1
120.63466000556946,59.97,1
122.0371265411377,59.83,1
123.45401811599731,59.48,1
124.85818481445312,59.52,1
126.27807188034058,59.34,1
127.68479585647583,59.0,1
129.0912642478943,59.1,1
130.51029658317566,59.1,1
131.9294183254242,59.07,1
133.26666617393494,64.79,1
134.68313336372375,61.0,1
136.0116262435913,59.76,1
137.36631965637207,59.34,1
138.69780206680298,59.45,1
140.12181758880615,59.55,1
141.46581435203552,59.34,1
142.86500883102417,59.28,1
144.21335244178772,65.31,1
145.6311252117157,60.66,1
147.03311133384705,59.59,1
148.37991046905518,59.24,1
149.72216391563416,58.97,1
151.13727974891663,59.31,1
152.54005694389343,60.66,1
153.96634650230408,55.66,1
155.30690598487854,56.59,1
156.7106282711029,56.83,1
158.05491733551025,61.0,1
159.47001886367798,62.07,1
160.87457823753357,60.03,1
162.22982501983643,62.03,1
163.57112002372742,59.0,1
164.91030097007751,58.59,1
172.2112114429474,19.86,0
173.5176932811737,20.03,0
174.81510663032532,20.07,0
176.1102592945099,20.14,0
177.4224042892456,20.21,0
178.75227284431458,20.21,0
180.06223130226135,20.45,0
181.3691325187683,20.31,0
185.9508125782013,30.21,1
187.28990864753723,53.86,1
188.6289050579071,77.21,1
189.97679162025452,86.72,1
191.3142385482788,93.55,1
192.73241877555847,94.66,1
194.06354594230652,97.83,1
195.48300433158875,99.0,1
196.82315826416016,100.07,1
198.2422170639038,100.59,1
199.64791417121887,100.41,1
201.06550788879395,99.76,1
202.46870589256287,99.83,1
203.88188767433167,99.03,1
205.2853078842163,99.83,1
206.70991563796997,100.28,1
208.11908078193665,99.69,1
209.45637774467468,100.59,1
210.7990438938141,100.72,1
212.2194983959198,99.55,1
213.62569212913513,98.66,1
215.04441118240356,98.76,1
216.44746589660645,98.72,1
217.8644723892212,103.66,1
219.20466709136963,100.03,1
220.62306261062622,104.0,1
221.96138048171997,100.38,1
223.37725853919983,103.72,1
224.71320104599,101.21,1
226.12870573997498,104.45,1
227.4673285484314,100.83,1
228.878910779953,99.14,1
230.22722864151,98.97,1
231.63031697273254,99.21,1
233.0468008518219,103.72,1
234.38994693756104,100.14,1
235.7364251613617,98.31,1
237.08091068267822,99.21,1
238.42353916168213,99.59,1
239.83039736747742,97.79,1
241.17072749137878,101.83,1
242.52496480941772,103.03,1
243.93411993980408,104.0,1
245.2701690196991,99.86,1
246.62021899223328,99.66,1
247.96204543113708,99.55,1
255.24891066551208,17.48,0
256.56054162979126,17.62,0
257.867559671402,17.72,0
259.1614887714386,17.83,0
260.50991010665894,17.86,0
261.8244090080261,17.93,0
263.1233968734741,18.03,0
264.4287645816803,18.1,0
265.6253573894501,18.14,0
266.8373477458954,18.07,0
268.04867005348206,18.1,0
269.2451071739197,18.1,0
270.48958706855774,18.24,0
271.68653988838196,18.21,0
272.90167331695557,18.28,0
274.13048362731934,18.21,0
