3.3385751247406006,-1.97,0
6.759828805923462,-1.93,0
10.172860145568848,-2.0,0
13.584927082061768,-1.97,0
21.060611486434937,23.72,1
24.611178636550903,35.79,1
28.146419286727905,45.24,1
31.69967222213745,53.0,1
35.18195629119873,59.41,1
38.72484588623047,64.76,1
42.20974397659302,69.62,1
45.753061056137085,74.0,1
49.24450635910034,77.45,1
52.79310846328735,78.66,1
56.33554267883301,80.86,1
59.881388664245605,82.76,1
63.37279987335205,84.69,1
66.91911387443542,86.55,1
70.39795207977295,87.86,1
73.94601202011108,89.17,1
77.42512702941895,90.38,1
80.89816856384277,91.21,1
84.457186460495,92.07,1
88.00414514541626,92.66,1
91.55508065223694,93.38,1
95.03427362442017,93.83,1
98.51152801513672,94.14,1
102.0587158203125,94.69,1
111.36156153678894,-2.24,0
114.67662215232849,-2.14,0
118.00073337554932,-2.0,0
121.3055067062378,-1.97,0
128.079607963562,100.66,1
131.6276936531067,97.66,1
135.17910432815552,97.0,1
138.64906668663025,96.86,1
142.19851350784302,96.93,1
145.74903798103333,96.97,1
149.29077315330505,97.28,1
158.60815525054932,-2.14,0
161.9567584991455,-2.07,0
165.25534009933472,-2.07,0
168.57921528816223,-2.1,0
171.89219641685486,-2.07,0
175.18333101272583,-2.0,0
178.50607657432556,-2.0,0
185.22423243522644,102.52,1
188.69102549552917,99.38,1
192.23825597763062,98.79,1
195.79432439804077,98.66,1
199.27472066879272,98.55,1
202.75549483299255,98.52,1
206.2934534549713,98.55,1
215.62248611450195,-2.24,0
218.9336564540863,-2.14,0
222.27428603172302,-2.14,0
225.58412551879883,-2.1,0
228.88893127441406,-2.1,0
232.21495962142944,-2.1,0
235.51358294487,-2.0,0
242.22023701667786,102.72,1
245.6989393234253,99.62,1
249.24148797988892,98.86,1
252.79164099693298,98.45,1
256.3409950733185,98.55,1
259.80852937698364,98.38,1
263.3660821914673,98.52,1
266.8439841270447,98.48,1
270.3876950740814,98.41,1
273.94615054130554,98.55,1
277.4855649471283,98.62,1
281.0347740650177,98.55,1
290.3293254375458,-2.28,0
293.65217113494873,-2.17,0
296.97707080841064,-2.14,0
300.2962136268616,-2.14,0
307.0220048427582,102.93,1
310.57739877700806,100.07,1
314.1213653087616,99.38,1
317.6656994819641,99.21,1
321.2084131240845,99.24,1
324.7023706436157,99.03,1
328.2536766529083,99.28,1
331.80099153518677,99.07,1
335.2820372581482,99.28,1
338.83127331733704,99.41,1
342.2990036010742,99.24,1
345.85877776145935,99.24,1
349.41036224365234,99.07,1
352.89523339271545,99.07,1
356.3730330467224,98.62,1
359.84953022003174,98.62,1
363.32924461364746,98.21,1
366.8049433231354,98.45,1
370.2926733493805,97.93,1
379.6647717952728,-2.21,0
382.97017550468445,-2.17,0
386.27681016921997,-2.1,0
389.59683775901794,-1.97,0
392.8091356754303,-2.1,0
