1.102518081665039,-1.86,0
2.3515167236328125,-1.93,0
3.560523271560669,-1.83,0
4.760889291763306,-1.9,0
5.950383901596069,-1.93,0
10.643165826797485,300.69,1
11.98963713645935,406.14,1
13.401745080947876,427.69,1
14.813770055770874,364.45,1
16.21567153930664,254.34,1
17.56120991706848,194.24,1
18.898693561553955,151.07,1
26.212193965911865,-1.86,0
27.520694971084595,-1.93,0
28.816829204559326,-1.86,0
30.13388729095459,-1.93,0
31.441590309143066,-1.9,0
32.7833137512207,-1.9,0
34.06723952293396,-1.79,0
35.37792134284973,-1.86,0
36.67346811294556,-1.86,0
37.981441497802734,-1.9,0
39.2643141746521,-1.97,0
40.57496738433838,-1.9,0
41.873591899871826,-1.9,0
43.22768807411194,-1.9,0
44.54096484184265,-1.93,0
45.8375403881073,-1.9,0
50.50448131561279,290.69,1
51.91648483276367,404.1,1
53.3157856464386,435.03,1
54.72665977478027,349.93,1
56.13841438293457,243.93,1
57.55543756484985,177.69,1
58.97620511054993,134.97,1
66.28794121742249,-1.79,0
67.59098243713379,-1.86,0
68.90232872962952,-1.86,0
70.19099950790405,-1.9,0
71.5121533870697,-1.93,0
72.81826710700989,-1.86,0
74.15642929077148,-1.86,0
75.46283793449402,-1.83,0
76.65947079658508,-1.86,0
77.86154961585999,-1.93,0
79.06430125236511,-1.97,0
80.26115155220032,-1.93,0
81.47919535636902,-1.86,0
