1.1066443920135498,33.21,0
2.3365156650543213,33.34,0
3.537158489227295,33.45,0
4.739353656768799,33.66,0
5.9353861808776855,1.9,0
10.524165391921997,10.45,1
11.868514060974121,-0.93,1
13.280477285385132,-1.14,1
14.678942918777466,-1.28,1
16.098708868026733,-0.83,1
17.450548887252808,18.41,1
18.79296851158142,22.31,1
20.130860805511475,22.97,1
21.468347549438477,24.93,1
22.82294487953186,24.79,1
24.164848804473877,24.45,1
25.56822919845581,25.1,1
26.984087467193604,25.03,1
28.398462772369385,24.76,1
29.812440395355225,24.69,1
31.21375560760498,24.45,1
32.62971472740173,24.41,1
34.047602891922,24.07,1
35.3803596496582,23.9,1
36.798234701156616,23.76,1
38.214115142822266,23.76,1
39.625115156173706,23.55,1
40.9637131690979,23.31,1
42.30410838127136,23.24,1
43.7209529876709,23.14,1
45.12839913368225,23.1,1
46.54490351676941,24.9,1
47.94443440437317,30.66,1
49.36321663856506,30.48,1
50.69971489906311,30.0,1
52.123711824417114,30.0,1
53.45772743225098,29.86,1
54.86335802078247,29.59,1
56.28572964668274,29.69,1
57.686532974243164,29.79,1
59.103875160217285,29.9,1
60.51935648918152,29.9,1
61.93665170669556,30.17,1
63.3483624458313,30.93,1
64.75995111465454,32.31,1
66.16567015647888,32.41,1
67.50331711769104,32.24,1
68.92241740226746,32.1,1
70.2641384601593,31.93,1
71.60414457321167,32.21,1
72.94415855407715,32.0,1
74.29752993583679,32.34,1
75.62685179710388,32.24,1
76.97029829025269,0.66,1
78.32399106025696,-40.59,1
79.73187327384949,24.0,1
81.14989733695984,-1.66,1
82.55419969558716,-21.97,1
83.97376465797424,1.62,1
85.37855529785156,0.72,1
86.71973824501038,-0.83,1
88.14278984069824,1.14,1
89.48258805274963,1.1,1
90.90202832221985,-0.31,1
92.24151515960693,0.14,1
93.58152389526367,-0.07,1
94.92367696762085,0.66,1
96.27566742897034,-0.1,1
97.68320989608765,0.69,1
99.08845853805542,1.07,1
100.50729608535767,0.59,1
101.86029434204102,3.0,1
103.268479347229,-0.07,1
104.68587970733643,1.59,1
106.02119660377502,0.72,1
107.44038796424866,0.76,1
108.84480047225952,0.72,1
110.18711137771606,0.72,1
111.60329914093018,1.62,1
113.02164602279663,1.28,1
114.42849683761597,1.14,1
115.84568738937378,0.41,1
117.25983428955078,0.03,1
118.66067862510681,-0.1,1
120.01220107078552,2.21,1
121.42875695228577,34.24,1
122.83829402923584,402.52,1
124.24240708351135,370.07,1
131.57094407081604,-18.79,0
132.87212419509888,-5.55,0
134.16716766357422,-2.97,0
135.4830777645111,-2.03,0
136.790025472641,2.21,0
138.1273157596588,12.83,0
139.4492928981781,3.83,0
140.74886202812195,5.55,0
142.05987286567688,10.76,0
143.36459016799927,12.41,0
144.67634463310242,16.28,0
145.9793300628662,17.0,0
147.28430199623108,17.07,0
148.6368269920349,17.24,0
149.94512486457825,17.76,0
151.25005984306335,17.9,0
155.8443648815155,-0.55,1
157.24741792678833,-0.86,1
158.66578722000122,20.93,1
160.07513070106506,29.48,1
161.4262011051178,28.79,1
162.82838106155396,28.28,1
164.16823077201843,28.45,1
165.51611232757568,28.0,1
166.85474562644958,27.69,1
168.20099806785583,27.45,1
169.5525996685028,28.24,1
170.8952124118805,29.45,1
172.2379493713379,16.52,1
173.64296913146973,2.86,1
175.06163907051086,14.59,1
176.40269660949707,7.34,1
177.7421519756317,17.14,1
179.08148765563965,10.14,1
180.4246518611908,6.14,1
181.77890586853027,4.34,1
183.1214895248413,39.52,1
184.45864176750183,30.62,1
185.80228781700134,9.45,1
187.21671605110168,6.14,1
188.54958248138428,8.31,1
189.89756989479065,10.93,1
191.2437310218811,10.48,1
192.58949780464172,11.1,1
193.92752194404602,9.48,1
195.26791095733643,8.9,1
196.62229299545288,11.41,1
198.02431392669678,8.17,1
199.37699580192566,10.03,1
200.78055381774902,7.97,1
202.13400554656982,9.14,1
203.5435779094696,8.76,1
204.96192288398743,10.1,1
206.37436985969543,10.9,1
207.71784615516663,9.93,1
209.13006448745728,11.03,1
210.46228122711182,8.62,1
211.8048117160797,11.59,1
213.15602278709412,10.24,1
214.49824976921082,10.86,1
215.84074449539185,7.69,1
217.18062829971313,7.79,1
218.59854865074158,10.66,1
219.93681049346924,8.45,1
221.2957067489624,14.93,1
222.63561606407166,17.28,1
223.98303246498108,9.62,1
225.31316471099854,6.79,1
226.66584730148315,8.34,1
228.00573420524597,7.38,1
229.42433977127075,7.07,1
230.77239227294922,6.59,1
232.17507553100586,13.9,1
233.51346135139465,9.83,1
234.8677532672882,8.97,1
236.21363830566406,8.66,1
237.55743193626404,5.55,1
238.89871263504028,13.97,1
240.30906081199646,20.83,1
241.64818358421326,9.72,1
243.0029275417328,7.45,1
244.34317421913147,5.79,1
245.7524881362915,7.66,1
247.16928005218506,7.38,1
248.5868239402771,13.45,1
249.99722814559937,20.45,1
251.4040722846985,9.86,1
252.74157047271729,7.41,1
254.0978844165802,5.76,1
255.4271788597107,13.21,1
256.84697699546814,8.62,1
258.1886053085327,7.9,1
259.52714705467224,13.9,1
260.9449112415314,9.72,1
262.3627245426178,14.21,1
263.7670021057129,9.41,1
265.11135268211365,14.55,1
266.5265591144562,9.03,1
267.94489073753357,7.62,1
269.2829022407532,6.72,1
270.6993112564087,14.14,1
272.03816843032837,9.9,1
273.4537057876587,6.1,1
274.7926936149597,13.28,1
276.2057909965515,15.76,1
277.62514567375183,25.55,1
279.0289087295532,29.0,1
280.3790907859802,18.03,1
281.7821674346924,13.41,1
283.2042441368103,10.28,1
284.60997676849365,7.21,1
285.9550693035126,13.62,1
287.3661005496979,9.59,1
288.78298902511597,8.66,1
290.1933584213257,6.52,1
291.53157901763916,13.1,1
292.9502327442169,20.1,1
294.35346817970276,10.34,1
295.6990125179291,6.62,1
297.11644864082336,5.48,1
304.4102098941803,-1.52,0
305.7165641784668,-1.66,0
307.02485847473145,-1.72,0
308.3339955806732,-1.66,0
309.67546105384827,-1.59,0
310.9979655742645,-1.62,0
312.30307841300964,-1.69,0
313.615517616272,-1.69,0
314.91829442977905,-1.69,0
316.2343180179596,-1.69,0
317.5414400100708,-1.72,0
318.89354515075684,-1.76,0
320.1865646839142,-1.72,0
321.49446058273315,-1.79,0
322.8061783313751,-1.66,0
324.09745812416077,-1.83,0
328.68315601348877,1081.21,1
330.0239176750183,1080.79,1
331.4437551498413,524.72,1
332.78115129470825,250.69,1
340.1666488647461,6.34,0
341.473464012146,1.28,0
342.7672839164734,-1.17,0
344.073890209198,-1.45,0
345.3724389076233,-1.55,0
346.67936873435974,-1.69,0
347.97310733795166,-1.69,0
349.2807614803314,-1.66,0
353.8909513950348,1055.79,1
355.2299485206604,1058.52,1
362.53090357780457,12.66,0
363.82854104042053,10.07,0
365.1356270313263,7.86,0
366.4290397167206,5.62,0
367.75076508522034,1.62,0
369.0451831817627,-0.07,0
370.3472492694855,-1.31,0
371.6917793750763,-1.48,0
372.89522886276245,-1.59,0
374.0849394798279,-1.66,0
375.2881679534912,-1.69,0
376.4874997138977,-1.66,0
377.7025103569031,-1.79,0
378.9080832004547,-1.69,0
