1.1069974899291992,-1.9
2.350978136062622,-1.9
3.5631399154663086,-1.79
4.762235879898071,-1.83
5.96396279335022,-1.93
7.174788475036621,-1.86
8.369552850723267,-1.83
9.576837062835693,-1.79
12.364782333374023,-0.38
13.784991979598999,9.14
15.129005193710327,37.59
16.541987895965576,64.52
17.88261651992798,79.93
19.220882892608643,84.86
20.62986445426941,79.17
21.97693133354187,72.31
23.31127905845642,70.17
24.722294092178345,62.31
28.43844485282898,-1.45
29.738993167877197,-1.59
31.04227328300476,-1.62
32.35834360122681,-1.31
33.66423678398132,-1.62
34.965110778808594,-1.72
36.25649356842041,-1.72
37.559940814971924,-1.69
38.89803504943848,-1.69
40.1947660446167,-1.76
41.49980354309082,-1.66
42.79569339752197,-1.76
44.09984755516052,-1.69
45.40195631980896,-1.76
46.71995282173157,-1.76
48.02301478385925,-1.83
50.82007169723511,358.66
52.23442530632019,150.41
53.644654750823975,49.76
55.05661487579346,22.28
56.389050245285034,11.41
57.80318212509155,6.48
59.21993160247803,5.34
60.62408113479614,13.66
62.03539276123047,14.24
63.458662271499634,8.66
64.87296223640442,6.55
68.5599582195282,1.97
69.86638379096985,1.83
71.16336512565613,1.79
72.47433614730835,1.72
73.77765607833862,1.66
75.12483811378479,1.52
76.42216777801514,1.41
77.72871947288513,1.34
79.04888534545898,1.24
80.36326575279236,1.14
81.67000079154968,1.14
82.98499131202698,1.0
84.28042817115784,0.97
85.63070178031921,0.9
86.92363286018372,0.76
88.23657131195068,0.83
91.01059055328369,0.72
92.3528664112091,0.86
93.69520425796509,8.9
95.04230117797852,9.93
96.39137315750122,6.24
97.71974658966064,2.48
99.13119959831238,1.93
100.4833493232727,5.17
101.88969445228577,6.97
103.31477499008179,6.79
104.73052668571472,4.21
106.13697957992554,2.07
107.54060697555542,3.41
108.95609545707703,7.45
110.37003564834595,7.76
111.77862358093262,5.41
113.2040696144104,2.31
114.54377484321594,2.07
115.87696862220764,5.55
117.30202317237854,6.34
118.64235019683838,6.07
120.04770827293396,5.79
121.45587944984436,3.66
122.86856722831726,3.21
124.28080916404724,4.34
125.6920211315155,7.45
127.10637927055359,7.41
128.53295302391052,4.76
129.94591808319092,2.0
131.34350895881653,2.0
132.69677734375,7.21
134.11019277572632,7.93
135.51420760154724,5.66
136.92724585533142,2.28
138.34350967407227,1.86
139.7568073272705,8.45
141.10982036590576,9.14
142.52033638954163,6.0
143.92206406593323,2.21
145.34295845031738,1.79
146.7578902244568,6.41
148.15850043296814,7.38
149.58031225204468,6.45
150.98530912399292,2.55
152.39636063575745,1.76
153.81307458877563,3.17
155.2294340133667,-73.83
156.6501612663269,376.0
158.05474972724915,138.83
159.4734287261963,1.86
163.14772248268127,-1.59
164.4501247406006,-1.66
165.77701544761658,-1.62
167.08650088310242,-1.72
168.37240171432495,-1.66
169.69113278388977,-1.69
170.99651622772217,-1.76
172.29954552650452,-1.79
175.0497555732727,363.38
176.40573811531067,149.62
177.74808716773987,39.24
179.1531322002411,40.07
180.50256538391113,59.76
181.83538269996643,48.97
183.1852195262909,48.17
184.52113270759583,51.17
185.86372447013855,47.45
187.21539449691772,48.17
188.55198407173157,54.83
189.9692599773407,48.69
191.38214683532715,45.66
192.78165221214294,49.1
194.19420528411865,50.1
195.54785323143005,48.31
196.88489413261414,48.41
198.29496574401855,63.86
199.6376223564148,35.45
201.0563199520111,60.34
202.4618866443634,45.55
203.8138496875763,48.76
205.14902710914612,51.59
206.49742078781128,56.21
207.8319103717804,43.21
211.5459382534027,-2.62
