1.1183640956878662,-1.79,0
2.356198310852051,-1.79,0
3.5663483142852783,-1.72,0
4.763186693191528,-1.83,0
9.348164558410645,767.83,1
10.691171646118164,923.52,1
12.103762149810791,580.17,1
13.512786626815796,0.07,1
20.808240175247192,-1.45,0
22.15047526359558,-1.38,0
23.457091569900513,-1.45,0
24.76723575592041,-1.48,0
26.08483600616455,-1.48,0
27.393018007278442,-1.45,0
28.708075523376465,-1.45,0
30.015008211135864,-1.45,0
31.322100400924683,-1.45,0
32.676125049591064,-1.52,0
33.97603178024292,-1.48,0
35.25615620613098,-1.48,0
36.56358528137207,-1.41,0
37.87274527549744,-1.52,0
39.17951059341431,-1.41,0
40.48983693122864,-1.48,0
45.0798716545105,0.55,1
46.48059129714966,7.83,1
47.90285849571228,8.14,1
49.3209764957428,8.0,1
50.730132818222046,8.17,1
52.132164001464844,8.21,1
53.548391342163086,8.24,1
54.97265958786011,8.17,1
56.38261938095093,8.1,1
57.78426194190979,8.1,1
59.206807374954224,8.21,1
60.61197876930237,8.14,1
62.296499252319336,8.48,1
63.71713948249817,8.45,1
