1.111513614654541,-1.9,0
2.3496389389038086,-1.86,0
3.557985782623291,-1.86,0
4.765448808670044,-1.83,0
9.331570386886597,38.9,1
10.749650001525879,33.86,1
12.165656328201294,32.21,1
13.58417558670044,31.83,1
14.99144172668457,32.1,1
16.405266523361206,32.03,1
17.808714151382446,32.1,1
19.22793960571289,31.93,1
20.646648645401,31.86,1
22.05126404762268,31.66,1
23.4738826751709,31.59,1
24.880223989486694,27.48,1
26.299625158309937,25.83,1
27.707882404327393,26.79,1
29.11622953414917,26.69,1
30.53410267829895,27.03,1
31.937469720840454,26.83,1
33.3562650680542,28.86,1
34.76071262359619,31.66,1
36.178860664367676,31.34,1
37.58582329750061,31.28,1
39.00313115119934,31.28,1
40.42060661315918,31.52,1
41.82828330993652,31.45,1
43.23846507072449,31.45,1
44.646286964416504,31.38,1
46.06542778015137,31.34,1
47.47971963882446,31.72,1
48.878034353256226,31.72,1
56.19632339477539,-1.72,0
57.50616240501404,-1.79,0
58.830854654312134,-1.59,0
60.16132068634033,-1.97,0
61.486228466033936,-1.93,0
62.794676303863525,-1.97,0
64.15220761299133,-2.0,0
65.45085859298706,-2.07,0
70.03657579421997,39.83,1
71.38145160675049,34.48,1
72.7996768951416,33.0,1
74.14139437675476,32.55,1
75.55895519256592,32.45,1
76.89936661720276,32.38,1
78.31542730331421,32.38,1
79.65498399734497,32.38,1
81.07047581672668,32.41,1
82.48275351524353,32.31,1
83.89850306510925,32.17,1
85.23242115974426,32.34,1
86.64167666435242,32.34,1
88.06190156936646,32.07,1
89.47827911376953,32.17,1
