1.122361660003662,-1.52,0
2.3566112518310547,-1.52,0
3.563425064086914,-1.52,0
4.767279148101807,-1.48,0
5.986501693725586,-1.48,0
7.203700304031372,-1.55,0
8.415561437606812,-1.45,0
12.994664669036865,406.07,1
14.406712293624878,512.28,1
15.817728996276855,406.0,1
17.223169565200806,289.52,1
18.57243800163269,212.38,1
19.908793449401855,161.07,1
21.32007384300232,117.21,1
22.658963203430176,91.31,1
24.00959825515747,71.97,1
25.347500324249268,59.83,1
26.764074325561523,49.0,1
28.11009120941162,43.03,1
29.517780780792236,38.0,1
30.92366051673889,34.17,1
32.34562301635742,31.83,1
33.68652081489563,31.52,1
35.03377175331116,31.28,1
36.375693559646606,31.17,1
37.78930354118347,31.17,1
39.12213325500488,28.07,1
40.46918344497681,30.38,1
41.81738018989563,30.48,1
43.23542881011963,28.28,1
44.57152795791626,27.52,1
45.92326831817627,29.59,1
47.26051211357117,30.07,1
48.667659521102905,29.9,1
50.01445245742798,30.0,1
51.368459701538086,29.86,1
52.713799476623535,29.97,1
54.12633466720581,29.86,1
55.53820776939392,29.9,1
56.941234827041626,29.72,1
58.35636043548584,29.83,1
59.7749125957489,29.45,1
61.18215322494507,29.03,1
62.59865880012512,28.79,1
64.01335406303406,28.79,1
65.34785652160645,28.69,1
66.69388508796692,28.76,1
68.04564595222473,31.1,1
69.45717096328735,29.83,1
70.86866807937622,29.38,1
72.20979285240173,29.55,1
73.55095148086548,31.41,1
74.89099669456482,29.97,1
76.2445592880249,29.45,1
77.59230947494507,31.14,1
78.92963027954102,29.76,1
80.33806872367859,29.17,1
81.68201279640198,31.38,1
83.03468894958496,29.86,1
84.45147562026978,31.38,1
85.78150653839111,29.97,1
87.19321703910828,29.38,1
88.55184555053711,31.21,1
89.88688921928406,29.72,1
91.29686164855957,31.38,1
92.64491486549377,29.83,1
93.98928880691528,31.48,1
95.33096122741699,29.66,1
96.67844676971436,31.14,1
98.02331447601318,29.62,1
99.36647272109985,31.31,1
100.71540522575378,29.76,1
102.12446713447571,29.48,1
103.53731560707092,31.0,1
110.84251856803894,-1.03,0
112.15319418907166,-1.21,0
113.45280694961548,-1.21,0
114.75670075416565,-1.21,0
116.0746521949768,-1.28,0
117.3902816772461,-1.28,0
118.73130011558533,-1.34,0
120.05436992645264,-1.28,0
124.62887191772461,17.28,1
126.04520916938782,16.76,1
127.45525121688843,16.52,1
128.87005496025085,22.21,1
130.20888423919678,41.72,1
131.56184458732605,49.59,1
132.9618785381317,55.21,1
134.3756287097931,57.69,1
135.7200412750244,62.34,1
137.13203048706055,53.17,1
138.5503387451172,57.24,1
139.96745347976685,51.69,1
141.30618238449097,50.45,1
142.7255198955536,50.86,1
144.12971210479736,45.83,1
145.54247331619263,50.76,1
146.96504878997803,58.69,1
148.37622094154358,31.9,1
149.77366638183594,9.17,1
151.1890914440155,3.45,1
152.53961062431335,6.28,1
153.9503734111786,16.48,1
155.36532759666443,35.28,1
156.77775359153748,26.93,1
158.1819920539856,53.48,1
159.5985927581787,81.83,1
160.9524176120758,75.66,1
162.2863690853119,66.0,1
163.6366994380951,74.1,1
164.982435464859,79.41,1
166.38228034973145,-1100.0,1
167.79119491577148,-1.79,1
169.1491117477417,-1.28,1
170.55625343322754,-1.14,1
171.90769338607788,-1.17,1
173.30655455589294,-1.14,1
174.65199327468872,-1.14,1
176.00628399848938,-1.38,1
177.419921875,-1.48,1
178.82204604148865,-1.48,1
180.17732167243958,-1.48,1
181.5799355506897,-1.52,1
182.92593455314636,-1.48,1
184.2813675403595,-1.48,1
185.61156606674194,-1.52,1
186.95623564720154,-1.41,1
188.3802456855774,-1.41,1
189.72626900672913,-1.34,1
191.05628895759583,-1.41,1
192.41182398796082,-1.41,1
193.8233563899994,1.0,1
195.2354769706726,0.93,1
196.63759565353394,0.93,1
198.0630795955658,1.21,1
