1.098107099533081,-0.59,0
2.3406996726989746,-0.59,0
3.5488710403442383,-0.66,0
4.7568278312683105,-0.59,0
5.967881441116333,-0.62,0
7.188450336456299,-0.59,0
8.392898321151733,-0.59,0
9.603037357330322,-0.62,0
10.896111011505127,-0.62,0
12.206157922744751,-0.62,0
13.450000047683716,-0.62,0
14.986292839050293,-0.66,0
16.207234382629395,-0.69,0
17.405508041381836,-0.66,0
18.60309648513794,-0.66,0
23.19090723991394,3.14,1
24.53874707221985,3.31,1
25.95111918449402,3.28,1
27.296016454696655,3.31,1
28.70596432685852,3.17,1
30.112761974334717,3.34,1
31.52318048477173,3.28,1
32.9330780506134,3.31,1
34.35555624961853,3.28,1
35.700072288513184,3.31,1
37.100576400756836,13.14,1
38.4603807926178,15.79,1
39.86141753196716,16.9,1
41.2102255821228,17.07,1
42.61501216888428,16.59,1
43.961737632751465,16.72,1
45.30706024169922,16.0,1
46.72009897232056,14.76,1
48.14183449745178,14.52,1
49.554898500442505,14.03,1
50.96306037902832,13.79,1
52.380038022994995,13.79,1
53.79409980773926,13.9,1
55.19866991043091,13.72,1
56.615416288375854,13.48,1
58.021714210510254,13.41,1
59.44489073753357,13.28,1
60.85643982887268,4.45,1
62.26950216293335,6.0,1
63.67642378807068,11.48,1
65.09236311912537,12.66,1
66.43499708175659,13.03,1
67.84931826591492,13.31,1
69.25788450241089,13.17,1
70.67569541931152,12.76,1
72.00892686843872,12.21,1
73.35486602783203,11.69,1
74.70030474662781,10.72,1
76.11415886878967,10.52,1
77.52224278450012,10.55,1
78.94467878341675,10.62,1
80.35409760475159,10.9,1
81.7599995136261,10.97,1
83.1824643611908,11.28,1
84.5951623916626,11.41,1
86.01098990440369,7.17,1
87.41686701774597,0.62,1
88.76633262634277,-1.21,1
90.10396194458008,5.14,1
91.51934742927551,9.9,1
92.92658305168152,11.24,1
94.2719976902008,11.62,1
95.68571400642395,11.86,1
97.097909450531,12.03,1
98.51808214187622,12.28,1
99.93010902404785,12.31,1
101.3305995464325,12.52,1
102.75554490089417,12.69,1
104.16256809234619,14.69,1
105.57081389427185,13.14,1
106.99750757217407,12.93,1
108.40675759315491,13.17,1
109.8243420124054,12.93,1
111.22243285179138,13.03,1
112.63958859443665,13.28,1
114.04680562019348,13.38,1
115.4599986076355,6.0,1
116.87095284461975,2.79,1
118.2981526851654,13.38,1
119.7032721042633,16.34,1
121.11250901222229,17.66,1
122.53652000427246,18.48,1
123.9414849281311,18.69,1
125.36007714271545,18.97,1
126.77186632156372,19.1,1
128.17532920837402,19.48,1
129.59116911888123,19.41,1
131.00300693511963,19.62,1
132.413268327713,19.66,1
133.82635378837585,24.31,1
135.24694418907166,53.41,1
136.59496879577637,38.17,1
137.99923086166382,24.31,1
139.35308146476746,24.24,1
140.7590835094452,21.86,1
142.10427594184875,21.97,1
143.52328300476074,16.93,1
144.92363953590393,22.72,1
146.34180569648743,24.76,1
147.75421524047852,25.45,1
149.16054773330688,25.52,1
150.57581281661987,25.14,1
151.99418139457703,25.34,1
153.39931273460388,25.38,1
154.81200408935547,25.31,1
156.23852515220642,25.38,1
157.65093612670898,25.76,1
159.06026029586792,25.9,1
160.4666621685028,25.72,1
161.81353497505188,25.72,1
163.22247576713562,25.72,1
164.6443371772766,25.55,1
165.97615885734558,25.21,1
167.325053691864,25.45,1
168.67846369743347,25.41,1
170.00891661643982,25.45,1
171.42816877365112,25.55,1
172.7769877910614,25.52,1
174.19372057914734,25.76,1
175.5263900756836,25.48,1
176.93956995010376,25.24,1
178.29391312599182,25.17,1
179.70188212394714,33.24,1
181.04774928092957,30.55,1
182.46123480796814,26.38,1
183.794682264328,25.41,1
185.14104914665222,27.66,1
186.48591423034668,32.14,1
187.90896224975586,30.62,1
195.21813011169434,8.86,0
196.53648805618286,8.79,0
197.83927536010742,8.79,0
199.16720581054688,11.83,0
