1.1091713905334473,-1.52,0
2.3455708026885986,-1.52,0
3.5500001907348633,-1.48,0
4.744481801986694,-1.52,0
9.313955783843994,-1.45,1
10.725820064544678,-1.59,1
12.147048473358154,-1.55,1
13.554314613342285,-1.48,1
14.969333171844482,-1.52,1
16.382216691970825,-1.55,1
17.72062873840332,-1.48,1
19.071605443954468,-1.52,1
20.413773775100708,-1.52,1
21.762431859970093,-1.48,1
23.108973741531372,-1.48,1
24.514801263809204,-1.52,1
25.85783100128174,-1.52,1
27.271625757217407,-1.48,1
28.60793375968933,-1.52,1
30.022656679153442,-1.52,1
31.44425916671753,-1.55,1
32.85755920410156,-1.55,1
34.200620889663696,-1.48,1
35.60924816131592,-1.52,1
36.95866417884827,-1.45,1
38.37585783004761,-1.48,1
39.71571946144104,-1.59,1
41.12724542617798,-1.52,1
