1.1013777256011963,7.21
2.3192293643951416,7.17
3.532740831375122,7.17
4.739251375198364,7.24
5.974729299545288,7.28
10.58263874053955,2.14
11.997959852218628,2.14
13.410426616668701,2.07
14.82345175743103,2.14
16.22377610206604,2.1
17.64026951789856,2.07
19.050915718078613,2.1
20.47500228881836,2.07
21.874202013015747,2.07
23.217904567718506,2.07
24.57564640045166,2.03
25.984679698944092,2.03
27.393568515777588,2.1
28.80090045928955,2.07
30.22236466407776,2.03
31.639787912368774,2.0
33.051353931427,2.03
34.39586853981018,2.17
35.72967839241028,2.03
37.082948207855225,1.97
38.42894649505615,2.03
39.76511907577515,2.03
41.17754030227661,2.07
42.588701248168945,2.0
43.938127756118774,2.07
45.279690742492676,1.97
46.69197082519531,2.1
48.10134410858154,2.03
49.526158809661865,2.03
50.93745708465576,2.0
52.344223737716675,2.07
53.754332542419434,2.07
55.16126775741577,2.03
56.514681816101074,2.07
57.92985129356384,2.1
59.33030438423157,2.03
60.75521945953369,2.07
62.16839623451233,2.03
63.56781053543091,2.1
64.99414610862732,2.03
66.33849620819092,2.03
67.75052046775818,2.07
69.16254687309265,2.17
70.57456398010254,2.14
71.98660802841187,2.17
73.3316957950592,2.03
74.7445695400238,2.07
76.15788626670837,2.1
77.56606578826904,2.07
78.97815012931824,2.07
80.385178565979,2.17
81.80668997764587,2.03
83.21550750732422,2.07
84.55623960494995,1.38
85.96513509750366,0.79
87.38035225868225,-16.41
88.80010485649109,-31.21
90.20499348640442,-31.69
91.61723947525024,-29.31
93.03461647033691,-13.79
94.44142889976501,0.52
95.85950708389282,1.62
97.27575278282166,1.69
98.68355751037598,1.55
100.098641872406,1.66
101.50602078437805,-0.41
102.91863179206848,-27.03
104.33488655090332,-28.59
105.75327825546265,0.72
107.16629672050476,4.1
108.56929421424866,6.21
109.9895133972168,8.0
111.40310573577881,7.0
112.8164050579071,4.97
114.21661806106567,7.45
115.63652276992798,7.62
117.05449414253235,5.55
118.46753144264221,9.38
119.87982678413391,8.03
121.29357552528381,5.93
122.7040433883667,4.45
124.10684490203857,6.9
125.52917337417603,9.38
