1.1236495971679688,-1.59,0
2.33667254447937,-1.62,0
3.5587096214294434,-1.59,0
4.798656225204468,-1.59,0
9.383769035339355,-1.97,1
10.783626794815063,103.38,1
12.20595669746399,6.52,1
13.620825290679932,2.72,1
15.031494379043579,1.9,1
16.449253797531128,1.69,1
17.85973834991455,1.41,1
19.196524620056152,1.62,1
20.623560190200806,1.55,1
22.02779793739319,-1.52,1
23.4509539604187,1.52,1
24.79363226890564,1.0,1
26.2053279876709,0.66,1
27.623026132583618,0.86,1
29.03066086769104,0.66,1
30.439653873443604,1.07,1
31.85626721382141,0.28,1
33.26446557044983,1.28,1
34.691100120544434,2.48,1
36.094488859176636,1.17,1
37.50966763496399,0.9,1
38.92152976989746,0.86,1
40.34518575668335,0.83,1
41.75578474998474,0.76,1
43.16491341590881,0.9,1
44.58455014228821,0.9,1
45.99796676635742,1.17,1
47.34357166290283,1.03,1
48.74222183227539,1.41,1
50.17140769958496,1.07,1
51.580775022506714,1.14,1
52.99863338470459,1.24,1
54.407658100128174,1.21,1
55.81806826591492,-0.28,1
57.228442907333374,1.79,1
58.64134740829468,0.48,1
60.066484212875366,2.21,1
61.478673696517944,1.31,1
62.888574838638306,-1.03,1
64.30163717269897,-0.45,1
65.71644711494446,-0.31,1
67.12386727333069,5.17,1
68.47255086898804,3.0,1
69.8864483833313,-1.83,1
71.30292010307312,-28.07,1
72.72027850151062,-10.62,1
74.12841296195984,-0.1,1
75.54768586158752,1.66,1
76.96070671081543,1.72,1
78.37474155426025,1.83,1
79.78749370574951,2.52,1
81.18832969665527,1.21,1
82.60104131698608,1.55,1
84.02660584449768,1.62,1
85.4405870437622,1.66,1
86.84833240509033,1.1,1
88.26888370513916,1.03,1
89.68290090560913,0.72,1
91.09081554412842,0.38,1
92.5007266998291,0.21,1
93.92028784751892,-0.86,1
95.32901120185852,1.24,1
96.7415783405304,142.9,1
98.16522884368896,30.28,1
99.56807446479797,9.72,1
100.9781973361969,1.66,1
102.39828896522522,-0.48,1
103.8207015991211,219.66,1
105.22313189506531,7.9,1
106.63726234436035,7.31,1
108.05501246452332,6.72,1
109.47216510772705,7.07,1
110.86993217468262,7.34,1
112.29720616340637,7.31,1
113.71022415161133,3.45,1
115.11274194717407,6.79,1
116.53626370429993,7.0,1
117.93595123291016,4.55,1
119.35525584220886,4.1,1
120.77532505989075,4.07,1
122.187331199646,4.03,1
123.59777235984802,4.17,1
125.01059651374817,4.69,1
126.42292642593384,4.9,1
127.84443664550781,6.45,1
129.24569749832153,-2.0,1
130.6714630126953,-2.03,1
132.08423447608948,-1.48,1
133.48365926742554,-1.38,1
134.91126132011414,-1.31,1
136.32546639442444,-1.34,1
137.7395784854889,-1.34,1
139.1438901424408,-1.24,1
140.55921697616577,-1.38,1
141.98063588142395,-1.38,1
143.38002848625183,-1.34,1
144.80073070526123,-1.31,1
146.21437668800354,-1.31,1
147.6289632320404,-1.34,1
149.03585648536682,-1.17,1
150.4579644203186,-1.21,1
151.87228918075562,-1.24,1
153.2868709564209,-1.28,1
154.702800989151,-1.31,1
156.10709309577942,-1.21,1
157.53122520446777,-1.34,1
158.937992811203,-1.34,1
160.35657668113708,-1.31,1
161.77025485038757,-1.28,1
163.18375325202942,-1.28,1
164.59642839431763,-1.31,1
166.00183010101318,-1.24,1
167.41589450836182,-1.28,1
168.83343815803528,-1.31,1
170.25603580474854,-1.31,1
171.59741735458374,-1.31,1
173.0034749507904,-1.24,1
174.4261920452118,-1.24,1
175.84310364723206,-1.28,1
177.2572124004364,-1.21,1
178.59408974647522,-1.31,1
180.00983500480652,-1.24,1
181.41768264770508,-1.21,1
182.7658805847168,-1.21,1
184.18882155418396,-1.21,1
185.60324597358704,-1.34,1
187.01825857162476,-1.28,1
188.4295015335083,-1.31,1
189.84272933006287,-1.28,1
191.1858868598938,-4.66,1
192.60363101959229,-1.34,1
194.01083159446716,-1.24,1
195.43133854866028,-1.34,1
196.8430609703064,-1.34,1
198.2494649887085,-1.34,1
