944.9834861755371,63.1,1
946.3212840557098,63.24,1
947.7321255207062,62.76,1
949.152200460434,62.86,1
950.5612154006958,62.97,1
951.9074289798737,63.07,1
953.3165011405945,63.1,1
954.7237432003021,63.14,1
956.1406064033508,62.55,1
957.5427749156952,62.86,1
958.9594349861145,63.0,1
960.3756070137024,63.0,1
961.7767271995544,63.03,1
963.1350734233856,63.1,1
964.5465726852417,62.79,1
965.9519226551056,62.86,1
967.2869055271149,63.03,1
968.7079105377197,62.97,1
970.1236343383789,62.97,1
971.5270864963531,63.07,1
972.9345486164093,62.59,1
974.3572282791138,62.86,1
975.76304936409,62.76,1
977.1732082366943,62.9,1
978.5844597816467,62.93,1
980.008941411972,62.9,1
981.3440783023834,62.38,1
982.7633755207062,62.41,1
984.1749837398529,62.55,1
985.5055768489838,62.66,1
986.929366350174,62.72,1
988.3277928829193,62.52,1
989.6835279464722,62.45,1
991.014955997467,62.28,1
992.4354796409607,62.28,1
993.8379333019257,62.41,1
995.2544176578522,62.38,1
996.6708915233612,62.24,1
998.0779147148132,62.31,1
999.4946777820587,61.9,1
1000.9001641273499,62.17,1
1002.3172755241394,62.34,1
1003.7268710136414,62.24,1
1005.1438357830048,62.28,1
