3.12540340423584,-1.79
6.3381125926971436,-1.72
9.582152605056763,-1.83
12.79803466796875,-1.83
17.809932947158813,1.83
21.360324144363403,1.76
24.90850830078125,1.76
28.445587873458862,1.76
31.996108055114746,1.72
35.55398440361023,1.76
39.1098096370697,1.76
42.58683896064758,1.79
46.136149883270264,1.76
49.615966796875,1.76
53.174243688583374,1.76
56.72235679626465,1.76
60.26830792427063,1.76
63.81027126312256,1.76
67.29948687553406,1.76
70.78261876106262,2.59
74.2647500038147,2.17
77.74204087257385,1.83
81.29185152053833,4.38
84.77178525924683,2.0
88.32434582710266,2.48
91.87608599662781,3.07
95.42566561698914,6.21
98.98038101196289,3.9
102.53127336502075,6.21
106.06832909584045,6.86
109.63122487068176,6.93
113.17384099960327,5.97
116.73150324821472,8.24
120.26835417747498,6.31
123.83148431777954,8.45
127.37339496612549,6.52
130.91903376579285,6.66
134.46758770942688,6.59
138.02238607406616,6.97
141.5737063884735,9.55
145.11906719207764,9.34
148.66992259025574,8.86
152.22327613830566,7.14
155.77737188339233,9.79
159.33084106445312,7.93
162.80406379699707,10.28
166.36150527000427,8.1
169.83661437034607,10.24
173.3926293849945,8.45
176.86190247535706,8.62
180.4229245185852,9.34
183.96489834785461,9.97
187.43905210494995,10.72
190.98869490623474,10.1
194.54903864860535,8.1
198.01849269866943,8.76
201.57443380355835,9.62
205.12008357048035,10.48
208.67381763458252,10.86
212.22929310798645,11.38
215.78007769584656,11.1
219.33305597305298,10.97
222.87089800834656,10.86
226.41911721229553,11.48
229.97654581069946,11.1
233.46045994758606,10.17
236.99920177459717,11.0
240.55059623718262,10.83
244.10556602478027,11.0
247.65787768363953,10.93
251.20792603492737,10.93
254.75753140449524,11.1
258.29852843284607,11.07
261.85491013526917,11.17
265.4036350250244,10.93
268.9490737915039,10.41
272.5713074207306,9.69
276.1228377819061,9.21
279.6631484031677,8.76
283.2122678756714,8.9
286.77137780189514,9.21
290.31221437454224,10.14
293.87443375587463,11.1
297.42238879203796,11.45
300.9689898490906,8.72
304.51487398147583,8.55
308.06551933288574,8.45
311.61000537872314,8.41
315.1707203388214,8.66
318.71504282951355,8.59
322.2018554210663,9.07
325.684739112854,9.45
329.15702843666077,10.34
332.7046597003937,10.34
336.2583746910095,10.07
339.80471777915955,9.59
343.2904212474823,9.31
346.7739622592926,9.0
350.24980187416077,9.03
353.800124168396,8.9
357.2895448207855,8.93
360.83865666389465,9.03
364.38294672966003,8.69
367.8697338104248,9.1
371.3531024456024,9.79
374.8268389701843,10.72
378.3030915260315,11.34
381.85962653160095,9.07
385.3330965042114,8.72
388.8951368331909,8.45
392.44621539115906,8.48
395.9827346801758,8.76
399.5301158428192,9.21
403.09479093551636,9.0
406.64634108543396,8.9
412.6714494228363,1.69
415.98149013519287,1.69
419.3070707321167,1.72
422.65133595466614,1.72
425.97637701034546,1.69
429.2697470188141,1.69
432.5892508029938,1.69
437.53778290748596,1.69
441.0876429080963,1.69
444.62220191955566,1.69
448.1774890422821,1.69
451.73446583747864,1.72
455.2851028442383,1.66
458.8297505378723,1.72
462.3806140422821,1.69
