1.1012778282165527,-2.17,0
2.335104465484619,-2.21,0
3.534620523452759,-2.17,0
4.737147092819214,-2.17,0
5.933012247085571,-2.21,0
10.517664194107056,4.28,1
11.935416221618652,8.07,1
13.34810209274292,15.45,1
14.761474847793579,9.38,1
16.166794538497925,7.38,1
17.512855052947998,7.07,1
18.86155366897583,5.93,1
20.196481943130493,5.17,1
21.616238594055176,7.48,1
22.959962129592896,5.14,1
24.36215877532959,3.66,1
25.71478295326233,3.03,1
27.131505250930786,2.41,1
28.53861165046692,1.9,1
29.950126886367798,1.79,1
31.370286226272583,2.03,1
32.77314519882202,1.0,1
34.12684106826782,1.76,1
35.52442240715027,1.1,1
36.944547176361084,0.72,1
38.29214429855347,1.14,1
39.62522768974304,0.52,1
41.04287338256836,1.59,1
42.39720439910889,1.83,1
43.74108266830444,0.45,1
45.08243656158447,0.31,1
46.496426582336426,0.34,1
47.90137028694153,0.03,1
49.320637464523315,-0.17,1
50.66574001312256,-0.31,1
52.067821741104126,-0.31,1
53.484426736831665,-0.34,1
54.829588413238525,-0.41,1
56.24744462966919,-0.62,1
57.661792039871216,-0.62,1
