1.1013782024383545,-1.93,0
2.3451437950134277,-1.9,0
3.550191640853882,-1.83,0
4.755115270614624,-1.97,0
9.331297159194946,253.24,1
10.735996961593628,238.03,1
12.153069496154785,235.34,1
19.458479642868042,-1.86,0
20.767585039138794,-1.83,0
22.104454278945923,-1.79,0
23.41355276107788,-1.76,0
24.724579334259033,-1.79,0
26.035741329193115,-1.72,0
27.344128847122192,-1.83,0
28.65391445159912,-1.83,0
33.23695087432861,268.72,1
34.593836069107056,247.83,1
36.0032434463501,245.59,1
37.348671436309814,246.24,1
44.63524532318115,-1.69,0
45.947041034698486,-1.62,0
47.25351881980896,-1.59,0
48.562074184417725,-1.62,0
49.870115518569946,-1.59,0
51.16710090637207,-1.59,0
52.52138924598694,-1.62,0
53.82049107551575,-1.69,0
58.401801347732544,234.59,1
59.82075786590576,231.52,1
61.23544478416443,229.79,1
62.636518239974976,224.21,1
64.05774307250977,-5.55,1
71.36352825164795,-1.83,0
72.71763968467712,-1.83,0
