1.1217467784881592,-1.55,0
2.354783296585083,-1.41,0
3.562044382095337,-1.48,0
4.768057346343994,-1.52,0
5.978107929229736,-1.52,0
7.1878838539123535,-1.41,0
8.381149053573608,-1.52,0
9.58966064453125,-1.48,0
10.799173593521118,-1.55,0
12.038637399673462,-1.52,0
13.24214792251587,-1.52,0
17.840091705322266,366.97,1
19.26511240005493,202.1,1
20.675554513931274,106.9,1
22.01958179473877,60.38,1
23.426026105880737,56.24,1
24.8316171169281,33.66,1
26.254506826400757,24.41,1
27.650960683822632,25.66,1
29.066476106643677,47.38,1
30.486104249954224,56.21,1
31.8855459690094,56.24,1
33.23710918426514,52.48,1
40.54047346115112,-1.66,0
41.84531927108765,-1.59,0
43.19137692451477,-1.69,0
44.50444459915161,-1.69,0
45.8143150806427,-1.76,0
47.11934018135071,-1.93,0
48.41948628425598,-1.72,0
49.751261472702026,-2.1,0
51.070677042007446,-1.83,0
52.40393304824829,-1.76,0
53.73444628715515,-1.86,0
55.032243490219116,-1.86,0
56.35563278198242,-1.83,0
57.654184341430664,-1.9,0
58.97116017341614,-1.9,0
60.29152584075928,-1.86,0
61.60832452774048,-1.86,0
62.957826375961304,-1.83,0
64.26458168029785,-1.83,0
65.57376551628113,-1.86,0
66.87888979911804,-1.9,0
68.19799137115479,-1.9,0
69.51297521591187,-2.0,0
70.81111192703247,-1.9,0
72.12275719642639,-1.97,0
73.45780539512634,-1.93,0
74.76410698890686,-1.9,0
76.07200694084167,-1.86,0
77.37362480163574,-1.86,0
78.68369507789612,-1.9,0
79.9818983078003,-1.97,0
81.30375385284424,-1.9,0
82.61001753807068,-2.0,0
83.96333479881287,-1.93,0
85.28249406814575,-1.97,0
89.86037731170654,782.79,1
91.28469204902649,705.86,1
92.69114518165588,430.55,1
94.10626769065857,260.97,1
95.50744247436523,159.55,1
96.92280602455139,107.48,1
98.3396852016449,77.83,1
99.75473809242249,64.66,1
101.16009378433228,56.17,1
102.5711236000061,53.76,1
103.98080086708069,48.72,1
105.39050149917603,52.24,1
106.81045293807983,51.76,1
108.2216567993164,48.1,1
109.62557220458984,47.28,1
111.04728031158447,47.17,1
