1.1073791980743408,6.1
2.315427780151367,6.03
3.5496459007263184,6.14
4.748479843139648,6.14
9.328141927719116,147.86
10.753615856170654,195.86
12.165206670761108,209.07
13.576762199401855,212.97
14.988278150558472,200.55
16.400017023086548,175.17
17.742802143096924,153.41
19.0838360786438,134.38
20.420694828033447,118.48
21.832149028778076,103.41
23.183459281921387,90.9
24.58741593360901,79.76
29.940954208374023,3.66
31.345005989074707,1.17
32.76342797279358,-0.03
34.09980869293213,-0.48
35.453975200653076,-0.62
36.794543981552124,-0.66
38.212751150131226,-0.76
39.554203033447266,-0.72
40.89434766769409,6.55
42.30500054359436,10.59
43.64724779129028,11.79
45.065701723098755,11.59
46.411705017089844,12.59
47.822795152664185,11.9
49.22869944572449,3.41
50.57007575035095,7.28
51.91537642478943,10.83
53.32986092567444,12.07
54.67975473403931,12.48
56.08663773536682,12.76
57.508445501327515,4.86
58.92262935638428,9.1
60.332581758499146,11.38
61.74507761001587,10.28
63.15532207489014,11.59
64.56686973571777,11.38
65.91571235656738,12.0
67.25536012649536,3.86
68.59554028511047,8.93
69.94100308418274,11.38
71.28441143035889,11.62
72.69734477996826,11.48
74.03743505477905,11.55
75.38881540298462,4.66
76.79128766059875,8.66
78.13628125190735,11.31
79.48496055603027,10.59
80.82880449295044,10.72
82.16891956329346,11.52
83.5841634273529,11.76
84.93027687072754,5.0
86.26768374443054,8.97
87.68321824073792,11.55
89.09152293205261,12.14
90.4408016204834,11.66
91.8541476726532,4.62
93.2042486667633,8.31
94.61927151679993,10.41
96.03302597999573,12.14
97.44001531600952,10.52
98.8477725982666,11.34
100.2672712802887,4.66
101.60794305801392,9.14
103.01342010498047,10.9
104.43078422546387,10.72
105.77603077888489,11.79
107.18721890449524,12.41
108.60538721084595,4.55
109.95391988754272,8.14
111.35562348365784,10.79
112.76890158653259,12.48
114.17791390419006,13.0
115.59892749786377,4.41
117.00517678260803,6.41
118.4247579574585,10.59
119.83774256706238,12.03
121.25401544570923,11.14
122.65702891349792,12.72
124.07183909416199,5.38
125.48568868637085,8.86
126.9006335735321,11.28
128.3140585422516,11.55
129.7248556613922,11.41
131.14017033576965,12.0
132.55175352096558,4.21
133.8885190486908,8.31
135.23571729660034,10.59
136.64854979515076,12.34
137.9931604862213,12.45
139.40716552734375,12.0
140.82296919822693,4.17
142.24039840698242,9.9
143.65560913085938,11.31
145.0572862625122,11.83
146.47528791427612,11.66
147.88629579544067,4.24
149.30303931236267,9.52
150.71248173713684,11.66
152.12943625450134,12.79
153.54430222511292,5.28
154.87354230880737,8.69
156.29182291030884,10.14
157.70360708236694,12.24
159.1135437488556,12.79
160.52506232261658,4.31
161.87636017799377,7.03
163.28670072555542,10.66
164.63335919380188,11.83
165.98302602767944,12.17
167.31965112686157,12.45
168.66285753250122,12.24
170.0763943195343,3.55
171.4817614555359,9.14
172.82939195632935,11.31
174.1815700531006,10.9
175.51930713653564,12.52
176.87272238731384,12.45
178.20427584648132,4.83
179.55981874465942,8.28
180.8940887451172,9.97
182.2335662841797,11.21
183.64772725105286,10.83
184.996422290802,10.79
186.34712100028992,12.59
187.67973709106445,10.97
189.02614855766296,10.62
190.37668418884277,3.97
191.78848576545715,8.93
193.12971568107605,11.24
194.53773856163025,11.1
195.95225477218628,10.41
197.30305004119873,11.48
198.64343428611755,11.48
200.05473613739014,10.17
201.4709370136261,11.38
202.88002753257751,3.83
204.28909540176392,8.41
205.64155912399292,11.1
206.97978401184082,11.97
208.40222883224487,11.31
209.80763959884644,11.79
211.2144250869751,12.07
212.63173127174377,4.38
214.04522800445557,8.03
215.46518874168396,10.79
216.87673473358154,10.31
218.29204511642456,11.03
219.69799542427063,10.45
221.11244416236877,11.48
222.5295388698578,12.31
223.94234323501587,3.59
225.35104870796204,8.21
226.7625710964203,10.97
228.11108779907227,11.93
229.5282759666443,12.1
230.8637809753418,11.59
238.1880066394806,-0.66
239.4942717552185,-0.62
240.84500241279602,-0.72
242.15017104148865,-0.69
243.46461462974548,-0.83
244.77702641487122,-0.83
246.08074760437012,-0.83
247.3971390724182,-0.86
251.98337388038635,142.66
253.3298225402832,193.62
254.74253344535828,206.83
256.15549063682556,210.83
257.5653085708618,208.45
258.9761779308319,190.1
260.3875946998596,166.38
261.7994735240936,145.59
263.21492433547974,128.21
264.62323451042175,111.97
266.0358397960663,99.55
267.43649983406067,88.24
274.7501769065857,-0.97
276.05362248420715,-1.14
277.3703782558441,-1.1
278.6765105724335,-1.0
279.9974830150604,-1.0
281.2987723350525,-1.03
282.6515154838562,-1.07
283.9724314212799,-0.97
288.55604553222656,143.38
289.97918176651,194.24
291.39226245880127,208.83
292.80070543289185,213.34
294.20271015167236,213.0
295.619891166687,196.14
297.0352854728699,174.97
298.4440562725067,155.69
299.8545904159546,138.14
301.26830434799194,123.83
302.68429350852966,112.31
309.9932482242584,-1.24
311.3483626842499,-1.28
312.65889072418213,-1.14
313.97772455215454,-1.21
315.2953598499298,-1.24
316.6117660999298,-1.21
317.92649507522583,-1.28
319.23769974708557,-1.28
323.8340482711792,143.97
325.2573425769806,195.45
326.6708974838257,210.66
328.0710024833679,214.59
329.4869267940521,215.45
330.82570695877075,206.21
332.2389438152313,189.31
333.5791919231415,174.48
334.99635076522827,157.9
336.4095358848572,144.55
337.75764632225037,132.59
345.0448570251465,-1.48
346.3615667819977,-1.55
347.66431641578674,-1.55
348.977662563324,-1.48
350.27421593666077,-1.48
351.58401584625244,-1.45
352.8850953578949,-1.55
354.22860836982727,-1.55
358.79811930656433,142.83
360.1505317687988,194.21
361.491827249527,209.83
362.8962936401367,214.69
364.2450382709503,215.83
365.6631681919098,215.9
366.99504113197327,209.48
368.3446319103241,198.28
369.7545030117035,183.1
371.09278416633606,170.48
378.40374183654785,-1.83
379.72357177734375,-1.83
381.0184063911438,-1.83
382.3234815597534,-1.76
383.6431477069855,-1.79
384.99431586265564,-1.83
386.30128049850464,-1.69
387.60425901412964,-1.72
388.82733845710754,-1.76
