1.1053996086120605,30.86,0
2.3469369411468506,30.79,0
3.551579713821411,30.79,0
4.746868371963501,30.76,0
5.947509288787842,30.76,0
7.365497589111328,30.83,0
8.622488975524902,30.72,0
10.12018370628357,30.72,0
11.33708381652832,30.72,0
12.585153579711914,30.72,0
13.791998147964478,30.79,0
14.994884490966797,30.69,0
16.217876434326172,30.69,0
17.416922092437744,30.69,0
22.078186988830566,28.34,1
23.420921564102173,28.31,1
24.764188528060913,28.38,1
26.168004989624023,28.24,1
27.58543109893799,33.0,1
28.994349002838135,36.34,1
30.39844250679016,36.93,1
31.742215633392334,37.14,1
33.083497285842896,37.28,1
34.43017578125,38.0,1
35.848105907440186,38.28,1
37.2505738735199,38.41,1
38.590272665023804,38.24,1
39.94521427154541,38.52,1
41.28121566772461,39.17,1
42.61928081512451,39.62,1
43.974586486816406,39.55,1
45.31381320953369,39.45,1
46.7169668674469,39.59,1
48.07252049446106,39.52,1
49.47959089279175,39.38,1
50.82440137863159,39.48,1
52.23747730255127,39.31,1
53.64549803733826,39.34,1
55.04879593849182,39.34,1
56.40279674530029,39.21,1
57.80460000038147,39.31,1
59.23003935813904,39.28,1
60.62541651725769,39.17,1
62.04448652267456,39.97,1
63.46218705177307,40.34,1
64.86597514152527,40.45,1
66.20465755462646,40.28,1
67.54533123970032,40.38,1
68.96615266799927,39.34,1
70.30875658988953,39.62,1
71.64632272720337,39.72,1
72.99135756492615,39.62,1
74.33145785331726,39.52,1
75.67239189147949,39.62,1
77.09019994735718,39.55,1
78.43169736862183,39.52,1
79.85191059112549,39.45,1
81.18451452255249,39.1,1
82.53745603561401,39.17,1
89.83789205551147,28.97,0
91.14481258392334,28.97,0
92.45968675613403,28.83,0
93.7613697052002,28.83,0
95.06551933288574,29.03,0
96.398845911026,28.97,0
97.70504951477051,28.9,0
99.02893328666687,4.03,0
100.32977676391602,-0.28,0
101.65320944786072,-12.07,0
102.95886397361755,-1.59,0
104.27523422241211,-0.14,0
105.61310720443726,-0.24,0
106.91941905021667,-0.24,0
108.22819685935974,-0.31,0
109.5350022315979,-0.34,0
114.21885704994202,305.17,1
115.63907742500305,410.93,1
117.03954291343689,435.59,1
118.45425224304199,319.17,1
119.87177658081055,237.9,1
121.21339845657349,186.97,1
122.55938267707825,143.28,1
129.88457369804382,-1.93,0
131.17476844787598,-1.93,0
132.4954342842102,-1.9,0
