1.1104042530059814,-1.62
2.309800386428833,-1.55
3.547480583190918,-1.52
4.7414422035217285,-1.45
9.329682111740112,27.17
10.672703981399536,32.17
12.084872245788574,37.79
13.487572431564331,43.28
14.836686611175537,47.76
16.251301765441895,52.1
17.599600791931152,56.34
18.938538789749146,59.45
20.28680682182312,63.14
21.628714323043823,66.0
23.040428400039673,69.52
24.37554907798767,72.76
25.80163049697876,75.69
27.213032484054565,78.83
28.622745275497437,81.31
30.034010648727417,83.52
31.4486403465271,85.97
32.85874271392822,88.17
34.26497268676758,90.45
35.6135687828064,92.17
37.02656078338623,93.97
38.434996128082275,95.83
39.77751684188843,97.45
41.126073122024536,98.97
42.4659309387207,100.17
43.81615447998047,101.48
45.15020132064819,102.52
46.49948716163635,103.9
47.913405656814575,104.72
49.310460567474365,106.0
50.72167229652405,107.21
52.0722119808197,107.17
53.48850727081299,108.55
54.81977319717407,108.93
56.234047651290894,109.66
57.57597827911377,109.79
58.98831629753113,110.45
60.401944160461426,110.79
61.82443833351135,110.97
63.236095905303955,111.38
64.63251090049744,111.79
65.98360133171082,111.83
67.3960530757904,112.14
68.73134779930115,113.0
70.1444525718689,112.9
71.4962170124054,113.03
72.84271574020386,113.41
74.1711049079895,113.9
75.51908707618713,113.66
76.85976004600525,114.1
78.2086410522461,114.38
79.54676842689514,114.59
80.8954930305481,114.69
82.3100197315216,114.97
83.72022533416748,115.48
85.13219451904297,115.41
86.46631050109863,115.69
87.80701327323914,116.03
89.15753555297852,116.0
90.5063362121582,116.28
91.91778612136841,116.41
93.25148367881775,116.31
94.662358045578,116.52
96.01360011100769,116.52
97.4235007762909,116.62
98.83780980110168,116.79
100.2467212677002,116.9
101.65894770622253,116.93
103.00704264640808,117.24
104.41854977607727,117.31
105.82854962348938,117.28
107.22717761993408,117.41
108.63851523399353,117.76
110.05230069160461,117.69
111.46542692184448,117.55
112.88640069961548,117.79
114.29076910018921,117.86
115.69963765144348,117.86
117.11886739730835,117.97
118.53125858306885,118.0
119.94590449333191,117.97
121.34858560562134,118.07
122.76256370544434,118.28
124.16758155822754,118.28
125.57742929458618,118.24
126.99651288986206,118.41
128.40904140472412,118.48
129.75657844543457,118.34
131.15850520133972,118.55
132.57095503807068,118.28
133.98251628875732,118.59
135.33340406417847,118.52
136.74467492103577,118.48
138.15693354606628,118.79
139.49033880233765,118.69
140.84590220451355,118.45
142.1843752861023,118.72
143.59759283065796,118.72
145.01246237754822,118.59
146.42653584480286,118.72
147.8285698890686,118.66
155.13631653785706,-2.1
156.45330691337585,-1.97
157.7651596069336,-1.83
159.07093334197998,-1.93
160.42187762260437,-1.86
161.72600936889648,-1.69
163.03061413764954,-1.76
164.3409264087677,-1.69
168.9302270412445,189.93
170.2616834640503,133.1
171.6148657798767,124.28
172.953266620636,121.76
174.3670163154602,121.07
175.71616411209106,120.76
177.06117987632751,120.66
178.4726710319519,120.31
179.80889892578125,120.62
181.16212677955627,120.79
182.50106811523438,118.03
183.83536171913147,116.83
185.18597626686096,109.83
186.59896802902222,97.34
187.93442511558533,90.55
189.35240387916565,82.97
190.70061874389648,77.14
197.99988651275635,-2.21
199.30534672737122,-2.24
200.61264753341675,-2.21
201.96797275543213,-2.21
203.27749729156494,-2.14
204.58221173286438,-2.07
205.89724969863892,-2.21
207.19566249847412,-1.97
208.4042625427246,-2.1
209.6142394542694,-2.03
210.80535197257996,-2.1
212.04633975028992,-2.14
213.25889778137207,-2.21
214.46395921707153,-2.07
215.67353892326355,-2.07
216.880686044693,-2.1
218.10485911369324,-2.07
219.31293845176697,-2.07
220.5569338798523,-2.1
221.75092387199402,-2.07
222.98161816596985,-2.07
224.1810953617096,-2.03
225.3968322277069,-2.07
226.59503531455994,-2.03
227.82658410072327,-2.03
