1.1054344177246094,-1.9,0
2.3477704524993896,-1.9,0
3.558091878890991,-1.9,0
4.764020681381226,-1.9,0
9.338310480117798,2.79,1
10.752109050750732,5.83,1
12.165104866027832,20.24,1
13.5102698802948,50.28,1
14.922531127929688,130.83,1
16.335742712020874,298.0,1
17.749154329299927,81.55,1
19.16070795059204,63.69,1
20.573420524597168,63.69,1
21.984519958496094,71.03,1
23.394429683685303,78.17,1
24.806376934051514,57.66,1
26.217615604400635,134.9,1
27.627835988998413,64.45,1
29.0401394367218,63.17,1
30.45129680633545,47.03,1
31.86418628692627,92.72,1
33.20732259750366,58.93,1
34.61856031417847,58.28,1
36.03010964393616,57.34,1
37.44050669670105,56.14,1
38.85285806655884,55.07,1
40.26423764228821,54.31,1
41.67568612098694,53.28,1
43.088497161865234,52.59,1
44.50097894668579,52.14,1
45.91287064552307,48.38,1
47.32436728477478,48.03,1
48.73604369163513,47.52,1
50.14715838432312,47.31,1
51.55874514579773,47.17,1
52.96950721740723,47.07,1
54.38047671318054,47.1,1
55.79129910469055,47.03,1
57.203413009643555,47.14,1
58.61650490760803,47.41,1
60.028480529785156,47.48,1
61.44047212600708,47.86,1
62.85302519798279,48.07,1
64.26465892791748,48.55,1
65.67616558074951,49.0,1
67.08748006820679,49.69,1
68.4308021068573,50.1,1
69.84269285202026,50.62,1
71.25568056106567,51.24,1
72.59701704978943,51.83,1
74.00882720947266,52.31,1
75.41961717605591,52.97,1
76.83340835571289,53.59,1
78.24481987953186,54.03,1
79.65795969963074,54.59,1
81.06939673423767,55.24,1
82.48137950897217,55.79,1
83.89192867279053,56.38,1
85.30401182174683,57.07,1
86.71437430381775,57.45,1
88.1263267993927,58.1,1
89.53760361671448,58.41,1
90.94888997077942,59.07,1
92.36153841018677,59.31,1
93.77328133583069,59.72,1
95.18501091003418,60.14,1
96.59706854820251,60.45,1
98.0092043876648,60.76,1
99.42162346839905,61.0,1
100.83296465873718,61.52,1
102.2432553768158,61.69,1
103.65349006652832,61.86,1
105.06510829925537,62.07,1
106.47740936279297,62.31,1
107.88880395889282,62.31,1
109.30033326148987,62.59,1
110.71185660362244,62.62,1
112.12431335449219,62.79,1
113.53739476203918,62.69,1
114.94860005378723,62.9,1
116.36090445518494,62.93,1
117.77220511436462,62.79,1
119.18344330787659,62.76,1
120.59410429000854,62.76,1
122.00569820404053,62.66,1
123.41801929473877,62.62,1
124.82903814315796,62.59,1
126.24021315574646,62.59,1
127.65237164497375,62.52,1
129.06479787826538,62.52,1
130.47669649124146,62.24,1
131.888121843338,62.03,1
133.30069065093994,61.97,1
134.7121753692627,61.9,1
136.12363648414612,61.52,1
137.53475856781006,61.38,1
138.94565296173096,61.45,1
140.3572497367859,61.21,1
141.76798748970032,61.0,1
143.18007636070251,60.9,1
144.5921185016632,60.83,1
146.00528216362,60.76,1
147.41630840301514,60.48,1
148.82830381393433,60.55,1
150.23932576179504,60.41,1
151.6525616645813,60.1,1
153.06377863883972,60.07,1
154.47477412223816,60.1,1
155.88560938835144,59.79,1
157.29635882377625,59.79,1
158.70861148834229,59.66,1
160.11994194984436,59.59,1
161.5311734676361,59.48,1
162.94370126724243,59.38,1
164.3563449382782,59.38,1
165.7680377960205,59.38,1
167.18099999427795,59.21,1
168.59206104278564,59.24,1
170.00321769714355,59.1,1
171.41478872299194,59.0,1
172.82630586624146,59.07,1
174.23655009269714,59.07,1
175.64809656143188,59.03,1
177.05921459197998,59.03,1
178.47159910202026,58.9,1
