1.1101560592651367,0.83
2.3560240268707275,0.83
3.569876194000244,0.9
4.7856504917144775,0.86
5.999448537826538,0.9
7.2163941860198975,0.83
8.420575141906738,0.83
9.630194902420044,0.9
10.85244107246399,0.9
12.109745025634766,0.93
13.3259859085083,0.9
14.544989824295044,0.86
15.759951829910278,0.9
16.972153902053833,0.9
18.17665410041809,0.79
19.386566638946533,0.83
20.59750723838806,0.79
21.83940052986145,0.86
23.048583030700684,0.79
24.259580612182617,0.83
25.47037410736084,0.76
26.68936276435852,0.86
27.90941047668457,0.86
29.132333278656006,0.86
