1.1041033267974854,-1.97,0
2.3493423461914062,-1.86,0
3.564507246017456,-1.97,0
4.768589973449707,-1.93,0
9.350510835647583,0.28,1
10.695507526397705,0.28,1
12.10853624343872,0.24,1
13.507791757583618,0.38,1
14.861390829086304,0.31,1
16.2788405418396,0.41,1
17.612321615219116,0.41,1
18.967841625213623,0.45,1
20.309489250183105,0.41,1
21.64998507499695,0.41,1
23.07028031349182,0.28,1
24.404277563095093,0.28,1
25.814686059951782,0.38,1
27.23461604118347,0.52,1
28.64079523086548,0.34,1
30.062315225601196,0.48,1
31.464112281799316,0.38,1
32.882124185562134,0.38,1
34.22227597236633,0.45,1
35.57553815841675,0.45,1
36.91638898849487,0.38,1
38.331729888916016,0.38,1
39.73016929626465,0.38,1
41.0891318321228,0.38,1
42.501399517059326,0.45,1
43.8426718711853,0.48,1
45.25922131538391,0.48,1
46.59592080116272,0.45,1
48.0106897354126,0.48,1
49.41303730010986,0.38,1
50.830636978149414,0.52,1
52.248799324035645,0.52,1
53.65380787849426,0.48,1
55.07078456878662,0.45,1
56.4125919342041,0.38,1
57.83697175979614,0.45,1
59.24947762489319,0.45,1
60.655734062194824,0.45,1
62.074875831604004,0.34,1
63.47406053543091,0.52,1
