1.103532075881958,-2.21,0
2.350743532180786,-2.24,0
3.5577757358551025,-2.1,0
4.766823768615723,-2.24,0
9.35984468460083,430.31,1
10.70498514175415,512.14,1
12.117103815078735,429.52,1
13.528340578079224,313.48,1
20.822681665420532,-2.21,0
22.15339970588684,-2.17,0
23.46963381767273,-2.14,0
24.776584148406982,-2.34,0
26.083650827407837,-2.34,0
27.388701677322388,-2.1,0
28.697046041488647,-2.21,0
30.000898361206055,-2.24,0
31.317691326141357,-2.1,0
32.66282892227173,-2.24,0
33.95646286010742,-2.21,0
35.277355909347534,-2.1,0
36.57670497894287,-2.48,0
37.868775367736816,-2.1,0
39.17652916908264,-2.14,0
40.48275637626648,-2.55,0
41.78660726547241,-2.86,0
43.11038875579834,9.45,0
44.42550778388977,-1.34,0
45.72658944129944,-1.83,0
47.0454363822937,-2.0,0
48.34955668449402,-2.07,0
49.65041422843933,-2.17,0
50.959023237228394,-2.07,0
52.305851221084595,-2.1,0
53.6157021522522,-2.21,0
54.929105043411255,-2.24,0
56.225785970687866,-2.1,0
57.545997619628906,-2.07,0
58.8445098400116,-2.1,0
60.152695417404175,-2.17,0
61.465317726135254,-2.1,0
62.83203864097595,-2.14,0
64.1308159828186,-2.14,0
65.43431878089905,-2.07,0
70.02512454986572,6.93,1
71.37398910522461,10.41,1
72.7066421508789,14.76,1
74.11732459068298,29.0,1
75.46271109580994,39.38,1
76.8740622997284,48.0,1
78.29059362411499,46.45,1
79.7057683467865,43.83,1
