1.1197004318237305,8.1
2.3274524211883545,8.07
3.5584495067596436,8.0
4.76104998588562,8.1
5.9709999561309814,8.07
7.180574893951416,8.1
11.755873918533325,8.17
13.16679835319519,10.48
14.578752279281616,14.76
15.979226112365723,20.72
17.39848518371582,27.9
18.741898775100708,35.28
20.08975315093994,42.38
21.424445867538452,49.24
22.770159006118774,55.24
24.118574857711792,60.24
25.463692903518677,64.69
26.870606899261475,68.69
28.275739908218384,71.76
29.70133352279663,73.69
31.10431146621704,74.66
32.5180447101593,74.86
33.93199348449707,74.17
35.338552951812744,72.62
36.752686738967896,70.59
38.16742944717407,67.83
39.57858729362488,64.69
40.91841793060303,61.31
42.33118033409119,58.41
43.74357557296753,55.38
45.14753556251526,52.76
46.55801606178284,50.14
47.983864545822144,48.52
49.39445996284485,47.28
50.80610227584839,46.59
52.205052614212036,46.52
53.62941598892212,46.72
55.04007530212402,47.17
56.441784620285034,47.86
57.856724977493286,48.97
59.2716338634491,50.0
60.68321776390076,51.17
62.09384536743164,52.52
63.512439250946045,53.69
64.91905188560486,54.76
66.26753425598145,55.66
67.67093515396118,56.72
69.08733248710632,57.45
70.56414914131165,57.97
71.97143363952637,58.21
