1.1165554523468018,-1.59,0
2.3573403358459473,-1.59,0
3.5658535957336426,-1.59,0
4.773431062698364,-1.62,0
9.35487675666809,181.76,1
10.769980669021606,93.28,1
12.177777528762817,81.79,1
13.589023113250732,78.66,1
15.000770568847656,78.03,1
16.408181190490723,77.76,1
17.74045419692993,77.76,1
19.159908771514893,77.45,1
20.575875520706177,77.38,1
21.979419708251953,77.28,1
23.32190203666687,77.24,1
24.740562677383423,77.17,1
26.145286798477173,77.21,1
27.56299924850464,77.31,1
28.967631340026855,77.0,1
30.381734132766724,77.0,1
31.7888081073761,76.97,1
33.205445289611816,77.03,1
34.54529285430908,77.21,1
35.964287519454956,77.03,1
37.37598752975464,74.45,1
38.794132471084595,72.34,1
40.193196296691895,70.72,1
41.604188442230225,69.62,1
42.956785678863525,67.79,1
44.371543169021606,66.83,1
45.70985746383667,65.28,1
47.12502837181091,64.55,1
48.52435278892517,62.72,1
49.94025897979736,60.9,1
51.277671575546265,60.41,1
52.69302678108215,59.14,1
54.10929584503174,58.21,1
55.524770975112915,57.72,1
56.9270224571228,56.83,1
58.34491419792175,55.76,1
59.75917458534241,54.9,1
67.05482769012451,-1.97,0
68.3550112247467,-1.9,0
69.67746710777283,-1.79,0
70.98648357391357,-1.83,0
72.30531549453735,-1.86,0
73.60075998306274,-1.9,0
74.91281270980835,-1.79,0
76.25865960121155,-1.66,0
80.83956384658813,177.07,1
82.25951337814331,96.97,1
83.66838932037354,82.1,1
85.08528304100037,79.07,1
86.4971661567688,78.03,1
87.89881038665771,77.79,1
89.32039499282837,77.31,1
90.72566843032837,77.31,1
92.14104580879211,77.21,1
93.48779082298279,77.45,1
94.89271426200867,77.31,1
96.30974650382996,77.34,1
97.64948773384094,77.34,1
99.05775618553162,77.28,1
100.46529364585876,77.17,1
101.87789797782898,77.34,1
103.29510116577148,77.28,1
104.70314335823059,77.03,1
106.12712097167969,74.66,1
107.53948307037354,77.31,1
108.93782472610474,74.38,1
110.35350251197815,71.86,1
111.77269101142883,70.41,1
113.18187952041626,68.69,1
114.58540463447571,67.72,1
116.00498151779175,65.9,1
117.42071008682251,63.14,1
118.82200145721436,62.59,1
120.2413980960846,61.41,1
121.6556658744812,53.21,1
123.06617903709412,58.31,1
124.46998810768127,57.24,1
125.87533140182495,56.55,1
127.28763246536255,55.69,1
128.70608711242676,54.93,1
130.1098916530609,54.45,1
131.52707266807556,53.62,1
132.94244289398193,53.1,1
134.34691429138184,52.17,1
135.76583695411682,51.69,1
137.17628049850464,51.24,1
138.59309124946594,50.34,1
139.99484395980835,49.72,1
141.40478205680847,49.31,1
142.8250253200531,49.03,1
144.23241782188416,48.28,1
145.63637566566467,47.9,1
147.0529625415802,47.41,1
148.4725775718689,46.93,1
149.88112807273865,46.52,1
151.293851852417,46.0,1
152.6963517665863,45.76,1
154.12328171730042,45.41,1
155.52811741828918,45.66,1
162.85422468185425,-2.07,0
164.16920566558838,-1.93,0
165.48762893676758,-2.0,0
166.7923731803894,-1.86,0
168.1026451587677,-1.93,0
169.4428994655609,-1.93,0
170.7657811641693,-1.86,0
172.06659054756165,-1.9,0
176.65555596351624,18.38,1
178.07238817214966,22.55,1
179.4766547679901,25.62,1
180.89529538154602,29.03,1
182.29910039901733,31.76,1
183.71686720848083,34.55,1
185.1396608352661,36.97,1
186.54834365844727,39.41,1
187.95063281059265,41.48,1
189.30448269844055,44.59,1
190.70483326911926,46.0,1
192.05588841438293,47.38,1
193.47190260887146,49.38,1
194.8719356060028,50.59,1
196.28445744514465,52.24,1
197.69825792312622,54.48,1
199.11637783050537,55.48,1
200.52810287475586,56.21,1
201.9385645389557,57.69,1
203.33970975875854,58.86,1
204.7584309577942,60.0,1
206.1684877872467,61.07,1
207.59174799919128,61.9,1
208.9956533908844,62.83,1
210.40695595741272,63.83,1
211.8144087791443,64.28,1
213.22607851028442,65.21,1
214.64437651634216,66.17,1
216.0470814704895,66.76,1
217.46880078315735,67.28,1
218.8692409992218,68.03,1
220.28765869140625,68.66,1
221.70515155792236,69.1,1
223.10863852500916,69.52,1
224.52797842025757,70.03,1
225.9312345981598,70.48,1
227.34141635894775,70.72,1
228.68355202674866,71.28,1
230.1013903617859,71.48,1
231.52079057693481,71.97,1
232.93026638031006,72.17,1
234.33412075042725,72.38,1
235.75194549560547,72.31,1
237.0947458744049,72.07,1
238.4970362186432,71.93,1
239.85346150398254,71.69,1
241.26015329360962,71.21,1
242.66068124771118,70.62,1
244.08151578903198,70.07,1
245.49764728546143,69.31,1
246.90524816513062,68.62,1
248.30974340438843,67.86,1
249.72783756256104,67.07,1
251.14514565467834,66.14,1
252.5482940673828,65.17,1
253.97027730941772,64.48,1
255.37780237197876,63.45,1
256.78200340270996,62.66,1
258.20007491111755,61.45,1
259.604523897171,60.52,1
261.02543544769287,59.62,1
262.43629717826843,58.62,1
263.8366549015045,57.66,1
265.25908875465393,56.69,1
266.671195268631,55.59,1
268.07362937927246,54.72,1
269.4902129173279,53.9,1
270.9081621170044,52.83,1
272.30996537208557,51.83,1
273.65822315216064,51.07,1
275.07669377326965,50.28,1
276.4879493713379,49.24,1
277.88930225372314,48.76,1
279.3059358596802,48.03,1
280.72308588027954,47.14,1
282.13111662864685,46.38,1
283.5462667942047,45.59,1
284.94955825805664,44.76,1
286.3677124977112,44.38,1
287.76745438575745,43.76,1
289.1870903968811,43.17,1
290.60458731651306,42.69,1
292.01671719551086,42.31,1
293.4276907444,41.69,1
294.840425491333,41.24,1
296.24333238601685,40.9,1
297.6622188091278,40.45,1
299.0659804344177,40.03,1
300.4858672618866,39.72,1
301.89505982398987,39.52,1
303.2975203990936,39.14,1
304.71916794776917,38.9,1
306.1213412284851,38.52,1
307.54183769226074,38.38,1
308.9459366798401,38.31,1
316.25332379341125,-1.83,0
317.61979818344116,-1.76,0
318.92675042152405,-1.69,0
320.2478437423706,-1.69,0
321.54819083213806,-1.66,0
322.86110615730286,-1.72,0
324.1746759414673,-1.76,0
325.48466396331787,-1.72,0
326.69706082344055,-1.72,0
327.9572458267212,-1.76,0
329.15576553344727,-1.66,0
330.3568150997162,-1.62,0
331.55856227874756,-1.79,0
332.77470803260803,-1.76,0
333.9748511314392,-1.86,0
335.1848111152649,-1.86,0
336.38869071006775,-1.9,0
337.63415026664734,-1.86,0
338.8359363079071,-1.9,0
340.04843282699585,-1.93,0
341.27171540260315,-1.83,0
