1.1087429523468018,-1.55,0
2.3483896255493164,-1.45,0
3.551414728164673,-1.55,0
4.750480890274048,-1.52,0
5.966377258300781,-1.48,0
7.177592992782593,-1.52,0
8.375512599945068,-1.48,0
9.711490392684937,-1.52,0
10.918829917907715,-1.52,0
12.158275365829468,-1.55,0
13.359375,-1.52,0
14.565090417861938,-1.48,0
17.779587507247925,-1.34,0
18.981010675430298,-1.55,0
20.182175636291504,-1.52,0
21.379321336746216,-1.45,0
22.590878009796143,-1.52,0
23.833980083465576,-1.59,0
25.031322717666626,-1.48,0
26.243349075317383,-1.52,0
27.43931818008423,-1.59,0
28.657122373580933,-1.55,0
29.863592624664307,0.28,0
31.078161239624023,1021.14,0
32.32333326339722,837.52,0
33.50510549545288,831.9,0
34.70273208618164,825.83,0
35.90277361869812,822.76,0
37.114773750305176,819.76,0
38.311227798461914,824.59,0
39.52384614944458,825.0,0
40.72196316719055,-2.03,0
41.930870056152344,-2.03,0
43.17863750457764,-2.0,0
44.38614463806152,-1.93,0
45.5911500453949,-2.0,0
46.79219937324524,-1.97,0
48.0042724609375,-1.93,0
49.21593928337097,-1.93,0
50.428200483322144,-1.93,0
55.04200720787048,29.41,1
56.45581531524658,17.41,1
57.86949563026428,25.86,1
59.27437210083008,31.38,1
60.68710231781006,36.48,1
62.105873346328735,38.34,1
63.435423612594604,38.31,1
64.84945034980774,38.14,1
66.19319653511047,41.52,1
67.5326497554779,38.97,1
68.95037722587585,38.24,1
70.28850388526917,41.24,1
71.64523077011108,42.1,1
72.97873735427856,38.72,1
74.33020329475403,38.0,1
75.6718099117279,41.24,1
77.07490468025208,42.03,1
78.42148494720459,42.07,1
79.75965452194214,42.03,1
81.11292266845703,38.79,1
82.51830005645752,41.21,1
83.86720299720764,41.66,1
85.20061254501343,41.93,1
86.61671090126038,41.9,1
88.03463315963745,41.83,1
89.37298917770386,41.45,1
90.79172492027283,41.79,1
92.12991786003113,38.93,1
93.5385537147522,40.86,1
94.87474989891052,41.66,1
96.2985167503357,41.28,1
97.70340466499329,39.03,1
99.12130808830261,37.48,1
100.46621656417847,40.45,1
101.87268090248108,41.28,1
103.215824842453,41.55,1
104.63073372840881,41.59,1
105.97303485870361,41.72,1
107.39140796661377,39.21,1
108.79261255264282,41.0,1
110.20200157165527,39.0,1
111.6170003414154,39.59,1
113.03106141090393,41.1,1
114.37260389328003,41.03,1
115.78986740112305,39.86,1
117.19648909568787,39.86,1
124.50528216362,-1.62,0
125.82039427757263,-1.72,0
127.13176107406616,-1.66,0
128.43651723861694,-1.72,0
129.7492220401764,-1.69,0
131.0531666278839,-1.69,0
132.360759973526,-1.79,0
133.7035174369812,-1.59,0
135.01148915290833,-1.83,0
136.33413338661194,-1.76,0
137.64505410194397,-1.72,0
138.95194292068481,-1.79,0
140.26070427894592,-1.83,0
141.56767892837524,-1.9,0
142.91915941238403,-1.69,0
144.22713708877563,-1.79,0
148.8145046234131,642.76,1
150.21829104423523,703.69,1
151.63316655158997,463.55,1
153.055655002594,294.97,1
154.45846915245056,189.93,1
155.87862586975098,125.59,1
157.28731846809387,90.72,1
158.69297003746033,65.48,1
160.110249042511,60.45,1
161.44178771972656,60.76,1
168.76374650001526,-1.69,0
170.07281231880188,-1.72,0
171.36858010292053,-1.76,0
172.67866396903992,-1.97,0
174.0164496898651,-2.48,0
175.30693554878235,-1.83,0
176.60163116455078,-1.79,0
177.91299080848694,-1.9,0
182.48638153076172,590.79,1
183.82999873161316,758.76,1
185.170019865036,586.45,1
186.50770330429077,394.55,1
187.86268973350525,303.41,1
189.2655644416809,214.28,1
190.61013531684875,181.83,1
191.96067333221436,136.48,1
193.30213832855225,115.45,1
194.64371156692505,110.69,1
195.98996829986572,104.69,1
197.39450097084045,103.1,1
198.7980227470398,102.34,1
200.21456336975098,102.0,1
201.63464760780334,102.45,1
