1.1085717678070068,5.83
2.3191938400268555,5.86
3.5541045665740967,5.79
4.763226270675659,5.83
9.348203420639038,1027.07
10.691726684570312,969.17
12.099170923233032,498.76
13.510812282562256,228.38
20.80183219909668,1.14
22.153491258621216,1.1
23.457582235336304,1.21
24.762430429458618,1.24
26.079674005508423,1.21
27.38732361793518,1.31
28.699862003326416,1.28
30.009026527404785,1.34
34.60230541229248,9.97
36.01526641845703,22.34
37.354196548461914,26.52
38.759358167648315,27.55
40.10915446281433,28.03
41.52714943885803,36.21
42.93915796279907,29.17
44.28213572502136,27.9
45.611719608306885,35.52
47.03377842903137,28.69
48.37025785446167,27.76
49.783355712890625,27.72
51.19820523262024,27.21
52.60246467590332,27.52
53.95696449279785,35.55
55.36803221702576,28.66
56.77917122840881,27.79
58.18335223197937,27.59
59.59978199005127,27.52
61.007142782211304,35.41
62.41417098045349,37.24
63.83004021644592,28.97
65.1782956123352,28.03
66.52368378639221,27.72
67.85807633399963,35.79
69.27111673355103,28.72
70.61214900016785,28.07
72.02903628349304,27.93
73.36894178390503,27.55
74.70373153686523,27.79
76.05030560493469,27.45
77.46619176864624,27.76
78.88657021522522,27.59
80.29750156402588,27.69
81.7021541595459,35.86
83.1093692779541,28.76
