1.1075313091278076,6.59
2.319443702697754,6.59
3.5539803504943848,6.62
4.758462429046631,6.69
9.336683511734009,959.66
10.667278289794922,1076.9
12.08975601196289,491.66
13.496931791305542,194.97
14.898771286010742,85.93
16.320894479751587,46.52
17.658615112304688,32.55
19.0038583278656,27.34
20.343549013137817,23.76
21.7587993144989,20.79
23.174965381622314,19.9
24.58219861984253,19.45
25.989058256149292,19.45
27.404211044311523,19.31
28.82229256629944,19.38
30.23455548286438,19.24
31.645380973815918,19.31
33.046581745147705,19.31
34.39642786979675,19.21
35.74291014671326,19.21
37.08655881881714,19.34
38.49428582191467,19.83
39.90456533432007,20.72
41.32057762145996,20.55
42.72140312194824,19.79
44.13844418525696,19.52
45.55307650566101,19.41
46.964895248413086,19.41
48.36517333984375,19.31
49.78366422653198,19.52
51.20300912857056,19.45
52.600363969802856,19.41
54.024341344833374,19.52
55.434112787246704,19.52
