1.102510929107666,7.66
2.321080207824707,7.59
3.5568175315856934,7.66
4.75823712348938,7.59
9.346030473709106,7.69
10.758679866790771,7.52
12.171605348587036,7.55
13.571587324142456,7.59
14.988320589065552,7.62
16.40279221534729,7.59
17.742841005325317,7.48
19.091100931167603,7.59
20.436124324798584,7.41
21.7844135761261,7.55
23.195512294769287,8.52
24.535402297973633,10.14
25.950233459472656,12.17
27.3691668510437,14.31
28.771648168563843,16.83
30.182873487472534,19.38
31.601340532302856,22.31
33.006847858428955,25.34
34.355101585388184,28.48
35.703734159469604,31.24
37.0387978553772,33.86
38.45116925239563,36.72
39.7988064289093,39.21
41.205944299697876,41.45
42.618396520614624,43.55
44.031166076660156,44.97
45.44686317443848,46.28
46.860515832901,47.28
48.27227306365967,47.93
49.68421459197998,48.14
51.08810091018677,47.9
52.50204849243164,47.34
53.92088484764099,46.76
55.33297109603882,45.52
56.67423701286316,44.59
58.085625410079956,43.24
59.49906516075134,42.1
60.904106855392456,41.0
62.32153511047363,39.83
63.73579716682434,38.86
65.13407373428345,37.93
66.55019497871399,37.0
67.95878911018372,36.76
69.30897974967957,36.41
70.71610140800476,36.52
72.12991666793823,36.48
73.53985142707825,36.97
74.95376920700073,37.17
76.29541873931885,37.45
77.70568299293518,37.9
79.11831974983215,38.48
80.53206014633179,39.17
81.94421172142029,39.66
83.36183905601501,40.24
84.76771283149719,40.76
86.1772289276123,41.0
87.58819842338562,41.07
89.00036835670471,41.1
90.41190457344055,41.31
91.8223967552185,41.21
93.2384421825409,41.31
94.65471076965332,41.28
96.05414843559265,41.14
97.47871112823486,40.66
