1.1063899993896484,7.24,0
2.346453905105591,7.34,0
3.5434770584106445,7.31,0
4.74564790725708,7.38,0
9.321831703186035,5.55,1
10.74012303352356,55.79,1
12.07921552658081,85.59,1
13.498769760131836,101.97,1
14.83790373802185,110.59,1
16.254907369613647,122.24,1
17.58590030670166,119.03,1
18.942135095596313,120.38,1
20.282175064086914,120.14,1
21.686258554458618,120.03,1
23.095385313034058,118.69,1
24.519691228866577,119.93,1
25.851786851882935,110.93,1
27.272429943084717,119.48,1
28.608415842056274,122.86,1
30.029179096221924,140.9,1
31.430849313735962,130.24,1
32.85199522972107,99.07,1
34.189319133758545,108.62,1
35.538492918014526,114.52,1
36.878982067108154,6.79,1
38.28103852272034,-2.1,1
39.70056772232056,-1.66,1
41.039567947387695,-1.21,1
42.38913321495056,4.17,1
43.737377643585205,3.66,1
45.067057371139526,4.07,1
46.4239718914032,4.52,1
47.765379190444946,4.83,1
49.171852588653564,5.55,1
50.58041167259216,5.86,1
52.005276918411255,5.97,1
53.40769720077515,5.83,1
54.819796562194824,6.24,1
56.172730445861816,6.14,1
57.58621096611023,6.21,1
58.9859037399292,6.21,1
60.40382957458496,6.24,1
61.82042479515076,6.31,1
63.236499309539795,6.45,1
64.65159177780151,6.41,1
66.05723524093628,6.48,1
67.4786114692688,6.45,1
68.89058566093445,6.59,1
70.30277705192566,6.59,1
71.64366745948792,6.52,1
73.05054640769958,6.69,1
74.39263534545898,6.41,1
75.81562757492065,6.48,1
77.15924549102783,6.72,1
78.55993366241455,6.59,1
