1.1050963401794434,-1.93,0
2.358870506286621,-2.0,0
3.569009780883789,-2.03,0
4.773854970932007,-1.97,0
5.98007607460022,-1.79,0
7.177340984344482,-1.97,0
11.767022132873535,0.69,1
13.190840244293213,26.1,1
14.603244304656982,62.69,1
16.014832973480225,88.21,1
17.425851583480835,93.24,1
18.766611099243164,94.86,1
20.111850023269653,101.17,1
21.4539852142334,98.79,1
22.86846947669983,97.59,1
24.200576305389404,99.14,1
25.616456747055054,97.21,1
27.025229930877686,98.14,1
28.442395210266113,97.21,1
35.746747970581055,-1.79,0
37.05914258956909,-1.9,0
38.370020627975464,-1.9,0
39.69484734535217,-1.86,0
