1.1074459552764893,0.9
2.311265230178833,0.83
3.5429232120513916,0.86
4.748933792114258,0.79
9.312424898147583,0.79
10.726481199264526,2.28
12.138171434402466,7.07
13.481330633163452,12.69
14.893779993057251,20.41
16.306169509887695,29.59
17.64491105079651,38.86
18.992929220199585,48.83
20.337766647338867,58.03
21.75021743774414,67.52
23.154473543167114,77.28
24.56364917755127,86.76
25.97623062133789,96.1
27.39092779159546,105.41
28.80070686340332,113.9
30.210932970046997,122.55
31.635125160217285,129.76
33.044788122177124,136.48
34.45259666442871,141.83
35.855363845825195,146.14
43.16933822631836,1.1
44.51341223716736,1.07
45.83759689331055,0.97
