1.105961561203003,-2.03,0
2.349862813949585,-2.07,0
3.559788942337036,-2.14,0
4.755717039108276,-2.17,0
5.971018552780151,-2.1,0
7.189636707305908,-2.07,0
8.378363370895386,-2.07,0
9.593724727630615,-2.07,0
10.789306163787842,-2.03,0
12.04633641242981,-2.07,0
13.25231671333313,-2.0,0
14.473844051361084,-2.14,0
15.684095621109009,-2.14,0
16.89566397666931,-2.07,0
18.107929944992065,-2.07,0
19.319858074188232,-2.07,0
20.526782751083374,-2.14,0
23.770559549331665,-2.07,0
24.985514402389526,-1.97,0
26.18696665763855,-2.03,0
27.408334016799927,-2.1,0
28.618571519851685,-2.1,0
29.84592294692993,-2.03,0
31.057812213897705,-2.07,0
32.32284212112427,-2.14,0
35.5279974937439,-2.07,0
36.753124713897705,-2.14,0
37.956084966659546,-2.03,0
39.15914750099182,-2.1,0
40.37807488441467,-2.14,0
41.601012229919434,-2.21,0
42.81287693977356,-2.1,0
44.04740619659424,-2.03,0
45.26336455345154,-2.03,0
46.47401261329651,-2.1,0
47.67239236831665,-2.07,0
48.880385875701904,-2.03,0
50.10243344306946,-2.1,0
51.32146096229553,-2.14,0
52.576892614364624,-2.17,0
53.781455278396606,-2.1,0
55.00129413604736,-2.03,0
