1.1224853992462158,-2.28,0
2.356320381164551,-2.34,0
3.5655198097229004,-2.38,0
4.773619174957275,-2.45,0
9.36412525177002,-5.24,1
10.776594161987305,-2.07,1
12.178194999694824,-1.52,1
13.596200466156006,-1.0,1
15.00800895690918,-0.41,1
16.425599575042725,-0.52,1
17.757579803466797,-0.52,1
19.10485291481018,-0.59,1
20.45205569267273,-0.52,1
21.862351655960083,-0.03,1
23.284476280212402,-0.17,1
24.69628667831421,-0.07,1
26.11250400543213,-0.21,1
27.526354551315308,0.34,1
28.930518627166748,0.93,1
30.34513807296753,0.86,1
31.755436658859253,1.28,1
33.169498443603516,0.31,1
34.5043683052063,0.97,1
35.92921018600464,1.62,1
37.27619504928589,1.66,1
38.67646861076355,1.48,1
40.093087911605835,1.72,1
41.50731921195984,-6.24,1
42.847984075546265,-3.69,1
44.270060777664185,-3.31,1
45.67041563987732,-2.97,1
47.09402871131897,-2.69,1
48.50501751899719,-2.76,1
49.92506742477417,-1.86,1
51.32560849189758,-1.83,1
52.73968696594238,2.03,1
54.09354543685913,-13.9,1
55.498398780822754,-2.59,1
56.906827449798584,-0.24,1
58.33382701873779,-2.55,1
59.73358654975891,1.79,1
61.15093183517456,-5.24,1
62.567559003829956,-3.07,1
63.96823596954346,-2.38,1
65.31977891921997,-2.34,1
66.66445899009705,-2.34,1
68.00537467002869,-2.79,1
69.41757297515869,-2.07,1
70.76075768470764,-1.93,1
72.10679817199707,137.59,1
73.51965498924255,46.48,1
74.93042063713074,15.86,1
76.27119874954224,4.21,1
77.68785214424133,1.9,1
79.03228521347046,1.38,1
80.44627094268799,-0.03,1
81.86487436294556,-0.55,1
83.26610946655273,-0.69,1
84.62333512306213,-0.31,1
86.02385139465332,-0.93,1
87.43977642059326,-0.72,1
88.84659147262573,-0.59,1
90.2052755355835,0.07,1
91.60305976867676,-0.24,1
93.02653479576111,-0.52,1
94.37170600891113,-0.21,1
95.71276640892029,-0.34,1
97.11949276924133,-0.55,1
98.5357141494751,-0.41,1
99.95444631576538,-0.69,1
101.36248207092285,-0.83,1
102.77202916145325,-0.28,1
104.18468952178955,-0.41,1
105.6055691242218,-0.31,1
107.01299571990967,-0.03,1
108.41913604736328,-0.34,1
109.8403525352478,-0.24,1
111.25589203834534,-0.69,1
112.6543984413147,-5.21,1
114.07759809494019,-37.72,1
115.48342609405518,-15.38,1
116.90622067451477,-5.9,1
118.30941152572632,-2.52,1
119.72336983680725,-1.62,1
121.13644671440125,-1.45,1
122.55678462982178,-1.1,1
123.95648670196533,-1.03,1
125.37281250953674,17.07,1
126.79543423652649,3.14,1
128.2089807987213,1.52,1
129.62203812599182,1.52,1
131.0354278087616,1.14,1
132.4480962753296,1.9,1
133.85566067695618,1.79,1
135.20555114746094,1.86,1
136.61817622184753,1.86,1
138.02679419517517,3.38,1
139.43224620819092,2.97,1
140.84896612167358,2.21,1
142.2553472518921,3.52,1
143.68022394180298,5.38,1
145.08644461631775,6.0,1
146.49463939666748,7.52,1
147.91778659820557,7.34,1
149.3289794921875,6.07,1
150.73356986045837,11.52,1
152.15849471092224,14.55,1
153.57051992416382,19.52,1
154.9792516231537,25.28,1
156.38976073265076,25.14,1
157.79619121551514,32.72,1
159.20614504814148,40.55,1
160.55848836898804,59.86,1
161.90853834152222,179.83,1
163.24905920028687,-3.83,1
164.59530186653137,-1.38,1
165.9384410381317,-0.69,1
167.34881973266602,0.0,1
168.68173813819885,0.28,1
170.03428435325623,1.76,1
171.37652111053467,1.76,1
172.71972274780273,4.66,1
174.0615212917328,13.21,1
175.4139542579651,11.66,1
176.7488603591919,16.76,1
178.09000945091248,254.34,1
179.51181149482727,188.59,1
180.92438626289368,120.93,1
182.26335620880127,107.72,1
183.5992500782013,40.03,1
184.94146752357483,16.31,1
186.28930258750916,14.07,1
187.63498997688293,25.45,1
188.96824479103088,28.28,1
190.39132809638977,36.1,1
191.73122644424438,22.83,1
193.14854216575623,34.38,1
194.55236983299255,31.0,1
195.8959755897522,34.76,1
197.3095371723175,29.86,1
198.6513547897339,31.79,1
200.0636055469513,29.21,1
201.47083616256714,30.72,1
202.89511632919312,30.83,1
204.30409598350525,26.21,1
205.6467580795288,28.31,1
206.98392534255981,24.17,1
208.40179562568665,26.62,1
209.8157923221588,24.55,1
211.2252688407898,27.69,1
212.6347885131836,24.83,1
214.04614233970642,28.1,1
215.4573757648468,26.72,1
216.8807635307312,30.38,1
218.2853820323944,26.34,1
219.70093941688538,28.72,1
226.98450541496277,-9.03,0
228.33625531196594,-10.14,0
229.6474289894104,-12.66,0
230.95696306228638,-3.48,0
232.27123594284058,-2.66,0
