1.1015033721923828,6.79
2.351923704147339,6.79
3.558330535888672,6.79
4.7597503662109375,6.69
6.1655144691467285,6.76
7.402173280715942,6.69
8.623882293701172,6.79
10.122445344924927,6.72
11.330136775970459,6.69
12.590603590011597,6.69
13.790463924407959,6.72
18.38893961906433,6.79
19.740240335464478,6.24
21.152180910110474,6.41
22.497276306152344,6.31
23.89893126487732,6.03
25.314648866653442,6.48
26.72332739830017,6.17
28.138898611068726,5.83
29.547115087509155,6.1
30.971478700637817,5.59
32.376694440841675,5.69
33.79009389877319,5.83
35.14005398750305,5.66
36.54177474975586,5.55
37.965847969055176,5.55
39.365617990493774,5.48
40.78871035575867,5.24
42.12722659111023,5.41
43.54440951347351,8.28
44.8799946308136,8.07
46.304847717285156,12.41
47.718616008758545,14.34
49.1235830783844,8.55
50.47330665588379,13.52
51.87855839729309,8.59
53.28921699523926,12.24
54.71481728553772,14.31
56.12713432312012,16.38
57.534414291381836,10.38
58.9364800453186,6.9
60.35014772415161,14.07
61.76978278160095,7.83
63.19032382965088,10.59
64.53201746940613,7.38
65.8721489906311,13.03
67.21783566474915,7.86
68.56140208244324,8.62
69.90760803222656,7.03
71.30941963195801,12.28
72.65711092948914,7.21
73.99738049507141,13.66
75.35042333602905,12.34
76.69445013999939,12.03
78.04137969017029,6.66
79.38575959205627,11.83
80.72833609580994,7.69
82.13327956199646,10.62
83.48468399047852,11.17
84.89882898330688,13.28
86.23113322257996,7.9
87.65187907218933,9.41
89.05501294136047,11.45
90.46806454658508,10.59
91.87817406654358,8.93
93.29187440872192,11.31
94.71011710166931,10.52
96.126136302948,10.93
97.47424244880676,8.76
98.87807178497314,13.86
100.29836678504944,10.0
101.711354970932,9.17
103.12440419197083,10.41
104.53563785552979,10.93
105.93930220603943,10.45
107.34907579421997,11.0
108.77341556549072,11.52
110.18681526184082,9.48
111.60063171386719,9.17
113.01365041732788,5.28
114.34405088424683,5.9
115.76952266693115,9.83
117.18011617660522,9.62
118.593430519104,11.07
119.99463272094727,9.34
121.41175150871277,7.59
122.83061647415161,12.1
124.23133134841919,11.31
125.65811467170715,8.52
127.06092643737793,13.0
128.4733431339264,13.41
129.89622974395752,13.14
131.3023784160614,10.86
132.7113630771637,9.17
134.12795996665955,10.45
135.53594207763672,9.76
136.9597430229187,9.55
138.35874891281128,10.55
139.714923620224,10.38
141.11406183242798,9.31
142.4620544910431,7.59
143.87258577346802,7.86
145.28928184509277,7.34
146.7076404094696,10.93
148.11055183410645,10.34
149.5356252193451,9.72
150.94214272499084,9.72
152.3603332042694,10.14
153.77018070220947,6.52
155.18165683746338,9.31
156.52179384231567,12.28
157.9308032989502,10.28
159.34621357917786,13.38
160.69289112091064,10.86
162.03985404968262,8.69
163.44656682014465,11.28
164.7966878414154,10.69
166.12992334365845,10.93
167.5517008304596,11.9
168.96019840240479,8.14
170.30274629592896,2.41
171.71274209022522,0.86
173.06143021583557,-0.48
174.48287749290466,-1.14
175.81606769561768,-1.21
177.16788172721863,-1.34
178.57743382453918,1.07
179.92653441429138,4.69
181.27387475967407,7.38
182.6741247177124,9.21
184.01984906196594,9.45
185.37283754348755,9.48
186.71762895584106,9.66
188.0590591430664,9.31
189.40297293663025,9.28
190.81268572807312,10.03
192.1480369567871,9.83
193.5722644329071,9.17
194.91123628616333,9.28
196.32638549804688,9.45
197.7313551902771,9.24
199.08785104751587,9.31
200.48777413368225,9.66
201.90662837028503,9.31
203.2539005279541,9.03
204.65754055976868,8.59
206.07440567016602,8.69
207.48961973190308,8.28
208.82712292671204,8.41
210.25386023521423,8.83
211.66105103492737,9.1
213.01033902168274,9.03
214.41439771652222,9.41
215.82364916801453,8.83
217.24720454216003,8.45
218.6586766242981,8.41
219.99110507965088,8.9
221.41300249099731,9.14
222.74790740013123,9.76
224.17197036743164,9.52
225.50720858573914,9.41
226.92871379852295,9.38
228.26888465881348,9.34
229.6723551750183,9.62
231.08526182174683,9.0
232.51286268234253,8.52
233.85600543022156,9.03
235.1887972354889,9.34
236.54596996307373,9.38
237.95667147636414,9.0
239.36335825920105,8.97
240.77295637130737,8.76
242.19137334823608,10.1
243.6111602783203,9.41
245.02113890647888,8.9
246.42805576324463,9.0
247.83157539367676,8.93
249.24802327156067,8.69
250.6724579334259,9.62
252.07678890228271,10.24
253.4873230457306,10.38
254.9123044013977,10.55
256.32448387145996,10.03
257.7342691421509,9.52
259.14856362342834,9.45
260.5598928928375,9.48
261.9692566394806,9.21
263.3780541419983,8.97
264.79569602012634,8.9
266.2004415988922,8.79
267.6143193244934,9.41
269.0390377044678,9.41
270.4508595466614,9.45
271.85001039505005,9.07
273.26330828666687,9.03
274.67804074287415,8.9
276.1020131111145,8.41
277.5094904899597,9.1
278.8567419052124,9.72
280.26829624176025,9.62
281.6693603992462,9.17
283.09619998931885,8.97
284.5006070137024,8.14
285.91289258003235,8.52
287.3359868526459,8.17
288.743914604187,8.14
290.1525135040283,8.0
291.57218861579895,8.34
292.9778935909271,8.38
294.3858177661896,8.28
295.8105368614197,9.34
297.2217233181,10.48
298.6342947483063,10.62
300.0496642589569,10.55
301.44867181777954,9.97
302.8622696399689,9.17
304.2787206172943,10.21
305.69602036476135,10.69
307.11183977127075,9.24
308.51875352859497,8.59
309.86872005462646,9.24
311.27993154525757,10.03
312.69298934936523,10.31
314.0973165035248,10.0
315.5130145549774,9.38
316.9238557815552,9.0
318.337548494339,9.66
319.7422754764557,9.17
321.1625871658325,8.79
322.57745718955994,8.52
323.9146373271942,8.97
325.3311769962311,8.79
326.6759066581726,9.48
328.0869810581207,10.03
329.4968526363373,9.03
330.91947960853577,10.79
332.25993514060974,11.48
333.6629731655121,10.93
335.01243805885315,10.07
336.4261386394501,9.55
337.77568197250366,10.52
339.1137936115265,9.83
340.4558470249176,9.97
341.8749976158142,9.86
343.2184603214264,9.48
344.56537079811096,10.24
345.90024280548096,9.59
347.31341075897217,9.79
348.6615834236145,9.52
350.0723626613617,10.14
351.49203181266785,9.59
352.8898205757141,9.72
354.23487663269043,10.17
355.59309434890747,9.83
357.00280499458313,10.21
358.40445160865784,9.72
359.8287832736969,9.72
361.17527508735657,9.86
362.51330733299255,10.1
363.86635541915894,10.0
365.2770597934723,10.14
366.68479585647583,9.93
368.0237696170807,9.83
369.44084072113037,9.83
370.7812612056732,9.52
372.20657873153687,10.07
373.55061769485474,10.14
374.885351896286,10.45
376.3077666759491,9.69
377.7199218273163,9.48
379.0609641075134,9.34
380.46877670288086,9.48
381.8208382129669,9.55
383.23287558555603,9.45
384.568918466568,9.45
385.9884088039398,9.45
387.39472365379333,9.59
388.81305265426636,9.79
390.14968848228455,9.45
391.5633943080902,9.34
392.986510515213,9.34
394.3922188282013,9.62
395.7419168949127,9.83
397.15625834465027,9.72
398.5692820549011,9.86
399.98232197761536,9.79
401.3943614959717,9.17
402.80640983581543,9.03
404.1423463821411,9.28
405.55796575546265,9.21
406.9758484363556,9.79
408.38598227500916,9.48
409.7208049297333,9.41
411.1343512535095,9.1
412.54993629455566,9.17
413.9707658290863,10.21
415.30398964881897,10.07
416.65997838974,10.14
418.0744740962982,9.83
419.41866159439087,9.93
420.76487493515015,9.9
422.17601013183594,9.76
423.5854346752167,9.59
425.00098991394043,9.97
426.3460383415222,10.21
427.75294947624207,10.41
429.16771507263184,9.79
430.5729339122772,10.1
431.91614174842834,9.48
433.32829546928406,9.45
434.75267028808594,9.72
436.1601884365082,9.76
437.5709879398346,9.45
438.9786808490753,9.14
440.330810546875,9.41
441.7462041378021,9.62
443.15519404411316,9.48
444.56831550598145,9.48
445.98601055145264,9.9
447.3968050479889,9.76
448.81075978279114,9.21
450.209499835968,9.34
451.5665011405945,15.55
452.9797158241272,14.52
454.3918128013611,14.55
455.8035161495209,14.28
457.2147135734558,14.55
458.62889313697815,14.45
460.04254055023193,13.72
461.45257925987244,13.0
462.86860156059265,12.76
464.275178194046,12.07
465.68073558807373,11.83
467.0983684062958,12.03
468.5115327835083,10.79
469.93168330192566,9.62
471.34323167800903,8.38
472.74694991111755,7.86
474.158390045166,7.0
475.57308053970337,8.21
476.992023229599,8.86
478.3962228298187,9.45
479.8210406303406,9.1
481.2335047721863,9.24
482.64257764816284,9.55
484.0469706058502,9.55
485.46647572517395,9.0
486.87587547302246,9.72
488.2939131259918,9.59
489.70990109443665,9.55
491.12277150154114,9.45
492.5259907245636,10.52
493.94738578796387,10.62
495.3525331020355,8.03
496.7660496234894,4.55
498.184942483902,4.62
499.5979835987091,9.62
501.00686025619507,10.14
502.4236159324646,9.72
503.83342695236206,9.48
505.23637652397156,8.72
506.6563866138458,11.62
508.06528997421265,10.28
509.4807333946228,9.59
510.888081073761,9.59
512.3068115711212,8.69
513.7261106967926,9.17
515.130243062973,9.69
516.5481541156769,9.9
517.9644722938538,9.76
519.3693451881409,10.17
520.7885477542877,10.1
522.1941361427307,10.28
523.610921382904,10.45
525.0256614685059,10.69
526.4328310489655,10.69
527.8384835720062,11.41
529.2583270072937,11.66
530.6668388843536,13.9
532.080075263977,13.72
533.4989941120148,13.59
534.9068140983582,13.14
536.3265335559845,12.93
537.7400166988373,12.62
539.1396160125732,12.03
540.5655252933502,5.69
541.9806106090546,2.41
543.3886957168579,1.86
544.8039350509644,4.34
546.2138342857361,4.48
547.6266579627991,4.69
549.0415315628052,4.79
550.4512460231781,6.86
551.862265586853,7.21
553.2745394706726,8.93
554.6840751171112,8.59
556.1022067070007,8.45
557.5074524879456,0.0
558.9260928630829,1.07
560.340425491333,1.72
561.753333568573,1.9
563.1673250198364,3.9
564.5665686130524,1.72
565.9894852638245,1.79
567.3974125385284,-0.76
568.8165347576141,-0.59
570.2289593219757,-1.1
571.634610414505,0.14
573.0451588630676,1.97
574.4683680534363,0.66
575.8724272251129,3.38
577.2831108570099,5.83
578.7092254161835,5.52
580.11687541008,3.62
581.5217151641846,7.17
582.9344227313995,6.79
584.3563611507416,8.1
585.764021396637,12.1
587.1838781833649,3.34
588.5923612117767,5.48
590.0065362453461,2.59
591.4163982868195,7.38
592.8362019062042,4.52
594.2438268661499,4.34
595.6561367511749,5.79
597.075147151947,5.0
598.4838609695435,7.17
599.8896341323853,7.76
601.3096923828125,8.55
602.7246358394623,8.14
604.1378164291382,6.41
605.5478980541229,7.48
606.9584319591522,7.93
608.3741021156311,8.9
609.7895040512085,9.03
611.1979827880859,8.1
612.6008896827698,9.03
614.0199329853058,9.45
615.4252371788025,8.62
616.8478298187256,8.34
618.2651543617249,9.86
619.6781919002533,8.72
621.0912280082703,10.24
622.4971344470978,8.86
623.9138808250427,10.9
625.3227715492249,25.03
626.7285270690918,24.72
628.1390254497528,22.52
629.5664539337158,18.62
630.9683272838593,30.72
632.3880808353424,18.97
633.8024139404297,22.0
635.209568977356,17.0
636.6158874034882,10.79
638.0352306365967,6.93
639.449865102768,14.34
640.8524484634399,4.69
642.2796676158905,8.52
643.6841762065887,10.79
645.102203130722,1.55
646.51890873909,3.24
647.9267535209656,10.28
649.3305213451385,13.0
650.7427127361298,12.93
652.1669085025787,8.52
653.5728335380554,11.59
654.991857290268,10.1
656.4047908782959,11.03
657.808226108551,15.28
659.1641244888306,13.76
660.5658705234528,6.69
661.9892616271973,13.17
663.401650428772,13.1
664.8153941631317,14.21
666.2198984622955,11.03
673.5415689945221,-2.1
674.8486785888672,-2.1
676.1520757675171,-2.07
677.4408679008484,-1.97
678.7555842399597,-1.83
680.0475118160248,-1.83
681.3565096855164,-1.93
682.7015182971954,-1.9
687.3026542663574,77.83
688.6371169090271,144.52
690.0570697784424,6.55
691.3966822624207,-3.17
692.8070707321167,-1.69
694.2271816730499,-1.17
695.6360828876495,-1.34
697.0498213768005,-1.28
698.4537279605865,-1.31
699.8084659576416,-1.31
701.1444787979126,-1.17
702.4828822612762,281.34
703.8970432281494,169.31
705.2477116584778,29.79
706.581337928772,13.55
707.9265723228455,12.24
709.3420069217682,14.21
710.6925301551819,24.45
712.0350272655487,54.93
713.3779730796814,76.24
714.7070310115814,151.14
716.0647659301758,144.79
717.4701743125916,136.9
718.8102102279663,138.83
720.2186236381531,115.72
721.5696363449097,114.83
722.9812598228455,111.48
724.3246092796326,126.76
725.6702861785889,122.93
727.0040016174316,118.83
728.4128572940826,101.41
729.8401470184326,92.52
731.2398505210876,79.14
732.6642062664032,69.97
734.0684525966644,65.62
