3.1086604595184326,5.66
6.348548412322998,5.62
9.55872631072998,5.62
12.772933721542358,5.55
15.982047319412231,5.55
19.178427696228027,5.66
25.785261631011963,1.69
29.34732937812805,1.66
32.89543604850769,1.59
36.444071769714355,1.62
43.20074224472046,20.28
46.751847982406616,22.48
50.30121636390686,24.59
53.84906840324402,25.62
57.39665365219116,26.76
60.937503814697266,26.17
64.49798083305359,27.66
68.03622913360596,27.76
71.5822491645813,28.9
75.06772017478943,29.03
78.6268150806427,28.93
82.17481470108032,28.45
85.7241370677948,28.76
89.26931357383728,29.14
92.81821823120117,29.76
96.36836528778076,29.45
103.12350916862488,29.76
106.67062950134277,29.86
110.21771693229675,29.97
113.76583361625671,29.86
117.31594324111938,29.86
120.86643481254578,29.62
127.61730217933655,29.52
131.15322828292847,29.83
134.71532249450684,29.72
