1.0977692604064941,6.72
2.3507473468780518,6.76
3.5607776641845703,6.79
4.766915798187256,6.72
5.975893020629883,6.76
7.188878297805786,6.79
8.398942947387695,6.72
9.604564189910889,6.76
10.822096109390259,6.83
12.072132587432861,6.79
13.566987752914429,6.83
14.827442407608032,6.72
16.051823139190674,6.69
17.567490339279175,6.72
18.783643007278442,6.66
19.994476079940796,6.69
21.193650722503662,6.72
22.438354015350342,6.66
23.64162015914917,6.62
24.85431671142578,6.76
26.050761938095093,6.66
27.253270626068115,6.69
28.472435474395752,6.66
33.06098675727844,73.79
34.473064661026,99.55
35.88478183746338,99.9
37.22873783111572,99.79
38.57123398780823,100.0
39.91429352760315,99.9
41.25475025177002,99.24
42.58741354942322,99.52
43.94245767593384,99.03
45.280845403671265,99.31
46.689027070999146,99.21
48.04091191291809,99.1
49.4526891708374,98.76
50.7832145690918,97.0
52.13811206817627,95.24
53.54648184776306,91.93
54.88877892494202,87.86
56.22584104537964,84.79
57.633155822753906,73.55
59.04439663887024,77.41
60.40115690231323,76.59
61.81388449668884,72.62
63.2230589389801,69.79
64.63247227668762,65.86
65.97281002998352,63.59
67.3106017112732,61.93
68.72864484786987,58.9
70.06972026824951,57.14
71.41960215568542,55.34
72.76213932037354,59.1
74.10573720932007,39.07
75.4370505809784,37.52
76.79082489013672,38.1
78.12882924079895,38.93
79.54696249961853,38.69
80.88337898254395,38.28
82.22266268730164,37.52
83.57224369049072,36.83
84.90463137626648,35.41
86.26321840286255,35.69
87.60619902610779,33.79
88.94592189788818,33.59
90.36045408248901,34.03
91.70180535316467,32.03
93.1165189743042,32.9
94.4526469707489,32.48
95.79988193511963,31.62
97.14336705207825,31.14
98.4886519908905,30.69
99.88801527023315,30.62
101.30951189994812,31.24
102.6472270488739,31.03
104.06696009635925,30.31
105.4100193977356,29.93
106.81034827232361,31.14
108.15330743789673,30.93
109.57160973548889,30.48
110.98825716972351,29.97
112.39625811576843,30.1
113.7407534122467,29.93
115.08697366714478,30.17
116.41616296768188,31.31
117.76398587226868,31.07
119.11758589744568,30.55
120.52763819694519,30.1
121.92490887641907,29.86
123.34197854995728,29.69
124.75186014175415,29.72
126.16029167175293,29.69
127.51707243919373,29.76
128.92901039123535,30.21
130.3273389339447,30.72
131.74790930747986,31.17
133.1534309387207,30.59
134.56574511528015,29.72
135.91730165481567,29.55
137.3162395954132,30.69
138.67141366004944,31.03
140.08246183395386,31.07
141.42248606681824,31.03
142.75464296340942,31.07
144.17240476608276,30.66
145.58595609664917,31.79
146.92868423461914,31.1
148.33549642562866,30.45
149.67556881904602,31.69
151.09897899627686,31.21
152.43582248687744,30.76
153.84225416183472,31.55
161.15405774116516,0.21
162.45685458183289,-0.07
163.7616672515869,-0.14
165.06652903556824,-0.28
166.35695695877075,-0.41
167.66646671295166,-0.93
168.96983551979065,-1.0
170.2633581161499,-1.31
174.886892080307,77.83
176.2299349308014,99.24
177.57803535461426,102.03
178.9159803390503,101.45
180.2628664970398,101.1
181.60818672180176,100.79
182.95024418830872,100.28
184.2883105278015,100.21
185.6351523399353,100.24
187.04615449905396,99.9
188.39246821403503,98.38
189.72309279441833,96.66
191.0785825252533,93.17
192.42026805877686,87.93
193.75535035133362,83.24
195.1067624092102,78.97
196.45096707344055,74.52
197.86386251449585,70.0
199.19566774368286,65.9
200.54680800437927,62.21
201.8795187473297,59.59
203.29398822784424,55.62
204.64140272140503,52.79
205.99120044708252,50.14
207.40226197242737,46.97
208.81105518341064,44.38
210.22102570533752,41.24
211.6364357471466,38.14
212.96966910362244,37.17
214.38261032104492,35.97
215.73460817337036,34.41
217.07677721977234,32.62
218.4871962070465,31.52
219.8988881111145,29.76
221.23166918754578,28.34
222.5866620540619,27.17
223.99641370773315,26.21
225.39725613594055,24.72
226.82306098937988,23.21
228.2266387939453,22.45
229.57360458374023,13.69
230.91766047477722,10.24
232.25428581237793,9.83
233.67627668380737,8.83
235.0077245235443,9.28
236.41996812820435,13.93
237.83072423934937,15.21
239.2582492828369,11.66
240.65889525413513,10.17
242.08399271965027,14.21
243.49244141578674,11.62
244.9008491039276,9.21
246.30772018432617,9.59
247.72204184532166,9.55
249.14458751678467,8.76
250.5547776222229,8.66
251.90281891822815,9.41
253.30866122245789,8.59
254.72677445411682,9.62
256.14030170440674,8.72
257.5445475578308,14.0
258.9657452106476,10.45
260.3784646987915,9.24
261.78071093559265,9.69
263.20297956466675,9.86
264.61140966415405,9.72
266.02162742614746,4.59
267.43430399894714,8.38
268.8442347049713,9.62
270.2648813724518,10.38
271.679940700531,9.52
273.0912959575653,10.48
274.49475932121277,14.83
275.92009234428406,10.72
277.3330271244049,9.59
278.7304964065552,9.72
280.156391620636,9.93
281.56530928611755,9.31
282.9819266796112,9.66
284.386677980423,15.34
285.8077793121338,12.45
287.2205810546875,9.66
288.6346547603607,9.62
290.0354459285736,13.97
291.45424008369446,10.69
292.8699631690979,8.97
294.2845802307129,9.41
295.69593477249146,10.55
297.1040072441101,9.62
298.5216820240021,9.9
299.9361398220062,13.55
301.3477644920349,11.79
302.76222133636475,10.03
304.1602346897125,10.0
305.58597588539124,14.14
306.99067306518555,12.07
308.4104778766632,10.28
309.8133223056793,10.55
311.22790265083313,9.45
312.6506190299988,8.34
314.0623462200165,10.17
315.4712748527527,9.69
316.8888056278229,9.66
318.28859519958496,7.9
319.63882780075073,8.76
321.05437684059143,8.45
322.4720513820648,8.9
323.8112835884094,8.69
325.16026616096497,8.62
326.5702736377716,8.03
327.9039771556854,8.93
329.3319432735443,13.66
330.67428708076477,10.34
332.0842971801758,9.76
333.4985065460205,8.79
334.83277201652527,8.55
336.1847229003906,8.31
337.51952385902405,8.93
338.8747320175171,8.24
340.2154293060303,8.59
341.62780380249023,9.0
342.9689645767212,9.45
344.31767082214355,7.83
345.7267804145813,8.76
347.0744562149048,8.38
348.40979623794556,13.86
349.7671847343445,10.1
351.17754316329956,9.21
352.52077198028564,13.69
353.8623204231262,12.07
355.21142625808716,8.28
356.62080430984497,8.97
358.0323085784912,9.59
359.4478266239166,13.31
360.7936432361603,9.9
362.1244592666626,9.31
363.48176550865173,7.79
364.819274187088,13.38
366.1644821166992,14.86
367.5149221420288,10.48
368.91453218460083,14.24
370.26885962486267,10.1
371.60898637771606,8.45
372.95915174484253,13.24
374.2930324077606,10.1
375.64727663993835,8.83
377.0453803539276,9.59
378.4043755531311,9.14
379.80445981025696,8.24
381.15525102615356,9.76
382.50554633140564,9.72
383.8497097492218,10.38
385.1936626434326,9.03
386.5986750125885,8.83
387.9471604824066,9.62
389.3637089729309,8.93
390.77595043182373,8.41
392.17643213272095,9.31
393.60455322265625,8.9
395.01606726646423,9.45
396.3544268608093,9.55
397.76491951942444,8.69
399.11821699142456,10.14
400.5228748321533,8.79
401.930636882782,8.93
403.35092425346375,10.03
404.7564482688904,8.59
406.1818780899048,9.62
