1.1164238452911377,-1.45,0
2.355912446975708,-1.48,0
3.5674338340759277,-1.48,0
4.76555609703064,-1.48,0
5.9781553745269775,-1.48,0
7.3156187534332275,-1.52,0
8.51819372177124,-1.45,0
9.7230544090271,-1.55,0
10.922456741333008,-1.52,0
12.15946102142334,-1.48,0
13.36499547958374,-1.48,0
14.577983617782593,-1.45,0
15.789621353149414,-1.52,0
16.989929676055908,-1.41,0
18.185157537460327,-1.45,0
19.383243083953857,-1.52,0
20.591360330581665,-1.45,0
21.82632565498352,-1.59,0
23.022947311401367,-1.52,0
26.233439683914185,-1.45,0
29.441049814224243,-1.52,0
30.66116976737976,-1.55,0
31.87148404121399,-1.45,0
33.06803274154663,-1.48,0
34.267881631851196,-1.52,0
35.49491262435913,-1.52,0
36.69140839576721,-1.48,0
37.892897605895996,-1.52,0
39.074410915374756,-1.48,0
40.29118800163269,-1.45,0
41.48109483718872,-1.52,0
42.69445180892944,-1.48,0
43.898131370544434,-1.52,0
45.128225803375244,-1.48,0
46.33979058265686,-1.55,0
47.54694867134094,1.76,0
48.7505099773407,1100.0,0
49.95758652687073,593.52,0
51.16386699676514,387.62,0
52.36538791656494,426.34,0
56.95130634307861,20.21,1
58.362796783447266,16.52,1
59.77446746826172,23.0,1
61.18672800064087,28.55,1
62.53046274185181,33.31,1
63.86339044570923,35.97,1
65.20236659049988,37.79,1
66.55875325202942,38.14,1
67.8976035118103,36.83,1
69.31415128707886,35.38,1
70.64529728889465,37.66,1
71.98832511901855,39.07,1
73.33581638336182,39.24,1
74.67750263214111,39.38,1
76.02486085891724,37.41,1
83.35710048675537,0.66,0
84.66564750671387,0.07,0
86.00792026519775,-0.31,0
87.3141520023346,-0.45,0
88.62118697166443,-0.69,0
89.92553305625916,-1.0,0
91.22171521186829,-1.17,0
92.53011560440063,-1.34,0
93.82245993614197,-1.38,0
95.14501094818115,-1.45,0
96.47210836410522,-1.55,0
97.777676820755,-1.66,0
99.08295154571533,-1.62,0
100.40098285675049,-1.69,0
101.69238448143005,-1.66,0
103.01766157150269,-1.76,0
107.58660936355591,649.38,1
109.00495433807373,720.17,1
110.42087364196777,484.1,1
111.76298069953918,312.41,1
113.16539525985718,193.0,1
114.58167815208435,132.59,1
115.92610955238342,104.72,1
117.33087372779846,84.79,1
118.74706864356995,75.72,1
126.13222646713257,-0.76,0
127.44100832939148,-0.86,0
128.74665474891663,-0.83,0
130.05804920196533,-0.93,0
131.36777663230896,-0.93,0
132.70362544059753,-0.86,0
