1.1061663627624512,-1.9,0
2.354107618331909,-1.93,0
3.567247152328491,-1.97,0
4.77488374710083,-1.86,0
5.984372854232788,-1.86,0
7.1932373046875,-1.9,0
11.774473190307617,155.38,1
13.18738079071045,88.31,1
14.60043478012085,66.83,1
16.012684106826782,62.83,1
17.417554140090942,62.1,1
18.821053743362427,61.59,1
20.23889398574829,61.45,1
21.586775064468384,61.72,1
22.92913246154785,62.21,1
24.26818823814392,58.86,1
25.68693494796753,41.0,1
27.090176582336426,62.28,1
28.498082399368286,5.28,1
29.92461133003235,-0.45,1
31.334370136260986,-1.24,1
32.73406934738159,-1.55,1
34.15269327163696,-1.69,1
35.50162053108215,-1.55,1
36.90289235115051,-1.76,1
38.2604444026947,-1.72,1
39.667134523391724,-1.76,1
41.08766770362854,-1.76,1
42.43237519264221,-1.69,1
43.83832049369812,-1.69,1
45.25629734992981,-1.79,1
46.65983271598816,-1.79,1
48.079060792922974,-1.79,1
49.49457263946533,-1.76,1
50.9046745300293,-1.83,1
52.31302762031555,-1.86,1
53.73475217819214,-1.86,1
55.13954138755798,-1.97,1
56.54477787017822,-1.83,1
57.96843695640564,-1.97,1
59.37042832374573,-1.86,1
60.78359627723694,-1.9,1
62.19864463806152,-1.9,1
63.61971306800842,-1.86,1
65.03293037414551,-1.83,1
66.37723684310913,-1.83,1
67.7821433544159,-1.86,1
69.19787836074829,-1.9,1
70.54995799064636,-1.86,1
71.88725423812866,-1.9,1
73.30468583106995,-1.93,1
74.64578318595886,-1.97,1
76.063809633255,-1.86,1
77.39693427085876,-1.93,1
78.75163722038269,-1.97,1
80.15328478813171,-1.83,1
81.57773065567017,-1.76,1
82.98087406158447,-1.9,1
84.40535283088684,-1.79,1
85.81746315956116,-1.86,1
87.22056818008423,-1.9,1
88.63992738723755,-1.79,1
90.0479621887207,-5.14,1
91.46341180801392,-2.21,1
92.87826657295227,-1.97,1
94.28241300582886,-2.0,1
95.69494295120239,-1.97,1
97.11859345436096,-1.86,1
98.52360820770264,-3.86,1
99.93965411186218,-0.52,1
101.3554995059967,-1.66,1
102.76152753829956,-3.79,1
104.17764520645142,-2.62,1
105.58341145515442,-1.03,1
107.0000536441803,-1.03,1
108.34927129745483,-2.9,1
109.76582837104797,-0.1,1
111.17012310028076,433.24,1
112.58581566810608,416.24,1
119.88392114639282,-3.41,0
121.20981979370117,-3.69,0
122.5148651599884,1.97,0
123.8417706489563,3.24,0
125.15736079216003,-0.07,0
126.50709748268127,4.0,0
127.81292247772217,-1.31,0
129.11928629875183,-5.62,0
133.70177364349365,-2.55,1
135.11479330062866,-2.41,1
136.46790599822998,-1.76,1
137.87336564064026,-1.83,1
139.21878290176392,-1.76,1
140.64082646369934,14.03,1
142.049400806427,14.79,1
143.46104097366333,18.38,1
144.86262106895447,18.93,1
146.28031420707703,13.14,1
147.691424369812,12.03,1
149.1112892627716,12.59,1
150.5209128856659,12.55,1
151.93623042106628,10.52,1
153.27758193016052,9.59,1
154.69649577140808,10.66,1
156.099791765213,7.97,1
157.52170634269714,7.38,1
158.93221950531006,12.38,1
160.34751057624817,11.9,1
161.74798130989075,11.41,1
163.1055567264557,11.21,1
164.4467613697052,10.45,1
165.78767132759094,10.62,1
167.20540285110474,10.14,1
168.54332780838013,4.24,1
169.88208842277527,13.48,1
171.23754453659058,11.17,1
172.65192532539368,11.17,1
173.9938440322876,11.24,1
175.33898544311523,10.0,1
176.6799430847168,9.97,1
178.02636075019836,10.03,1
179.36446118354797,10.1,1
180.70863246917725,10.31,1
182.12745428085327,10.52,1
183.4694254398346,10.66,1
184.88291764259338,10.55,1
186.22309398651123,10.52,1
187.56336975097656,10.31,1
188.91584515571594,10.55,1
190.2517614364624,10.31,1
191.60724902153015,10.69,1
193.01301670074463,11.1,1
194.35616731643677,8.28,1
195.695161819458,7.93,1
197.11737370491028,7.97,1
198.5229573249817,9.24,1
199.86186623573303,9.59,1
201.28146719932556,9.38,1
202.61892867088318,9.97,1
203.9660129547119,8.72,1
205.32098698616028,13.86,1
206.73209357261658,11.86,1
208.14732909202576,11.1,1
209.55214619636536,11.86,1
210.89578914642334,11.69,1
212.2479088306427,11.72,1
213.5812349319458,7.86,1
215.00000548362732,6.41,1
216.4186339378357,6.83,1
217.8209044933319,8.07,1
219.23854160308838,9.31,1
220.58182311058044,8.41,1
221.93226552009583,8.69,1
223.26443648338318,9.07,1
224.6218466758728,9.14,1
225.9647765159607,9.52,1
227.30510640144348,9.86,1
228.65014576911926,9.62,1
230.0666525363922,9.79,1
231.40892124176025,9.69,1
232.7471582889557,14.52,1
234.09041357040405,13.0,1
235.43149304389954,11.34,1
236.84995007514954,11.48,1
238.26470613479614,10.24,1
239.67155742645264,8.59,1
241.0889232158661,8.34,1
242.5051989555359,7.9,1
243.90928077697754,7.97,1
245.32538962364197,13.9,1
246.7342095375061,11.62,1
248.1539659500122,11.34,1
249.5690302848816,11.31,1
250.98007917404175,11.48,1
252.38252186775208,11.24,1
253.74070525169373,7.31,1
255.0812907218933,6.52,1
256.4892337322235,13.72,1
257.8336021900177,11.86,1
265.1384766101837,5.28,0
266.4507374763489,5.28,0
267.75885677337646,5.1,0
269.108859539032,4.45,0
270.4130780696869,4.28,0
271.7294874191284,4.72,0
273.0386800765991,4.69,0
274.34346175193787,4.38,0
278.92979288101196,108.17,1
280.3518822193146,98.55,1
281.7540612220764,78.9,1
283.1720128059387,59.79,1
284.5743637084961,47.41,1
285.9830448627472,38.66,1
287.4014060497284,30.97,1
288.8219475746155,27.9,1
290.2235462665558,24.59,1
291.5631732940674,22.1,1
292.985897064209,12.69,1
294.40061020851135,13.72,1
295.8087122440338,13.72,1
297.2266571521759,13.93,1
298.6288962364197,13.62,1
300.0464389324188,13.52,1
301.4632501602173,14.93,1
302.8660628795624,14.52,1
304.2857315540314,14.31,1
305.6330087184906,16.31,1
307.0359568595886,16.41,1
308.4527177810669,15.93,1
309.87123012542725,15.66,1
311.27883410453796,15.21,1
312.6981854438782,14.52,1
314.09938764572144,14.0,1
315.51810002326965,13.66,1
316.9394476413727,15.41,1
318.3493344783783,15.59,1
319.6905999183655,15.1,1
321.0352249145508,14.83,1
322.3732511997223,14.38,1
323.7947027683258,15.59,1
325.1362318992615,15.52,1
326.5403542518616,14.79,1
327.89563393592834,14.38,1
329.2396011352539,14.24,1
330.5813572406769,14.62,1
331.9213807582855,14.21,1
333.2616412639618,14.17,1
334.61760115623474,14.28,1
335.96049189567566,14.31,1
337.37717032432556,14.31,1
338.7813141345978,13.62,1
340.12788677215576,15.72,1
341.4659335613251,15.69,1
342.88460874557495,15.1,1
344.2242023944855,14.45,1
345.64273023605347,12.66,1
346.9869909286499,12.0,1
348.330198764801,12.55,1
349.73720693588257,12.97,1
351.0910179615021,15.45,1
352.4328854084015,15.86,1
353.7674238681793,15.93,1
355.12413215637207,13.1,1
356.4609546661377,15.03,1
357.8014359474182,16.14,1
359.15808629989624,16.21,1
360.49638772010803,16.17,1
361.91522312164307,19.34,1
363.25808238983154,19.17,1
370.5539164543152,0.24,0
371.8494083881378,0.17,0
373.15704822540283,0.1,0
374.449551820755,-0.31,0
375.7409896850586,-0.76,0
377.04680490493774,-1.03,0
378.34630846977234,-1.17,0
379.683482170105,-1.41,0
384.2767581939697,8.34,1
385.6171751022339,2.0,1
387.0242168903351,1.03,1
388.4421486854553,7.07,1
389.8587894439697,12.31,1
391.2633111476898,13.97,1
392.61694741249084,16.41,1
394.0322468280792,16.9,1
395.44552755355835,16.76,1
396.78530526161194,19.45,1
398.1291344165802,20.34,1
399.47132301330566,19.9,1
400.88871693611145,20.0,1
402.2337489128113,19.97,1
403.641562461853,19.9,1
404.98086428642273,19.72,1
406.39776492118835,19.69,1
407.73672246932983,19.93,1
409.155410528183,19.79,1
410.57679319381714,20.1,1
411.9843747615814,19.83,1
413.3880076408386,19.79,1
414.80617094039917,19.52,1
416.2224316596985,20.03,1
417.56683444976807,19.79,1
418.97851753234863,19.93,1
420.37952160835266,19.97,1
