633.2191977500916,1.69
634.4419388771057,1.69
635.6492955684662,1.69
636.8713369369507,1.69
638.1245176792145,1.66
639.3353164196014,1.62
640.5289807319641,1.66
641.7340884208679,1.66
642.9703295230865,1.66
644.1656424999237,1.66
645.3723335266113,1.69
646.5795791149139,1.66
647.7868177890778,1.66
649.0238208770752,1.66
650.2359297275543,1.69
651.4412457942963,1.66
652.6500053405762,1.66
653.8380608558655,1.66
655.0453188419342,1.66
656.253674030304,1.69
657.4612064361572,1.66
658.6684648990631,1.69
659.9015748500824,1.62
661.1019906997681,1.66
662.3191492557526,1.66
663.5363671779633,1.66
664.7342848777771,1.69
665.938746213913,1.66
667.1381175518036,1.69
668.3362190723419,1.62
669.5514841079712,1.66
670.7833366394043,1.66
672.0047993659973,1.66
673.2135539054871,1.62
674.4310472011566,1.69
675.6397573947906,1.69
676.846483707428,1.66
678.0684401988983,1.72
679.2630009651184,1.69
680.5159273147583,1.69
681.6993901729584,1.69
682.917492389679,1.66
684.1396949291229,1.66
685.3551661968231,1.66
686.5661945343018,1.66
687.7634930610657,1.72
688.9697165489197,1.66
690.1844072341919,1.66
691.4257357120514,1.66
692.632984161377,1.66
693.8403854370117,1.66
695.0510866641998,1.66
696.2380135059357,1.72
697.4474129676819,1.69
698.6638984680176,1.66
699.8657810688019,1.69
701.0849163532257,1.62
702.314361333847,1.62
703.5304682254791,1.66
704.7383372783661,1.62
705.9355676174164,1.72
707.1430621147156,1.69
708.3645613193512,1.66
709.5751583576202,1.66
710.7982385158539,1.69
712.0331676006317,1.69
713.2342472076416,1.62
714.4482536315918,1.66
715.6506419181824,1.72
716.8647186756134,1.66
718.0605883598328,1.66
719.2878410816193,1.69
720.4998555183411,1.69
721.7112758159637,1.69
722.9581141471863,1.69
724.1531381607056,1.62
725.3489549160004,1.62
726.5562326908112,1.69
727.767021894455,1.69
728.9669787883759,1.72
730.1886999607086,1.62
731.3963940143585,1.69
732.5841901302338,1.66
733.9170827865601,1.69
735.1254441738129,1.62
736.3299016952515,1.66
737.5446660518646,1.69
738.745689868927,1.69
739.9544348716736,1.69
741.1729490756989,1.69
742.3833522796631,1.69
743.6233994960785,1.72
744.8327848911285,1.76
746.0371472835541,1.72
747.2543802261353,1.69
748.461843252182,1.69
749.6563527584076,1.62
750.8723471164703,1.69
752.0798985958099,1.66
753.2827479839325,1.69
754.5090448856354,1.66
755.7181632518768,1.66
756.9097850322723,1.69
758.1491942405701,1.69
759.3694355487823,1.66
760.5720887184143,1.66
761.7790803909302,1.66
762.9841766357422,1.69
764.2027232646942,1.66
765.4391255378723,1.69
766.659759759903,1.66
767.8769159317017,1.69
769.0995728969574,1.69
770.3214609622955,1.69
771.5433983802795,1.69
772.743421792984,1.66
774.013513803482,1.72
775.2358748912811,1.72
776.4442043304443,1.72
777.6521167755127,1.69
778.8493893146515,1.69
780.0710029602051,1.69
781.2896485328674,1.69
782.5001275539398,1.69
783.7523033618927,1.72
784.9717726707458,1.69
786.1793332099915,1.66
787.3853242397308,1.72
788.6110196113586,1.72
789.8185641765594,1.66
791.0747058391571,1.69
792.2901775836945,1.69
