1.1103403568267822,-1.83,0
2.3468639850616455,-1.86,0
3.5539445877075195,-1.83,0
4.7480385303497314,-1.86,0
5.955918073654175,-1.79,0
10.557516098022461,926.79,1
11.969800472259521,805.1,1
13.380086183547974,416.21,1
14.791126489639282,197.45,1
22.148948907852173,-3.1,0
23.45866870880127,-3.03,0
24.767322301864624,-3.14,0
26.072128534317017,-3.14,0
27.401134490966797,-3.14,0
28.70906901359558,-3.1,0
30.02112865447998,-3.24,0
31.32932162284851,-3.21,0
32.67521047592163,-3.21,0
33.98377251625061,-3.21,0
35.293394804000854,-3.24,0
36.59864783287048,-3.24,0
37.89410710334778,-3.31,0
39.21551036834717,-3.1,0
40.51917052268982,-3.21,0
41.87124514579773,-3.21,0
46.458903312683105,903.79,1
47.79871201515198,978.76,1
49.203840255737305,531.97,1
50.616857051849365,265.07,1
52.02480626106262,136.83,1
53.441200971603394,84.69,1
60.75393557548523,-1.86,0
62.09866404533386,-1.93,0
63.41855025291443,-1.97,0
64.72554779052734,-1.93,0
66.03817176818848,-1.97,0
67.33563232421875,-2.0,0
68.64316368103027,-1.93,0
69.96573305130005,-2.03,0
74.53570413589478,875.62,1
75.95316457748413,877.62,1
77.29571890830994,533.55,1
78.70039749145508,289.34,1
80.05738806724548,184.14,1
81.46118330955505,133.17,1
82.87702798843384,115.34,1
84.21491503715515,104.52,1
85.63195896148682,101.03,1
87.0456473827362,99.86,1
88.44999241828918,99.69,1
89.78963971138,99.79,1
91.20736312866211,104.9,1
92.55002236366272,108.66,1
93.96483516693115,101.0,1
95.36694502830505,99.69,1
96.79062008857727,99.14,1
98.19136905670166,89.52,1
99.61075258255005,100.41,1
101.01682662963867,105.45,1
102.4236171245575,95.59,1
103.8424084186554,107.97,1
111.15022921562195,-1.69,0
112.45855355262756,-1.66,0
113.80387878417969,-1.79,0
115.11800026893616,-1.72,0
116.44156455993652,-1.79,0
117.75340437889099,-1.76,0
119.0745620727539,-1.83,0
120.3841187953949,-1.79,0
121.59697961807251,-1.79,0
122.84462475776672,-1.76,0
124.0684027671814,-1.76,0
125.27952837944031,-1.72,0
126.48076891899109,-1.69,0
127.70908403396606,-1.83,0
