1.0905590057373047,-0.1
2.3402702808380127,-0.03
3.5492680072784424,-0.17
4.753982782363892,-0.07
7.51310396194458,0.1
8.858134746551514,9.38
10.201120376586914,15.34
11.546156644821167,23.66
12.95768666267395,22.66
14.368433713912964,21.28
15.78073501586914,23.69
17.19274067878723,30.34
18.527559757232666,37.28
19.875049352645874,34.28
21.22393250465393,27.03
22.632880210876465,27.69
24.0377037525177,28.9
25.452378511428833,33.55
26.864691734313965,30.34
28.280133724212646,27.48
29.621299743652344,41.24
31.03836417198181,24.34
32.45085430145264,25.55
33.796098947525024,30.14
35.13769769668579,30.79
36.54857563972473,32.93
37.96251440048218,29.79
39.300503969192505,31.17
40.713804960250854,29.14
42.13018989562988,30.69
43.529436111450195,29.21
44.953707218170166,30.62
46.29601001739502,28.97
47.69603371620178,30.97
49.11118125915527,29.03
50.45010161399841,31.07
51.86093759536743,29.21
53.27473521232605,30.83
54.69221544265747,28.93
56.09826397895813,26.45
57.507193088531494,-1100.0
58.93381667137146,226.79
60.34263229370117,113.03
61.745288610458374,42.66
63.157881021499634,17.1
64.57746505737305,15.34
65.9167251586914,19.03
69.59935760498047,-1.34
70.93712258338928,-1.41
72.24631190299988,-1.62
73.56844329833984,-1.66
74.88201928138733,-1.76
76.18480825424194,-1.72
77.49253535270691,-1.62
78.79753589630127,-1.72
80.10217261314392,-1.76
81.45235347747803,-1.79
82.75999855995178,-1.72
84.07983088493347,-1.83
85.38250255584717,-1.76
86.68984365463257,-1.79
88.02094888687134,-1.9
89.32334041595459,-1.76
92.16406416893005,469.34
93.57056927680969,487.28
94.91809415817261,206.48
96.32047176361084,29.07
97.73523712158203,1.62
99.15569710731506,-1.59
100.5547206401825,-1.55
101.97948479652405,-1.52
103.38662433624268,0.14
104.80070042610168,5.1
106.20479488372803,6.03
107.61650943756104,6.72
109.03591918945312,24.21
110.43573880195618,21.31
111.84705567359924,16.21
113.2653021812439,9.76
114.67263293266296,9.48
116.0962929725647,9.83
117.49508047103882,9.93
118.9206473827362,9.86
120.33042407035828,9.79
121.73328042030334,9.72
125.41876673698425,-1.1
126.77471995353699,-1.31
128.0926070213318,-1.38
129.4059944152832,-1.45
130.70361948013306,-1.45
132.01995301246643,-1.52
133.32740712165833,-1.55
134.6296238899231,-1.69
135.9774522781372,-1.69
137.310240983963,-1.66
138.61324548721313,-1.66
139.9315745830536,-1.69
141.22965836524963,-1.69
142.55352234840393,-1.69
143.86092948913574,-1.69
145.17104601860046,-1.83
147.9843611717224,1.55
149.3948576450348,8.24
150.80674171447754,16.79
152.21932125091553,19.93
153.63334894180298,21.07
155.05833411216736,21.38
156.4599804878235,21.31
157.8733458518982,19.52
159.28334712982178,20.72
160.63288974761963,19.31
161.96783137321472,20.62
163.37910723686218,19.14
164.72727799415588,20.07
166.07647061347961,20.62
167.48576521873474,18.79
169.0370397567749,20.21
170.44092917442322,20.62
171.8581202030182,20.66
173.20334577560425,20.69
174.61045837402344,18.9
176.02744889259338,20.66
177.43940567970276,19.24
178.78136110305786,20.38
180.1821002960205,20.97
181.53539180755615,19.24
182.94744873046875,20.66
184.36148023605347,19.55
185.76434421539307,20.21
187.10974049568176,19.28
188.51978540420532,21.07
189.86902809143066,19.52
191.27928161621094,20.79
192.61098313331604,19.66
194.03781390190125,21.03
195.43683218955994,19.83
196.85920882225037,19.48
198.26072096824646,21.31
199.6857054233551,19.86
201.0932285785675,19.55
202.49356031417847,19.55
203.8516390323639,21.45
205.2516176700592,19.97
206.66545701026917,19.62
208.08205580711365,19.48
209.49439549446106,21.38
210.90430188179016,19.86
212.314386844635,19.48
213.72114205360413,19.66
215.07590317726135,19.38
216.40841841697693,21.62
217.76004695892334,20.0
219.1660041809082,19.66
220.51599216461182,19.52
221.92759442329407,21.66
223.26560711860657,20.03
224.6718692779541,19.55
226.01492547988892,19.52
227.43588495254517,19.52
228.84863090515137,21.66
230.25125432014465,19.83
231.66389846801758,19.45
233.08334279060364,19.45
234.49519610404968,21.45
235.90944743156433,20.1
237.3057508468628,8.97
238.72112369537354,22.97
240.0606710910797,24.93
241.41623711585999,23.79
245.10609102249146,4.41
246.45759439468384,4.17
247.7649281024933,4.34
249.08315706253052,4.17
250.39734387397766,4.34
251.7041130065918,4.17
253.01525688171387,4.21
254.34048891067505,4.21
257.11598467826843,394.83
258.5227863788605,509.9
259.9433240890503,272.14
261.34291338920593,88.07
262.75184655189514,26.97
264.16674184799194,18.0
265.57826018333435,29.14
267.0005841255188,46.93
268.4026038646698,52.14
272.11593890190125,-0.07
273.42723298072815,-0.28
274.7439851760864,-0.34
276.06373405456543,-0.34
277.375634431839,-0.41
278.6771626472473,-0.48
280.01118183135986,-0.48
281.34592366218567,-0.48
