1.1143364906311035,-1.28,0
2.3507080078125,-1.21,0
3.556117057800293,-0.86,0
4.751052618026733,-0.21,0
5.949052572250366,-0.21,0
7.1547322273254395,-1.52,0
8.358608484268188,-1.34,0
9.564489126205444,-1.72,0
10.76668930053711,-0.69,0
12.011425256729126,0.86,0
13.231653451919556,-1.93,0
14.429028272628784,-2.24,0
15.655340909957886,-1.17,0
16.867847681045532,-1.79,0
18.066065788269043,-3.76,0
19.264628410339355,0.31,0
20.480395555496216,-3.03,0
21.711433172225952,-2.31,0
22.90853524208069,0.0,0
24.116901397705078,-1.28,0
25.315133094787598,-1.34,0
26.515101194381714,-1.45,0
27.733758211135864,-1.83,0
28.93164825439453,-1.72,0
30.14731192588806,-0.9,0
31.390416622161865,-1.1,0
32.604681968688965,-2.24,0
33.81129860877991,-0.62,0
35.008626222610474,-0.38,0
36.21259689331055,-1.14,0
37.41511845588684,-1.07,0
38.61324596405029,-1.38,0
39.81961536407471,-0.9,0
41.05168318748474,-1.14,0
42.25403594970703,-1.28,0
43.46222472190857,-1.1,0
44.65158653259277,-0.79,0
45.84991383552551,-1.07,0
47.06207799911499,-1.0,0
48.25877285003662,-1.24,0
49.462589502334595,-1.03,0
50.71032094955444,-1.31,0
51.91141366958618,-0.59,0
53.1081600189209,-1.21,0
54.322564363479614,-1.0,0
55.5371310710907,-1.07,0
56.73370051383972,-0.14,0
57.93706178665161,-1.24,0
59.15292811393738,-1.07,0
60.384358167648315,3.03,0
61.61341595649719,0.69,0
62.83065962791443,-0.38,0
64.04248762130737,1.31,0
65.24114322662354,-0.97,0
69.82931733131409,352.31,1
71.24816942214966,164.52,1
72.66018748283386,141.45,1
74.07223057746887,131.1,1
75.48419046401978,135.31,1
76.81567072868347,130.52,1
78.2262167930603,130.55,1
79.64703607559204,132.31,1
81.05096435546875,138.17,1
82.47233986854553,4.86,1
