1.1066300868988037,1.79
2.341804027557373,1.72
3.5574374198913574,1.76
4.766818284988403,1.69
9.327179431915283,1.66
10.67203974723816,1.72
12.085248708724976,2.38
13.494327068328857,5.72
14.90955400466919,9.55
16.31088376045227,14.03
17.665635585784912,19.24
19.072265148162842,24.38
20.423414945602417,28.72
21.758236169815063,33.34
23.17197346687317,37.83
24.58141541481018,49.38
25.997806310653687,50.07
27.407976627349854,53.03
28.82250189781189,55.55
30.233778715133667,57.62
31.651509284973145,59.41
33.06174302101135,61.52
34.40464973449707,63.1
35.745455741882324,64.45
37.15543270111084,65.14
38.57217621803284,65.66
39.98458766937256,65.59
41.3266978263855,65.62
42.73691439628601,65.45
44.079487323760986,64.97
45.48462963104248,64.24
46.90521287918091,63.28
48.24733352661133,62.24
49.65391659736633,60.83
51.06784439086914,59.55
52.47990298271179,57.93
53.824965715408325,56.62
55.2247359752655,55.28
56.637402296066284,53.72
57.98885226249695,52.55
59.39782476425171,50.97
60.80910515785217,49.97
62.221142530441284,48.79
63.633021116256714,47.72
65.04559826850891,47.0
66.39430022239685,46.24
67.73102307319641,45.79
69.07841300964355,45.34
70.47819805145264,44.83
71.82984709739685,44.62
73.17893576622009,44.52
74.51837968826294,44.59
75.85995769500732,44.41
77.19652318954468,44.41
78.62001156806946,44.24
79.961190700531,44.41
81.37171959877014,44.59
82.71853470802307,44.79
84.12586808204651,45.21
85.46997547149658,45.62
86.81478929519653,46.07
88.1506998538971,46.55
89.56520628929138,47.0
90.97986650466919,47.52
92.38992261886597,51.03
93.73828959465027,51.34
95.08023738861084,51.69
96.42356514930725,51.76
97.83467555046082,52.14
99.17442178726196,51.97
100.58439517021179,52.03
101.99671626091003,51.83
103.40955114364624,51.72
104.75498580932617,51.69
106.16706132888794,51.72
107.57030367851257,51.52
108.98641276359558,51.38
110.3334493637085,51.41
111.73713850975037,51.38
113.15295147895813,51.34
114.56375646591187,51.03
115.91307544708252,51.1
117.32278680801392,50.93
118.72391295433044,50.83
120.13566470146179,50.83
121.54909539222717,50.72
122.96418166160583,50.52
124.37874913215637,50.38
125.79172039031982,50.41
127.13801717758179,50.41
128.53838419914246,50.31
129.88996529579163,50.21
131.30014967918396,50.34
132.71113920211792,50.14
134.1255521774292,50.03
135.5359537601471,49.9
142.8252522945404,7.07
144.1382966041565,7.0
145.4507818222046,7.03
146.76874089241028,7.1
148.0846071243286,7.07
149.40223240852356,7.14
150.7228081226349,7.14
152.07180833816528,7.14
153.38485765457153,7.17
154.69817900657654,7.14
156.01061606407166,7.24
157.31645822525024,7.07
158.6414749622345,7.21
159.96069836616516,7.24
161.30298805236816,7.28
162.6023268699646,7.28
