1.1090619564056396,-0.34
2.34205961227417,-0.38
3.551117181777954,-0.38
4.756110906600952,-0.38
9.345553636550903,15.62
10.758228302001953,26.14
12.093376874923706,31.72
13.516285181045532,33.03
14.919390439987183,29.0
16.33480978012085,23.03
17.67624855041504,22.66
19.01642084121704,22.97
20.36030149459839,14.86
21.779329538345337,9.24
23.123709440231323,7.34
24.54047393798828,7.21
25.875981330871582,7.48
27.29760456085205,3.83
28.64232563972473,3.86
30.05759859085083,3.9
31.3870689868927,4.24
32.803093671798706,4.34
34.159656047821045,5.38
35.50224328041077,5.48
36.84837317466736,3.07
38.26172423362732,7.9
39.67477631568909,4.79
41.0871741771698,5.52
42.50194454193115,5.83
43.90926742553711,5.55
45.31221079826355,5.69
46.724395990371704,5.76
48.14750790596008,6.93
49.55537223815918,6.79
50.97321033477783,5.86
52.38905644416809,4.34
53.796215295791626,4.69
55.21325182914734,5.07
56.62013602256775,4.79
58.04016089439392,4.97
59.44442272186279,5.31
60.852601289749146,6.45
62.27773904800415,6.45
63.68953227996826,5.59
65.03310108184814,6.17
66.43551206588745,5.86
67.78057336807251,5.07
69.20240235328674,5.34
70.6081645488739,5.83
72.02841448783875,5.83
73.43108201026917,6.24
74.84222388267517,6.31
76.18929743766785,5.86
77.52716255187988,6.03
78.93838500976562,6.1
80.36361622810364,7.21
81.77381372451782,7.14
83.18829393386841,6.52
84.60568356513977,7.03
85.94349598884583,5.86
87.3586254119873,19.0
88.69352173805237,19.72
90.10908317565918,20.76
91.45975518226624,15.79
92.86736965179443,12.52
94.28658556938171,11.86
95.70290398597717,14.03
97.03605389595032,12.34
98.4589741230011,12.76
99.8616931438446,13.34
101.27870225906372,15.97
102.69748210906982,14.28
104.10619378089905,15.97
105.5241014957428,14.79
106.93132638931274,16.17
108.34179043769836,14.83
109.7509617805481,15.79
111.1675283908844,16.79
112.58624362945557,18.86
113.99583268165588,17.62
115.41229057312012,16.38
116.81764793395996,15.86
118.22430229187012,14.97
119.65084147453308,15.24
121.06241369247437,15.76
122.4627468585968,27.1
123.8858745098114,28.03
125.22631645202637,27.9
126.64330744743347,28.55
128.05449104309082,28.38
129.46231198310852,27.97
130.87489080429077,27.28
132.2851173877716,23.62
133.69787669181824,-1100.0
135.114324092865,78.79
136.46173119544983,2.21
137.86311602592468,-3.55
139.28699660301208,-2.21
140.6911265850067,-1.66
142.1122546195984,-2.41
143.52485990524292,-2.52
144.9378890991211,-2.55
146.35091519355774,-2.69
147.75117778778076,-2.66
149.17104148864746,-2.62
150.58802485466003,-2.59
151.98799800872803,-2.59
153.4012327194214,-2.66
154.8250207901001,-2.52
156.226665019989,-2.55
157.6527669429779,-2.52
159.05581974983215,-2.45
160.46710515022278,-2.48
161.81743049621582,-2.48
163.2269151210785,-2.48
164.57390999794006,-2.52
165.99042057991028,-2.41
167.39526557922363,-2.41
168.74279165267944,-2.38
170.09136033058167,-2.41
171.50434184074402,-2.48
172.84842252731323,-2.41
174.19161915779114,-2.48
175.53167724609375,-2.41
176.9486062526703,-2.41
178.29355144500732,-2.38
179.69234585762024,-2.38
181.04936408996582,-2.41
182.45358228683472,-2.41
183.7946536540985,-2.38
185.2196912765503,-2.41
186.56371593475342,-2.31
187.90380930900574,-2.34
189.23747968673706,-2.31
190.66147708892822,-2.34
192.07782745361328,-2.28
193.48942255973816,-2.31
194.8925006389618,-2.07
196.30816769599915,-1.9
197.7280023097992,-1.93
199.13282895088196,-2.03
200.48082041740417,-1.69
201.89677834510803,3.93
203.23118615150452,79.86
204.64284443855286,150.0
206.06814670562744,145.31
207.48113083839417,144.59
214.77427768707275,147.0
216.08772015571594,147.03
217.4365816116333,147.55
218.74485230445862,147.59
220.0663924217224,147.86
221.38528966903687,147.69
222.7004337310791,147.9
224.00907564163208,147.93
225.23104786872864,148.48
226.44362258911133,148.45
227.67890429496765,148.55
228.88685154914856,148.62
230.11098980903625,148.48
231.31554245948792,148.52
232.52055621147156,148.66
233.73190259933472,148.45
234.9493327140808,148.31
236.16101360321045,148.59
237.40464663505554,148.66
238.6262447834015,148.59
239.83977484703064,148.48
241.04479908943176,148.59
242.24830746650696,148.34
243.47728562355042,148.41
244.6926290988922,148.45
245.94395899772644,148.45
247.1635398864746,148.97
248.37013030052185,148.59
249.59075665473938,148.86
250.79246425628662,148.86
252.01980471611023,148.38
253.23067545890808,147.79
254.47696828842163,148.24
255.68701815605164,148.41
256.8984637260437,148.72
258.1227819919586,149.28
259.33658957481384,149.83
260.561564207077,149.79
261.7781894207001,149.62
262.9870889186859,149.28
264.2251784801483,149.17
265.4460084438324,148.86
266.654381275177,149.07
267.86912775039673,149.28
269.0878396034241,149.28
270.2916738986969,149.1
271.5234212875366,149.1
272.77365946769714,148.93
273.973717212677,149.07
275.21595311164856,148.93
276.4368579387665,148.97
277.65351915359497,149.07
278.8672478199005,149.1
280.0831847190857,149.24
281.29065680503845,148.93
282.5387990474701,148.9
283.7566521167755,148.79
284.96888303756714,148.72
286.18125438690186,148.9
