1.1142845153808594,-0.97
2.3220319747924805,-0.93
3.5670888423919678,-0.9
4.77189302444458,-0.97
5.984101057052612,-0.86
10.570334434509277,1.97
11.982218027114868,51.59
13.393938064575195,147.97
14.80300760269165,260.76
16.21605110168457,388.66
17.55791211128235,509.24
18.894412517547607,623.62
26.21087384223938,2.0
27.515658855438232,2.03
28.820164918899536,2.1
30.142608404159546,2.07
31.449406147003174,2.03
32.81726312637329,2.03
34.11495041847229,2.07
35.42597007751465,2.1
39.997108936309814,1.93
41.40981101989746,2.1
42.763144731521606,2.07
44.17625570297241,2.0
45.577983379364014,2.03
46.99599289894104,10.07
48.33539795875549,13.79
49.758503913879395,14.48
51.17332124710083,15.31
52.58069849014282,15.31
53.99665927886963,15.59
55.408080101013184,15.14
