1.109055757522583,30.66,0
2.347062587738037,30.59,0
3.5550477504730225,30.69,0
4.758786678314209,30.72,0
9.337075233459473,27.07,1
10.751244068145752,27.03,1
12.148945808410645,26.97,1
13.567652702331543,27.14,1
14.981590270996094,27.14,1
16.389167547225952,27.1,1
17.74340558052063,27.1,1
19.081130981445312,27.1,1
20.422033548355103,27.03,1
21.842150449752808,27.14,1
23.18489122390747,27.14,1
24.5916690826416,27.14,1
25.938268661499023,27.21,1
27.346731424331665,27.1,1
28.7680881023407,27.17,1
30.170514345169067,27.24,1
31.586498498916626,27.14,1
33.008447885513306,27.14,1
34.422651529312134,27.14,1
35.83563685417175,27.17,1
