1.1078534126281738,-1.86,0
2.3452258110046387,-1.9,0
3.5549697875976562,-1.86,0
4.753872871398926,-2.0,0
9.337586402893066,66.14,1
10.751824378967285,40.72,1
12.163287162780762,29.38,1
13.576392412185669,28.97,1
14.988544464111328,29.59,1
16.400115966796875,28.79,1
17.743717908859253,28.69,1
19.087862253189087,28.66,1
20.431888580322266,28.69,1
21.84494638442993,28.59,1
23.188493490219116,28.48,1
24.53259563446045,28.48,1
25.87649440765381,28.66,1
27.28978133201599,28.59,1
28.70344877243042,28.45,1
30.115081071853638,28.41,1
31.52912449836731,28.59,1
32.873435258865356,28.72,1
34.21734666824341,28.45,1
35.56184697151184,28.52,1
36.90491271018982,28.45,1
38.31753349304199,28.59,1
39.72927761077881,28.66,1
41.0732798576355,28.55,1
42.41758322715759,28.48,1
43.8289852142334,28.28,1
45.17321419715881,28.45,1
46.51719379425049,28.59,1
47.92994666099548,28.41,1
49.27385997772217,28.41,1
50.68749761581421,28.52,1
52.09911394119263,27.72,1
53.443092346191406,27.28,1
54.856091022491455,26.97,1
56.27002263069153,26.59,1
57.68302392959595,25.69,1
59.095959186553955,25.41,1
60.50694727897644,24.69,1
61.91892218589783,24.79,1
63.33181405067444,24.62,1
64.74381852149963,24.45,1
66.1568398475647,23.59,1
67.50102710723877,23.62,1
68.84575009346008,23.41,1
70.25775456428528,23.1,1
71.6696240901947,22.59,1
73.01172399520874,22.72,1
74.35538005828857,22.86,1
81.65266489982605,-2.41,0
82.95554280281067,-2.48,0
84.26302480697632,-2.38,0
85.56445145606995,-2.38,0
86.9019877910614,-2.38,0
88.21308541297913,-2.34,0
89.51639938354492,-2.31,0
90.81941628456116,-2.21,0
92.12535405158997,-2.38,0
93.43353366851807,-2.24,0
94.73856544494629,-2.31,0
96.08330750465393,-2.24,0
97.39426851272583,-2.24,0
98.69336581230164,-2.24,0
100.00121903419495,-2.24,0
101.31084060668945,-2.21,0
105.89271712303162,66.83,1
107.30391573905945,41.48,1
108.71606755256653,29.48,1
110.12786054611206,31.31,1
111.54052400588989,29.41,1
112.95200729370117,28.97,1
114.36587858200073,28.83,1
115.77885270118713,28.79,1
117.19195079803467,28.62,1
118.60501170158386,28.93,1
120.01786231994629,28.66,1
121.42968511581421,28.55,1
122.84182596206665,28.76,1
124.25442218780518,28.83,1
125.59841108322144,28.66,1
126.9413673877716,28.55,1
128.28671383857727,28.52,1
129.69970273971558,28.66,1
131.11128687858582,28.79,1
132.52363276481628,28.76,1
133.93594813346863,28.72,1
135.34725618362427,28.62,1
136.69312953948975,28.76,1
138.03579449653625,28.66,1
139.44862031936646,28.69,1
140.86145663261414,28.62,1
142.27440476417542,28.62,1
143.68801426887512,28.62,1
145.10040521621704,28.59,1
146.51339435577393,28.52,1
147.92506408691406,28.55,1
149.33743405342102,28.83,1
150.75041723251343,28.52,1
152.16220378875732,28.66,1
153.57634091377258,28.55,1
154.98774480819702,28.62,1
156.40222716331482,28.69,1
157.81458473205566,28.66,1
159.22756218910217,28.69,1
160.57358717918396,28.72,1
161.91682744026184,28.48,1
163.26075434684753,28.83,1
164.6738817691803,28.59,1
166.0168538093567,28.69,1
167.36074900627136,28.72,1
168.77245354652405,28.72,1
170.11548352241516,28.62,1
171.4587104320526,28.66,1
172.80070424079895,28.62,1
174.1445174217224,28.69,1
175.55699586868286,28.66,1
176.90009331703186,28.55,1
178.2428424358368,28.55,1
179.58622121810913,28.69,1
180.93041014671326,28.76,1
182.27152228355408,28.52,1
183.6159543991089,28.62,1
184.95876121520996,28.55,1
186.3708848953247,28.45,1
187.71429920196533,28.72,1
189.05708193778992,28.62,1
190.40019869804382,28.55,1
191.7447350025177,28.52,1
193.1555643081665,28.79,1
194.49897074699402,28.66,1
195.91064286231995,28.59,1
197.25379300117493,28.79,1
198.66541934013367,28.83,1
200.07668471336365,28.83,1
201.48754239082336,28.66,1
202.83047676086426,28.93,1
204.2437708377838,28.9,1
205.65537238121033,28.86,1
207.06688141822815,28.93,1
208.41016030311584,29.38,1
209.82209396362305,28.72,1
211.1650354862213,29.17,1
212.5079643726349,29.24,1
213.9203004837036,29.1,1
