1.1126899719238281,-1.55,0
2.3567113876342773,-1.55,0
3.5747294425964355,-1.55,0
4.780817031860352,-1.55,0
5.9909374713897705,-1.55,0
7.211726188659668,-1.55,0
8.413971662521362,-1.48,0
9.61211609840393,-1.52,0
10.838836193084717,-1.55,0
12.078041076660156,-1.48,0
13.28076982498169,-1.48,0
14.63577938079834,-1.59,0
15.937218427658081,-1.69,0
17.19504404067993,-1.55,0
18.392536878585815,-1.48,0
19.919597148895264,-1.52,0
21.133276224136353,-1.59,0
22.374561548233032,-1.48,0
23.58487844467163,-1.45,0
24.780282258987427,-1.48,0
26.006165981292725,-1.52,0
30.601266145706177,-1.45,1
32.01490020751953,-1.45,1
33.42708659172058,-1.55,1
34.764957666397095,-1.52,1
36.175235986709595,-1.48,1
37.514965295791626,-1.55,1
38.873412132263184,-1.48,1
40.273558616638184,-1.59,1
41.69146013259888,-1.48,1
43.036704778671265,-1.48,1
44.455183029174805,-1.48,1
45.85395431518555,-1.55,1
47.28058409690857,-1.52,1
48.69226551055908,-1.41,1
50.10194969177246,-1.45,1
51.50785279273987,-1.62,1
52.931591749191284,-1.45,1
54.34465503692627,-1.45,1
55.7531943321228,-1.62,1
57.167959213256836,-1.48,1
58.58178734779358,-1.48,1
59.989948987960815,-1.52,1
61.39425182342529,-1.55,1
62.819544553756714,-1.48,1
64.23202538490295,-1.55,1
65.63636469841003,-1.55,1
67.04753684997559,-1.45,1
68.46357727050781,-1.52,1
69.88107705116272,-1.52,1
71.291006565094,-1.59,1
72.70461130142212,-1.45,1
74.10759997367859,-1.59,1
