1.1135895252227783,-2.41,0
2.348686933517456,-2.07,0
3.5590479373931885,-1.97,0
4.762807130813599,-2.0,0
9.354948997497559,18.79,1
10.767943620681763,17.14,1
12.171090364456177,15.48,1
13.581664800643921,14.59,1
14.999875783920288,28.17,1
16.401136875152588,36.48,1
17.815049409866333,93.31,1
19.23021149635315,100.97,1
20.64795231819153,108.66,1
22.051573514938354,116.24,1
23.46387219429016,123.52,1
24.88159465789795,130.79,1
26.29713273048401,136.66,1
27.696710109710693,143.52,1
29.11379885673523,149.59,1
30.528584718704224,154.9,1
31.931150197982788,160.41,1
33.342727184295654,162.83,1
34.75867700576782,164.17,1
36.17375922203064,164.72,1
37.510804176330566,163.72,1
38.92583179473877,162.59,1
40.34364128112793,160.38,1
41.74697279930115,156.76,1
43.157997369766235,152.59,1
44.574382305145264,147.62,1
45.97340106964111,142.48,1
47.387765884399414,136.55,1
48.804850339889526,130.52,1
50.221651554107666,124.07,1
51.62226057052612,117.97,1
53.038524866104126,111.66,1
54.45504593849182,105.69,1
55.867079734802246,100.72,1
57.27202224731445,95.21,1
58.688812255859375,88.76,1
60.10611319541931,85.72,1
61.5063955783844,81.38,1
62.921916007995605,77.59,1
64.3384222984314,73.45,1
65.73695468902588,70.0,1
67.1538507938385,66.62,1
68.56659722328186,63.24,1
69.98054790496826,60.21,1
71.39816069602966,57.14,1
72.79972529411316,54.45,1
74.21631813049316,51.76,1
75.632985830307,49.62,1
77.03442120552063,47.52,1
78.44936466217041,45.83,1
79.86599540710449,44.52,1
81.26704597473145,43.21,1
82.68364930152893,42.14,1
84.10234904289246,41.38,1
85.50399947166443,40.83,1
86.92248392105103,40.79,1
88.34020781517029,40.69,1
89.74058103561401,40.72,1
91.15753269195557,40.9,1
92.5583987236023,41.41,1
93.97688603401184,41.97,1
95.39647793769836,42.52,1
96.80266880989075,43.34,1
98.2067723274231,44.14,1
99.62099504470825,45.24,1
101.03437662124634,46.28,1
102.44944524765015,47.55,1
103.86516189575195,48.59,1
105.26453185081482,49.97,1
106.68130350112915,51.0,1
108.09457445144653,52.38,1
109.5111231803894,53.66,1
110.92449736595154,54.72,1
112.32258987426758,56.03,1
113.74483871459961,57.07,1
115.151602268219,58.34,1
116.56780576705933,59.24,1
117.97434854507446,60.34,1
119.39178800582886,61.17,1
120.79145693778992,61.93,1
122.20713067054749,62.72,1
123.6249692440033,63.62,1
125.04229354858398,64.03,1
126.44221687316895,64.66,1
127.85788583755493,65.21,1
129.27280592918396,65.48,1
130.6860592365265,65.72,1
132.09176445007324,66.07,1
133.50757026672363,66.14,1
134.9079830646515,66.31,1
136.3246569633484,66.07,1
137.74003958702087,66.14,1
139.1567258834839,65.97,1
140.571617603302,66.17,1
141.97310161590576,66.03,1
143.38847994804382,65.62,1
144.79037809371948,65.52,1
146.2078754901886,65.07,1
147.62342405319214,64.86,1
149.03089785575867,64.59,1
150.44434332847595,64.17,1
151.85963582992554,63.83,1
153.2731077671051,63.38,1
154.6724328994751,63.14,1
156.08939719200134,62.55,1
157.50582885742188,62.07,1
158.90880846977234,61.86,1
160.32349562644958,61.45,1
161.74092984199524,61.0,1
163.14123106002808,60.62,1
164.55882692337036,60.52,1
165.97509169578552,59.97,1
167.378746509552,59.62,1
168.78932785987854,59.28,1
170.142822265625,59.1,1
171.5421540737152,58.9,1
172.9566512107849,58.97,1
174.30652236938477,58.69,1
175.71977734565735,58.34,1
177.120023727417,58.24,1
178.47420716285706,58.14,1
179.87318563461304,58.0,1
181.2879683971405,58.03,1
182.70160794258118,57.93,1
184.04558086395264,57.83,1
185.46275115013123,57.9,1
186.862539768219,57.9,1
188.2767195701599,57.76,1
189.69181728363037,57.83,1
191.10716366767883,57.9,1
192.44997000694275,57.86,1
193.8623661994934,58.1,1
195.26098656654358,58.03,1
196.6767611503601,58.1,1
198.0966773033142,58.21,1
199.5101490020752,58.28,1
200.90935802459717,58.34,1
202.32394194602966,58.55,1
203.7448706626892,58.76,1
205.14495277404785,58.9,1
206.56215000152588,58.93,1
207.97748589515686,59.1,1
209.39328718185425,59.14,1
216.69520592689514,-2.03,0
218.0122947692871,-1.97,0
219.32303762435913,-2.03,0
220.6433563232422,-1.97,0
221.96358036994934,-2.0,0
223.26844096183777,-2.0,0
224.58864760398865,-2.0,0
225.94077825546265,-1.93,0
230.52589678764343,-1.97,1
231.94097256660461,-1.93,1
233.3613986968994,-2.03,1
