1.1093206405639648,8.69
2.3534505367279053,8.69
3.5719525814056396,8.76
4.777975797653198,8.66
5.995504140853882,8.72
7.211048603057861,8.72
8.411762237548828,8.72
12.978736400604248,1.45
14.398772954940796,1.31
15.811525344848633,18.45
17.22494077682495,25.66
18.637269020080566,31.07
20.047785997390747,33.93
21.46202301979065,34.07
22.805049896240234,37.14
24.220489978790283,37.66
25.620928049087524,37.31
27.046663999557495,37.97
28.45818829536438,38.0
29.86777400970459,38.0
31.280450105667114,37.83
32.689985036849976,40.24
34.102646827697754,41.0
35.513890981674194,40.07
36.925657749176025,39.21
38.334346532821655,40.55
39.745413064956665,41.9
41.160234212875366,40.93
42.56705570220947,40.1
43.978779554367065,39.41
45.39014983177185,38.55
46.80238437652588,39.38
48.219927072525024,38.62
49.634867429733276,39.79
51.047555685043335,39.03
52.45416617393494,40.14
53.868890047073364,39.24
55.271695137023926,41.66
56.691749811172485,41.0
58.100462198257446,40.21
59.51642060279846,39.41
60.91574144363403,38.9
62.332955837249756,40.79
63.74726915359497,40.0
65.16485071182251,40.66
66.56315016746521,41.34
67.9182620048523,40.59
69.32709074020386,39.79
70.74391174316406,41.28
72.14095664024353,40.86
73.55622386932373,40.1
74.96769046783447,39.28
76.38446116447449,38.69
77.7973313331604,39.03
85.15464878082275,0.83
86.47271752357483,0.72
87.78357553482056,0.86
89.09985375404358,0.69
90.40697026252747,0.72
91.71984553337097,0.76
93.02450919151306,0.72
94.33843731880188,0.79
98.93900513648987,8.34
100.35832786560059,8.48
101.76943254470825,10.69
103.16862106323242,13.66
104.59214735031128,17.28
105.99778699874878,21.52
107.34909272193909,25.76
108.76296877861023,30.34
110.1729691028595,34.52
111.59023809432983,38.76
112.98730945587158,42.86
114.4038336277008,46.34
115.81572771072388,49.79
117.23327279090881,52.69
118.64804553985596,55.31
120.04688167572021,57.79
121.45934057235718,59.59
122.87268495559692,61.07
124.28673028945923,62.14
125.69879388809204,62.83
127.11228823661804,63.21
128.526207447052,63.28
129.92964482307434,63.21
131.34299278259277,62.97
132.75463771820068,62.66
134.1656632423401,61.76
135.57503986358643,60.97
136.9976224899292,59.93
138.4012656211853,58.52
139.81126260757446,57.31
141.2244999408722,55.93
142.64526200294495,54.55
144.05466842651367,53.31
145.46835231781006,52.03
146.88145065307617,50.69
148.28176140785217,49.66
149.69301962852478,48.72
151.11467337608337,47.72
152.51815032958984,47.24
153.9296271800995,46.55
155.34221410751343,46.07
156.75219225883484,45.79
158.16227793693542,45.69
159.57355976104736,45.59
160.92652368545532,45.62
162.27347350120544,45.59
163.68381094932556,45.48
165.02906703948975,45.31
166.4282419681549,45.14
167.8476915359497,45.45
169.26412773132324,45.52
170.67324566841125,45.93
172.07554149627686,46.24
173.48538994789124,46.62
174.89874958992004,47.03
176.31021690368652,47.55
177.72182869911194,48.28
179.07486295700073,48.76
180.4805691242218,49.07
181.89220547676086,49.41
183.24458527565002,49.66
184.64213371276855,50.28
186.05605125427246,50.62
187.48111939430237,50.93
188.8183126449585,51.03
190.22576236724854,51.34
191.57691621780396,51.62
192.9864776134491,51.76
194.39944744110107,51.52
195.80009865760803,51.52
197.21609616279602,51.45
198.62977004051208,51.48
200.04021883010864,51.17
201.45480346679688,51.03
202.8684492111206,51.07
204.2787103652954,51.07
205.62387871742249,50.76
207.02310132980347,50.69
208.43243670463562,50.83
209.8437695503235,50.69
211.26948833465576,50.48
212.6693251132965,50.55
214.07785058021545,50.24
215.50413274765015,50.41
216.9085729122162,50.1
218.32215929031372,50.0
219.72681641578674,50.03
221.13916850090027,49.9
222.56197786331177,49.86
223.97090649604797,49.62
231.278715133667,8.24
232.6371042728424,8.28
233.95111060142517,8.28
235.26509380340576,8.24
236.5735583305359,8.24
237.88082361221313,8.21
239.18866682052612,8.31
240.502295255661,8.38
241.81083917617798,8.31
243.15173506736755,8.31
244.45834183692932,8.38
245.76544332504272,8.24
247.07609677314758,8.34
248.3899006843567,8.45
249.6987268924713,8.38
251.01025795936584,8.34
255.57673406600952,2.14
256.9967052936554,1.97
258.40906834602356,18.0
259.7587294578552,25.93
261.1655180454254,29.48
262.5809006690979,32.41
263.9906508922577,34.41
265.4041757583618,34.72
266.751127243042,37.52
268.1526155471802,37.79
269.5722634792328,37.9
270.9864583015442,37.55
272.40104603767395,38.45
273.7978084087372,38.52
275.2096302509308,38.48
276.5650017261505,38.52
277.96670389175415,38.34
279.37876534461975,40.79
280.731990814209,40.45
282.1406729221344,39.76
283.48942017555237,38.83
284.8901016712189,40.72
286.3039040565491,39.62
287.71546840667725,38.97
289.13390374183655,38.17
290.4762086868286,39.93
291.88987970352173,39.03
293.30217957496643,40.97
294.6994881629944,40.24
296.124972820282,39.38
297.52289032936096,41.62
298.9411132335663,41.55
300.3522129058838,40.59
301.7659339904785,39.93
303.17998337745667,39.17
304.5888020992279,38.52
306.00321912765503,41.69
307.41248893737793,40.83
308.82312297821045,40.14
310.2359211444855,39.31
311.64614391326904,40.62
313.0572090148926,39.9
314.46390533447266,39.24
315.88533568382263,40.38
317.288715839386,39.72
318.7076187133789,39.1
320.04345440864563,38.48
321.3931083679199,41.48
322.80115723609924,40.86
324.1447768211365,40.14
325.4895484447479,39.41
326.8288733959198,38.9
328.1748969554901,40.07
329.5209696292877,39.24
330.8632616996765,40.55
332.26259183883667,39.83
333.68629932403564,40.9
335.0298879146576,40.21
336.3627145290375,39.62
343.6732189655304,1.86
344.9766266345978,1.86
346.28476119041443,1.9
347.5882782936096,1.97
348.8984169960022,1.86
350.23592233657837,1.9
351.5418748855591,1.93
352.83356738090515,1.9
354.1440234184265,1.83
355.4495131969452,1.86
356.74847888946533,1.93
358.04936265945435,1.9
359.3592643737793,1.9
360.665812253952,1.9
362.01463317871094,1.9
363.3171441555023,1.9
367.86506366729736,0.86
369.2159435749054,0.79
370.5648477077484,0.79
371.9034240245819,0.93
373.2482771873474,14.03
374.59178948402405,18.0
375.9378592967987,19.28
377.3403789997101,19.14
378.69175958633423,19.41
380.0396707057953,19.55
381.4407880306244,19.52
382.7967276573181,19.34
384.20655727386475,19.48
385.55475401878357,19.59
386.8964533805847,19.48
388.30273962020874,19.48
389.71613335609436,19.34
391.0695524215698,19.48
392.48178911209106,19.34
393.8223285675049,19.31
395.16944789886475,19.48
396.5112042427063,21.55
397.8572564125061,21.28
399.26515674591064,21.03
400.67186665534973,20.66
402.02159428596497,20.28
403.37049317359924,19.97
404.71293687820435,19.59
406.05309081077576,19.28
407.40096259117126,19.41
408.80222964286804,19.24
410.2225081920624,19.34
411.6344504356384,21.1
412.98268151283264,21.14
414.3970396518707,20.69
415.8086647987366,20.38
417.2109730243683,19.97
418.5628504753113,19.62
419.9785854816437,19.31
421.3921687602997,19.28
422.8060042858124,19.45
424.1400954723358,19.48
425.4915053844452,19.17
426.8324909210205,19.52
428.17842960357666,19.45
429.52474880218506,19.45
430.86881017684937,21.66
432.2778537273407,21.62
433.69093132019043,21.14
435.0363438129425,20.9
436.3778774738312,20.41
437.72539353370667,20.1
439.06669878959656,19.76
440.413987159729,19.45
441.8192217350006,19.52
443.22934770584106,19.41
444.6426227092743,19.52
445.9969322681427,19.62
447.4110872745514,20.41
448.7498598098755,21.17
450.0991144180298,20.79
451.43970346450806,20.48
452.8474531173706,20.1
454.25778007507324,19.79
455.6716847419739,19.38
457.0931179523468,19.45
458.43314576148987,19.34
459.77690172195435,19.45
461.18572068214417,21.03
462.5336742401123,20.59
463.94661474227905,20.21
465.3546884059906,19.83
466.70236921310425,19.52
468.04641366004944,20.34
469.45395135879517,20.52
470.80664134025574,20.17
472.21170473098755,19.83
473.5611526966095,19.48
474.9749710559845,21.07
476.38332176208496,21.07
477.7977063655853,20.62
479.20226216316223,20.31
480.55914664268494,20.0
481.96397638320923,19.62
483.3784501552582,19.24
484.7892851829529,19.41
486.2002954483032,19.55
487.6230776309967,19.45
489.03421115875244,19.38
490.37987518310547,19.31
491.77985668182373,19.24
493.20583176612854,19.62
494.6161377429962,19.41
501.90821266174316,0.55
503.224463224411,0.52
504.5626196861267,0.52
505.88018560409546,0.52
507.1918110847473,0.48
508.50031566619873,0.45
509.8118336200714,0.48
511.12244749069214,0.45
515.6944150924683,2.21
517.1096093654633,24.97
518.5361030101776,47.0
519.9396765232086,61.28
521.3532795906067,70.83
522.7654101848602,78.03
524.1761226654053,82.86
525.5924708843231,87.0
526.9983930587769,89.03
528.4137690067291,91.55
529.8290548324585,93.83
531.2381496429443,96.17
532.6543638706207,96.03
534.0542168617249,98.45
535.4092993736267,98.34
536.7503147125244,98.31
538.1595311164856,98.24
539.5750572681427,98.28
540.987419128418,98.24
542.3903157711029,100.52
543.739828824997,99.14
545.1522145271301,98.69
546.5646648406982,98.48
547.9711384773254,100.55
549.3777244091034,98.97
550.7983825206757,100.66
552.2142219543457,99.14
553.6258223056793,99.21
555.0263776779175,98.45
556.446408033371,100.34
557.8616032600403,100.62
559.2630090713501,99.31
560.6700806617737,99.1
562.095864534378,100.28
563.4964144229889,99.48
564.9104397296906,99.66
566.328976392746,98.59
567.7288177013397,98.93
569.1447885036469,98.31
570.5603258609772,98.97
571.9758269786835,98.62
573.3812732696533,98.45
574.796441078186,100.03
576.1992988586426,99.21
577.6202304363251,98.76
579.0222597122192,98.79
580.4381854534149,98.72
581.858882188797,100.07
583.267676115036,100.48
584.6826801300049,99.55
586.0871641635895,99.24
587.5012428760529,99.21
588.9035534858704,99.38
590.3248167037964,98.41
591.7407031059265,99.93
593.1413173675537,100.1
594.5517840385437,100.41
595.9744298458099,100.52
597.3817570209503,100.1
598.7918133735657,100.45
600.1972732543945,100.55
601.61164021492,98.97
603.0266499519348,99.07
604.4418253898621,98.83
605.8547773361206,99.76
607.2003338336945,100.14
608.6020209789276,100.41
610.0248472690582,98.97
611.4311573505402,99.0
612.8463878631592,100.17
614.2499222755432,99.07
615.6632587909698,98.9
617.0810713768005,100.28
618.489973783493,100.52
625.7855422496796,2.14
627.1060919761658,2.1
628.422182559967,2.21
629.7793438434601,2.03
631.100501537323,2.14
632.4121282100677,2.28
633.7307403087616,2.17
635.0450594425201,2.21
