3.1172900199890137,-1.86
6.36124587059021,-1.79
9.582979917526245,-1.86
12.795625686645508,-1.79
16.01021957397461,-1.79
20.77592897415161,6.72
24.266958951950073,13.9
27.81815218925476,6.17
31.369171142578125,13.83
34.910024881362915,9.97
38.39263939857483,10.93
41.87394428253174,10.03
45.36054253578186,9.48
48.90866303443909,11.24
52.457561016082764,10.31
56.00448513031006,9.76
59.551196336746216,11.9
63.109644651412964,10.48
66.6524670124054,11.45
70.20771932601929,10.24
73.68049120903015,9.34
77.15875482559204,12.03
80.70675420761108,7.83
84.27066683769226,8.41
87.74950695037842,13.07
91.28970623016357,7.28
94.77296328544617,10.24
98.33317303657532,9.93
101.87661409378052,9.66
105.42026805877686,9.76
108.97448801994324,11.66
112.51949095726013,10.69
116.078684091568,9.79
119.62539601325989,11.52
123.17150974273682,10.76
126.72834348678589,11.86
130.27600049972534,9.76
133.82938194274902,10.14
137.371972322464,7.52
140.9187786579132,12.48
144.48338747024536,10.14
148.01801133155823,11.97
151.57596564292908,9.07
155.12585878372192,12.52
158.6707260608673,9.48
162.22396564483643,12.07
165.77618098258972,9.34
169.32810139656067,12.17
172.7959258556366,8.59
176.35137963294983,11.97
179.9007122516632,9.31
183.45710587501526,10.34
186.93095326423645,7.66
190.48602032661438,11.9
194.02901577949524,11.07
197.58070874214172,11.14
201.13506984710693,10.59
204.6835823059082,11.79
208.2261667251587,8.86
211.77236127853394,11.41
215.32122254371643,10.21
218.8797628879547,9.48
222.43062806129456,7.72
225.9773108959198,10.1
229.52086424827576,10.59
233.07698726654053,9.72
236.61924648284912,10.45
240.18372130393982,9.48
243.7299256324768,10.66
247.2684290409088,10.41
250.8203558921814,9.55
254.37737035751343,7.45
257.9270269870758,10.07
261.4736850261688,10.62
265.0228970050812,10.62
268.5694417953491,8.79
272.12689876556396,12.0
275.6735928058624,9.59
279.2294821739197,9.9
282.7793414592743,10.28
286.32253432273865,9.48
289.8677475452423,9.83
293.42710995674133,9.41
296.97180938720703,9.66
300.52230763435364,10.03
304.0748007297516,11.59
307.62721824645996,10.69
311.17632031440735,9.86
314.71543049812317,9.14
318.26856422424316,9.21
324.10012340545654,0.86
327.41293454170227,0.38
330.7243947982788,0.34
334.0625455379486,0.34
337.37105560302734,0.28
340.6927800178528,0.28
344.0233750343323,0.34
