1.1086828708648682,7.24
2.35272216796875,7.17
3.5646417140960693,7.28
4.758110284805298,7.24
9.332185983657837,8.41
10.744228839874268,9.76
12.157350301742554,10.83
13.571057796478271,11.86
14.984328031539917,12.86
16.397329807281494,13.66
17.740368604660034,14.38
19.085382223129272,15.14
20.498494386672974,15.79
21.910452604293823,16.52
23.322484254837036,17.03
24.667898178100586,17.52
26.08052396774292,18.17
27.49356484413147,18.59
28.905579090118408,18.97
30.317658185958862,19.34
31.729634523391724,19.72
33.14166259765625,20.0
34.48670315742493,20.28
35.89971041679382,20.48
37.31207823753357,20.83
38.72377610206604,21.1
40.1357045173645,21.34
41.5478413105011,21.55
42.89187479019165,21.66
44.30488681793213,21.9
45.71765375137329,22.1
47.12952446937561,22.07
48.539955377578735,22.31
49.95234155654907,22.62
51.36395525932312,22.62
52.776071071624756,22.62
54.19010066986084,22.76
55.603126764297485,23.0
57.016140937805176,22.52
58.42814803123474,23.21
59.83919978141785,23.24
61.25145077705383,23.24
62.66331672668457,23.31
64.07428574562073,23.52
65.41832232475281,23.48
66.83034014701843,23.55
68.17236590385437,23.62
69.516681432724,23.69
70.92855954170227,23.62
72.3413655757904,23.76
73.75134778022766,23.79
75.16294741630554,23.86
76.50655388832092,23.97
77.91857290267944,23.93
79.33182740211487,23.86
80.74461841583252,23.93
82.15664386749268,24.07
83.56769275665283,23.97
84.9116804599762,24.0
86.32445693016052,23.97
87.66616725921631,24.07
89.0767822265625,24.07
90.48946619033813,24.1
91.89965796470642,24.21
93.31186652183533,24.07
94.72474336624146,24.17
102.03105592727661,-4.59
103.35744643211365,-4.48
104.68120908737183,-5.1
106.00001883506775,-5.48
107.31578874588013,-5.59
108.66729521751404,-4.59
109.98277473449707,-2.79
111.29670262336731,-2.1
112.50698208808899,-2.07
113.72370457649231,-1.9
114.93330836296082,-1.93
116.15032529830933,-1.86
117.40624761581421,-1.86
118.6243736743927,-1.9
119.84139823913574,-1.83
121.05943822860718,-1.83
122.27244710922241,-1.83
123.48650670051575,-1.79
124.70050954818726,-1.79
125.92153406143188,-1.9
127.18155884742737,-1.9
128.39757347106934,-1.93
129.6106095314026,-1.86
130.82661771774292,-1.86
132.0377757549286,-1.83
133.249032497406,-1.86
134.46070551872253,-1.9
135.70571494102478,-1.86
136.91556477546692,-1.83
138.12776446342468,-1.83
139.33980512619019,-1.86
140.55482530593872,-1.83
141.76387786865234,-1.79
142.97886061668396,-1.83
144.2242591381073,-1.9
145.43790411949158,-1.83
146.6609332561493,-1.9
147.88395810127258,-1.79
149.1029634475708,-1.9
150.32512044906616,-1.93
151.54777145385742,-2.0
152.76525259017944,-1.86
154.02211666107178,-1.93
155.2422206401825,-1.83
156.46228647232056,-1.86
157.68624067306519,-1.86
158.906179189682,-1.93
160.12726497650146,-1.97
161.32779169082642,-1.86
162.56625390052795,-1.93
163.77655458450317,-1.9
164.97975063323975,-1.9
166.18384766578674,-1.97
167.3870975971222,-1.86
168.58937406539917,-1.79
169.8005018234253,-1.86
171.0053517818451,-1.83
172.24144625663757,-1.83
173.44784116744995,-1.93
174.65447616577148,-1.97
175.85780954360962,-1.93
177.06954312324524,-1.9
178.2740068435669,-1.93
179.47884440422058,-1.93
180.68661975860596,-1.9
181.92865586280823,-1.93
183.13225030899048,-1.83
184.33770275115967,-1.79
185.5458950996399,-1.86
186.75675129890442,-1.79
187.96082496643066,-1.93
189.16155767440796,-1.9
190.36873745918274,-1.86
191.606849193573,-1.86
192.81787252426147,-1.83
194.02698063850403,-1.9
195.24131202697754,-1.83
196.45269680023193,-1.83
197.65995478630066,-1.83
198.8740005493164,-1.93
200.1206042766571,-1.83
201.3312623500824,-1.86
202.54204654693604,-1.93
203.7588827610016,-1.9
204.96510577201843,-1.83
206.17013144493103,-1.97
207.38204646110535,-1.93
208.6231734752655,-1.93
209.83390927314758,-1.86
211.0433599948883,-1.93
212.25324606895447,-1.9
213.46348667144775,-1.9
214.67029452323914,-1.9
215.88231873512268,-1.86
217.0923593044281,-1.9
218.3393678665161,-1.83
219.54840803146362,-1.86
220.75743055343628,-1.86
221.97144103050232,-1.83
223.18263864517212,-1.86
224.39350605010986,-1.86
225.60474944114685,-1.79
226.84733629226685,-1.93
228.0575773715973,-1.86
229.2655873298645,-1.9
230.47262954711914,-1.9
231.68824696540833,-1.86
232.89968395233154,-1.83
234.10769963264465,-1.86
235.3537142276764,-1.93
236.56373357772827,-1.97
237.77175307273865,-1.86
238.9806067943573,-1.9
240.19080805778503,-1.9
241.40884637832642,-1.83
242.62530732154846,-1.86
243.8378610610962,-1.9
245.08191776275635,-1.9
246.2966570854187,-1.93
247.50696349143982,-1.79
248.71899127960205,-1.86
249.93096327781677,-1.9
251.1461284160614,-1.79
252.3560540676117,-1.93
253.59907603263855,-1.9
254.8182270526886,-1.9
256.0290524959564,-1.93
257.24215292930603,-1.93
258.45817136764526,-1.79
259.66819500923157,-1.9
260.8782217502594,-1.93
262.0892572402954,-1.79
263.3332688808441,-1.86
264.550217628479,-1.79
265.7583179473877,-1.93
266.97915530204773,-1.93
268.19234800338745,-1.86
269.4053907394409,-1.9
270.6203022003174,-1.97
271.86322379112244,-1.93
273.0825755596161,-1.86
274.29149103164673,-1.9
275.5055139064789,-1.86
276.7195382118225,-1.9
277.9395844936371,-1.83
279.1605679988861,-1.86
280.4124596118927,-1.86
281.6262536048889,-1.9
282.83667373657227,-1.83
284.049355506897,-1.86
285.25536251068115,-1.9
286.4738790988922,-1.93
287.69275665283203,-1.86
288.9142916202545,-1.93
290.1648213863373,-1.9
291.38983130455017,-1.86
292.6088356971741,-1.93
293.8299717903137,-1.9
295.04590678215027,-1.83
296.26298475265503,-1.86
297.4779522418976,-1.76
298.7274549007416,-2.93
299.9405291080475,-3.59
301.15816259384155,-2.86
302.3779819011688,-1.93
303.5990767478943,-2.45
304.8177170753479,1.07
306.03143072128296,2.1
307.2884101867676,3.03
308.510174036026,5.72
309.7293472290039,2.66
310.9528794288635,3.03
312.17517352104187,2.52
313.39728808403015,2.9
314.6122896671295,2.93
315.832594871521,2.9
317.08236026763916,2.9
318.302369594574,2.97
319.5125720500946,2.86
320.71637296676636,2.83
321.9286527633667,2.83
323.1374702453613,2.9
324.3410449028015,2.9
325.5457851886749,2.9
326.791556596756,2.97
327.9965777397156,3.03
329.20258951187134,2.83
330.41953468322754,2.9
