1.1057894229888916,-0.86
2.3515784740448,-0.86
3.556788682937622,-0.79
4.755874872207642,-0.86
9.34338641166687,12.93
10.687100172042847,13.07
12.099141120910645,13.1
13.503939390182495,13.03
14.914905548095703,13.07
16.328574657440186,13.0
17.679569721221924,13.28
19.021092653274536,13.1
20.36787486076355,13.31
21.70565128326416,13.24
23.118486166000366,13.17
24.455320835113525,13.07
25.81049942970276,12.9
27.223218202590942,12.97
28.639789581298828,13.03
30.041996479034424,12.93
31.45732831954956,12.86
32.872047901153564,13.03
34.20764446258545,12.83
35.55977916717529,12.79
36.89995312690735,12.83
38.31277537345886,12.72
39.72632718086243,12.9
41.144431591033936,12.76
42.54983997344971,12.76
43.965561389923096,12.69
45.37977886199951,12.76
46.78322196006775,12.76
48.20276355743408,12.79
49.60873341560364,12.86
51.02236247062683,12.86
52.37516736984253,12.83
53.784664154052734,12.83
55.200772285461426,12.76
56.614633083343506,12.76
57.95468068122864,12.69
59.36304306983948,12.62
60.77637052536011,12.52
62.1853551864624,12.52
63.592318058013916,12.55
65.01590323448181,12.45
66.4288535118103,12.34
67.8336272239685,12.34
69.1826000213623,12.28
70.59782123565674,12.28
72.00857758522034,12.38
73.34641313552856,12.21
74.70384860038757,12.14
76.03589797019958,12.1
77.38680124282837,11.97
78.80311679840088,12.07
80.21229600906372,12.0
81.62090301513672,12.03
82.97202444076538,11.93
84.38600301742554,12.0
85.78938627243042,11.9
87.20295476913452,11.86
88.55740785598755,11.83
89.89772391319275,11.72
91.3044650554657,11.86
92.72265028953552,11.76
94.05646753311157,11.69
95.47382545471191,11.59
96.89533710479736,11.62
98.2941644191742,11.59
99.71132612228394,11.52
101.12908148765564,11.38
102.54318189620972,11.72
103.95658349990845,11.62
105.35546588897705,11.52
106.77738213539124,11.52
114.09069299697876,11.31
115.39836144447327,11.38
116.7177951335907,10.93
118.07503890991211,11.41
119.37685775756836,11.34
120.69385862350464,11.31
122.01217103004456,11.31
123.32592844963074,11.31
127.93314957618713,11.07
129.34643840789795,10.97
