1.1077415943145752,-1.72,0
2.3400352001190186,-1.69,0
3.544004201889038,-1.72,0
4.728454828262329,-1.72,0
5.937124967575073,-1.66,0
7.139543056488037,-1.62,0
8.345486164093018,-1.69,0
9.538488149642944,-1.55,0
10.837775945663452,-1.59,0
12.0850191116333,-1.66,0
13.298141956329346,-1.76,0
14.51399302482605,-1.66,0
15.736453533172607,-1.69,0
16.945982217788696,-1.76,0
18.14698052406311,-1.66,0
19.34053945541382,-1.66,0
20.542309045791626,-1.59,0
21.779300689697266,-1.69,0
22.989890813827515,-1.66,0
24.184393882751465,-1.69,0
25.393436431884766,-1.69,0
26.60594129562378,-1.66,0
27.830902814865112,-1.66,0
