1.1100122928619385,-2.14,0
2.3535683155059814,-2.1,0
3.55751371383667,-2.21,0
4.765401601791382,-2.14,0
9.352535724639893,11.31,1
10.764576435089111,30.24,1
12.16753339767456,52.34,1
13.579992055892944,74.21,1
15.000697612762451,82.28,1
16.412991762161255,85.03,1
17.755778074264526,85.86,1
19.090625286102295,86.17,1
20.43449568748474,88.93,1
21.78151845932007,92.07,1
23.128214359283447,91.62,1
24.53712296485901,91.86,1
25.874711513519287,95.83,1
27.284671306610107,95.9,1
28.697729110717773,94.83,1
30.038718223571777,95.93,1
31.461331129074097,96.69,1
32.87347364425659,93.17,1
34.20484924316406,86.17,1
35.54918336868286,88.9,1
36.89751935005188,90.14,1
38.314961671829224,88.66,1
39.721683979034424,87.52,1
41.070457458496094,89.17,1
42.40763449668884,90.69,1
43.74877142906189,90.48,1
45.09345030784607,91.1,1
46.42918920516968,95.31,1
47.77829670906067,95.79,1
49.190828800201416,87.62,1
50.53789210319519,98.9,1
51.88310933113098,97.79,1
53.21823525428772,97.24,1
54.630494117736816,91.72,1
56.03791165351868,91.55,1
57.45126938819885,90.38,1
58.873507499694824,87.31,1
60.20533728599548,85.97,1
61.619651079177856,87.1,1
63.026623249053955,86.24,1
64.44573473930359,86.97,1
65.77908778190613,89.55,1
67.19347882270813,91.14,1
68.54273724555969,93.28,1
69.95853805541992,87.0,1
71.30180764198303,90.9,1
72.64308142662048,89.62,1
79.94748973846436,-1.97,0
81.25619530677795,-2.03,0
82.55729985237122,-2.03,0
83.85398602485657,-2.1,0
85.16571426391602,-2.1,0
86.51768112182617,-2.07,0
87.82234811782837,-2.07,0
89.13156175613403,-2.07,0
93.719810962677,10.59,1
95.12733912467957,15.97,1
96.48150968551636,28.34,1
97.88539576530457,31.83,1
99.23814797401428,40.45,1
100.6461615562439,42.31,1
102.06298613548279,46.28,1
103.46236538887024,44.76,1
104.80375123023987,43.69,1
106.2293438911438,48.69,1
107.63216471672058,45.59,1
109.05359077453613,39.59,1
110.39647102355957,49.66,1
111.80751204490662,46.28,1
113.21010088920593,44.79,1
114.62557435035706,49.72,1
116.0368664264679,46.34,1
117.44430422782898,41.38,1
118.85644817352295,47.59,1
120.2789204120636,44.07,1
121.68258142471313,46.62,1
123.09012031555176,57.62,1
124.51397466659546,55.14,1
125.91728138923645,49.66,1
127.32982206344604,43.03,1
128.74701976776123,50.38,1
130.1538052558899,48.1,1
131.5629858970642,43.62,1
132.97595643997192,48.34,1
134.38931560516357,45.62,1
135.73626828193665,41.0,1
137.1386079788208,47.0,1
138.54419541358948,44.07,1
139.955424785614,44.55,1
141.3104431629181,51.07,1
142.72121953964233,49.38,1
144.13138675689697,43.76,1
145.54476356506348,50.34,1
146.95248103141785,47.97,1
148.35780572891235,44.34,1
155.6831669807434,-1.97,0
157.00782942771912,-1.93,0
158.31791472434998,-2.0,0
159.67640781402588,-2.03,0
160.99723482131958,-2.0,0
162.3085174560547,-2.1,0
163.62478971481323,-2.07,0
164.93258619308472,-2.0,0
169.50538229942322,220.86,1
170.9202525615692,198.48,1
172.3382613658905,161.97,1
173.74969720840454,150.55,1
175.093567609787,153.1,1
176.49412059783936,131.03,1
177.9045991897583,128.52,1
179.25436568260193,111.07,1
180.6653082370758,-372.34,1
182.07580280303955,-1.76,1
183.48727416992188,-1.28,1
184.8974437713623,-1.31,1
186.30968618392944,-1.38,1
187.71973276138306,-1.55,1
189.07468366622925,-1.55,1
190.40903568267822,-1.48,1
191.8297517299652,-1.48,1
193.2411756515503,-1.48,1
194.65245532989502,-1.45,1
196.06336188316345,1100.0,1
197.47371745109558,1.41,1
198.8221206665039,-1.48,1
200.24005603790283,35.03,1
201.64444279670715,-1.45,1
203.06312823295593,1.76,1
204.47722172737122,1.66,1
205.88222074508667,1.72,1
207.2907154560089,1.72,1
208.71434617042542,1.69,1
210.11398720741272,1.69,1
211.54064226150513,1.66,1
212.87702012062073,1.69,1
214.29535484313965,1.62,1
215.69616174697876,1.69,1
217.11173272132874,1.69,1
218.45717573165894,1.72,1
219.86683320999146,1.66,1
221.27706456184387,1.72,1
222.68892216682434,1.69,1
224.04060816764832,1.66,1
225.457927942276,1.69,1
226.86589217185974,1.69,1
228.27840423583984,1.62,1
229.68825840950012,1.66,1
231.0957634449005,1.66,1
232.5228555202484,1.66,1
233.93264079093933,1.59,1
235.26519584655762,1.55,1
236.61447858810425,1.62,1
238.02490544319153,1.69,1
239.45009350776672,1.66,1
240.85023188591003,1.55,1
242.27508735656738,1.72,1
243.68927478790283,1.69,1
245.09648180007935,1.62,1
246.50893568992615,1.69,1
247.9254560470581,1.55,1
249.33147406578064,1.66,1
250.74643445014954,1.72,1
252.16457438468933,1.66,1
253.56452775001526,1.66,1
254.9921715259552,1.69,1
256.3261032104492,1.72,1
257.7359879016876,1.72,1
259.14651226997375,1.62,1
260.5635497570038,1.76,1
261.98509216308594,1.69,1
263.3974595069885,1.69,1
264.8115472793579,1.69,1
266.22236919403076,1.69,1
267.6301968097687,1.66,1
269.04176807403564,1.76,1
270.455894947052,1.59,1
271.8644480705261,1.66,1
273.27741169929504,1.72,1
274.70368933677673,1.69,1
276.1148450374603,1.69,1
277.4484407901764,1.72,1
278.8589127063751,1.59,1
280.2854731082916,1.72,1
281.69678950309753,1.72,1
283.10746479034424,1.59,1
284.51873993873596,1.69,1
285.92185521125793,1.72,1
287.3415904045105,1.62,1
288.7538387775421,1.69,1
290.1661157608032,1.66,1
291.58394408226013,1.69,1
292.98715686798096,1.66,1
294.39975023269653,1.69,1
295.8140158653259,1.72,1
297.23724150657654,1.72,1
298.6487967967987,1.72,1
300.0593190193176,1.76,1
301.47054409980774,1.69,1
302.8850431442261,1.76,1
304.29339361190796,1.69,1
305.7141525745392,1.69,1
307.1147632598877,1.69,1
308.5270278453827,1.69,1
309.95227336883545,1.69,1
311.349289894104,1.69,1
312.7765028476715,1.72,1
314.18838238716125,1.72,1
315.60078859329224,1.69,1
317.01130652427673,1.76,1
318.42821526527405,1.72,1
319.8335120677948,1.76,1
321.2442090511322,1.72,1
322.5919599533081,1.72,1
324.0037429332733,1.72,1
325.41745948791504,1.72,1
326.8270184993744,1.69,1
328.1745607852936,1.72,1
329.5871493816376,1.69,1
330.9971330165863,1.72,1
332.4097807407379,1.69,1
333.75959753990173,1.72,1
335.17198061943054,1.72,1
336.51747727394104,1.72,1
337.85640048980713,1.72,1
339.1989748477936,1.66,1
340.62325286865234,1.72,1
342.0206878185272,1.69,1
343.4326229095459,1.72,1
344.7800531387329,1.62,1
346.1910138130188,1.69,1
347.6042001247406,1.76,1
348.95841670036316,1.76,1
350.3680422306061,1.76,1
351.7884693145752,1.72,1
353.19913601875305,1.72,1
354.612890958786,1.69,1
355.94624185562134,1.62,1
357.3570885658264,1.72,1
358.7696223258972,1.69,1
360.18242263793945,1.72,1
361.5286042690277,1.69,1
362.8811297416687,1.69,1
364.2268445491791,1.69,1
365.6368684768677,1.72,1
366.97334265708923,1.69,1
368.38331484794617,1.69,1
369.72791934013367,1.69,1
371.1416232585907,1.66,1
372.4899060726166,1.66,1
373.84414505958557,1.59,1
375.24911427497864,1.62,1
376.6612079143524,1.66,1
378.07326889038086,1.55,1
379.4839520454407,1.52,1
380.82823967933655,1.48,1
382.2477731704712,1.52,1
383.65396785736084,1.52,1
385.06923246383667,1.59,1
386.4800283908844,1.52,1
387.9043357372284,1.48,1
389.2486193180084,1.48,1
390.64992809295654,1.45,1
391.99484944343567,1.48,1
393.4153699874878,1.45,1
394.818398475647,1.45,1
396.2440779209137,1.41,1
397.6570053100586,1.66,1
399.0666980743408,1.62,1
400.4808533191681,1.55,1
401.89061737060547,1.59,1
403.2419857978821,1.62,1
404.6534023284912,1.66,1
406.06468391418457,1.62,1
407.47401881217957,1.59,1
408.8845262527466,1.59,1
410.29608488082886,1.69,1
411.6406981945038,1.76,1
413.0595920085907,1.72,1
414.465754032135,1.62,1
415.88618993759155,1.69,1
417.2966229915619,1.62,1
418.7015950679779,1.62,1
420.1279137134552,1.55,1
421.52494287490845,1.69,1
422.950670003891,1.59,1
424.3631672859192,1.59,1
425.7097728252411,1.52,1
427.1219916343689,1.62,1
428.528297662735,1.55,1
429.94481348991394,1.55,1
431.35810017585754,1.48,1
432.7670900821686,1.48,1
434.1016709804535,1.48,1
435.527156829834,1.38,1
436.86198925971985,1.48,1
438.2719943523407,1.55,1
439.6843514442444,1.72,1
441.11002469062805,1.72,1
442.5205295085907,1.69,1
443.93421816825867,1.72,1
445.34449458122253,1.76,1
446.7550163269043,1.72,1
448.104305267334,1.69,1
449.513867855072,1.69,1
450.9283723831177,1.69,1
452.33608889579773,1.66,1
453.66967844963074,1.62,1
455.0984025001526,1.69,1
456.51055669784546,1.66,1
457.92181158065796,1.72,1
459.3317759037018,1.69,1
460.7482409477234,1.69,1
462.153701543808,1.69,1
463.569039106369,1.69,1
464.9793531894684,1.66,1
466.3865683078766,1.66,1
467.80970001220703,1.66,1
469.21098232269287,1.59,1
470.6379454135895,1.69,1
471.97458004951477,1.69,1
473.3953297138214,1.69,1
474.80743503570557,1.66,1
476.2221221923828,1.59,1
477.6216723918915,1.62,1
479.04187774658203,1.69,1
480.45302176475525,1.62,1
481.86467599868774,1.66,1
483.27538681030273,1.66,1
484.6909945011139,1.69,1
486.09928464889526,1.69,1
487.50959634780884,1.66,1
488.9239876270294,1.69,1
490.34678292274475,1.59,1
491.7584228515625,1.66,1
493.1647427082062,1.69,1
494.5815682411194,1.62,1
495.99347376823425,1.62,1
497.40738344192505,1.69,1
498.8155245780945,1.76,1
500.22665429115295,1.69,1
501.63916993141174,1.69,1
502.98638224601746,1.69,1
504.3962969779968,1.69,1
505.8172435760498,1.62,1
507.2200782299042,1.69,1
508.6463723182678,1.72,1
510.05907440185547,1.72,1
511.4709415435791,1.76,1
512.8819427490234,1.72,1
514.2927186489105,1.66,1
515.7061116695404,1.69,1
517.115252494812,1.69,1
518.5249154567719,1.66,1
519.9377498626709,1.69,1
521.3479814529419,1.69,1
522.7024607658386,1.69,1
524.1087639331818,1.72,1
525.5200002193451,1.72,1
526.9319577217102,1.69,1
528.342732667923,1.72,1
529.7676656246185,1.66,1
531.1812727451324,1.66,1
532.5912871360779,1.69,1
533.9903836250305,1.72,1
535.4141488075256,1.66,1
536.8264513015747,1.69,1
538.2406339645386,1.69,1
539.6492745876312,1.69,1
541.0600454807281,1.72,1
542.4722621440887,1.62,1
543.819206237793,1.69,1
545.2385256290436,1.69,1
546.6443088054657,1.66,1
548.0529561042786,1.62,1
549.4633016586304,1.62,1
550.8752627372742,1.69,1
552.3023846149445,1.66,1
553.7026078701019,1.62,1
555.126713514328,1.62,1
556.5365488529205,1.66,1
557.9505174160004,1.62,1
559.3631770610809,1.66,1
560.7696413993835,1.59,1
562.1829717159271,1.66,1
563.5930614471436,1.62,1
565.0039138793945,1.59,1
566.4254398345947,1.55,1
567.8429152965546,1.52,1
569.2533330917358,1.55,1
570.6580631732941,1.62,1
572.0789630413055,1.55,1
573.4887025356293,1.41,1
574.8983638286591,1.48,1
576.3108124732971,1.41,1
577.7214727401733,1.41,1
579.134072303772,1.48,1
580.544047832489,1.38,1
581.9551277160645,1.48,1
583.4458751678467,1.41,1
584.8567109107971,1.62,1
586.2692294120789,1.62,1
587.6791470050812,1.66,1
589.0911648273468,1.59,1
590.5021216869354,1.59,1
591.912745475769,1.69,1
593.3266987800598,1.59,1
594.7499868869781,1.69,1
596.1626229286194,1.66,1
597.5773041248322,1.62,1
598.9833562374115,1.66,1
600.3972542285919,1.59,1
601.8132183551788,1.62,1
603.2191216945648,1.66,1
604.6398425102234,1.59,1
606.0429487228394,1.62,1
607.452935218811,1.55,1
608.8791320323944,1.48,1
610.290682554245,1.55,1
611.7018356323242,1.59,1
613.1160688400269,1.52,1
614.5239520072937,1.41,1
615.9388155937195,1.45,1
617.354213476181,1.38,1
618.7622337341309,1.59,1
620.1694133281708,1.41,1
621.5943348407745,1.38,1
622.9918832778931,1.69,1
624.4185433387756,1.62,1
625.8307015895844,1.62,1
627.2317974567413,1.62,1
628.6547088623047,1.66,1
630.0678951740265,1.69,1
631.479722738266,1.66,1
632.8901534080505,1.59,1
634.3087041378021,1.59,1
635.7206134796143,1.62,1
637.1197521686554,1.66,1
638.4692692756653,1.66,1
639.8208651542664,1.52,1
641.230307340622,1.62,1
642.6446552276611,1.66,1
644.0524592399597,1.66,1
645.3878784179688,1.62,1
646.8140671253204,1.62,1
648.143871307373,1.62,1
649.5710859298706,1.62,1
650.909051656723,1.62,1
652.2538087368011,1.55,1
653.6035604476929,1.55,1
654.9479792118073,1.59,1
656.2854659557343,1.55,1
657.6975190639496,1.59,1
659.0484392642975,1.48,1
660.4541614055634,1.48,1
661.8013489246368,1.52,1
663.1389026641846,1.59,1
664.4920709133148,1.55,1
665.8365337848663,1.62,1
667.1804306507111,1.48,1
668.5804567337036,1.52,1
669.9256014823914,1.66,1
671.2761452198029,1.69,1
672.6968212127686,1.66,1
674.098925113678,1.69,1
675.5120866298676,1.62,1
676.921160697937,1.69,1
678.2740459442139,1.66,1
679.6942713260651,1.62,1
681.0315380096436,1.66,1
682.4384896755219,1.55,1
683.7883810997009,1.62,1
685.1977028846741,1.66,1
686.6093218326569,1.59,1
688.0211293697357,1.69,1
689.4443006515503,1.66,1
690.8563694953918,1.62,1
692.1931591033936,1.62,1
693.603392124176,1.62,1
695.0252525806427,1.66,1
696.3640878200531,1.66,1
697.774001121521,1.66,1
699.1881539821625,1.66,1
700.5982463359833,1.62,1
702.023814201355,1.59,1
703.4367244243622,1.72,1
704.8476004600525,1.62,1
706.1866865158081,1.66,1
707.6067669391632,1.66,1
709.0198771953583,1.66,1
710.4323163032532,1.69,1
711.8418371677399,1.66,1
713.2571494579315,1.62,1
714.665552854538,1.62,1
716.0750875473022,1.66,1
717.4251370429993,1.66,1
718.8377754688263,1.66,1
720.181661605835,1.66,1
721.5248167514801,1.72,1
722.9255948066711,1.72,1
724.343551158905,1.69,1
725.6827762126923,1.69,1
727.0928971767426,1.66,1
728.5058741569519,1.69,1
729.8509879112244,1.66,1
731.1974151134491,1.66,1
732.5398104190826,1.59,1
733.9540634155273,1.72,1
735.3784306049347,1.69,1
736.7853255271912,1.66,1
738.1321141719818,1.66,1
739.5489046573639,1.69,1
740.8907990455627,1.59,1
742.3030211925507,1.69,1
743.6472871303558,1.62,1
745.0541825294495,1.66,1
746.4756026268005,1.1,1
747.8761150836945,1.55,1
749.2895092964172,1.59,1
