1.1022922992706299,-1.76,0
2.3500466346740723,-1.79,0
3.5500519275665283,-1.79,0
4.75169825553894,-1.86,0
10.328965425491333,646.41,1
11.739163637161255,718.03,1
13.150058031082153,475.86,1
14.56104588508606,280.55,1
21.855217218399048,-0.86,0
23.19105362892151,-0.93,0
24.508704900741577,-0.86,0
25.821601629257202,-0.83,0
27.129318714141846,-0.9,0
28.44231152534485,-0.86,0
29.754168272018433,-0.93,0
31.062755346298218,-0.86,0
32.4161810874939,-0.83,0
33.72492742538452,-0.79,0
35.03248119354248,-0.86,0
36.32355070114136,-0.83,0
37.629719495773315,-0.76,0
38.936885833740234,-0.79,0
40.256569385528564,-0.83,0
41.56463932991028,-0.79,0
47.17440843582153,623.03,1
48.578352212905884,731.48,1
49.91561818122864,526.45,1
51.272106885910034,333.69,1
52.677080154418945,211.38,1
54.0980281829834,143.1,1
55.437050104141235,108.38,1
56.83959078788757,88.0,1
