1.1153082847595215,-2.07,0
2.3440725803375244,-2.03,0
3.560149669647217,-2.1,0
4.763591527938843,-2.17,0
5.963531494140625,-1.93,0
10.560373306274414,-1.38,1
11.98020887374878,66.59,1
13.392385244369507,43.72,1
14.803654909133911,64.17,1
16.2117018699646,86.62,1
17.55535125732422,92.0,1
18.901427030563354,133.55,1
20.234839916229248,140.48,1
21.65730094909668,102.62,1
23.000301599502563,1.97,1
24.33413815498352,2.59,1
25.679996490478516,-1.76,1
27.095067262649536,-1.45,1
28.429824113845825,-1.52,1
29.852632999420166,-1.52,1
31.18723726272583,-1.62,1
32.60649919509888,-1.62,1
33.95362710952759,-1.62,1
35.29754281044006,-1.59,1
36.645745515823364,-1.55,1
38.054933309555054,-1.48,1
39.38691473007202,-1.48,1
40.81476807594299,-1.48,1
42.148916482925415,-1.52,1
43.55785274505615,-1.52,1
