1.1006977558135986,-1.52,0
2.343254804611206,-1.41,0
3.554238796234131,-1.48,0
4.754671096801758,-1.55,0
9.347052812576294,-1.52,1
10.746758937835693,-1.52,1
12.159183263778687,-1.52,1
13.580995321273804,-1.52,1
14.997644186019897,-1.48,1
16.404313802719116,-1.48,1
17.749701738357544,-1.48,1
19.09350848197937,-1.52,1
20.436482429504395,-1.52,1
21.77327847480774,-1.52,1
23.193848133087158,-1.41,1
24.607850074768066,-1.45,1
26.018372058868408,-1.52,1
27.43707799911499,-1.45,1
28.838770151138306,-1.45,1
30.25973606109619,-1.45,1
31.666730403900146,-1.59,1
33.0825297832489,-1.48,1
34.42161321640015,-1.52,1
35.842501640319824,-1.48,1
37.18142628669739,-1.41,1
38.6019868850708,-1.52,1
40.00712823867798,-1.45,1
41.42457723617554,-1.52,1
42.77166247367859,-1.48,1
44.17595672607422,-1.48,1
45.58854150772095,-1.52,1
47.009074687957764,-1.52,1
48.412718057632446,-1.45,1
49.83398652076721,-1.52,1
51.23578667640686,-1.52,1
52.65668988227844,-1.48,1
54.07354235649109,-1.48,1
55.480947732925415,-1.52,1
56.885842084884644,-1.41,1
58.30626320838928,-1.52,1
59.71955323219299,-1.55,1
61.133111238479614,-1.48,1
62.537554025650024,-1.55,1
63.950050592422485,-1.45,1
65.30014038085938,-1.45,1
66.71659469604492,-1.45,1
68.13278102874756,-1.48,1
69.53353428840637,-1.45,1
70.95331621170044,-1.41,1
72.35987329483032,-1.48,1
73.77778029441833,-1.45,1
75.1861617565155,-1.52,1
76.53421235084534,-1.45,1
77.95416069030762,-1.45,1
79.36419463157654,-1.45,1
80.78108859062195,-1.38,1
82.18538737297058,-1.45,1
83.60355257987976,-1.55,1
85.00315070152283,-1.48,1
86.42087578773499,-1.48,1
87.83071160316467,3.55,1
89.1755838394165,-1.34,1
90.59606695175171,-1.62,1
92.00133848190308,-1.55,1
93.42363691329956,-1.55,1
94.76815009117126,-1.52,1
96.18216037750244,-1.62,1
97.52154088020325,-1.55,1
98.93286943435669,-1.48,1
100.27436518669128,-1.59,1
101.67880868911743,-1.52,1
103.09951972961426,-1.52,1
104.51862239837646,-1.52,1
105.86010646820068,-1.55,1
107.26570463180542,-1.52,1
108.60647058486938,-1.62,1
110.02652597427368,1100.0,1
111.36447811126709,10.66,1
112.78093886375427,0.52,1
114.19669461250305,-0.86,1
115.60161638259888,-1.72,1
117.00842952728271,0.59,1
118.42756414413452,-1.97,1
119.84381604194641,-1.41,1
121.24589848518372,-1.38,1
122.6617956161499,-1.38,1
124.0776538848877,23.14,1
125.49632620811462,-2.31,1
126.90507578849792,-2.07,1
128.30968141555786,-1.86,1
129.7316436767578,-1.69,1
131.1433663368225,-2.55,1
132.55982446670532,1100.0,1
133.96779942512512,1.76,1
135.3767375946045,-1.55,1
136.79241704940796,-1.66,1
138.21153163909912,-1.72,1
139.54941987991333,-1.69,1
140.95701479911804,-2.34,1
142.37744617462158,5.9,1
143.79578065872192,-2.0,1
145.20169043540955,-2.0,1
146.60708284378052,-2.1,1
148.02486062049866,-2.17,1
149.44590306282043,-2.14,1
150.84835195541382,-2.17,1
152.26746582984924,-2.07,1
153.67710614204407,1100.0,1
155.08947658538818,166.72,1
156.5081250667572,6.14,1
157.9109742641449,0.48,1
159.32128620147705,-0.38,1
160.7417802810669,-1.41,1
162.08397245407104,-2.03,1
163.49794149398804,-691.76,1
164.8403444290161,-2.0,1
166.19060969352722,-1.66,1
167.5349097251892,-1.41,1
168.93718028068542,-1.38,1
170.2806692123413,-1.31,1
171.69956874847412,-1.41,1
173.10345077514648,-1.45,1
174.45960140228271,-1.45,1
175.86480045318604,-1.41,1
177.28433632850647,-1.41,1
178.69584918022156,-1.41,1
180.11195302009583,-1.48,1
181.45509314537048,-1.41,1
182.8579490184784,-1.45,1
184.28462767601013,-1.48,1
185.69170951843262,-1.52,1
187.0326385498047,-1.45,1
188.43887591362,-1.45,1
189.85986995697021,-1.48,1
191.27773523330688,-1.48,1
192.68858647346497,-1.52,1
194.09183430671692,-1.31,1
195.513507604599,-1.31,1
196.9266619682312,-1.34,1
198.26901817321777,-1.31,1
199.67397356033325,-1.28,1
201.1006317138672,-1.38,1
202.51181721687317,-1.38,1
203.85408639907837,-1.34,1
205.27089071273804,-1.45,1
206.609060049057,-1.41,1
208.02428793907166,-1.48,1
209.42519664764404,-1.41,1
210.84406280517578,-1.41,1
212.26373863220215,-1.45,1
213.66850805282593,-1.38,1
215.0907154083252,-1.45,1
216.4957218170166,-1.41,1
217.9148850440979,-1.41,1
219.31552958488464,-1.48,1
220.73596811294556,-1.48,1
222.147301197052,-1.38,1
223.56412839889526,-1.45,1
224.96635055541992,-1.48,1
226.3827166557312,-1.41,1
227.79498529434204,-1.45,1
229.14343357086182,-1.41,1
230.54920935630798,-1.41,1
231.96117115020752,-1.41,1
233.38614559173584,-1.38,1
234.7960615158081,-1.41,1
236.19926142692566,-1.41,1
237.61320304870605,-1.45,1
239.0321443080902,-1.45,1
240.45146131515503,-1.41,1
241.85803055763245,-1.38,1
243.2737250328064,-1.45,1
244.68025875091553,-1.34,1
246.09940552711487,-1.41,1
247.502614736557,-1.41,1
248.9259672164917,-1.48,1
250.6074948310852,-1.41,1
254.16725063323975,-1.34,1
257.7175500392914,-1.48,1
261.2680048942566,-1.38,1
264.8156397342682,-1.41,1
268.36456513404846,-1.41,1
271.9106674194336,-1.45,1
275.4672465324402,-1.45,1
279.01085209846497,-1.45,1
282.55437994003296,-1.45,1
286.11390256881714,-1.45,1
289.6529583930969,-1.41,1
293.216139793396,-1.45,1
296.75462317466736,-1.38,1
300.3126800060272,-1.45,1
303.8512818813324,-1.38,1
307.4032726287842,-1.45,1
310.9627351760864,-1.41,1
314.50862097740173,-1.38,1
318.06269335746765,-1.34,1
321.6027557849884,-1.41,1
325.1610884666443,-1.38,1
