1.1114375591278076,-1.76,0
2.348947763442993,-1.79,0
3.5683066844940186,-1.83,0
4.77195143699646,-1.86,0
5.986088037490845,-1.83,0
7.206481218338013,-1.83,0
8.630967855453491,-1.9,0
9.885626316070557,-1.9,0
11.410646677017212,-1.86,0
12.667837381362915,-1.86,0
13.884479999542236,-1.86,0
15.097846984863281,-1.93,0
16.300467252731323,-1.93,0
20.894917964935303,239.93,1
22.307849407196045,231.59,1
23.719381093978882,229.76,1
31.0171217918396,-1.66,0
32.368929386138916,-1.62,0
33.678094148635864,-1.45,0
34.98912596702576,-1.52,0
36.29615330696106,-1.55,0
37.612098693847656,-1.62,0
38.91718673706055,-1.62,0
40.227299213409424,-1.59,0
44.81657910346985,261.03,1
46.239338874816895,244.86,1
47.65242648124695,243.48,1
49.063177824020386,242.1,1
56.38117480278015,-1.93,0
57.697572231292725,-1.93,0
59.01179790496826,-1.9,0
60.324631690979004,-1.97,0
61.633044481277466,-1.83,0
62.97724986076355,-1.93,0
64.30665636062622,-1.93,0
