1.103700876235962,-1.59,0
2.3438754081726074,-1.55,0
3.55491304397583,-1.59,0
4.765239477157593,-1.52,0
5.972841739654541,-1.55,0
7.1884379386901855,-1.52,0
12.755329847335815,130.03,1
14.181384325027466,184.72,1
15.594351053237915,200.14,1
17.00670599937439,205.93,1
18.33968758583069,208.9,1
19.68363332748413,208.03,1
21.102543592453003,193.93,1
22.504825115203857,167.21,1
23.85177183151245,153.34,1
25.25683093070984,136.1,1
26.678972005844116,120.9,1
34.05089497566223,-1.21,0
35.33734083175659,-1.24,0
36.644859790802,-1.17,0
37.95397591590881,-1.28,0
39.254101037979126,-1.31,0
40.56201171875,-1.34,0
41.873377561569214,-1.48,0
43.17583966255188,-1.38,0
44.51756978034973,-1.41,0
45.83245086669922,-1.41,0
47.14352083206177,-1.34,0
48.45286989212036,-1.41,0
49.74888467788696,-1.38,0
51.05716037750244,-1.34,0
52.36482524871826,-1.48,0
53.67154335975647,-1.52,0
59.30294966697693,130.76,1
60.72486329078674,183.1,1
62.13130831718445,198.14,1
63.54791760444641,204.79,1
64.95125675201416,208.07,1
66.37082695960999,203.66,1
67.71004843711853,185.21,1
69.12248182296753,167.41,1
70.52710723876953,148.03,1
71.95130062103271,131.0,1
73.36437582969666,116.69,1
80.6625964641571,-11.76,0
81.96466207504272,-11.9,0
83.2691159248352,-11.97,0
84.58846282958984,-11.93,0
85.90164136886597,-12.07,0
