1.110520839691162,2.48,0
2.3471744060516357,1.79,0
3.5542054176330566,-1.45,0
4.760260820388794,-1.62,0
5.967267751693726,-5.14,0
7.177654027938843,-8.28,0
8.385757207870483,-5.07,0
9.584195852279663,5.34,0
10.800230503082275,5.17,0
12.047101259231567,0.24,0
13.269468069076538,-1.41,0
14.473287105560303,-1.59,0
15.698020219802856,-1.86,0
16.909348726272583,-1.62,0
18.10590124130249,-1.93,0
22.690985441207886,400.14,1
24.11238956451416,257.1,1
25.52277159690857,243.24,1
26.93397283554077,239.45,1
28.33908462524414,213.83,1
29.755494356155396,191.55,1
31.160876035690308,170.79,1
32.58092784881592,154.55,1
33.98021721839905,140.93,1
35.405024766922,128.07,1
36.74773073196411,119.14,1
38.091012954711914,112.69,1
39.431851387023926,104.24,1
40.76456069946289,95.52,1
42.189176082611084,90.0,1
43.53115367889404,84.97,1
44.94324445724487,76.52,1
46.343751192092896,71.79,1
47.76364827156067,63.59,1
49.10041069984436,61.45,1
50.520394802093506,64.0,1
51.92362380027771,60.97,1
53.333831548690796,58.14,1
54.74537992477417,58.0,1
56.1577033996582,51.03,1
57.56674075126648,49.03,1
58.988606452941895,48.76,1
60.396525859832764,47.83,1
61.80471444129944,46.28,1
63.225653409957886,43.9,1
64.6272783279419,42.59,1
66.03813552856445,41.72,1
73.35440850257874,0.1,0
74.69295907020569,-0.07,0
76.0078296661377,-0.1,0
77.32689785957336,-0.03,0
78.62698602676392,-0.03,0
79.9294900894165,0.1,0
81.24353957176208,0.24,0
82.55580282211304,0.14,0
87.15774893760681,400.45,1
88.56877779960632,253.34,1
89.98203039169312,243.97,1
91.39033651351929,239.59,1
92.79329991340637,222.93,1
94.21405243873596,199.07,1
95.62476396560669,179.31,1
97.0374104976654,161.72,1
98.44896030426025,150.38,1
99.85833168029785,131.45,1
101.27486562728882,128.21,1
102.68281626701355,110.17,1
104.09184384346008,100.72,1
105.50511384010315,93.69,1
106.91913366317749,86.86,1
108.26635122299194,81.79,1
109.67755365371704,76.79,1
111.08866000175476,72.83,1
112.50297713279724,69.41,1
113.9103798866272,64.24,1
115.31955552101135,62.72,1
116.7390947341919,59.34,1
118.15133237838745,56.34,1
119.55577778816223,52.86,1
120.9732756614685,53.21,1
122.37782263755798,52.28,1
123.78924655914307,51.1,1
125.20730257034302,48.9,1
126.61095094680786,47.66,1
128.02125239372253,46.14,1
129.3680601119995,47.34,1
136.73217630386353,4.72,0
138.04214930534363,5.52,0
139.35954070091248,5.55,0
140.67618417739868,5.48,0
141.9956614971161,5.52,0
143.31539678573608,5.66,0
144.6287009716034,5.9,0
145.99343729019165,5.79,0
150.58813047409058,5.72,1
152.0004312992096,6.97,1
153.4085669517517,8.38,1
154.82317972183228,10.24,1
156.23351001739502,11.38,1
157.65660762786865,13.14,1
159.0692048072815,15.38,1
160.48065423965454,17.62,1
161.8139293193817,19.69,1
163.16588401794434,22.17,1
164.58190870285034,24.59,1
165.92358374595642,26.38,1
167.25546956062317,28.52,1
168.67841625213623,30.28,1
170.01847958564758,32.07,1
171.4274196624756,33.9,1
172.7742419242859,35.59,1
174.10796689987183,36.97,1
175.45654320716858,38.28,1
176.86772990226746,39.83,1
178.2178440093994,40.72,1
179.63041257858276,42.0,1
180.96103477478027,43.0,1
182.3738558292389,43.45,1
183.72395968437195,44.1,1
185.07140731811523,43.0,1
186.48076558113098,46.34,1
187.89387392997742,45.45,1
189.30337047576904,45.03,1
190.71588611602783,53.45,1
192.12573623657227,48.38,1
193.5370752811432,51.28,1
194.94850277900696,45.97,1
196.36241698265076,97.62,1
197.7749879360199,61.21,1
199.1816909313202,60.21,1
200.59698963165283,55.69,1
202.0037395954132,57.86,1
203.4082350730896,57.41,1
204.83284854888916,58.55,1
206.17552280426025,58.14,1
207.58878755569458,58.9,1
208.99785780906677,59.17,1
210.3969223499298,59.79,1
211.8079035282135,59.62,1
213.22658109664917,59.45,1
214.6405382156372,58.45,1
