1.1094322204589844,0.83
2.3508946895599365,0.9
3.558288812637329,0.86
4.7597496509552,0.79
5.975430488586426,0.86
10.547648668289185,2.14
11.95970869064331,6.1
13.371610641479492,11.07
14.774301290512085,16.41
16.184459924697876,19.97
17.53649091720581,20.9
18.95266580581665,23.0
20.291181325912476,25.31
21.697360038757324,25.97
23.046327352523804,28.38
24.451575756072998,29.86
25.807912826538086,29.59
27.216174364089966,28.93
28.626055002212524,29.52
30.043235540390015,30.14
31.454222679138184,29.21
32.86034607887268,30.1
34.20884346961975,29.34
35.54941272735596,29.34
36.89482593536377,28.69
38.29881739616394,29.07
39.65081977844238,29.34
41.048306465148926,28.45
42.40337824821472,28.9
43.7484974861145,31.14
45.089744329452515,31.97
46.434879302978516,32.83
47.84526515007019,32.48
49.24596333503723,29.97
50.661521196365356,29.83
52.07680606842041,29.38
53.491493940353394,29.17
54.90435242652893,29.55
56.315863370895386,31.9
57.72901248931885,32.86
59.13184857368469,29.52
60.54672646522522,31.31
62.023616790771484,29.38
63.572402238845825,28.79
65.13092994689941,29.59
66.53572535514832,29.79
67.9483163356781,32.34
69.35402536392212,32.62
70.76707243919373,32.69
72.17949151992798,33.0
73.59447622299194,30.24
75.0071587562561,29.48
76.41851472854614,30.93
83.72573590278625,2.21
85.03480863571167,2.34
86.34967494010925,2.24
87.69018507003784,2.24
89.00902962684631,2.28
90.31916379928589,2.31
91.63418245315552,2.34
92.94854068756104,2.24
94.25910353660583,2.31
95.57211112976074,2.24
96.92294120788574,2.28
98.23509502410889,2.38
99.54351902008057,2.28
100.85843515396118,2.28
102.17741751670837,2.34
103.49421310424805,2.31
108.06907033920288,255.79
109.4884307384491,320.69
110.89979887008667,334.41
112.30923008918762,295.62
113.72676658630371,245.62
115.1390905380249,208.55
122.44488072395325,-0.9
123.7650191783905,-0.86
125.08450245857239,-0.86
126.43384504318237,-0.79
127.75130987167358,-0.83
129.06731915473938,-0.76
130.38530683517456,-0.72
131.69817996025085,-0.76
133.021831035614,-0.76
134.33541226387024,-0.79
135.64536142349243,-0.69
136.9988579750061,-0.69
138.30737137794495,-0.62
139.61928153038025,-0.72
140.9239468574524,-0.76
142.24086952209473,-0.66
146.82220602035522,3.93
148.2364902496338,3.93
149.64982986450195,9.52
151.06468677520752,13.24
152.4701714515686,14.83
153.8843069076538,16.83
155.30020999908447,17.52
156.70938444137573,18.03
158.1282377243042,19.21
159.52685546875,19.45
160.8802285194397,19.34
162.29000043869019,19.28
163.70187330245972,19.41
165.12014269828796,19.38
166.5279450416565,19.41
167.87512063980103,19.14
169.2232506275177,19.1
170.56626772880554,19.24
171.910395860672,19.0
173.31935286521912,18.9
174.72658967971802,20.38
176.07787084579468,19.34
177.49228358268738,20.38
178.8368260860443,19.17
180.17820358276367,20.34
181.5187487602234,19.21
182.86515426635742,18.79
184.26655316352844,20.34
185.62270712852478,19.17
187.0291624069214,20.34
188.37849712371826,19.24
189.72108674049377,20.55
191.06143927574158,20.55
192.4071867465973,19.24
193.8146915435791,20.07
195.2316324710846,18.9
196.64598083496094,19.97
198.05598783493042,20.24
199.46519827842712,20.52
200.88092851638794,20.55
202.29238629341125,18.86
203.70235776901245,19.79
205.10784697532654,20.0
206.53417372703552,20.24
207.93306350708008,20.14
209.34626960754395,20.48
210.75998711585999,20.48
212.18182396888733,19.21
213.59263682365417,20.0
215.00467586517334,20.48
216.40993809700012,20.28
217.83497834205627,19.07
219.24501776695251,18.83
220.65854334831238,19.72
222.0677363872528,20.31
223.4757182598114,19.17
224.88751101493835,19.69
226.3039653301239,18.86
227.71590995788574,19.97
229.06479740142822,18.72
230.4682114124298,19.62
231.88822770118713,20.1
233.29992127418518,20.0
234.7099907398224,20.17
236.12556767463684,20.03
237.52941823005676,19.9
238.94316029548645,20.03
240.3541030883789,20.1
241.7756381034851,20.21
243.18838620185852,20.0
250.48451209068298,4.28
251.79855823516846,4.17
253.1124906539917,4.17
254.45853447914124,4.17
255.78109431266785,4.24
257.10301208496094,4.17
258.424679517746,4.1
259.74716329574585,4.07
264.31751441955566,2.24
265.7287209033966,11.17
267.13835287094116,19.83
268.5531692504883,30.0
269.97061252593994,35.48
271.3823416233063,40.1
272.794322013855,43.1
274.20367646217346,46.28
275.61564445495605,47.14
277.02851152420044,48.1
278.4300489425659,50.55
279.84468603134155,49.17
281.26006627082825,47.93
282.6709101200104,50.55
284.09052991867065,49.1
285.5012540817261,49.69
286.90210723876953,49.48
288.31927824020386,48.48
289.73598313331604,49.14
291.137469291687,49.41
292.554044008255,49.1
293.97157073020935,51.45
295.38321328163147,50.24
296.795978307724,48.76
298.1936545372009,49.41
299.60990834236145,49.1
301.02543473243713,49.24
302.4358878135681,48.9
303.84506916999817,49.55
305.25470185279846,48.97
312.5663380622864,2.1
313.89369463920593,2.17
315.2560977935791,2.07
316.57516503334045,2.14
317.8958628177643,2.07
319.22006726264954,2.07
320.5292272567749,2.07
321.83977460861206,2.14
