1.1087884902954102,-1.59,0
2.357236385345459,-1.48,0
3.5697073936462402,-1.52,0
4.7784342765808105,-1.62,0
5.985504627227783,-1.55,0
7.199594497680664,-1.52,0
8.401374101638794,-1.52,0
9.620033740997314,-1.55,0
10.846545219421387,-1.48,0
12.090758562088013,-1.59,0
13.321461200714111,-1.52,0
14.54437255859375,-1.55,0
15.761958360671997,-1.48,0
16.978901863098145,-1.52,0
18.195138216018677,-1.59,0
19.39315962791443,-1.48,0
20.60397505760193,-1.48,0
21.84190034866333,-1.59,0
23.049098253250122,-1.55,0
24.265207290649414,-1.55,0
25.683374404907227,-1.48,0
26.948955535888672,-1.52,0
28.475796699523926,-1.59,0
29.68556046485901,-1.55,0
30.942391633987427,-1.45,0
32.153337717056274,-1.59,0
36.73141169548035,-1.55,1
38.1474883556366,-1.48,1
39.559842109680176,-1.45,1
40.902512073516846,-1.55,1
42.30997133255005,-1.52,1
43.71859288215637,-1.48,1
45.14205265045166,-1.55,1
46.55501079559326,-1.59,1
