1.125699758529663,-1.55,0
2.364729881286621,-1.62,0
3.57275128364563,-1.52,0
4.769570350646973,-1.52,0
5.979781150817871,-1.55,0
7.180725336074829,-1.59,0
11.767731189727783,245.72,1
13.187957763671875,137.62,1
14.600135803222656,127.41,1
16.011993408203125,125.59,1
17.341094255447388,125.38,1
18.694864988327026,124.93,1
20.097459077835083,124.66,1
21.441985845565796,124.59,1
22.794630765914917,124.07,1
24.137088775634766,124.41,1
25.539047718048096,120.45,1
26.9583523273468,114.14,1
28.358949184417725,107.93,1
29.702977657318115,104.93,1
31.124295473098755,99.52,1
32.53886103630066,95.0,1
33.94922423362732,91.9,1
