1.11043381690979,5.76
2.3243556022644043,5.72
3.56038761138916,5.76
4.76447057723999,5.72
9.339187860488892,900.38
10.685465574264526,842.55
12.094510316848755,504.86
13.497400522232056,262.83
20.801337957382202,-1.31
22.14411473274231,-1.48
23.46447777748108,-1.48
24.77492094039917,-1.52
26.078042030334473,-1.66
27.392473459243774,-1.72
28.693817615509033,-1.72
30.014430046081543,-1.86
34.60061860084534,884.34
36.01239323616028,775.55
37.365806102752686,500.03
38.70278215408325,294.34
46.025219678878784,1.31
47.33545422554016,1.31
48.63383173942566,1.41
49.941975116729736,1.45
51.25893831253052,1.41
52.58549165725708,1.41
53.90308880805969,1.34
55.213884115219116,1.34
59.79123282432556,1.41
61.20813465118408,34.24
62.61986446380615,45.1
64.03207325935364,47.0
65.4494104385376,47.17
66.8643114566803,52.79
68.20748353004456,53.72
69.5524468421936,53.97
70.88823390007019,48.14
72.23814225196838,46.93
73.57548213005066,46.34
74.92328834533691,52.0
76.253014087677,53.41
77.67104721069336,47.86
79.0069887638092,46.66
80.35154008865356,46.31
81.70511794090271,46.1
83.0441198348999,46.03
84.38227391242981,46.1
85.7358729839325,45.86
87.14540529251099,46.17
88.54906511306763,45.97
89.96335959434509,46.31
