1.108109951019287,-1.86,0
2.3439345359802246,-1.83,0
3.551945209503174,-1.72,0
4.752995729446411,-1.83,0
9.333120107650757,25.45,1
10.676161289215088,23.07,1
12.089203834533691,32.03,1
13.500290155410767,43.0,1
14.904513835906982,46.03,1
16.32534694671631,46.52,1
17.66914653778076,50.83,1
19.007481575012207,51.55,1
20.35268211364746,47.38,1
21.689691305160522,46.31,1
23.10586428642273,49.97,1
24.447867393493652,50.79,1
25.867369890213013,51.14,1
27.277352571487427,46.93,1
28.677461624145508,50.0,1
30.09346079826355,50.79,1
31.504512310028076,50.9,1
32.9228355884552,50.72,1
34.323535680770874,50.9,1
35.66820454597473,46.69,1
37.08031678199768,49.69,1
44.390591621398926,-1.59,0
45.715577840805054,-1.52,0
47.01926040649414,-1.62,0
48.33479380607605,-1.62,0
49.64749598503113,-1.72,0
50.95152401924133,-1.69,0
52.25235939025879,-1.69,0
53.569159746170044,-1.72,0
54.918625831604004,-1.76,0
56.23491358757019,-1.76,0
57.53752017021179,-1.79,0
58.84894371032715,-1.76,0
60.155980348587036,-1.79,0
61.48171424865723,-1.76,0
62.78730821609497,-1.83,0
64.14375400543213,-1.76,0
65.44496488571167,-1.62,0
66.76186347007751,-1.86,0
68.05642700195312,-1.83,0
69.35852789878845,-1.86,0
70.65642976760864,-1.72,0
71.96736717224121,-1.83,0
73.265780210495,-1.83,0
74.57338166236877,-1.72,0
75.9132490158081,-1.9,0
77.22219014167786,-1.72,0
78.5335099697113,-1.83,0
79.8451714515686,-1.83,0
81.14810562133789,-1.86,0
82.44846701622009,-1.86,0
83.76130723953247,-1.79,0
85.06596112251282,-1.86,0
86.39587664604187,-1.86,0
87.70270347595215,-1.79,0
89.01726460456848,-1.93,0
93.59988832473755,24.55,1
94.9474561214447,22.62,1
96.36984324455261,35.59,1
97.7824432849884,43.76,1
99.18986654281616,45.86,1
100.60513496398926,50.24,1
102.01314949989319,46.97,1
103.435955286026,50.03,1
104.76653099060059,46.62,1
106.12151551246643,49.86,1
107.53061938285828,50.38,1
108.94613647460938,50.59,1
110.34663248062134,46.28,1
111.75503873825073,49.45,1
113.17539501190186,50.07,1
114.51861763000488,50.1,1
115.92345333099365,50.14,1
117.34740447998047,49.97,1
118.74802780151367,50.0,1
120.16263318061829,49.83,1
121.57230257987976,49.76,1
122.97933888435364,49.69,1
124.3953948020935,49.72,1
125.81246995925903,49.76,1
127.22218537330627,49.79,1
128.63067173957825,49.83,1
130.03695631027222,50.0,1
131.46036458015442,49.93,1
132.87648344039917,49.97,1
134.2111794948578,49.93,1
135.63094568252563,49.79,1
137.03391861915588,49.97,1
138.45171570777893,49.9,1
139.85973930358887,50.0,1
141.2691352367401,49.59,1
142.69056582450867,49.62,1
144.10171270370483,49.62,1
145.51099300384521,49.66,1
146.91692328453064,49.31,1
148.33137822151184,49.45,1
149.73703360557556,49.55,1
151.14976692199707,49.66,1
152.5627019405365,49.45,1
153.97221302986145,49.41,1
155.39554262161255,49.55,1
156.80758452415466,49.66,1
158.21000814437866,49.83,1
159.6164791584015,49.59,1
160.97105073928833,48.79,1
162.3162624835968,57.03,1
163.72750568389893,45.9,1
165.1394317150116,49.24,1
166.55085444450378,49.72,1
167.89509916305542,49.59,1
169.23128151893616,49.28,1
170.57792973518372,52.62,1
171.9207785129547,49.9,1
173.25309133529663,49.83,1
174.60628700256348,53.62,1
176.01669645309448,51.0,1
177.429940700531,50.17,1
178.7676818370819,50.24,1
180.11830854415894,50.17,1
181.53030943870544,50.21,1
182.8730480670929,49.41,1
184.21566081047058,49.97,1
185.55845618247986,47.86,1
186.89177179336548,53.41,1
188.30098271369934,50.69,1
189.6483449935913,50.62,1
190.985511302948,51.69,1
192.39993929862976,50.34,1
193.82110238075256,50.1,1
195.14947986602783,50.41,1
196.5765061378479,47.17,1
197.90921926498413,50.03,1
199.3264195919037,47.17,1
200.66986918449402,46.45,1
202.0756847858429,49.79,1
203.41480898857117,51.07,1
204.84048581123352,47.21,1
206.2429699897766,46.76,1
207.65415596961975,45.93,1
209.06661081314087,45.9,1
210.4869978427887,49.14,1
211.90049362182617,50.0,1
213.31230926513672,50.17,1
214.71948981285095,50.0,1
216.12759399414062,50.03,1
217.54358863830566,50.07,1
