1.1084556579589844,-1.72,0
2.355808734893799,-1.62,0
3.5653812885284424,-1.62,0
4.7649054527282715,-1.69,0
5.973971128463745,-1.59,0
7.185998916625977,-1.72,0
8.386044979095459,-1.66,0
9.593814134597778,-1.59,0
14.186863422393799,48.86,1
15.603330373764038,40.76,1
17.015385627746582,46.76,1
18.358439922332764,48.66,1
19.769454956054688,48.52,1
21.106730461120605,48.21,1
22.451589107513428,48.03,1
23.79629874229431,48.72,1
25.202733278274536,47.69,1
26.61227512359619,47.52,1
28.023994207382202,48.34,1
29.376877784729004,47.52,1
30.78894543647766,47.17,1
32.19766426086426,49.52,1
33.53219652175903,48.93,1
34.87957715988159,47.69,1
36.22792387008667,47.17,1
37.640374422073364,56.28,1
38.97471523284912,50.28,1
40.326406478881836,47.66,1
41.65939497947693,56.24,1
43.080315351486206,50.24,1
44.424474239349365,48.79,1
45.837337017059326,47.38,1
47.24554634094238,47.66,1
48.655821084976196,46.76,1
50.06517004966736,48.14,1
51.47298336029053,47.28,1
52.88351368904114,48.1,1
54.23919057846069,47.31,1
55.57488179206848,56.83,1
56.99080729484558,50.41,1
58.398656129837036,47.79,1
59.814035415649414,56.83,1
61.22615098953247,50.21,1
62.63188600540161,57.14,1
64.04934597015381,50.62,1
65.39318132400513,47.97,1
66.78967905044556,56.14,1
68.20603919029236,50.0,1
69.61907529830933,48.59,1
71.03116369247437,48.24,1
78.33811378479004,-0.1,0
79.6511914730072,63.41,0
80.94880628585815,0.41,0
82.26477456092834,1.31,0
83.58440470695496,1.34,0
84.89008808135986,3.31,0
86.23554611206055,-0.52,0
87.56910800933838,-1.48,0
88.87837433815002,-3.79,0
90.17531275749207,0.72,0
91.49148726463318,-3.03,0
92.81379222869873,-1.41,0
94.11669921875,-1.45,0
95.42874670028687,-1.48,0
96.76241874694824,-1.41,0
98.09192395210266,-1.45,0
99.39845037460327,-1.48,0
100.72019386291504,-1.59,0
102.03775191307068,-1.55,0
103.34686589241028,-1.52,0
104.66747808456421,-1.55,0
105.98036503791809,-1.66,0
107.32151389122009,-1.66,0
108.63000440597534,-1.55,0
109.96544194221497,-1.62,0
111.27438354492188,-1.69,0
112.59418439865112,-1.59,0
113.90796160697937,-1.66,0
115.22223162651062,-1.66,0
116.53734040260315,-1.72,0
117.88858938217163,-1.69,0
119.20543050765991,-1.66,0
120.5201063156128,-1.66,0
121.83322381973267,-1.69,0
123.16356134414673,-1.69,0
127.75462794303894,48.41,1
129.1720449924469,44.79,1
130.58857417106628,47.07,1
131.98796272277832,47.45,1
133.39860033988953,47.28,1
134.81295442581177,48.66,1
136.22316002845764,48.76,1
137.63448429107666,48.14,1
139.05421710014343,48.66,1
140.4614646434784,47.03,1
141.87027263641357,47.55,1
143.29338383674622,47.93,1
144.70520901679993,57.97,1
146.10647535324097,51.52,1
147.5176556110382,49.38,1
148.92967343330383,49.34,1
150.34566497802734,48.69,1
151.76106357574463,47.14,1
153.16548776626587,56.86,1
154.58361315727234,50.34,1
155.98978352546692,47.31,1
157.40441727638245,47.45,1
158.81721234321594,45.28,1
160.23239612579346,46.03,1
161.6459879875183,46.31,1
163.04909372329712,62.21,1
164.3878538608551,25.69,1
165.8110454082489,69.83,1
167.15359616279602,49.9,1
168.55704498291016,51.21,1
169.97744226455688,51.62,1
171.3119022846222,51.69,1
172.65437126159668,51.86,1
174.06007766723633,45.41,1
175.4048626422882,50.97,1
176.7545084953308,51.83,1
178.09404873847961,45.72,1
179.4349935054779,49.79,1
180.78921151161194,44.45,1
182.1919333934784,51.38,1
183.61232662200928,52.28,1
190.916335105896,-5.93,0
192.22131967544556,-5.9,0
193.51644897460938,-6.0,0
194.82452249526978,-6.03,0
196.1367359161377,-6.1,0
197.45052576065063,-6.07,0
198.76494193077087,-6.21,0
200.08051204681396,-6.21,0
201.42833805084229,-6.1,0
202.741046667099,-6.1,0
204.04143357276917,-6.14,0
205.3572473526001,-6.31,0
206.68662881851196,-6.1,0
207.99982380867004,-6.28,0
209.30566596984863,-6.24,0
210.6151967048645,-6.24,0
211.95569133758545,-6.24,0
213.2741560935974,-6.24,0
214.5843584537506,-6.21,0
215.90272688865662,-6.28,0
217.21985411643982,-6.21,0
218.5140688419342,-6.28,0
219.82726621627808,-6.28,0
221.16750073432922,-6.28,0
222.48998165130615,-6.21,0
223.79232168197632,-6.24,0
225.11557364463806,-6.24,0
226.4287919998169,-4.45,0
227.73201489448547,0.93,0
229.04337120056152,-2.38,0
230.36376333236694,0.1,0
231.72191190719604,-1.69,0
233.0327479839325,-2.1,0
234.34531950950623,-1.97,0
235.65491724014282,-1.9,0
240.2472367286682,50.38,1
241.65046739578247,45.52,1
243.0614719390869,46.83,1
244.47609281539917,46.76,1
245.88329982757568,48.86,1
247.2930552959442,47.24,1
248.715678691864,48.69,1
250.12222051620483,46.83,1
251.54285645484924,48.79,1
252.9501714706421,47.28,1
254.35427927970886,48.38,1
255.76714539527893,48.83,1
257.1913495063782,47.21,1
258.5913631916046,47.21,1
260.0039565563202,48.24,1
261.4132912158966,46.93,1
262.8356854915619,47.72,1
264.2325208187103,47.79,1
265.65328192710876,46.86,1
267.05951857566833,48.34,1
268.4839918613434,55.93,1
269.88382172584534,49.97,1
271.2951064109802,57.31,1
272.71597933769226,50.72,1
274.1296339035034,47.72,1
275.5278170108795,48.24,1
276.9396824836731,46.72,1
278.36375617980957,55.76,1
279.77029752731323,49.72,1
281.1845245361328,57.21,1
282.59929060935974,49.76,1
284.00993061065674,48.45,1
285.42398381233215,56.69,1
286.82433891296387,50.34,1
288.2463870048523,56.83,1
289.6577425003052,50.28,1
291.0575587749481,56.41,1
292.4802625179291,50.24,1
293.89021706581116,56.41,1
295.3034145832062,49.93,1
302.6725342273712,2.03,0
303.9813611507416,2.07,0
305.30478405952454,1.83,0
306.6216232776642,2.0,0
307.94930624961853,2.28,0
309.2710545063019,1.9,0
310.59978461265564,-1.48,0
311.909805059433,-1.31,0
313.2754874229431,-1.41,0
314.59516406059265,-1.52,0
315.9091784954071,-1.55,0
317.2408854961395,5.14,0
318.5537850856781,-1.45,0
319.86730337142944,-1.55,0
321.17409491539,-1.66,0
322.523295879364,-1.59,0
323.83694100379944,-1.59,0
325.13985228538513,-1.62,0
326.4489412307739,-1.62,0
327.750314950943,-1.62,0
329.0732305049896,-1.69,0
330.37855195999146,-1.69,0
331.68024826049805,-1.62,0
333.026691198349,-1.72,0
334.3406744003296,-1.69,0
335.64058899879456,-1.69,0
336.9470639228821,-1.66,0
338.25828790664673,-1.69,0
339.5610773563385,-1.59,0
340.88492798805237,-1.66,0
342.1821804046631,-1.72,0
343.5434727668762,-1.83,0
344.84848499298096,-1.72,0
346.15645694732666,-1.66,0
347.46159315109253,-1.69,0
352.0477328300476,45.66,1
353.4683074951172,43.0,1
354.8850510120392,44.59,1
356.29796719551086,53.9,1
357.70689630508423,47.79,1
359.1097664833069,47.52,1
360.4593496322632,55.34,1
361.87674951553345,48.69,1
363.2192907333374,55.31,1
364.626503944397,49.62,1
366.0359899997711,55.55,1
367.4521086215973,49.41,1
368.8581049442291,55.76,1
370.26850032806396,49.31,1
371.6117286682129,55.59,1
373.03149819374084,49.03,1
374.37492418289185,47.38,1
375.7848262786865,55.28,1
377.12926864624023,49.17,1
378.53533411026,47.21,1
379.94858145713806,46.45,1
381.2937159538269,54.41,1
382.70638036727905,48.41,1
384.111234664917,55.41,1
385.52720975875854,48.72,1
386.9406988620758,55.17,1
388.34957337379456,48.34,1
389.7565641403198,46.72,1
391.1732397079468,54.34,1
392.58825039863586,48.21,1
393.9994010925293,54.97,1
395.39957666397095,48.72,1
396.81726813316345,54.79,1
398.2334542274475,48.93,1
399.6475327014923,46.48,1
401.05663108825684,46.59,1
402.4650902748108,54.03,1
403.88371086120605,47.76,1
405.2857871055603,46.79,1
406.70614981651306,54.52,1
408.1062047481537,48.28,1
415.46848320961,2.07,0
416.78506541252136,2.07,0
418.09806513786316,2.14,0
419.40514492988586,2.14,0
420.72608947753906,2.1,0
422.02772188186646,2.03,0
423.34760761260986,2.03,0
424.6624183654785,2.1,0
426.0138351917267,2.07,0
427.31295228004456,2.14,0
428.63203954696655,2.07,0
429.94087052345276,2.14,0
431.26813220977783,2.07,0
432.56868982315063,2.14,0
433.90050745010376,2.07,0
435.23496317863464,2.03,0
436.56299018859863,2.07,0
437.8766622543335,2.0,0
439.19681191444397,2.1,0
440.4994065761566,2.07,0
441.82158970832825,2.0,0
443.1318681240082,2.03,0
444.4825699329376,2.0,0
445.8055613040924,2.14,0
447.1190209388733,2.07,0
448.42295479774475,2.03,0
449.7568097114563,2.07,0
451.0684118270874,1.97,0
452.38376927375793,2.03,0
453.7008538246155,2.03,0
455.05091428756714,-5.79,0
456.36935329437256,2.41,0
457.6871120929718,-1.72,0
459.0022532939911,-1.0,0
460.3172605037689,-4.31,0
464.896671295166,43.83,1
466.31982469558716,31.83,1
467.7290961742401,46.28,1
469.13150095939636,55.48,1
470.4787449836731,111.97,1
471.82807207107544,67.9,1
473.16174387931824,58.48,1
474.57261514663696,31.59,1
475.98558712005615,41.69,1
477.338258266449,43.72,1
478.74856066703796,52.59,1
480.1595091819763,41.28,1
481.5057692527771,53.07,1
482.9063060283661,56.17,1
484.3149106502533,50.28,1
485.72681879997253,55.07,1
487.1531026363373,49.83,1
488.4804413318634,46.28,1
489.9061176776886,45.83,1
491.307240486145,54.97,1
492.7202184200287,48.24,1
494.1282432079315,47.62,1
495.5496280193329,41.9,1
496.9604606628418,44.69,1
498.36361384391785,53.55,1
499.71785593032837,47.76,1
501.1137664318085,54.69,1
502.53680753707886,48.66,1
503.9448707103729,46.66,1
505.3546795845032,46.07,1
506.69602489471436,54.41,1
508.1171886920929,48.28,1
509.52298283576965,46.79,1
510.9311397075653,46.31,1
512.3476955890656,46.28,1
513.7620468139648,45.52,1
515.1060998439789,80.21,1
516.5152521133423,56.86,1
517.8492984771729,55.48,1
519.2564854621887,49.14,1
520.6794309616089,46.79,1
528.0306894779205,0.62,0
529.3380272388458,0.52,0
530.6647288799286,0.52,0
531.9660637378693,-1.66,0
533.2888557910919,-1.31,0
534.5892298221588,-2.52,0
535.9097998142242,-1.31,0
537.2098677158356,-0.79,0
538.5613288879395,-1.59,0
539.8830773830414,-1.59,0
541.2130560874939,-1.62,0
542.5227854251862,-1.66,0
543.8393232822418,-1.62,0
545.1446895599365,-1.76,0
546.4632515907288,-1.72,0
547.784392118454,-1.31,0
549.128009557724,-1.79,0
550.4421184062958,-0.24,0
551.7552800178528,15.59,0
553.0742766857147,46.45,0
554.3893120288849,44.28,0
555.7053318023682,46.59,0
557.0158219337463,44.03,0
558.3219673633575,44.17,0
559.6770362854004,50.72,0
560.984822511673,39.66,0
562.3083357810974,47.07,0
563.6114792823792,41.9,0
564.9256157875061,43.24,0
566.2456679344177,43.59,0
567.5496621131897,44.38,0
568.9009683132172,44.86,0
570.2117102146149,44.72,0
571.5250837802887,44.83,0
572.8420219421387,45.31,0
574.039968252182,45.45,0
575.2569568157196,32.48,0
576.4677186012268,41.62,0
577.6754484176636,43.21,0
578.9328544139862,42.48,0
580.169805765152,42.9,0
581.3837234973907,44.1,0
582.5899305343628,43.93,0
583.8001255989075,44.62,0
585.0168747901917,44.83,0
586.2319488525391,44.9,0
587.4533686637878,45.52,0
588.6959505081177,36.79,0
589.9120573997498,39.21,0
591.1237053871155,42.55,0
592.3292317390442,43.03,0
593.5483853816986,42.72,0
594.7517976760864,44.1,0
595.9728600978851,44.24,0
597.2182321548462,44.38,0
598.4373965263367,44.86,0
599.6504454612732,44.93,0
600.853658914566,45.31,0
602.0737175941467,35.9,0
603.291930437088,39.03,0
604.5086567401886,42.48,0
605.7520606517792,43.41,0
606.9703681468964,42.86,0
608.1789484024048,44.14,0
609.3939518928528,44.24,0
610.6188929080963,44.31,0
611.8254444599152,45.0,0
613.0390086174011,44.9,0
614.256824016571,45.34,0
615.5180857181549,38.79,0
616.7304122447968,40.31,0
617.9353740215302,42.48,0
619.1504094600677,43.59,0
620.36958527565,43.0,0
621.5829260349274,43.86,0
622.7939927577972,44.31,0
624.0494441986084,44.21,0
625.2620975971222,44.86,0
626.4717876911163,45.07,0
627.6943011283875,45.31,0
628.9023106098175,45.69,0
630.1299872398376,41.66,0
631.341801404953,40.69,0
632.5541248321533,42.24,0
633.8164348602295,43.45,0
635.0364468097687,43.31,0
636.2565631866455,43.62,0
637.4680483341217,44.38,0
638.6860735416412,44.31,0
639.8784546852112,44.93,0
641.0903832912445,45.21,0
642.3391559123993,45.31,0
643.5315313339233,41.83,0
644.7394840717316,40.24,0
645.9462950229645,41.52,0
647.1498124599457,43.52,0
648.3595263957977,43.1,0
649.555909872055,43.72,0
650.7667021751404,44.48,0
651.9576587677002,44.28,0
653.209480047226,44.93,0
654.4045689105988,45.14,0
655.6179378032684,45.28,0
656.8205037117004,42.24,0
658.0159749984741,41.07,0
659.2276957035065,42.31,0
660.4357526302338,43.72,0
661.6409437656403,43.34,0
662.875584602356,44.14,0
664.0780322551727,44.72,0
665.2826344966888,44.79,0
666.4826741218567,44.9,0
667.6971046924591,45.14,0
668.8909311294556,45.45,0
670.1099157333374,41.45,0
671.3092691898346,40.93,0
672.5456433296204,42.17,0
673.767377614975,43.48,0
674.9644405841827,43.41,0
676.1667015552521,44.07,0
677.3743231296539,44.41,0
678.572282075882,44.83,0
679.78067445755,44.97,0
680.9860458374023,45.31,0
682.1957559585571,45.55,0
683.4387636184692,41.17,0
684.6415104866028,40.9,0
685.8402190208435,42.72,0
687.0372266769409,43.9,0
688.2376234531403,43.17,0
689.4464983940125,44.14,0
690.6502487659454,44.52,0
691.8540730476379,44.59,0
693.0853252410889,44.69,0
694.3072879314423,45.34,0
695.513260602951,45.59,0
696.7098383903503,37.69,0
697.9172127246857,39.76,0
699.1297445297241,42.93,0
700.3384282588959,43.48,0
701.5329782962799,43.0,0
702.7715518474579,44.17,0
703.9755499362946,44.34,0
705.1722328662872,44.72,0
706.3792023658752,45.1,0
707.5783874988556,45.17,0
708.7867579460144,45.62,0
710.006826877594,36.14,0
711.2098743915558,38.9,0
712.4162611961365,42.66,0
713.6593985557556,43.28,0
714.8624844551086,42.9,0
716.064341545105,44.21,0
717.2675933837891,44.07,0
718.4722344875336,44.52,0
719.6729972362518,45.0,0
720.8831734657288,45.07,0
722.0773057937622,45.52,0
723.3389558792114,36.62,0
724.530609369278,39.38,0
725.7496547698975,42.55,0
726.9390993118286,42.62,0
728.15647315979,42.9,0
729.347779750824,44.24,0
730.5641145706177,44.03,0
731.7736885547638,44.62,0
733.021721124649,45.0,0
734.2185716629028,45.0,0
735.4309048652649,45.62,0
736.6371619701385,37.0,0
737.8440792560577,40.86,0
739.0349380970001,43.21,0
740.2530074119568,42.28,0
741.4514789581299,43.17,0
742.6666116714478,44.14,0
743.9248385429382,43.9,0
745.1293857097626,44.34,0
746.3297095298767,45.03,0
747.5441882610321,44.9,0
748.7373924255371,45.34,0
749.949628829956,34.45,0
751.1598901748657,41.9,0
752.3654894828796,43.28,0
753.5982947349548,42.59,0
754.8136160373688,43.21,0
756.0154409408569,44.14,0
757.2218759059906,43.79,0
758.4264552593231,44.72,0
759.6381804943085,44.9,0
760.8437120914459,44.9,0
762.0518846511841,45.45,0
763.3019206523895,34.41,0
764.4989714622498,41.93,0
765.707771062851,43.17,0
766.9203886985779,42.28,0
768.1292660236359,43.55,0
769.3349235057831,44.14,0
770.5331542491913,43.79,0
771.7488358020782,44.48,0
772.9962105751038,44.62,0
774.2018761634827,44.83,0
775.4060888290405,45.41,0
776.5990650653839,33.45,0
777.8164968490601,41.97,0
779.0128841400146,43.17,0
780.21710896492,42.34,0
781.4679045677185,43.48,0
782.6703457832336,44.1,0
783.8847472667694,43.9,0
785.0844967365265,44.69,0
786.2903394699097,44.79,0
787.4999935626984,44.97,0
788.6982755661011,45.31,0
789.9061372280121,32.28,0
791.1455914974213,41.41,0
792.3653402328491,42.69,0
793.5779690742493,42.1,0
794.7692263126373,43.76,0
795.9879593849182,43.86,0
797.1936297416687,43.62,0
798.4093117713928,44.55,0
799.6051826477051,44.59,0
800.843346118927,44.97,0
802.048800945282,45.38,0
803.2526152133942,32.97,0
804.4699354171753,41.14,0
805.6716821193695,41.76,0
806.894686460495,41.66,0
808.0846030712128,43.76,0
809.2987725734711,43.52,0
810.5334174633026,43.86,0
811.737245798111,44.62,0
812.9536910057068,44.62,0
814.1535155773163,45.14,0
815.3579390048981,45.28,0
816.5640790462494,36.45,0
817.7682266235352,42.69,0
818.9769296646118,41.14,0
820.2199749946594,41.86,0
821.4323420524597,43.66,0
822.6347773075104,43.24,0
823.8423068523407,44.14,0
825.0517790317535,44.59,0
826.2573843002319,44.76,0
827.4664978981018,45.03,0
828.6687731742859,45.14,0
829.9128804206848,35.79,0
831.1205849647522,42.86,0
832.3234186172485,41.41,0
833.5150330066681,42.45,0
834.731041431427,43.76,0
835.9322626590729,43.31,0
837.135913848877,44.07,0
838.3759896755219,44.48,0
839.5930678844452,44.52,0
840.801323890686,45.0,0
842.0075805187225,45.31,0
843.208315372467,34.79,0
844.4211401939392,38.86,0
845.621253490448,40.38,0
846.8325259685516,43.03,0
848.0697376728058,43.59,0
849.2760565280914,43.17,0
850.4765453338623,44.31,0
851.6810612678528,44.28,0
852.8960511684418,44.38,0
854.1001951694489,45.0,0
855.3176610469818,45.1,0
856.5151312351227,45.14,0
857.756810426712,39.14,0
858.9601905345917,41.0,0
860.1737685203552,43.03,0
861.377818107605,42.45,0
862.5784039497375,43.31,0
863.7979111671448,44.07,0
864.9967868328094,43.97,0
866.2083077430725,44.66,0
867.4585783481598,44.72,0
868.6566319465637,45.0,0
869.8804228305817,45.45,0
871.0800907611847,37.14,0
872.2971403598785,41.79,0
873.5013122558594,42.0,0
874.699471950531,42.07,0
875.9007842540741,43.76,0
877.1427133083344,43.72,0
878.3477025032043,44.0,0
879.5599644184113,44.69,0
880.7710101604462,44.45,0
881.9847545623779,45.03,0
883.2003366947174,45.21,0
884.3995652198792,38.52,0
885.635235786438,41.62,0
886.8449234962463,41.48,0
888.0639626979828,43.17,0
889.2631118297577,43.38,0
890.4748857021332,43.52,0
891.6683280467987,44.1,0
892.8723096847534,44.31,0
894.0881254673004,44.59,0
895.333315372467,45.0,0
896.553209066391,45.0,0
897.756772518158,39.48,0
898.9609372615814,40.34,0
900.1737382411957,42.31,0
901.3788907527924,43.45,0
902.5725259780884,42.62,0
903.7828514575958,43.76,0
905.0262513160706,44.0,0
906.2315785884857,44.1,0
907.4505727291107,44.72,0
908.6519954204559,44.83,0
909.8603568077087,45.14,0
911.0753118991852,36.97,0
912.2807593345642,40.07,0
913.4854202270508,42.24,0
914.7277233600616,42.21,0
915.9371013641357,42.59,0
917.1426916122437,43.83,0
918.3540337085724,43.69,0
919.5671062469482,44.28,0
920.7628309726715,44.59,0
921.983336687088,44.76,0
923.1871318817139,45.14,0
924.4348301887512,32.31,0
925.6393744945526,40.66,0
926.8513906002045,41.69,0
928.0539646148682,41.72,0
929.2635152339935,43.24,0
930.4732711315155,43.48,0
931.682585477829,43.79,0
932.8889448642731,44.34,0
934.1337785720825,44.28,0
935.3476903438568,44.79,0
936.553740978241,44.97,0
937.754646062851,32.79,0
938.9628720283508,40.24,0
940.1641688346863,41.03,0
941.3674607276917,42.59,0
942.6180176734924,43.24,0
943.8090670108795,42.86,0
945.0249049663544,44.0,0
946.2314486503601,43.97,0
947.4398002624512,44.31,0
948.646874666214,44.48,0
949.8415608406067,44.79,0
951.0487656593323,45.45,0
952.2947998046875,37.93,0
953.5094616413116,42.28,0
954.7148649692535,42.62,0
955.9295434951782,42.1,0
957.1252737045288,43.59,0
958.3438420295715,43.38,0
959.5517699718475,43.59,0
960.7717545032501,44.28,0
962.0183055400848,44.48,0
963.2300345897675,44.69,0
964.4337265491486,44.97,0
965.644079208374,39.34,0
966.8518710136414,42.24,0
968.0665507316589,41.38,0
969.2800858020782,42.48,0
970.4815418720245,43.41,0
971.7303462028503,42.86,0
972.9378595352173,43.83,0
974.1527936458588,44.17,0
975.3560869693756,44.17,0
976.5658750534058,44.62,0
977.7759504318237,44.76,0
978.9975438117981,35.38,0
980.192854642868,38.31,0
981.4437439441681,41.97,0
982.6667139530182,42.76,0
983.8735296726227,42.24,0
985.0907723903656,43.45,0
986.2961070537567,43.45,0
987.517808675766,43.72,0
988.726068019867,44.1,0
989.9729282855988,44.48,0
991.1668403148651,44.66,0
992.3859839439392,34.69,0
993.5883402824402,40.45,0
994.80775141716,40.52,0
996.0237729549408,41.34,0
997.2381103038788,42.72,0
998.4582283496857,42.9,0
999.6967353820801,43.17,0
1000.9070122241974,43.72,0
1002.11962723732,43.9,0
1003.3266656398773,44.14,0
1004.5503907203674,44.31,0
1005.7457640171051,44.83,0
1006.9619698524475,37.9,0
1008.2061319351196,40.86,0
1009.4159786701202,42.28,0
1010.6353807449341,41.79,0
1011.8529326915741,42.66,0
1013.0590484142303,43.31,0
1014.2768316268921,43.21,0
1015.4861102104187,43.79,0
1016.6964936256409,44.07,0
1017.9429659843445,44.07,0
1019.1463248729706,44.52,0
1020.3662838935852,38.52,0
1021.5756628513336,39.55,0
1022.7839856147766,40.52,0
1023.990072965622,42.38,0
1025.2020053863525,42.59,0
1026.4525315761566,42.79,0
1027.6570420265198,43.59,0
1028.866947889328,43.55,0
1030.0874059200287,44.1,0
1031.310048341751,44.34,0
1032.5202326774597,44.52,0
1033.7412033081055,33.86,0
1034.9814999103546,40.31,0
1036.1958618164062,42.07,0
1037.4127080440521,41.21,0
1038.6166732311249,42.38,0
1039.8355226516724,43.1,0
1041.0488736629486,43.21,0
1042.2551550865173,43.48,0
1043.4702725410461,44.07,0
1044.7108182907104,44.1,0
1045.9183650016785,44.48,0
1047.1447155475616,35.24,0
1048.36363530159,37.55,0
1049.5694243907928,39.76,0
1050.7748732566833,41.93,0
1051.9921033382416,42.52,0
1053.2265050411224,42.52,0
1054.44651055336,43.17,0
1055.659654378891,43.21,0
1056.8760967254639,43.41,0
1058.0906686782837,43.9,0
1059.304857492447,44.17,0
1060.5182166099548,44.45,0
1061.7372725009918,38.31,0
1062.972755908966,41.66,0
1064.1918127536774,40.79,0
1065.4056346416473,41.72,0
1066.61834025383,42.69,0
1067.8349714279175,42.45,0
1069.0516555309296,43.24,0
1070.2608807086945,43.48,0
1071.5060348510742,43.72,0
1072.7231616973877,44.07,0
1073.9313971996307,44.0,0
1075.1500313282013,34.62,0
1076.3685989379883,40.1,0
1077.574206829071,41.52,0
1078.7823016643524,40.97,0
1080.029202222824,41.76,0
1081.2387690544128,42.55,0
1082.465159893036,42.66,0
1083.6728346347809,43.14,0
1084.8762667179108,43.52,0
1086.0941271781921,43.59,0
1087.3132016658783,44.03,0
1088.5247235298157,44.21,0
1089.7758419513702,37.97,0
1090.9933173656464,39.48,0
1092.2025871276855,41.52,0
1093.414454460144,41.24,0
1094.6235888004303,41.76,0
1095.8378508090973,42.55,0
1097.0450019836426,42.45,0
1098.2867465019226,43.03,0
1099.5102398395538,43.41,0
1100.7186036109924,43.55,0
1101.9313361644745,43.93,0
1103.1412110328674,35.31,0
1104.3710062503815,38.45,0
1105.5824656486511,41.03,0
1106.8293299674988,41.97,0
1108.0370123386383,41.14,0
1109.2597134113312,42.07,0
1110.4687016010284,42.62,0
1111.6736733913422,42.52,0
1112.8943128585815,43.07,0
1114.0993411540985,43.1,0
1115.3054249286652,43.38,0
1116.5715808868408,39.41,0
1117.784502506256,36.79,0
1118.9924008846283,38.38,0
1120.1950225830078,41.03,0
1121.4108293056488,40.93,0
1122.6183278560638,41.24,0
1123.8361897468567,42.1,0
1125.0894095897675,42.31,0
1126.297468662262,42.28,0
1127.515009880066,42.93,0
1128.7314183712006,43.1,0
1129.9362037181854,43.21,0
1131.1523337364197,34.48,0
1132.3665506839752,36.59,0
1133.5830237865448,40.34,0
1134.8379905223846,41.03,0
1136.0616750717163,40.69,0
1137.2745695114136,41.76,0
1138.4798831939697,41.9,0
1139.6890187263489,42.0,0
1140.9051699638367,42.38,0
1142.1281836032867,42.52,0
1143.3741943836212,42.86,0
1144.602010011673,43.14,0
1145.8190627098083,35.69,0
1147.0391087532043,39.38,0
1148.2593579292297,40.0,0
1149.4745106697083,40.14,0
1150.6770541667938,41.59,0
1151.929711341858,41.52,0
1153.1500833034515,41.69,0
1154.3764407634735,42.14,0
1155.594975233078,42.28,0
1156.8058655261993,42.62,0
1158.0277025699615,42.83,0
1159.2477707862854,32.62,0
1160.4509961605072,39.93,0
1161.7157731056213,38.31,0
1162.9235095977783,39.34,0
1164.1458356380463,41.07,0
1165.3704555034637,40.59,0
1166.581913948059,41.17,0
1167.7889256477356,41.97,0
1169.0132331848145,41.83,0
1170.2695262432098,42.24,0
1171.4902448654175,42.41,0
1172.7104182243347,42.55,0
1173.9183475971222,33.03,0
1175.1316223144531,36.48,0
1176.3562161922455,39.76,0
1177.5833151340485,40.45,0
1178.7867906093597,40.21,0
1180.0523562431335,41.21,0
1181.263170003891,41.24,0
1182.4754688739777,44.31,0
1183.6891832351685,38.34,0
1184.90829539299,35.21,0
1186.1356568336487,36.21,0
1187.3634014129639,38.66,0
1188.6117534637451,39.52,0
1189.831515789032,42.31,0
1191.0462582111359,46.79,0
1192.2679126262665,43.1,0
1193.4753558635712,41.86,0
1194.6921272277832,43.69,0
1195.9117567539215,44.45,0
1197.1561925411224,44.28,0
1198.3764491081238,44.97,0
1199.5920732021332,33.07,0
1200.804547548294,41.9,0
1202.0257358551025,40.07,0
1203.2331700325012,42.1,0
1204.4518027305603,43.38,0
1205.6747047901154,42.76,0
1206.9291822910309,52.9,0
1208.1343410015106,39.0,0
1209.3566536903381,48.0,0
1210.5850565433502,40.55,0
1211.8086879253387,47.41,0
1213.0200276374817,43.83,0
1214.2266790866852,50.48,0
1215.4764494895935,50.24,0
1216.6988649368286,34.79,0
1217.9198143482208,42.52,0
1219.1365253925323,44.93,0
1220.3520104885101,46.66,0
1221.5644416809082,46.38,0
1222.8274428844452,45.62,0
1224.0781600475311,45.72,0
