1.1122536659240723,-1.48,0
2.320847511291504,-1.55,0
3.5247223377227783,-1.48,0
4.763811111450195,-1.41,0
9.32929801940918,-1.52,1
10.751132488250732,-1.52,1
12.165807247161865,-1.48,1
13.581541538238525,-1.48,1
14.99379301071167,-1.52,1
16.405227661132812,-1.45,1
17.81316566467285,-1.48,1
19.227065563201904,-1.45,1
20.62886357307434,-1.55,1
21.98364806175232,-1.38,1
23.392657041549683,-1.48,1
24.801405429840088,-1.41,1
26.210516691207886,-1.31,1
27.63591766357422,-1.48,1
29.047993659973145,-1.45,1
30.45068621635437,-1.48,1
31.875595331192017,-1.45,1
33.2795205116272,-1.41,1
34.70164179801941,-1.45,1
36.036314487457275,-1.48,1
37.387064933776855,-1.48,1
38.73260426521301,-1.41,1
40.131901025772095,-1.41,1
41.48432636260986,-1.48,1
42.89292359352112,-1.41,1
44.24807524681091,-1.45,1
45.58864140510559,-1.45,1
46.990076780319214,-1.48,1
48.40882444381714,-1.45,1
49.81753063201904,-1.45,1
51.23977828025818,-1.45,1
52.65334916114807,-1.41,1
54.060121297836304,-1.48,1
55.4051308631897,-1.45,1
56.822853565216064,-1.41,1
58.2362117767334,-1.45,1
59.64932632446289,-1.41,1
61.04853320121765,-1.48,1
62.47484612464905,-1.48,1
63.881534814834595,-1.45,1
65.29389524459839,-1.45,1
66.63999056816101,-1.48,1
67.987544298172,-1.41,1
69.40214204788208,-1.45,1
70.80837297439575,-1.38,1
72.15569543838501,-1.45,1
73.57198858261108,-1.52,1
74.90436315536499,-1.45,1
76.3224709033966,-1.41,1
77.74052906036377,-1.52,1
79.15179586410522,-1.48,1
80.55707550048828,-1.52,1
81.96785831451416,-1.48,1
83.37973880767822,-1.38,1
84.80501222610474,-1.41,1
86.20819163322449,-1.48,1
89.55626678466797,-1.48,1
90.8780722618103,-1.41,1
92.19935321807861,-1.48,1
93.52268600463867,-1.55,1
94.82501983642578,-1.45,1
96.17737150192261,-1.48,1
97.50861477851868,-1.45,1
