1.1104464530944824,-1.93,0
2.322366714477539,-1.97,0
3.5284271240234375,-1.86,0
4.731519460678101,-1.86,0
5.93833065032959,-1.93,0
10.56738567352295,139.52,1
11.9912588596344,75.69,1
13.403789758682251,29.93,1
14.816498517990112,10.66,1
16.227712631225586,-0.03,1
17.573912382125854,1.03,1
18.975502490997314,-1.17,1
20.328598022460938,-1.41,1
21.735281705856323,-1.38,1
23.14108657836914,-1.55,1
24.49646306037903,-1.59,1
25.90955400466919,-1.76,1
27.319444179534912,-1.72,1
28.729949474334717,-1.69,1
30.147101879119873,-1.72,1
31.562912940979004,-1.69,1
32.97470784187317,-1.62,1
34.37707591056824,-1.48,1
35.79949450492859,-0.59,1
37.14454460144043,-1.52,1
38.48521137237549,-1.69,1
39.889914751052856,-1.76,1
41.24216651916504,-1.79,1
42.65720796585083,-1.69,1
44.06019902229309,-1.76,1
45.47592806816101,-1.83,1
46.89406728744507,-1.79,1
48.307003021240234,-1.72,1
49.720731258392334,-1.79,1
51.12850260734558,-1.72,1
52.53701329231262,-1.52,1
53.95667481422424,-1.66,1
55.35786557197571,-1.86,1
56.78265738487244,-1.79,1
58.189406871795654,-1.79,1
59.603543281555176,-1.76,1
