3.0997660160064697,-1.86
6.366022109985352,-1.69
9.576964378356934,-1.41
12.7980375289917,-1.79
17.557372570037842,9.93
21.038004159927368,11.41
24.58911919593811,11.45
28.0697238445282,10.24
31.611628532409668,15.72
35.16197323799133,8.21
38.650195360183716,8.07
42.12581419944763,6.24
45.67572546005249,6.86
49.22525477409363,8.38
52.77412962913513,6.45
56.32833170890808,8.03
59.87370276451111,9.79
63.421701192855835,7.83
66.96230101585388,8.34
70.43693375587463,11.86
73.99003601074219,13.07
77.5470039844513,10.83
81.08287596702576,9.9
84.6368203163147,7.07
88.18700504302979,8.41
91.74426031112671,7.55
95.2841055393219,7.28
98.84428381919861,8.14
102.38156580924988,7.59
105.93087434768677,6.59
109.48348259925842,7.69
113.03448438644409,11.52
116.58871173858643,16.86
120.13710069656372,5.93
123.68795919418335,7.1
127.23638343811035,8.83
130.79127287864685,9.45
134.3377501964569,10.72
137.8763463497162,7.03
141.42666721343994,9.83
144.98057579994202,12.31
148.5350799560547,8.86
152.08780169487,10.31
155.63694667816162,10.41
159.17940878868103,10.52
162.66383814811707,10.86
166.21162152290344,10.24
169.75946307182312,8.97
173.24673795700073,10.76
176.73001837730408,10.03
180.2099645137787,9.79
183.68347454071045,7.62
187.23621797561646,7.28
190.7221233844757,8.1
194.26053547859192,6.28
197.81717920303345,7.62
201.36261224746704,8.1
204.91650867462158,8.07
208.39067602157593,9.66
211.94910049438477,8.07
215.4844527244568,8.21
219.04346990585327,8.69
222.58644080162048,8.52
226.1424205303192,10.03
229.68444919586182,10.31
233.24655485153198,9.48
236.7830924987793,7.93
240.3347291946411,8.03
243.8894670009613,8.07
247.43197917938232,8.41
250.98180150985718,7.52
254.54372382164001,8.97
258.0903129577637,11.14
261.6375777721405,12.0
265.18330812454224,8.93
268.73368215560913,8.28
272.27728176116943,10.24
275.84006810188293,9.86
279.39082193374634,7.69
282.93914890289307,8.07
286.4888458251953,7.72
290.02848982810974,8.21
293.57801151275635,7.31
297.13100934028625,9.52
300.68991208076477,7.76
304.23357224464417,8.07
307.782732963562,7.17
311.3306200504303,7.76
314.888386964798,8.55
318.43550086021423,8.21
321.9818594455719,14.17
325.52725887298584,7.41
329.08870458602905,6.41
332.6399989128113,8.9
336.1831829547882,9.97
339.6622166633606,9.07
343.21949338912964,9.69
346.76576018333435,10.9
350.3123428821564,8.31
353.86583733558655,11.48
357.4138252735138,9.17
363.3227059841156,0.21
366.64119601249695,-0.34
369.9607005119324,-0.38
373.27923607826233,-0.41
376.59018540382385,-0.45
379.9180109500885,-0.52
