1.0955958366394043,590.97,0
2.345372438430786,590.69,0
3.545374631881714,590.52,0
4.747003078460693,591.0,0
9.335167646408081,595.38,1
16.63209819793701,590.97,0
17.943580865859985,590.38,0
19.23433017730713,591.21,0
20.543860912322998,591.34,0
21.892585277557373,591.79,0
23.211212396621704,591.38,0
24.507196187973022,590.45,0
25.825769424438477,592.03,0
27.134748458862305,590.9,0
28.43234133720398,590.24,0
29.75339651107788,590.69,0
31.068192958831787,590.72,0
32.41865682601929,591.03,0
33.73003602027893,590.59,0
35.03483557701111,591.03,0
36.32988500595093,590.72,0
37.63815641403198,590.17,0
38.942824840545654,589.76,0
40.250446796417236,589.66,0
41.55590748786926,589.79,0
42.89376425743103,595.48,0
44.201465368270874,595.1,0
45.5183048248291,594.83,0
46.809958934783936,594.14,0
48.117706060409546,595.1,0
49.42742133140564,594.97,0
50.74544715881348,594.76,0
52.06244993209839,594.45,0
53.42137956619263,595.79,0
54.72993230819702,593.59,0
56.03829050064087,594.79,0
57.34379839897156,595.76,0
58.66391468048096,594.55,0
59.98447871208191,593.59,0
61.291080474853516,594.24,0
65.8794333934784,598.93,1
67.29518556594849,599.48,1
68.63217234611511,599.17,1
69.98217535018921,598.1,1
71.33048105239868,598.45,1
72.66257095336914,597.76,1
79.97384238243103,590.76,0
81.28635454177856,591.17,0
82.59983468055725,590.69,0
83.92945671081543,590.93,0
85.24676489830017,590.21,0
86.54686284065247,590.55,0
87.84405875205994,590.34,0
89.14421939849854,589.59,0
90.45462846755981,589.9,0
91.75345873832703,589.31,0
93.09149551391602,589.41,0
94.39052391052246,589.66,0
95.71328449249268,589.86,0
97.02191877365112,588.66,0
98.34157228469849,587.45,0
99.65476036071777,587.45,0
100.96952748298645,588.24,0
102.28952980041504,587.1,0
103.63581275939941,586.9,0
104.9396276473999,586.48,0
106.24519944190979,586.72,0
107.55621600151062,588.72,0
108.88428449630737,591.62,0
110.1904034614563,592.14,0
111.5034294128418,592.55,0
112.81876063346863,592.24,0
114.18735790252686,592.93,0
