1.0992152690887451,4.0
2.3522579669952393,4.07
3.5692238807678223,4.07
4.769567489624023,4.1
9.362431287765503,1.41
10.774500370025635,1.34
12.18067216873169,1.38
13.596189737319946,1.31
15.008661985397339,1.34
16.421159267425537,1.31
17.837027072906494,1.31
19.167983293533325,1.24
20.593299865722656,1.28
21.92924976348877,1.24
23.344619750976562,1.28
24.693056344985962,1.28
26.026254177093506,1.28
27.43783712387085,1.28
28.85031247138977,1.34
30.276610374450684,1.21
31.67342257499695,1.21
33.100603342056274,1.28
34.50945067405701,1.28
35.84577679634094,1.31
37.195924043655396,1.28
38.60981845855713,1.28
39.957459449768066,1.14
41.35703682899475,1.24
42.77002263069153,1.31
44.117945432662964,1.07
45.539963245391846,1.28
46.93929719924927,1.24
48.366039752960205,1.21
49.77143144607544,9.97
51.18415141105652,3.59
52.5942280292511,2.14
54.009517669677734,2.0
55.42028784751892,2.1
56.831088066101074,1.93
58.241493225097656,10.28
59.66794967651367,3.83
61.06569576263428,2.34
62.49240255355835,9.45
63.89329767227173,3.66
65.31744074821472,2.14
66.6508948802948,2.0
68.06348896026611,10.21
69.41696119308472,4.1
70.8282036781311,2.38
72.172527551651,10.1
73.58378219604492,3.83
74.92163610458374,11.0
76.2706196308136,4.38
77.67820119857788,2.86
79.08936643600464,10.48
80.43911957740784,4.28
81.85566592216492,2.38
83.26687598228455,2.0
84.59867978096008,9.14
85.94718313217163,3.55
87.29579782485962,2.28
88.6321291923523,9.38
89.9773461818695,3.72
91.32601523399353,2.66
92.73612475395203,10.03
94.08571934700012,4.1
95.49654531478882,2.31
96.84633350372314,10.62
98.17964053153992,4.14
99.59071207046509,2.83
101.006023645401,2.17
102.35342764854431,1.97
103.76865339279175,1.9
105.18070483207703,1.9
106.59219193458557,10.38
107.9413652420044,4.03
109.27414679527283,11.76
110.69940280914307,4.34
112.11361980438232,2.41
113.51453828811646,1.97
114.86336064338684,2.0
116.27564406394958,9.86
117.68898463249207,3.76
119.10179710388184,2.28
120.51417446136475,10.17
121.9257333278656,3.93
123.33531594276428,2.55
124.74811434745789,10.55
126.16068696975708,3.97
127.57607245445251,2.38
128.98893117904663,10.17
130.33640336990356,4.0
131.7475094795227,2.55
133.15930342674255,2.1
134.57123279571533,2.0
135.98116278648376,10.52
137.3932113647461,3.86
138.80699372291565,2.69
140.2172884941101,9.86
141.64282369613647,12.28
143.05265998840332,4.59
144.46875166893005,2.62
145.8730170726776,2.17
147.28494334220886,10.0
148.69840025901794,3.66
150.1215410232544,11.59
151.5204131603241,4.48
152.9315836429596,10.34
154.3571720123291,3.86
155.7663013935089,2.34
157.17865633964539,9.86
158.58903813362122,3.76
160.00263833999634,2.14
161.35051774978638,10.34
162.69574427604675,4.03
164.02785229682922,12.0
165.44109678268433,4.59
166.78879141807556,2.79
168.20038962364197,2.17
169.61302661895752,10.48
170.9643714427948,4.24
172.29778742790222,11.17
173.64403653144836,4.38
174.99271774291992,10.48
176.34056544303894,4.17
177.68249702453613,2.69
179.02642512321472,2.07
180.43973755836487,1.86
181.85288548469543,10.48
183.20163798332214,4.03
184.53381204605103,2.41
185.88087034225464,9.86
187.29029321670532,3.83
188.6381094455719,2.48
190.05278301239014,2.24
191.4658977985382,10.31
192.8769748210907,3.86
194.2268524169922,2.41
195.56192135810852,9.97
196.91044855117798,3.93
198.32025170326233,2.41
199.66906023025513,1.76
201.08170294761658,1.9
202.4964337348938,9.86
203.8408317565918,3.9
205.25052070617676,2.31
206.6629786491394,1.93
208.01115083694458,2.14
209.42592453956604,1.66
210.83518147468567,1.79
212.18158173561096,10.34
213.59314966201782,3.9
214.92804765701294,2.62
216.33780646324158,2.17
217.68922233581543,1.97
219.1043462753296,9.55
220.5150237083435,3.72
221.86353087425232,2.34
223.2731533050537,1.97
224.60881352424622,1.97
226.0208773612976,9.62
227.43429279327393,3.55
228.84576392173767,2.21
230.2717411518097,1.93
231.6847825050354,9.83
233.09517407417297,3.69
234.51000547409058,2.28
235.92004895210266,2.03
237.3297257423401,1.93
238.74441504478455,1.9
240.15573287010193,9.69
241.56647419929504,3.72
242.9800820350647,2.41
244.39278841018677,10.59
245.8023979663849,3.93
247.21292805671692,2.69
248.62423253059387,9.93
250.03795909881592,12.76
251.45326447486877,4.76
252.8672604560852,2.72
254.2788908481598,2.14
255.69984126091003,10.21
257.1124451160431,3.72
258.5262315273285,2.28
259.9249813556671,2.03
261.350469827652,1.86
262.7584228515625,10.1
264.1705677509308,3.69
265.5857300758362,2.24
266.93542289733887,1.69
268.3481948375702,1.86
269.76138377189636,1.9
271.17429661750793,1.97
272.58660912513733,9.55
273.98725938796997,3.48
275.4065754413605,2.17
276.8161518573761,10.17
278.1636290550232,4.1
279.57612323760986,2.28
280.98619055747986,2.17
282.3988745212555,9.9
283.81308937072754,3.66
285.2211790084839,2.86
286.6330704689026,10.0
288.0442068576813,12.41
289.45624470710754,4.48
290.86926317214966,2.59
292.2955756187439,9.79
293.69386887550354,3.69
295.1189315319061,2.34
296.53014945983887,10.03
297.94045424461365,3.79
299.35497212409973,2.48
300.7677102088928,2.03
302.1778528690338,1.86
303.5884027481079,10.0
304.9992640018463,3.83
306.40848660469055,2.48
307.8342204093933,1.93
309.2456302642822,10.24
310.65802550315857,3.79
312.06869554519653,2.59
313.47858023643494,10.41
314.8927903175354,3.93
316.30515217781067,2.55
317.7159116268158,10.03
319.1294889450073,3.69
320.4790108203888,2.55
321.8890450000763,1.9
323.29587268829346,9.93
324.71198201179504,3.62
326.123046875,2.21
327.5342667102814,1.93
328.9468128681183,9.83
330.35504937171936,3.69
331.7808036804199,2.38
333.1875274181366,9.76
334.537326335907,3.97
335.9474425315857,2.38
337.3570852279663,10.03
338.76900601387024,3.79
340.1807065010071,2.41
341.5901589393616,9.72
343.0021424293518,3.62
344.4166467189789,2.38
345.83562994003296,10.55
347.24962878227234,3.93
348.6553990840912,11.21
350.06146335601807,4.21
357.43199157714844,1.31
358.7461287975311,1.21
360.063294172287,1.21
361.36420226097107,1.17
362.66927337646484,1.17
363.972003698349,1.28
365.284428358078,1.1
366.58414816856384,1.24
371.18225932121277,1.1
372.594322681427,1.1
373.9427127838135,1.03
375.3530011177063,1.07
376.76546335220337,1.1
378.11147594451904,1.0
379.4610035419464,1.07
380.87419414520264,0.97
382.2101004123688,1.07
383.62807393074036,1.03
385.04101848602295,0.97
386.4543972015381,1.0
387.8662931919098,1.0
389.27703046798706,0.93
390.62593245506287,1.0
392.0362582206726,10.45
393.38418459892273,5.03
394.7970345020294,3.07
396.2078821659088,2.59
397.6205699443817,2.52
399.0306992530823,2.38
400.4417769908905,2.59
401.79017782211304,2.86
403.20324087142944,2.41
404.54332160949707,11.48
405.96149015426636,5.38
407.37140011787415,3.17
408.7842059135437,3.14
410.12075638771057,2.41
411.53368377685547,2.52
412.94679045677185,11.38
414.36333560943604,15.03
415.7778272628784,15.07
417.1871528625488,15.93
418.59785437583923,15.52
420.0090410709381,6.97
421.4197618961334,3.86
422.84418177604675,3.24
424.2455906867981,2.69
425.6599233150482,11.38
427.07127118110657,14.55
428.4831247329712,14.79
429.9094591140747,15.9
431.320109128952,15.59
432.6565525531769,16.38
434.06587076187134,7.28
435.4758629798889,4.45
436.9043481349945,2.79
438.31578755378723,2.55
439.7284200191498,2.34
441.1333963871002,2.38
442.54398369789124,2.59
443.9655849933624,2.38
445.36634969711304,2.28
446.78599071502686,2.48
448.13481974601746,2.34
449.5455825328827,11.34
450.9594476222992,13.72
452.37010383605957,6.0
453.78618574142456,3.76
455.133868932724,3.03
456.5458257198334,2.48
457.9588963985443,11.79
459.3700497150421,14.34
460.78477573394775,5.9
462.19831347465515,3.97
463.61165046691895,11.86
465.0193648338318,13.55
466.4293444156647,15.17
467.84123492240906,15.45
469.2537682056427,6.83
470.6627218723297,3.97
472.07405281066895,3.07
473.48837637901306,11.14
474.9113230705261,14.55
476.3235306739807,6.03
477.73398303985596,3.86
479.144823551178,2.86
480.5547535419464,2.41
481.96644496917725,2.34
483.37618613243103,12.14
484.7885048389435,13.97
486.2153947353363,14.62
487.6161813735962,6.52
489.02896070480347,3.83
490.4437301158905,11.97
491.8540689945221,5.83
493.2664864063263,3.66
494.6790406703949,3.0
496.0928385257721,11.76
497.5054440498352,14.45
498.91903734207153,6.0
500.32942748069763,3.83
501.74530696868896,3.0
503.16377663612366,2.31
504.5752160549164,2.55
505.97862219810486,2.66
507.3915379047394,2.31
508.8104405403137,2.52
510.22620010375977,11.21
511.63819670677185,5.17
513.0527746677399,13.41
514.4670703411102,14.45
515.8728454113007,5.93
517.2828016281128,3.93
518.6955931186676,2.66
520.1032750606537,2.69
521.5176820755005,11.03
522.9429104328156,5.38
524.3429484367371,3.48
525.7700502872467,2.59
527.1693196296692,2.48
528.5955731868744,2.17
530.0010671615601,11.34
531.4136900901794,5.41
532.8285050392151,3.24
534.2397282123566,3.24
535.6537175178528,2.59
537.0647604465485,2.41
538.4793539047241,11.38
539.8977665901184,13.93
541.3107724189758,14.86
542.7226884365082,15.17
544.1348867416382,15.41
545.54301404953,15.14
546.956285238266,6.66
548.369870185852,3.76
549.783549785614,3.28
551.1956703662872,2.66
552.608628988266,2.9
554.0223314762115,12.48
555.4324157238007,5.66
556.8401017189026,3.83
558.2546629905701,3.21
559.6676399707794,2.69
561.0864706039429,12.31
562.4853608608246,14.34
563.905416727066,5.93
565.3213346004486,3.93
566.7368259429932,3.1
568.1492397785187,2.97
575.4506900310516,1.0
576.7680823802948,1.07
578.088175535202,0.93
579.4073543548584,1.1
580.7251732349396,0.93
582.0830070972443,0.93
583.4055752754211,1.07
584.7230832576752,0.93
589.3300726413727,0.69
590.7433466911316,0.83
592.1533696651459,0.83
593.5649118423462,0.9
594.9764685630798,0.83
596.3925096988678,0.86
597.8021712303162,0.83
599.2135646343231,0.83
600.6223969459534,0.72
602.0331194400787,0.86
603.445996761322,9.14
604.8580605983734,13.55
606.2722685337067,14.86
607.698340177536,15.24
609.110472202301,15.38
610.5231218338013,15.55
611.9330811500549,16.79
613.3416566848755,16.69
614.7546911239624,16.62
616.1663875579834,7.55
617.5841925144196,13.31
618.9996166229248,14.97
620.4106509685516,15.72
621.8211524486542,15.48
623.2270464897156,15.66
624.6407117843628,15.41
626.0611884593964,15.59
627.4720284938812,15.52
628.887330532074,16.03
630.2914142608643,7.38
631.7045319080353,13.14
633.1158683300018,15.24
634.5265221595764,15.59
635.938649892807,16.31
637.3505566120148,16.31
638.7752356529236,16.69
640.184472322464,7.41
641.5950036048889,13.07
643.0049164295197,15.0
644.3533606529236,15.34
645.7647159099579,15.62
647.1780304908752,15.48
648.5864162445068,15.45
649.996520280838,15.41
651.4221274852753,15.86
652.7554829120636,16.41
654.1784937381744,16.21
655.5883057117462,16.38
656.9997289180756,16.79
658.4114422798157,16.97
659.8220136165619,7.52
661.2345204353333,13.24
662.6436219215393,14.97
664.0541071891785,15.41
665.4673402309418,15.38
666.8165082931519,15.38
668.2274312973022,15.41
669.6371941566467,15.38
671.0632793903351,15.34
672.4729022979736,16.41
673.884889125824,16.79
675.3004853725433,16.52
676.7108178138733,7.76
678.1249794960022,13.69
679.5355067253113,15.17
680.8716804981232,15.59
682.2817740440369,15.48
689.6524820327759,1.03
690.9746100902557,1.03
692.2750954627991,0.93
693.5922975540161,0.86
694.9131517410278,0.97
696.2338306903839,0.9
697.5509283542633,0.86
698.8689556121826,0.83
703.5081558227539,0.69
704.9188697338104,0.86
706.3369669914246,0.66
707.744945526123,0.66
709.1556506156921,0.69
710.5664479732513,0.83
711.9804828166962,0.62
713.3914997577667,0.72
714.8021340370178,8.83
716.2173936367035,13.34
717.6291966438293,15.14
719.0407207012177,15.76
720.4630720615387,17.07
721.8738708496094,17.31
723.2862341403961,19.41
724.6902751922607,19.38
726.1067414283752,19.52
727.5179979801178,19.45
728.9273586273193,19.55
730.3401591777802,19.48
731.7581827640533,19.34
733.1699843406677,19.34
734.5855140686035,19.34
735.9926097393036,19.28
737.4020972251892,19.34
738.8140234947205,19.41
740.2331919670105,19.17
741.6457896232605,19.38
743.0638244152069,19.24
744.4767243862152,19.41
745.8903048038483,20.17
747.3046038150787,20.07
748.7132616043091,20.0
750.1256053447723,20.1
751.538369178772,19.76
752.9499232769012,19.45
754.3688576221466,21.07
755.7752995491028,20.76
757.1874027252197,20.41
758.5992708206177,20.14
760.0126883983612,19.79
761.4255344867706,19.62
762.8382453918457,19.21
764.2479734420776,19.28
765.6586668491364,19.28
767.0722568035126,19.24
768.4825401306152,19.34
769.8959200382233,19.69
771.32084608078,20.24
772.7308361530304,20.0
774.1404719352722,19.97
775.5570831298828,20.0
776.9683771133423,20.0
778.3821895122528,19.76
785.7494294643402,0.86
787.0676872730255,0.9
788.3687834739685,0.83
789.7020361423492,0.72
791.0162577629089,0.83
792.3351593017578,0.79
793.6527600288391,0.72
794.9693703651428,0.79
799.5726091861725,0.62
800.9847331047058,0.76
802.3958494663239,0.52
803.8207864761353,0.62
805.2311980724335,0.55
806.6461160182953,0.69
808.0584359169006,0.66
809.4726450443268,10.45
810.8841588497162,16.76
812.2973947525024,20.52
813.7118926048279,23.0
815.1227085590363,23.97
816.5329666137695,25.59
817.9445757865906,25.86
819.3550701141357,26.69
820.7664983272552,26.69
822.1802730560303,28.03
823.5957565307617,28.28
825.0091290473938,28.52
826.4118962287903,28.07
827.7632899284363,28.72
829.1755170822144,28.79
830.5851032733917,28.83
832.0070967674255,28.9
833.4176857471466,29.07
834.8173520565033,28.59
836.2291803359985,29.45
837.6555004119873,29.66
839.0676636695862,29.83
840.4783728122711,29.79
841.8093259334564,29.72
843.2346937656403,29.55
844.6325545310974,29.69
846.0444223880768,29.66
847.4568367004395,29.76
848.8715476989746,29.66
850.2929441928864,29.72
851.6926739215851,29.66
853.1033055782318,29.72
854.516416311264,29.69
861.8232357501984,0.9
863.1485073566437,0.72
864.4558563232422,0.72
865.7738697528839,0.76
867.0979125499725,0.76
868.4111797809601,0.69
869.7303893566132,0.69
871.079258441925,0.66
875.6877098083496,0.45
877.0999474525452,0.59
878.4384200572968,0.55
879.8545367717743,0.45
881.2708790302277,0.66
882.6865096092224,8.62
884.0993385314941,15.86
885.5113246440887,22.62
886.9240250587463,27.72
888.3225240707397,31.45
889.7431290149689,34.17
891.1517975330353,37.45
892.559849023819,39.31
893.9845809936523,40.28
895.3986551761627,42.03
896.8002445697784,42.59
898.2151687145233,43.45
899.6288266181946,44.72
901.039867401123,44.69
902.4525413513184,46.38
903.8664381504059,46.69
905.2767362594604,47.38
906.6907176971436,47.41
908.0987448692322,47.48
909.5120689868927,49.03
910.9245848655701,49.07
912.3358182907104,49.0
913.7472925186157,49.14
915.0856804847717,49.07
916.5058131217957,48.86
917.9079012870789,49.28
919.2563121318817,48.9
920.6052958965302,49.0
922.0128924846649,50.69
923.4206290245056,50.0
924.8289635181427,50.86
926.1724057197571,50.52
927.593626499176,49.52
929.0039703845978,48.9
930.4068908691406,50.31
931.8169736862183,49.52
933.2429180145264,49.0
934.5810060501099,49.1
935.9898447990417,48.93
937.3375599384308,49.03
938.7499649524689,49.24
946.053181886673,0.52
947.3540406227112,0.45
948.6711835861206,0.45
949.987062215805,0.41
951.2951326370239,0.45
952.6066339015961,0.34
953.9116411209106,0.41
955.2703568935394,0.41
959.847240447998,0.28
961.2537548542023,0.34
962.6806998252869,0.24
964.0927474498749,0.31
965.5070819854736,8.69
966.9146580696106,16.52
968.3220157623291,23.45
969.7362778186798,30.83
971.1487538814545,37.9
972.5601868629456,43.21
973.973381280899,47.41
975.3896214962006,51.07
976.8018050193787,52.66
978.2145161628723,55.52
979.5469560623169,57.66
980.9583456516266,59.34
982.3784804344177,60.38
983.7922277450562,61.66
985.2024066448212,62.83
986.614089012146,62.97
988.0260756015778,64.1
989.4373993873596,64.41
990.847767829895,65.45
992.2598898410797,67.14
993.6753010749817,67.59
995.087066411972,67.34
996.4974944591522,67.41
997.9091167449951,68.1
999.3234393596649,68.41
1000.732887506485,68.38
1002.1477596759796,68.45
1003.55885887146,68.52
1004.9688222408295,69.03
1006.3774602413177,69.55
1007.7870531082153,69.66
1009.2010719776154,69.9
1016.4914140701294,0.14
1017.844979763031,0.31
1019.1619420051575,0.21
1020.4814167022705,0.14
1021.7972757816315,0.1
1023.1181375980377,0.17
1024.4348511695862,0.14
1025.752964258194,0.1
1030.3322875499725,0.07
1031.7573957443237,0.03
1033.159675836563,0.03
1034.5848715305328,0.0
1035.9955501556396,10.79
1037.4086396694183,20.76
1038.819095134735,30.21
1040.2297098636627,39.79
1041.6410775184631,47.93
1043.0588693618774,55.03
1044.4570989608765,60.28
1045.8758494853973,63.17
1047.288004398346,66.31
1048.7075500488281,70.21
1050.1134157180786,73.21
1051.5253105163574,76.34
1052.9371840953827,78.59
1054.3528351783752,80.28
1055.762764453888,81.97
1057.1757643222809,83.31
1058.5713646411896,85.0
1059.9998183250427,85.59
1061.4111697673798,86.07
1062.8210561275482,86.38
1064.2310769557953,87.59
1065.6425280570984,87.97
1067.0523672103882,88.28
1068.46390914917,88.59
1069.8782575130463,88.66
1071.2893936634064,89.38
1078.5840392112732,-0.03
1079.9029338359833,-0.14
1081.2183060646057,-0.1
1082.566878080368,-0.21
1083.8690073490143,-0.1
1085.1882989406586,-0.14
1086.4992530345917,-0.1
1087.8225409984589,-0.21
1089.0406725406647,-0.28
1090.2463374137878,-0.14
1091.4515902996063,-0.14
1092.7033863067627,-0.21
1093.9076564311981,-0.24
1095.120046377182,-0.24
1096.34450173378,-0.17
1097.5520823001862,-0.14
1098.7763369083405,-0.17
1099.9834773540497,-0.21
1101.1890020370483,-0.28
1102.4425899982452,-0.31
1103.6537599563599,-0.21
1104.8588554859161,-0.17
1106.0683131217957,-0.28
1107.276026725769,-0.21
1108.4920253753662,-0.21
1109.7079734802246,-0.17
1110.9577243328094,-0.24
1112.151443719864,-0.17
1113.3735718727112,-0.14
1114.5979945659637,-0.28
1115.8074779510498,-0.24
1117.0307614803314,-0.31
1118.239251613617,-0.21
1119.4479155540466,-0.1
1120.704405784607,-0.17
1121.9126842021942,-0.21
1123.1188168525696,-0.24
1124.3359451293945,-0.31
1125.5373666286469,-0.14
1126.751621723175,-0.17
1127.9539704322815,-0.28
1129.1595857143402,-0.21
1130.4143333435059,-0.31
1131.6205613613129,-0.24
1132.8320107460022,-0.14
1134.0467159748077,-0.28
1135.2626430988312,-0.31
1136.4692778587341,-0.24
1137.6767482757568,-0.24
1138.883816242218,-0.17
1140.1369454860687,-0.21
1141.3440792560577,-0.24
1142.5641474723816,-0.21
1143.7691814899445,-0.28
1144.994431734085,-0.24
1146.1993281841278,-0.21
1147.4200484752655,-0.24
1148.6277222633362,-0.34
1149.8680119514465,-0.21
1151.0769922733307,-0.14
1152.2989571094513,-0.28
1153.520854473114,-0.14
1154.7299740314484,-0.24
1155.9543159008026,-0.24
1157.1606023311615,-0.28
1158.4153628349304,-0.24
1159.621819972992,-0.69
1160.847956418991,-0.28
1162.0548923015594,-0.24
1163.281572818756,-0.24
1164.4921324253082,-0.24
1165.7064056396484,-0.14
1166.912099123001,-0.24
1168.1669971942902,-0.24
