1.1170556545257568,-1.69
2.3206145763397217,-1.55
3.53576922416687,-1.66
4.74363374710083,-1.66
9.324867010116577,191.38
10.737914800643921,128.86
12.152711629867554,122.55
13.559197902679443,121.45
14.971802234649658,120.62
16.38294267654419,120.55
17.79618263244629,116.9
19.130003213882446,115.45
20.5440571308136,106.48
21.958210945129395,100.07
23.367680072784424,91.9
24.77895212173462,86.17
26.20141053199768,81.03
33.510663747787476,-1.72
34.81240797042847,-1.97
36.11072778701782,-1.66
37.429426431655884,-3.28
38.73237180709839,-3.93
40.07951641082764,-1.86
41.38029193878174,0.07
42.698617935180664,0.41
47.28251385688782,189.69
48.695258140563965,129.17
50.10683989524841,123.0
51.51592516899109,121.9
52.92486333847046,121.31
54.34955811500549,121.28
55.75336408615112,117.24
57.1645622253418,115.14
58.57415771484375,106.21
59.98710083961487,99.07
61.40145015716553,92.55
62.81363320350647,85.86
64.22563171386719,80.79
65.63770246505737,76.62
67.04693508148193,71.86
68.46427750587463,68.83
69.87795519828796,64.62
71.28861451148987,59.59
78.60120129585266,-1.38
79.91800284385681,-1.45
81.2703628540039,-3.0
82.5848138332367,0.21
83.88521790504456,-4.66
85.2029402256012,-0.66
86.51767134666443,-2.1
87.83529090881348,-1.72
89.04202103614807,-1.76
90.24649834632874,-1.66
91.48520016670227,-1.69
92.72222805023193,-1.69
97.28137350082397,191.31
98.70706152915955,130.55
100.12000012397766,123.38
101.53214406967163,122.21
102.93646216392517,121.21
104.34810757637024,121.14
105.77051639556885,121.41
107.17347049713135,117.17
108.58662152290344,113.9
109.99802851676941,105.03
111.40633010864258,96.28
112.83023977279663,87.41
120.13688850402832,-2.31
121.45888781547546,-2.28
122.8233413696289,-2.21
124.14533972740173,-2.1
125.4789400100708,-2.17
126.80204367637634,-2.07
128.11598443984985,-2.07
129.4348428249359,-2.0
134.01577806472778,186.83
135.4385380744934,-20.24
136.8371241092682,28.03
138.26139283180237,3.45
139.67542457580566,9.69
141.0872185230255,6.79
142.50020051002502,8.69
143.9118571281433,7.72
145.32761144638062,9.59
146.73880815505981,9.0
148.14625191688538,9.14
149.55756330490112,11.52
150.96750688552856,11.1
152.37795853614807,12.07
153.78843665122986,13.62
155.21425247192383,12.55
156.61525344848633,16.28
158.04225039482117,15.07
159.44900250434875,16.59
160.79925274848938,17.69
162.1328296661377,17.97
163.48232316970825,20.9
164.81919145584106,19.66
166.16188144683838,22.07
167.58771777153015,20.41
168.92137908935547,24.72
170.33672094345093,23.41
171.6793177127838,24.28
173.09254336357117,24.79
174.4407365322113,26.93
175.78562688827515,25.9
177.19988560676575,29.0
178.61315059661865,29.41
180.0252034664154,30.28
181.36668610572815,30.72
182.70198035240173,31.07
184.0533094406128,33.45
185.4701156616211,32.17
186.80741095542908,33.03
188.21893119812012,32.21
189.63273811340332,36.07
191.05126357078552,38.31
192.46634459495544,39.55
193.87882018089294,40.07
195.2854573726654,39.86
196.69606232643127,41.1
198.10719847679138,41.1
199.45462584495544,38.86
200.86425971984863,39.28
202.29145121574402,39.1
203.7033109664917,40.79
205.10156297683716,41.76
206.51289796829224,40.79
207.93785190582275,42.38
209.3359260559082,40.34
210.74889945983887,39.41
212.1629490852356,40.55
213.58954620361328,38.83
215.00217056274414,41.62
216.40856432914734,40.1
217.818514585495,39.93
219.1669270992279,40.83
220.5816526412964,39.14
221.99620127677917,39.55
223.40465450286865,39.62
224.81633591651917,41.38
232.11779618263245,-1.41
233.4186089038849,-1.28
234.72018575668335,-1.31
236.02068066596985,-1.34
237.33932256698608,-1.45
238.64262175559998,-1.41
240.0068278312683,-1.41
241.32091331481934,-1.45
242.52995038032532,-1.38
243.73858284950256,-1.52
244.94887137413025,-1.41
246.15547513961792,-1.34
247.36172580718994,-1.48
248.61359190940857,-1.48
249.8238320350647,-1.45
251.02900433540344,-1.45
252.2516803741455,-1.38
253.46209335327148,-1.52
254.6720678806305,-1.52
255.88104009628296,-1.45
260.47403836250305,192.28
261.8867971897125,130.76
263.2998194694519,123.69
264.7054331302643,121.66
266.1186013221741,121.14
267.53087401390076,120.86
268.94112062454224,121.03
270.35337805747986,116.59
271.762757062912,114.79
273.17401218414307,104.03
274.598904132843,94.66
276.013765335083,86.14
283.3209545612335,-2.45
284.62328696250916,-2.31
285.9432022571564,-2.21
287.2604522705078,-2.21
288.5780656337738,-2.1
289.9303333759308,-2.14
291.2601797580719,-2.1
292.57765436172485,-2.03
297.1690664291382,188.48
298.5798919200897,-21.1
299.99518728256226,28.07
301.328665971756,0.21
302.7419185638428,14.21
304.1684160232544,5.0
305.5695068836212,10.0
306.9965705871582,7.14
308.3936941623688,9.28
309.8078861236572,8.55
311.23355531692505,10.55
312.6409695148468,10.41
314.05286955833435,12.17
315.4674286842346,11.1
316.87248611450195,12.97
318.284880399704,14.59
319.6403548717499,12.79
320.98438358306885,17.97
322.31741523742676,15.34
323.66636991500854,17.9
325.0158603191376,18.62
326.41457748413086,19.86
327.76280307769775,20.52
329.17667627334595,21.34
330.5265929698944,19.93
331.8699953556061,23.83
333.22047996520996,22.45
334.55597829818726,26.69
335.8982231616974,23.9
337.30808687210083,27.0
338.7264804840088,25.21
340.0752410888672,29.28
341.41639590263367,28.07
342.8326098918915,30.79
344.1808531284332,30.97
345.51380729675293,32.28
346.8572461605072,32.83
348.2068405151367,32.83
349.62129282951355,35.24
350.965758562088,34.9
352.31452655792236,34.69
353.6470251083374,37.62
354.99956130981445,38.24
356.3477382659912,38.28
357.6805911064148,37.55
359.02985858917236,39.86
360.3806691169739,40.52
361.79127740859985,40.21
363.20361399650574,40.0
364.53836274147034,39.34
365.89077281951904,40.62
367.2289299964905,40.59
368.57655239105225,40.24
369.9146707057953,40.62
371.32592010498047,40.28
372.7355875968933,38.62
374.15646147727966,40.07
375.56964325904846,40.52
376.9830446243286,39.79
378.3218123912811,38.41
379.67012667655945,41.1
381.0095238685608,40.28
382.42459869384766,42.0
383.83397030830383,40.17
385.24420046806335,42.1
386.65320658683777,39.76
393.95764207839966,-2.17
395.26012349128723,-2.1
396.58214473724365,-2.1
397.87824630737305,-2.03
399.1968023777008,-2.0
400.51334953308105,-1.97
401.8338816165924,-2.0
