1.1071014404296875,6.07
2.30989146232605,5.93
3.538344383239746,6.07
4.746205568313599,6.07
9.325357437133789,0.66
10.668511152267456,0.48
12.080596208572388,0.38
13.492345094680786,0.45
14.904943704605103,0.24
16.30391216278076,0.17
17.661696434020996,0.1
19.00472617149353,0.17
20.410308599472046,-0.03
21.753556489944458,-0.1
23.17654824256897,9.97
24.519448041915894,12.76
25.92583465576172,14.03
27.342544555664062,5.28
28.745526552200317,3.21
30.16997742652893,12.17
31.575803756713867,14.93
32.99643564224243,13.45
34.40832567214966,5.38
35.74514436721802,3.21
37.16442608833313,11.83
38.564011335372925,14.07
39.91756892204285,5.79
41.328299045562744,11.62
42.743581771850586,6.83
44.149025440216064,6.93
45.562973976135254,5.86
46.973692178726196,7.76
48.39107275009155,14.62
49.80993127822876,18.45
51.2239556312561,9.66
52.63303256034851,7.86
54.04402756690979,16.66
55.45419144630432,9.45
56.868988037109375,8.41
58.277996301651,14.34
59.692606687545776,7.41
61.10778760910034,16.48
62.52387452125549,13.66
63.93442177772522,16.52
65.34335970878601,7.1
66.68198776245117,4.62
68.09393692016602,13.59
69.44483375549316,6.24
70.85673117637634,14.28
72.20493030548096,6.69
73.54044842720032,12.52
74.88804936408997,6.83
76.23043584823608,14.38
77.6477222442627,7.52
78.9890649318695,5.41
80.33212995529175,13.59
81.75190854072571,6.17
83.08983516693115,5.1
84.49913311004639,3.79
85.85061430931091,12.55
87.2631368637085,13.97
88.61171364784241,5.72
90.01701545715332,14.41
91.431955575943,6.38
92.8427803516388,4.62
94.24960422515869,3.83
95.66200947761536,4.07
97.07219529151917,3.72
98.48830389976501,3.21
99.91377854347229,12.41
101.32726335525513,15.34
102.73904705047607,7.31
104.14655351638794,5.45
105.56243968009949,13.31
106.9765636920929,15.76
108.31896543502808,6.86
109.73085117340088,14.31
111.1424286365509,16.17
112.56091523170471,17.21
113.9699969291687,17.76
115.37829804420471,17.03
116.79722595214844,16.17
118.19551110267639,8.34
119.6107234954834,13.72
121.02549982070923,15.24
122.43834781646729,16.97
123.84972357749939,14.97
