1.108949899673462,-1.93
2.3116493225097656,-1.9
3.5443315505981445,-2.0
4.7522923946380615,-2.0
5.964535474777222,-1.97
7.1858885288238525,-2.0
11.761987209320068,1.9
13.184931516647339,17.97
14.59658670425415,68.41
16.00832438468933,85.62
17.342499017715454,92.21
18.687531232833862,96.93
20.10039472579956,100.21
21.512044429779053,102.69
22.85253071784973,105.24
24.202688694000244,105.66
25.61477780342102,107.72
27.027000904083252,108.45
28.438842296600342,108.1
29.85207462310791,108.03
31.252110719680786,110.14
32.67031693458557,108.24
34.07528805732727,110.38
35.498934507369995,110.72
36.90552735328674,110.86
38.31667613983154,110.76
39.72497010231018,111.03
41.13769888877869,110.97
42.54935431480408,111.03
43.969019174575806,111.0
45.36949419975281,111.21
46.780157804489136,110.59
48.1934597492218,110.86
49.61413264274597,111.1
51.02587962150574,110.76
52.4391713142395,110.62
53.85090398788452,110.38
55.26189041137695,110.66
56.66078209877014,110.62
58.0724720954895,110.21
59.486132860183716,110.48
60.901957988739014,110.52
62.31404423713684,110.38
63.73241376876831,110.24
65.14448046684265,110.03
66.48462247848511,110.14
67.88738131523132,110.0
69.23617720603943,110.0
70.64141964912415,109.93
71.99639248847961,109.59
73.40420866012573,109.55
74.74677038192749,109.72
76.09273862838745,109.62
77.42952036857605,109.62
78.78239607810974,109.45
80.179696559906,109.76
81.59336113929749,110.1
83.01141953468323,110.0
84.42912745475769,110.03
85.84024214744568,110.0
87.2456316947937,109.93
88.65957164764404,109.76
90.07127547264099,109.97
91.48417472839355,110.17
92.88365721702576,109.86
94.29477572441101,109.83
95.71049213409424,110.24
97.122314453125,110.07
98.53527569770813,109.9
99.94487357139587,109.66
101.36974477767944,111.34
102.77948307991028,111.45
104.1947455406189,110.24
105.59272170066833,109.9
107.0023889541626,109.9
108.41286015510559,111.17
109.82340621948242,110.59
111.1788821220398,111.83
112.58733797073364,112.31
114.0035011768341,110.21
115.41359663009644,111.59
116.82648658752441,109.97
118.23883700370789,109.55
119.63522410392761,111.03
121.0497658252716,112.0
122.47123527526855,112.0
123.88609385490417,112.31
125.29415321350098,112.1
126.70692777633667,112.28
128.1188976764679,110.55
129.46429634094238,110.14
130.80530881881714,109.72
132.1506884098053,110.55
133.49255514144897,110.17
134.8977198600769,109.93
136.24545526504517,109.76
137.59206819534302,109.93
139.0019052028656,112.14
140.4117727279663,110.21
141.8181550502777,110.03
143.22779321670532,109.93
144.6414179801941,110.07
146.05764365196228,110.07
147.4737696647644,109.86
148.87568140029907,109.72
150.28598165512085,109.93
151.6945583820343,110.1
153.11084914207458,110.0
154.5291509628296,109.9
155.94567823410034,109.9
157.34969568252563,111.97
158.69860863685608,113.03
160.09997463226318,111.17
161.4529619216919,110.72
162.79420685768127,110.62
164.1340458393097,110.45
165.48318123817444,110.52
166.89392375946045,110.41
168.30001950263977,110.55
169.6516239643097,110.72
170.98999571800232,110.48
172.3333125114441,110.34
173.67980456352234,110.59
175.0893316268921,110.03
176.50192284584045,110.03
177.84274196624756,110.21
179.2480399608612,110.1
180.59801697731018,109.97
182.00168180465698,109.76
183.35187101364136,109.69
184.76296734809875,109.62
186.10226798057556,109.34
187.45322561264038,109.28
188.79152536392212,109.52
190.20189094543457,110.1
191.618319272995,110.03
193.02770042419434,110.28
194.37227535247803,110.48
195.78382658958435,110.31
197.1233344078064,109.86
198.53828477859497,110.31
199.87810230255127,109.97
201.2969126701355,109.93
202.69808530807495,109.38
204.11655640602112,109.34
205.4606807231903,109.55
206.8705551624298,109.86
208.21803498268127,109.83
209.62417650222778,101.93
211.03568482398987,101.9
212.4483015537262,108.03
213.7904646396637,106.66
215.1942732334137,104.86
216.54891538619995,108.62
217.9538333415985,116.72
219.36322712898254,121.66
220.7823679447174,117.38
222.1833062171936,117.9
223.59843230247498,111.31
224.9518358707428,117.48
226.36456751823425,103.69
227.77497005462646,114.9
229.17541575431824,110.55
230.58809566497803,105.76
231.9999942779541,100.72
233.41149997711182,112.21
234.82306241989136,108.55
236.24707627296448,110.14
237.65965390205383,112.55
239.05733394622803,112.83
240.47471737861633,107.28
241.8867814540863,106.24
243.30179405212402,114.1
244.7145917415619,107.14
246.1129903793335,103.48
247.53857946395874,103.59
248.95224285125732,116.1
250.29375338554382,109.9
251.69068026542664,106.79
253.11618852615356,112.34
254.5181806087494,107.28
255.93825244903564,105.45
257.34140515327454,114.41
258.7508668899536,107.55
260.1763153076172,115.66
261.57423543930054,113.17
262.999121427536,106.86
264.40009474754333,106.83
265.8113477230072,103.93
267.22608280181885,109.55
268.64023327827454,104.62
270.05402398109436,102.34
271.3985300064087,103.34
272.80009937286377,105.66
274.21429562568665,105.34
275.62439036369324,114.59
277.0397334098816,119.9
278.4523754119873,108.86
279.86292576789856,120.79
281.273015499115,121.41
282.6869204044342,108.1
284.0968039035797,100.79
285.5064744949341,110.28
286.92645239830017,107.34
288.33755803108215,115.69
289.74262976646423,112.9
291.15388894081116,110.59
292.57131910324097,104.03
293.98033261299133,113.03
295.3920223712921,118.83
296.8041470050812,112.97
298.21525049209595,108.24
299.6277060508728,107.69
301.0388751029968,115.79
302.45519042015076,110.0
303.8543236255646,102.86
305.2649314403534,113.59
306.68388295173645,105.14
308.09399032592773,114.03
309.5063416957855,113.24
310.9247155189514,110.14
312.32492899894714,116.52
313.73410391807556,117.9
315.15829157829285,108.72
316.5708763599396,103.52
317.9686141014099,103.31
319.3955099582672,104.59
320.806711435318,106.72
322.2069857120514,107.48
323.56207156181335,105.72
324.97303581237793,115.1
326.3094537258148,118.24
327.6571617126465,106.97
328.99780106544495,108.17
330.40061712265015,116.1
331.75553727149963,117.66
333.1652443408966,109.9
334.58112263679504,104.52
335.9925284385681,113.97
337.3356771469116,110.1
338.73382687568665,106.79
340.0871911048889,106.34
341.43009972572327,108.14
342.775182723999,114.52
344.18379950523376,117.66
345.6006507873535,110.21
347.0004880428314,116.69
348.35616421699524,118.45
349.7532203197479,109.59
351.10474705696106,108.24
352.45378375053406,108.66
353.79699754714966,105.52
355.1962842941284,114.79
356.5517978668213,112.62
357.9610266685486,116.45
359.3745653629303,107.83
360.72057461738586,109.76
362.05754113197327,106.07
363.4690866470337,103.52
364.8178622722626,113.86
366.2269856929779,112.03
367.63898944854736,109.76
369.0395178794861,115.9
370.39102005958557,113.45
371.79693579673767,104.48
373.2148575782776,106.48
374.6152288913727,114.34
376.0337710380554,104.62
377.4443476200104,105.97
378.79380083084106,106.79
380.2075924873352,105.66
381.6070075035095,116.28
383.01801657676697,113.59
384.4289216995239,115.86
385.84617948532104,105.83
387.2558150291443,114.76
388.6694881916046,111.86
390.0857264995575,104.83
391.49556851387024,110.28
392.9053313732147,101.79
394.3152072429657,114.45
395.7248921394348,117.14
397.1367521286011,115.34
398.54707312583923,114.62
399.9639992713928,110.1
401.3810110092163,105.97
402.7793571949005,115.45
404.1909327507019,111.17
405.60445952415466,111.0
406.9567754268646,112.93
408.3673589229584,117.83
409.77523398399353,110.93
411.18606543540955,95.45
412.60408091545105,95.52
414.000510931015,111.59
415.4144504070282,108.62
416.8240132331848,102.69
418.2376084327698,100.69
419.6591763496399,99.21
421.002943277359,108.52
422.41195034980774,104.72
423.8155372142792,102.21
425.2266278266907,114.55
426.6377580165863,109.07
428.0495722293854,99.24
429.46108317375183,116.28
430.87934923171997,114.62
432.2884330749512,110.45
433.70242857933044,113.93
435.11090564727783,104.69
436.52536153793335,115.28
437.93597507476807,113.45
439.345990896225,104.62
440.75661611557007,111.79
442.1740427017212,116.45
443.58592796325684,104.48
444.998991727829,108.34
446.402126789093,96.9
447.8142421245575,98.66
449.2257697582245,107.52
450.6404960155487,100.21
452.04636001586914,114.45
453.46245646476746,107.79
454.8729405403137,102.17
456.2935781478882,104.55
457.6995267868042,116.83
459.1129357814789,110.97
460.52570962905884,114.1
461.93640899658203,107.83
463.3478801250458,105.1
464.75011682510376,102.38
466.1669714450836,100.69
467.5775456428528,107.69
468.99843883514404,113.38
470.3969542980194,106.17
471.82263827323914,103.41
473.23308515548706,108.83
474.63006949424744,115.97
476.05162954330444,111.79
477.46268343925476,105.97
478.87376046180725,115.34
480.28403902053833,98.17
481.69558215141296,108.38
483.1111116409302,113.79
484.52144026756287,106.72
485.93326330184937,115.34
487.34318923950195,118.17
488.7609553337097,111.66
490.16133546829224,118.31
491.5793459415436,109.24
492.9903862476349,103.97
494.39264154434204,118.31
495.8178651332855,124.79
497.2296738624573,114.76
498.64149045944214,121.9
500.05418968200684,111.41
501.4564347267151,109.28
502.8680703639984,111.45
504.28098464012146,109.48
505.6933026313782,111.48
507.10350584983826,110.79
508.513041973114,109.93
509.9253475666046,108.03
511.3397099971771,110.79
512.7492482662201,108.9
514.1658465862274,114.76
515.5674350261688,114.0
516.9930493831635,109.69
518.4063582420349,115.66
519.8048088550568,114.83
521.216933965683,120.62
522.6409380435944,119.9
524.0402250289917,117.66
525.455308675766,114.72
526.8605327606201,113.48
528.2741930484772,111.21
529.6933798789978,111.52
531.1027588844299,109.9
532.5129840373993,110.55
533.9230992794037,109.14
535.3325378894806,109.97
536.745195388794,110.03
538.1575992107391,109.66
539.5709850788116,109.24
540.9868950843811,108.86
542.3939068317413,108.14
543.8056447505951,109.69
545.2207040786743,110.14
546.6307759284973,110.1
548.0452635288239,109.69
549.4484739303589,109.34
550.8730819225311,109.03
552.2751293182373,108.97
553.6938378810883,108.31
555.1097505092621,107.66
556.5079426765442,108.9
563.816992521286,4.21
565.1698138713837,4.24
566.4921545982361,4.28
567.8073029518127,4.34
569.131185054779,4.24
570.4460868835449,4.31
571.7695543766022,4.24
573.0921156406403,4.24
574.4192423820496,4.21
575.7705826759338,4.14
577.0922598838806,4.21
578.4178242683411,4.21
579.7417688369751,4.1
581.0585234165192,3.97
582.3815131187439,3.86
583.6995227336884,4.07
