1.1080653667449951,1.38
2.3124334812164307,1.48
3.551936626434326,1.48
4.754013538360596,1.62
9.327443599700928,1.24
10.74031925201416,1.79
12.15263557434082,3.59
13.495524168014526,6.97
14.909024715423584,11.31
16.30752468109131,16.69
17.721237897872925,21.41
19.13071060180664,30.83
20.547483682632446,37.48
21.968523502349854,42.76
23.378586292266846,47.17
24.727373600006104,49.86
26.135069370269775,53.83
27.541844844818115,56.83
28.957173109054565,58.83
30.367117881774902,61.21
31.776021480560303,63.55
33.19112944602966,64.86
34.60321235656738,65.45
35.952893018722534,65.0
37.34818625450134,64.9
38.77311944961548,65.41
40.185648679733276,64.93
41.525742053985596,64.38
42.93053221702576,62.93
44.34591627120972,61.38
45.75775456428528,61.48
47.16837668418884,58.97
48.58634114265442,57.69
49.98608732223511,56.24
51.39921522140503,55.34
52.811787843704224,53.07
54.2359185218811,51.45
