1.0990123748779297,-1.97,0
2.3436455726623535,-1.9,0
3.5496456623077393,-1.86,0
4.755934953689575,-1.86,0
5.958936452865601,-1.93,0
7.163736343383789,-2.0,0
11.74713659286499,-3.97,1
13.166628122329712,1.86,1
14.57863163948059,44.03,1
15.99197006225586,100.41,1
17.333749294281006,113.45,1
18.668404817581177,111.07,1
20.08555555343628,110.14,1
21.421000480651855,107.9,1
22.77538752555847,105.55,1
24.106082439422607,103.55,1
25.51701307296753,102.21,1
26.94262433052063,100.76,1
34.25162196159363,-1.69,0
35.545244455337524,-1.86,0
36.858171701431274,-1.83,0
38.15823936462402,-1.9,0
39.47144865989685,-1.76,0
40.77462077140808,-2.1,0
42.077569246292114,-1.79,0
43.404324531555176,-1.86,0
44.7236168384552,-0.24,0
46.02125096321106,-1.72,0
47.31960964202881,-1.83,0
48.633347511291504,-1.79,0
49.94204354286194,-1.83,0
51.26309370994568,-1.97,0
52.611037492752075,-1.93,0
53.90379214286804,-1.9,0
55.240694761276245,-1.83,0
56.54636597633362,-1.86,0
57.878145933151245,-1.86,0
59.18449115753174,-1.86,0
60.497557163238525,-1.83,0
61.80293273925781,-1.86,0
63.15054893493652,-1.9,0
64.46882891654968,-1.86,0
65.77113676071167,-1.83,0
67.06850337982178,-1.93,0
68.39361262321472,-1.79,0
69.68287110328674,-1.86,0
70.99990606307983,-1.9,0
72.3055202960968,-1.86,0
73.64284896850586,-1.93,0
74.95058822631836,-1.9,0
76.25158500671387,-1.86,0
77.5573570728302,-1.93,0
78.86321711540222,-1.97,0
83.44443917274475,3.45,1
84.78838539123535,22.03,1
86.205078125,56.52,1
87.54506325721741,82.14,1
88.87882590293884,81.41,1
90.29182934761047,89.66,1
91.6358950138092,95.07,1
92.98001980781555,99.45,1
94.32036471366882,107.03,1
95.67560291290283,103.48,1
97.07611560821533,100.66,1
98.49382734298706,98.72,1
99.89935350418091,102.28,1
107.21559596061707,1.76,0
108.5276095867157,1.76,0
109.83024072647095,1.79,0
111.15296149253845,1.76,0
112.45438289642334,-8.07,0
113.80043935775757,-3.17,0
115.11299848556519,-2.21,0
116.42131900787354,-2.14,0
117.73753881454468,-1.97,0
119.06459140777588,-1.9,0
120.36777424812317,-1.83,0
121.68494534492493,-1.72,0
123.02707386016846,-1.79,0
124.34101510047913,-4.14,0
125.66126203536987,-2.03,0
126.97558879852295,-1.83,0
128.2781548500061,-1.86,0
129.5853714942932,-1.76,0
130.90176582336426,-1.86,0
132.23839855194092,-1.86,0
133.55758619308472,-1.83,0
134.86758685112,-1.97,0
136.16312265396118,-1.9,0
137.48583984375,-1.83,0
138.78854417800903,-1.9,0
140.10102248191833,-1.86,0
141.4105191230774,-1.83,0
142.75744342803955,-1.93,0
144.08058381080627,-1.93,0
145.38234615325928,-1.79,0
146.7061903476715,-1.9,0
148.00933122634888,-1.86,0
149.33658027648926,-1.86,0
150.64642453193665,-1.93,0
151.9848186969757,-1.9,0
156.5836501121521,22.07,1
157.99560117721558,38.66,1
159.4085807800293,65.45,1
160.81011581420898,82.79,1
162.23157715797424,90.9,1
163.56419157981873,92.45,1
164.91429710388184,96.34,1
166.33019256591797,97.34,1
167.67357325553894,97.76,1
169.08557510375977,99.1,1
170.41817092895508,98.52,1
171.8256983757019,101.69,1
179.1275818347931,2.72,0
180.43663001060486,2.79,0
181.7361717224121,2.72,0
183.0749795436859,2.76,0
184.37302374839783,2.79,0
185.67720246315002,-19.55,0
186.9845838546753,-4.38,0
188.28212881088257,-1.45,0
189.59699201583862,-1.79,0
190.89334416389465,-1.55,0
192.21257781982422,-1.66,0
193.51514863967896,25.59,0
194.87274813652039,-1.48,0
196.16810631752014,-1.52,0
197.46916913986206,-1.79,0
198.79436874389648,-1.83,0
200.10666465759277,-0.62,0
201.41033577919006,-1.97,0
202.71543884277344,-1.72,0
204.0645616054535,-3.83,0
205.36656403541565,-1.79,0
206.67135548591614,-1.79,0
207.98556852340698,-1.83,0
209.29857063293457,-1.79,0
210.6165714263916,-1.83,0
211.90657758712769,-1.83,0
213.22955989837646,-1.93,0
214.56929898262024,-1.9,0
215.87905263900757,-1.86,0
217.1801438331604,-1.9,0
218.50155687332153,-1.93,0
219.8111686706543,-1.93,0
221.13362050056458,-1.93,0
222.44020080566406,-1.83,0
223.7463345527649,-1.86,0
228.36694240570068,21.72,1
229.71478486061096,35.34,1
231.12926530838013,64.62,1
232.5425169467926,79.79,1
233.95155572891235,90.48,1
235.29882407188416,93.38,1
236.7030577659607,97.34,1
238.1122748851776,98.21,1
239.53455138206482,98.69,1
240.94220566749573,98.69,1
242.3585660457611,98.69,1
243.76609873771667,102.62,1
251.06821298599243,3.69,0
252.3841049671173,3.66,0
253.68546628952026,3.69,0
255.0410771369934,3.55,0
256.35353565216064,3.62,0
257.6636965274811,4.31,0
258.9739396572113,-18.24,0
260.2832102775574,-2.24,0
261.59924697875977,-2.0,0
262.9125406742096,-1.66,0
264.2325587272644,-2.28,0
265.57281494140625,-1.76,0
266.87588453292847,-1.76,0
268.1955394744873,-1.79,0
269.50612807273865,-1.86,0
270.82943201065063,-1.93,0
272.154483795166,-1.9,0
273.45893144607544,-1.9,0
274.8171899318695,-1.83,0
276.12960386276245,-1.93,0
277.4364140033722,-1.79,0
278.75615334510803,-1.93,0
280.0689151287079,-1.9,0
281.38520193099976,-1.86,0
282.68547892570496,-1.93,0
284.0091893672943,-1.86,0
285.36553287506104,-1.83,0
286.6746928691864,-2.0,0
288.00268054008484,-1.93,0
289.31594467163086,-1.97,0
290.63754630088806,-1.86,0
291.9605314731598,-1.86,0
293.28296279907227,-1.93,0
294.6228268146515,-1.9,0
295.9604289531708,-1.86,0
300.5595278739929,23.31,1
301.9580571651459,39.86,1
303.38252997398376,67.07,1
304.78557801246643,81.41,1
306.20110273361206,91.03,1
307.6159691810608,93.24,1
309.0285265445709,97.93,1
310.42859268188477,98.97,1
311.8423569202423,99.41,1
313.264524936676,99.62,1
314.6759355068207,99.17,1
316.08752489089966,98.69,1
323.3763165473938,2.69,0
324.7271239757538,2.69,0
326.0252330303192,2.72,0
327.3429636955261,2.79,0
328.6440930366516,0.0,0
329.9598786830902,-26.83,0
331.2745313644409,-2.52,0
332.58235359191895,-0.86,0
333.88529920578003,-1.83,0
335.2289230823517,-2.14,0
336.5445308685303,-1.9,0
337.85582733154297,-2.0,0
339.1617479324341,-1.97,0
340.4815163612366,-1.9,0
341.7854869365692,-1.83,0
343.0995285511017,-1.86,0
344.4035141468048,-1.83,0
345.7525291442871,-1.9,0
347.05938839912415,-1.86,0
348.3609845638275,-1.9,0
349.68352818489075,-1.9,0
350.98695492744446,-1.93,0
352.29196405410767,-1.93,0
353.61462116241455,-1.86,0
354.9311101436615,-1.97,0
356.2860026359558,-1.93,0
357.60151290893555,-1.93,0
358.9127938747406,-2.0,0
360.21354365348816,-1.9,0
361.634884595871,-1.9,0
362.95550990104675,-1.97,0
364.2569742202759,-1.97,0
365.60564661026,-1.97,0
366.91911578178406,-1.97,0
