1.1114351749420166,-2.45,0
2.31772780418396,-2.31,0
3.556781530380249,-2.17,0
4.7633912563323975,-2.14,0
9.348745584487915,386.31,1
10.7605459690094,241.83,1
12.172587156295776,229.62,1
13.582556962966919,226.62,1
14.986833810806274,208.86,1
16.397189617156982,191.41,1
17.808934926986694,171.24,1
19.229332208633423,156.48,1
20.63045382499695,141.83,1
22.04467272758484,130.83,1
29.351176023483276,-2.07,0
30.659465312957764,-1.83,0
31.987744092941284,-1.76,0
33.32120084762573,-1.83,0
34.6435010433197,-1.76,0
35.950655460357666,-1.59,0
37.25875520706177,-1.66,0
38.56513524055481,-1.69,0
43.161837339401245,387.55,1
44.56468081474304,242.45,1
45.9847047328949,230.03,1
47.38374471664429,226.45,1
48.805535316467285,209.97,1
50.20980429649353,188.28,1
51.618762493133545,167.79,1
53.03985667228699,152.62,1
54.44502067565918,139.45,1
55.86366152763367,129.97,1
63.236480712890625,-8.45,0
64.56068396568298,-3.66,0
65.86676073074341,-2.45,0
67.1809434890747,2.9,0
68.50049448013306,3.9,0
69.80889105796814,-1.17,0
71.1181538105011,8.28,0
72.45976638793945,6.66,0
77.05109453201294,9.1,1
78.45821499824524,17.41,1
79.87527370452881,0.97,1
81.28156542778015,24.45,1
82.69987368583679,19.34,1
84.10415124893188,21.93,1
85.52446556091309,27.48,1
86.93176984786987,29.66,1
88.35354137420654,29.21,1
89.68286371231079,28.52,1
91.09699988365173,27.97,1
92.44948816299438,29.34,1
93.85423040390015,32.21,1
95.25636863708496,34.41,1
96.68257069587708,36.38,1
98.08589792251587,34.69,1
99.50687170028687,37.38,1
100.90816473960876,35.69,1
102.32542276382446,38.07,1
103.72901821136475,37.52,1
105.14095783233643,37.34,1
106.55377793312073,39.66,1
107.97115015983582,39.0,1
109.37506556510925,38.62,1
110.79509544372559,38.62,1
112.2030291557312,38.72,1
113.62217974662781,38.66,1
115.028315782547,38.79,1
116.43285489082336,39.03,1
117.85104703903198,43.38,1
119.26413440704346,39.66,1
120.68270897865295,40.59,1
122.09440922737122,40.31,1
123.49826526641846,40.0,1
124.90544128417969,39.97,1
126.31839227676392,39.97,1
127.73180627822876,40.07,1
129.14708709716797,40.14,1
130.5554370880127,40.21,1
131.96130108833313,40.07,1
133.3804967403412,40.03,1
134.78471064567566,39.97,1
136.20667481422424,40.21,1
137.61758661270142,40.14,1
139.01990628242493,40.24,1
140.43889117240906,40.17,1
141.8412744998932,40.45,1
143.25786113739014,40.28,1
144.6764359474182,40.0,1
146.07661867141724,40.21,1
153.45752334594727,-2.28,0
154.77968835830688,-2.07,0
156.10144710540771,-2.03,0
157.42068457603455,-1.93,0
158.74734044075012,-1.9,0
160.0559105873108,-6.48,0
161.38446497917175,14.38,0
162.6977460384369,12.28,0
167.320805311203,11.79,1
168.72394323349,19.97,1
170.14440488815308,7.79,1
171.55618596076965,30.76,1
172.89540266990662,25.79,1
174.24449348449707,26.45,1
175.65008330345154,25.48,1
177.0611550807953,28.59,1
178.47954630851746,30.03,1
179.88977479934692,30.52,1
181.29146313667297,32.21,1
182.71043419837952,33.72,1
184.13000798225403,35.31,1
185.4648289680481,34.1,1
186.8054597377777,35.52,1
188.22660493850708,34.52,1
189.63917446136475,37.21,1
191.03864431381226,36.07,1
192.45133256912231,38.9,1
193.87055349349976,37.69,1
195.27273440361023,37.0,1
196.69541573524475,37.0,1
198.10330533981323,37.38,1
199.5218014717102,39.14,1
200.92248511314392,32.97,1
202.33175778388977,36.21,1
203.75276589393616,36.34,1
205.15759682655334,35.86,1
206.5680272579193,38.41,1
207.98788142204285,40.55,1
209.3888304233551,41.07,1
210.80629444122314,40.79,1
212.22398495674133,41.03,1
213.62523412704468,41.21,1
215.04296898841858,41.03,1
216.44907307624817,40.38,1
217.86431503295898,40.41,1
219.27032256126404,40.45,1
220.69406461715698,40.1,1
222.0978889465332,40.03,1
223.51328468322754,40.07,1
224.9260015487671,39.9,1
226.3316581249237,39.34,1
227.7395179271698,39.38,1
229.15430092811584,41.55,1
230.57144379615784,41.34,1
231.98102402687073,40.31,1
233.3992564678192,40.28,1
234.81129693984985,40.24,1
242.10849475860596,-1.66,0
243.48100662231445,-1.55,0
244.8388044834137,-1.55,0
246.20300388336182,-1.52,0
247.51315355300903,-1.52,0
248.85376143455505,-1.52,0
250.1567075252533,-1.55,0
251.48348879814148,-1.45,0
256.0714213848114,41.59,1
257.48417615890503,55.41,1
258.90110063552856,65.24,1
260.3062250614166,72.59,1
261.7222201824188,80.1,1
263.1381928920746,88.69,1
264.5471649169922,97.14,1
265.9524173736572,103.14,1
267.3751029968262,110.41,1
268.7798466682434,117.24,1
270.1943852901459,125.03,1
271.6058073043823,130.52,1
272.95053219795227,137.1,1
274.363929271698,141.93,1
275.76921558380127,144.07,1
277.1882154941559,144.59,1
278.5998282432556,144.62,1
280.0110704898834,143.03,1
281.4207384586334,140.62,1
282.83231687545776,137.79,1
284.2371437549591,133.97,1
285.64995551109314,129.0,1
287.05555868148804,123.86,1
288.47736835479736,118.76,1
289.8836658000946,112.66,1
291.29761695861816,107.03,1
292.70332884788513,101.1,1
294.11312079429626,95.28,1
295.537878036499,90.24,1
296.94001817703247,86.0,1
298.3615984916687,81.24,1
299.76872277259827,77.69,1
301.17308735847473,74.14,1
302.58813071250916,69.28,1
304.005872964859,66.86,1
305.40999484062195,62.97,1
306.8311069011688,60.45,1
308.2315261363983,58.41,1
309.6531093120575,54.66,1
311.0563254356384,51.76,1
312.468994140625,49.41,1
313.8873438835144,46.97,1
315.30056524276733,45.14,1
316.70484805107117,42.62,1
318.1194226741791,40.52,1
319.5296564102173,38.97,1
320.945415019989,37.17,1
322.2856934070587,35.76,1
323.68787813186646,33.86,1
325.0396957397461,32.21,1
326.45319509506226,31.1,1
327.85451078414917,30.21,1
329.2815091609955,29.52,1
330.6926951408386,27.21,1
332.0940408706665,28.62,1
333.515013217926,28.17,1
334.92528319358826,28.03,1
336.33709168434143,27.83,1
337.74728655815125,27.97,1
339.1608793735504,27.93,1
340.5715775489807,28.24,1
341.9007225036621,28.34,1
343.31912112236023,28.72,1
344.7267904281616,28.97,1
346.13641023635864,29.1,1
347.5499017238617,29.76,1
348.8968770503998,30.28,1
350.3078601360321,31.07,1
351.71704268455505,32.14,1
353.12989258766174,32.97,1
354.54405522346497,33.76,1
355.9540481567383,34.52,1
357.3734378814697,35.17,1
358.7759165763855,36.0,1
360.1865029335022,37.1,1
361.6012558937073,37.31,1
368.906046628952,-1.21,0
370.22514820098877,-1.03,0
371.539350271225,-0.93,0
372.85922622680664,-0.97,0
374.1999456882477,-0.9,0
375.5080099105835,-0.9,0
376.81910252571106,-0.9,0
378.1416404247284,-0.9,0
379.33803129196167,-0.93,0
380.53532695770264,-1.03,0
381.74726366996765,-0.93,0
382.96503829956055,-0.93,0
