1.1195271015167236,-1.21,0
2.3571503162384033,-2.76,0
3.5701680183410645,-1.45,0
4.778509616851807,-1.28,0
9.365798234939575,194.21,1
10.778866529464722,23.9,1
12.190187215805054,4.28,1
13.599525451660156,-129.03,1
15.00394320487976,72.34,1
16.417988300323486,62.0,1
17.767152070999146,23.55,1
19.109249353408813,0.24,1
20.444172859191895,4.38,1
21.86148953437805,4.45,1
23.276432275772095,3.93,1
24.693467378616333,3.76,1
26.09257197380066,3.41,1
27.505767822265625,2.97,1
28.92581796646118,3.31,1
30.34382677078247,3.24,1
31.748340845108032,2.17,1
33.169594287872314,0.31,1
34.51384663581848,-0.14,1
35.850989818573,-0.38,1
37.190733671188354,-0.59,1
38.60629320144653,-0.72,1
40.02416634559631,-0.72,1
41.435896158218384,-0.55,1
