1.102311372756958,-1.69,0
2.3499581813812256,-1.86,0
3.559262275695801,-1.76,0
4.7554004192352295,-1.93,0
9.325698852539062,155.41,1
10.73860239982605,41.34,1
12.150477647781372,23.48,1
13.562529563903809,12.52,1
14.973963737487793,21.83,1
16.387556791305542,21.24,1
17.7900550365448,20.21,1
19.131821393966675,20.86,1
20.551024436950684,23.0,1
21.890134572982788,22.28,1
23.312730073928833,17.24,1
24.65105938911438,24.62,1
26.067152976989746,16.79,1
27.470569372177124,20.31,1
34.79032254219055,-0.86,0
36.099910259246826,-1.55,0
37.40648579597473,-0.59,0
38.71605825424194,-1.14,0
40.02356553077698,-2.31,0
41.32923746109009,-1.34,0
42.68310523033142,-1.48,0
43.99110150337219,-1.48,0
48.59121012687683,158.9,1
50.007354497909546,38.62,1
51.42617201805115,25.21,1
52.840309858322144,20.97,1
54.23871159553528,20.9,1
55.652697801589966,20.52,1
57.070131063461304,21.17,1
58.482271671295166,20.76,1
59.89949178695679,20.48,1
61.303741216659546,20.17,1
62.722651720047,20.03,1
64.13445830345154,20.34,1
65.48079252243042,21.76,1
66.88352680206299,21.69,1
68.22908401489258,27.28,1
69.65405225753784,20.52,1
71.06642436981201,24.07,1
72.46802163124084,25.48,1
73.87888240814209,-289.72,1
75.22693037986755,-22.14,1
76.64725279808044,-4.62,1
78.05796551704407,30.17,1
79.47353482246399,134.76,1
80.81473779678345,35.38,1
82.22013282775879,19.79,1
83.56343936920166,26.79,1
84.9170937538147,9.55,1
86.25669527053833,19.45,1
87.67402791976929,20.14,1
89.07355880737305,20.21,1
90.41704368591309,20.14,1
91.77251029014587,20.0,1
93.18621444702148,19.79,1
94.59069156646729,19.97,1
95.94599151611328,22.28,1
97.3466169834137,20.14,1
98.76510238647461,19.93,1
100.16640663146973,19.93,1
101.5171446800232,19.9,1
102.93775963783264,19.59,1
