1.1003594398498535,4.0,0
2.34263014793396,4.07,0
3.549527168273926,4.1,0
4.749675989151001,4.17,0
9.331971645355225,40.9,1
10.743045806884766,58.31,1
12.154369831085205,74.79,1
13.562715768814087,85.1,1
14.975934505462646,88.93,1
16.377552270889282,94.76,1
17.732476234436035,94.34,1
19.06212568283081,98.45,1
20.414774894714355,96.66,1
21.822101354599,97.0,1
23.228584051132202,97.07,1
24.648136615753174,95.9,1
26.059175968170166,95.48,1
27.4655704498291,96.45,1
28.87760901451111,95.0,1
30.298272132873535,98.31,1
31.69615602493286,97.03,1
33.1094183921814,100.21,1
34.46550631523132,98.69,1
35.8644540309906,98.38,1
37.216976165771484,97.86,1
38.6172981262207,103.38,1
39.97559189796448,102.17,1
41.31794238090515,102.0,1
42.72129201889038,101.24,1
44.135591983795166,100.9,1
45.48061561584473,98.48,1
46.82968783378601,97.72,1
48.1733660697937,97.69,1
49.585426568984985,97.76,1
50.985790967941284,98.03,1
52.3334105014801,98.72,1
53.75069236755371,97.97,1
55.15521025657654,98.69,1
56.495057821273804,101.28,1
57.91794776916504,99.21,1
59.32149839401245,98.69,1
60.72777342796326,96.93,1
62.14938282966614,97.48,1
63.55792570114136,98.59,1
64.96801400184631,98.1,1
66.31846570968628,101.07,1
67.6610894203186,99.1,1
69.0049901008606,101.31,1
70.41535806655884,99.31,1
71.74448561668396,98.97,1
73.08914613723755,96.97,1
74.43995809555054,97.28,1
75.78804850578308,98.07,1
77.11888384819031,97.83,1
78.53926110267639,98.76,1
79.95006656646729,101.1,1
81.35068440437317,98.76,1
82.77648043632507,98.41,1
84.17845034599304,97.72,1
85.52268147468567,98.38,1
86.92948007583618,100.66,1
88.34321594238281,98.55,1
89.75588417053223,98.07,1
91.10800695419312,98.31,1
92.52008605003357,100.93,1
93.86316084861755,100.83,1
95.27003645896912,100.79,1
96.68556499481201,99.45,1
98.09842109680176,100.83,1
99.49838590621948,99.17,1
100.92260956764221,100.69,1
102.32872605323792,100.9,1
103.66986417770386,100.52,1
105.07846236228943,99.52,1
106.4979989528656,98.24,1
107.9067759513855,100.17,1
109.31501340866089,99.17,1
110.7307071685791,98.55,1
112.13852000236511,100.31,1
113.54963779449463,98.62,1
114.96483039855957,98.1,1
116.3800253868103,100.21,1
117.79464793205261,98.69,1
119.20284032821655,98.38,1
120.6120777130127,97.66,1
122.02790093421936,97.48,1
123.42676043510437,97.86,1
124.84006309509277,97.59,1
126.26515603065491,97.14,1
127.66628241539001,97.1,1
129.07595920562744,97.66,1
130.50141882896423,100.55,1
131.91250348091125,99.17,1
133.32360315322876,98.52,1
134.72680521011353,100.28,1
136.14574432373047,100.83,1
137.55127477645874,100.66,1
138.9673933982849,98.9,1
140.37834572792053,98.0,1
141.78230094909668,97.69,1
143.1962878704071,97.52,1
144.61577677726746,97.24,1
146.01468658447266,100.28,1
147.44145917892456,100.48,1
148.83869242668152,98.97,1
150.25246024131775,100.55,1
151.67473769187927,100.83,1
153.08347940444946,99.31,1
154.49094533920288,98.93,1
155.89742636680603,100.41,1
157.3068585395813,100.72,1
158.72708654403687,99.0,1
160.14423990249634,98.45,1
161.4873230457306,98.45,1
162.89048647880554,98.14,1
164.22941827774048,100.17,1
165.57798433303833,98.59,1
166.9853458404541,97.97,1
168.3331356048584,99.97,1
169.66854333877563,100.1,1
171.02492833137512,100.14,1
172.36300778388977,100.41,1
173.71108984947205,100.14,1
175.053156375885,99.83,1
176.38702988624573,100.14,1
177.73932433128357,99.9,1
179.1409571170807,99.93,1
180.48727250099182,100.14,1
181.89863991737366,100.17,1
183.23570322990417,100.1,1
184.58177661895752,100.03,1
185.92850613594055,100.21,1
187.27051329612732,99.83,1
188.62170577049255,100.1,1
190.0315728187561,100.17,1
191.3698787689209,100.24,1
192.71824645996094,100.03,1
194.11737656593323,99.93,1
195.53831696510315,99.72,1
196.9391016960144,99.97,1
198.36259531974792,100.17,1
199.77569150924683,100.07,1
201.18622946739197,99.59,1
202.52806735038757,99.79,1
203.94095134735107,100.0,1
205.27941226959229,99.83,1
206.68569469451904,99.9,1
208.109192609787,99.93,1
209.5167088508606,100.07,1
210.9237847328186,100.97,1
212.2732012271881,100.24,1
213.67552089691162,100.24,1
215.09192657470703,100.07,1
216.4437096118927,99.76,1
217.78681206703186,99.69,1
219.1869170665741,99.69,1
220.52735590934753,99.83,1
221.95305395126343,99.59,1
223.3623342514038,99.55,1
224.76960563659668,100.28,1
226.179203748703,100.07,1
227.59576797485352,99.41,1
229.0114824771881,99.52,1
230.40883660316467,99.41,1
231.83244442939758,99.31,1
233.17874002456665,99.31,1
234.58172249794006,99.0,1
235.98919486999512,99.03,1
237.41399765014648,99.59,1
238.82259154319763,100.24,1
240.23743867874146,99.55,1
241.64078402519226,99.0,1
243.0548276901245,98.72,1
244.45985651016235,98.41,1
245.8861701488495,99.38,1
247.28736805915833,99.86,1
248.70475506782532,100.03,1
250.114896774292,99.72,1
251.52245163917542,98.34,1
252.94356989860535,99.45,1
254.345773935318,98.45,1
255.75582098960876,98.24,1
257.1762840747833,101.76,1
258.57764077186584,100.03,1
259.9990322589874,102.28,1
261.41349148750305,100.48,1
262.8114309310913,102.48,1
264.2322437763214,100.21,1
265.63778471946716,100.31,1
266.98992252349854,99.03,1
268.39091205596924,101.97,1
269.7395598888397,100.41,1
271.15579056739807,99.24,1
272.5571377277374,99.21,1
273.97845220565796,101.72,1
275.378555059433,100.07,1
276.80539751052856,102.31,1
278.2175250053406,100.1,1
279.6295955181122,102.38,1
280.97092962265015,100.48,1
282.37836360931396,100.1,1
283.7278618812561,102.21,1
285.12682723999023,100.24,1
286.546808719635,102.31,1
287.9611167907715,100.38,1
289.3585798740387,98.97,1
290.7690374851227,99.28,1
292.19132947921753,98.83,1
293.59526228904724,98.97,1
295.00992941856384,97.97,1
296.4326446056366,98.45,1
297.84430408477783,98.1,1
299.2478721141815,97.9,1
300.6621344089508,98.48,1
302.06741070747375,98.07,1
303.47599172592163,101.34,1
304.88695788383484,102.24,1
306.3092963695526,100.55,1
307.71959376335144,98.52,1
309.1354262828827,98.21,1
310.54220747947693,101.79,1
311.94552397727966,99.62,1
313.36176919937134,99.59,1
314.78077387809753,98.72,1
322.06920528411865,-0.97,0
323.398024559021,-0.9,0
324.709107875824,-0.9,0
326.01845240592957,-0.97,0
327.31181597709656,-0.86,0
328.6142404079437,-0.9,0
329.9347867965698,-0.86,0
331.2347893714905,-1.0,0
332.53986835479736,-0.86,0
333.8357198238373,-0.93,0
335.1870768070221,-0.97,0
336.4901270866394,-0.93,0
337.79519271850586,-22.52,0
339.08753752708435,-13.17,0
340.39734959602356,-12.69,0
341.6946325302124,-14.0,0
343.0071680545807,-10.62,0
344.32730627059937,-1.07,0
345.6716742515564,-24.83,0
346.9723012447357,-3.1,0
348.2769525051117,-3.1,0
349.592493057251,-1.38,0
350.88420128822327,-1.66,0
352.1932780742645,-2.24,0
353.5001404285431,0.9,0
354.79994010925293,-2.59,0
356.10645604133606,-2.28,0
357.4546926021576,-2.21,0
358.76746797561646,-2.14,0
360.0600824356079,-2.1,0
361.3661642074585,-2.07,0
362.6767067909241,-2.03,0
363.98489904403687,-1.93,0
365.29950618743896,-2.07,0
366.6034908294678,-16.55,0
371.243319272995,84.9,1
372.6498866081238,90.41,1
373.99835872650146,84.1,1
375.40069937705994,94.59,1
376.82258105278015,101.79,1
378.161345243454,98.34,1
379.50893998146057,94.76,1
380.9180407524109,97.07,1
382.2546739578247,97.52,1
383.6704943180084,97.38,1
385.0781352519989,98.83,1
386.49530148506165,97.48,1
387.91226291656494,100.9,1
389.31675577163696,98.97,1
390.66743206977844,98.66,1
392.0785219669342,98.24,1
393.49040627479553,98.69,1
394.89527916908264,97.0,1
396.3126494884491,97.34,1
397.6568422317505,100.24,1
399.0022306442261,99.38,1
400.413028717041,98.21,1
401.81988763809204,97.97,1
403.23720598220825,99.76,1
404.63949942588806,100.45,1
406.05283665657043,100.17,1
407.4044682979584,98.59,1
408.80260944366455,98.0,1
410.157683134079,97.79,1
411.5560908317566,97.79,1
412.900310754776,97.76,1
414.3187086582184,97.52,1
415.72388529777527,97.38,1
417.1483838558197,99.48,1
418.55030131340027,99.93,1
419.9721841812134,100.07,1
421.37120628356934,99.69,1
422.7856512069702,99.66,1
424.20409631729126,99.28,1
425.6165051460266,99.34,1
426.95172476768494,99.17,1
428.3726439476013,98.59,1
429.71264576911926,98.1,1
431.1279103755951,99.59,1
432.52992153167725,98.03,1
433.8717975616455,97.93,1
435.2164800167084,97.69,1
436.6308653354645,97.93,1
438.04652881622314,101.48,1
439.4632306098938,99.83,1
440.86665201187134,98.72,1
442.28550028800964,93.07,1
443.6869330406189,129.83,1
445.10857343673706,108.86,1
446.5196387767792,114.07,1
447.93071269989014,111.72,1
449.3339741230011,103.86,1
450.74088168144226,102.41,1
452.1618347167969,99.0,1
453.5729055404663,98.59,1
454.92209649086,98.72,1
456.3312439918518,98.21,1
457.74002289772034,97.03,1
459.15693378448486,97.1,1
460.5564455986023,99.66,1
461.9804835319519,100.07,1
463.31692457199097,98.79,1
464.7351965904236,97.97,1
466.1322591304779,97.9,1
467.5521366596222,100.07,1
468.9662091732025,100.62,1
470.370436668396,99.03,1
471.783807516098,100.24,1
473.1921031475067,100.14,1
474.61360144615173,99.93,1
476.0288095474243,100.59,1
477.4403405189514,100.28,1
478.8514099121094,100.21,1
480.2575571537018,98.9,1
481.66442036628723,98.41,1
483.07698798179626,97.31,1
484.4883642196655,96.76,1
485.9008095264435,99.83,1
487.31206727027893,99.69,1
488.73194456100464,100.28,1
490.13207149505615,98.62,1
491.55104184150696,97.62,1
492.9643223285675,99.34,1
494.36587500572205,99.62,1
495.7867794036865,99.93,1
497.193097114563,99.9,1
498.6065800189972,99.52,1
500.0251772403717,99.31,1
501.42620849609375,99.38,1
502.84671449661255,99.21,1
504.25119733810425,99.34,1
505.6598572731018,99.21,1
507.0845625400543,100.34,1
508.4902091026306,99.52,1
509.9085102081299,99.55,1
511.31190276145935,99.1,1
512.730180978775,99.79,1
514.1396934986115,99.34,1
515.5526559352875,99.83,1
516.9543352127075,99.45,1
518.3755633831024,99.48,1
519.7787392139435,102.86,1
521.1910004615784,100.66,1
522.6048619747162,102.17,1
524.0102598667145,100.69,1
525.4332427978516,98.97,1
526.8337967395782,102.34,1
528.2479531764984,100.72,1
529.6616232395172,98.97,1
531.0774230957031,98.83,1
532.4936099052429,99.59,1
533.9039673805237,98.72,1
535.3144862651825,99.41,1
536.723837852478,98.83,1
538.1396555900574,101.86,1
539.5373408794403,100.52,1
540.9567940235138,100.17,1
542.374730348587,99.45,1
543.7877485752106,99.79,1
545.1912848949432,98.48,1
546.6002907752991,98.69,1
548.0202181339264,99.48,1
549.4199562072754,98.86,1
550.8443386554718,98.79,1
552.2554616928101,99.59,1
553.6531245708466,98.38,1
555.0675733089447,98.38,1
556.4861154556274,99.03,1
557.9037368297577,98.72,1
559.3051421642303,98.41,1
560.7131521701813,98.83,1
562.134815454483,98.69,1
563.5448265075684,99.28,1
564.9614520072937,98.03,1
566.3721115589142,98.62,1
567.7738101482391,98.03,1
569.1943399906158,101.31,1
570.6036238670349,100.28,1
572.0200469493866,99.14,1
573.4268958568573,99.76,1
574.832058429718,98.66,1
576.2423753738403,99.1,1
577.662143945694,99.21,1
579.0773892402649,98.38,1
580.4881737232208,98.55,1
581.8957390785217,98.34,1
583.3127639293671,98.86,1
584.7189502716064,98.45,1
586.134114742279,99.24,1
587.5465912818909,98.79,1
588.9489068984985,98.97,1
590.3637273311615,98.9,1
591.767388343811,102.07,1
593.1918020248413,100.38,1
594.607744216919,102.72,1
596.004246711731,101.45,1
597.4257204532623,99.69,1
598.8333928585052,99.45,1
600.2392268180847,102.59,1
601.6545488834381,101.17,1
603.0616497993469,100.07,1
604.4733078479767,99.79,1
605.8941111564636,99.31,1
607.3063230514526,99.38,1
608.7189035415649,99.55,1
610.1248214244843,99.83,1
611.5457882881165,100.17,1
612.9482164382935,100.24,1
614.3586630821228,100.07,1
615.767772436142,101.07,1
617.1910057067871,100.34,1
618.5982508659363,100.41,1
620.0147488117218,100.21,1
621.4261946678162,100.0,1
622.8243479728699,100.14,1
624.2399480342865,99.86,1
625.6564786434174,99.83,1
627.0729315280914,99.86,1
628.4805216789246,99.69,1
629.8954365253448,99.79,1
631.2998335361481,99.76,1
632.7168009281158,99.59,1
634.1308896541595,99.62,1
635.5397624969482,99.62,1
636.9516851902008,99.52,1
638.3520486354828,102.52,1
639.7782101631165,101.17,1
641.1202907562256,100.21,1
642.4643623828888,99.93,1
643.805547952652,99.69,1
645.1412441730499,99.76,1
646.4890203475952,99.52,1
647.8960521221161,100.38,1
649.3105535507202,99.86,1
650.6522433757782,100.03,1
651.9968755245209,99.66,1
653.4129953384399,99.79,1
654.750420331955,99.93,1
656.1666305065155,99.76,1
657.504542350769,99.79,1
658.8547818660736,99.59,1
660.1973145008087,99.86,1
661.5938646793365,99.69,1
663.0170304775238,99.79,1
664.3567855358124,100.0,1
665.7663323879242,100.55,1
667.1876981258392,100.17,1
668.5307831764221,103.24,1
669.9395461082458,101.72,1
671.2732789516449,100.41,1
672.6835806369781,99.62,1
674.0348529815674,99.72,1
681.3359644412994,-3.48,0
682.6369698047638,-3.52,0
683.9364507198334,-3.59,0
685.250682592392,-3.55,0
686.5556781291962,-3.48,0
687.8638279438019,-3.48,0
689.2047374248505,-3.52,0
690.5089688301086,-3.48,0
691.8066833019257,-25.52,0
693.110429763794,-27.1,0
694.4304885864258,-3.45,0
695.7332706451416,-16.59,0
697.0397605895996,-3.17,0
698.3383667469025,-2.59,0
699.6814515590668,-2.41,0
700.9831655025482,-1.45,0
702.2874143123627,-1.83,0
703.5945043563843,-2.03,0
704.9107716083527,-0.76,0
706.2106111049652,-17.24,0
707.5285179615021,-2.17,0
708.8236107826233,-1.52,0
710.1350870132446,-1.76,0
711.4661054611206,-1.86,0
712.7725915908813,-1.86,0
714.069482088089,-1.9,0
715.3896000385284,-1.93,0
716.6944000720978,-1.97,0
717.9959483146667,-2.0,0
719.2995853424072,-1.9,0
720.6256082057953,-1.93,0
721.9581532478333,-1.9,0
723.2713780403137,-2.0,0
724.5768342018127,-2.52,0
725.8782563209534,-1.24,0
730.4753038883209,-1.9,1
731.8766033649445,533.59,1
733.2321598529816,674.72,1
734.6449825763702,480.45,1
736.0559656620026,348.55,1
737.398538351059,267.0,1
738.8112001419067,198.86,1
740.2163667678833,156.9,1
741.6329004764557,134.55,1
742.9748704433441,122.97,1
744.3167505264282,116.93,1
745.7201638221741,104.31,1
747.1460480690002,103.86,1
748.5445508956909,98.48,1
749.9012191295624,101.69,1
751.2452893257141,102.41,1
752.6553809642792,99.24,1
753.9896125793457,98.03,1
755.3425140380859,97.38,1
756.7430005073547,97.83,1
758.0956652164459,100.66,1
759.4979853630066,99.07,1
760.8510315418243,99.52,1
762.2557752132416,100.97,1
763.6036095619202,99.0,1
765.0180423259735,98.72,1
766.3467628955841,96.79,1
767.7018666267395,97.38,1
769.041198015213,100.48,1
770.4583532810211,98.86,1
771.8694319725037,98.72,1
773.2760756015778,97.59,1
774.6209740638733,97.24,1
776.0359838008881,97.76,1
777.4418246746063,97.62,1
778.8479294776917,98.07,1
780.2674238681793,100.24,1
781.6799569129944,100.72,1
783.0144033432007,100.97,1
784.4307382106781,99.21,1
785.7737371921539,98.45,1
787.1892576217651,100.31,1
788.5901749134064,98.86,1
790.001980304718,97.97,1
791.426228761673,97.97,1
792.8385660648346,97.38,1
794.2421090602875,99.69,1
795.6550962924957,100.55,1
797.0595798492432,100.17,1
798.4754867553711,100.03,1
799.8224065303802,100.34,1
801.2315082550049,100.41,1
802.6530983448029,100.45,1
804.0632529258728,100.59,1
805.4072508811951,99.1,1
806.7408976554871,98.28,1
808.085022687912,97.41,1
809.499404668808,97.45,1
810.9131765365601,97.45,1
812.3286275863647,97.97,1
813.7366871833801,98.0,1
815.1528000831604,99.9,1
816.4844791889191,99.83,1
817.8936543464661,99.83,1
819.3180587291718,100.03,1
820.725932598114,100.03,1
822.142783164978,99.9,1
823.5461075305939,99.72,1
824.8975026607513,99.83,1
826.3084082603455,99.79,1
827.6466488838196,99.59,1
829.0619497299194,99.59,1
830.3966047763824,99.66,1
831.8131401538849,99.38,1
833.1510367393494,99.34,1
834.5728604793549,99.52,1
835.978274345398,99.41,1
837.3936696052551,99.31,1
838.735044002533,100.83,1
840.149297952652,99.52,1
841.555858373642,99.45,1
842.970602273941,99.1,1
844.319376707077,99.17,1
845.7257623672485,100.59,1
847.1384468078613,100.83,1
848.5552625656128,99.59,1
849.9662709236145,99.17,1
851.3787641525269,99.34,1
852.7834756374359,98.97,1
854.1912097930908,99.55,1
855.5412867069244,99.38,1
856.9563570022583,99.14,1
858.3686423301697,98.97,1
859.7694718837738,100.03,1
861.1252944469452,99.48,1
862.5351223945618,99.55,1
863.9390697479248,99.34,1
865.3596305847168,99.28,1
866.6979298591614,99.34,1
868.1145508289337,100.03,1
869.5221700668335,102.79,1
870.9355552196503,100.66,1
872.3478915691376,98.97,1
873.7575294971466,99.0,1
875.0904154777527,99.24,1
876.5078740119934,98.83,1
877.8474617004395,98.66,1
879.2689189910889,98.97,1
880.6686787605286,98.9,1
882.0935664176941,99.93,1
883.5055177211761,100.24,1
884.9185996055603,100.03,1
886.2537250518799,99.79,1
887.6700818538666,99.59,1
889.0838241577148,98.76,1
890.4869177341461,98.59,1
891.8289601802826,98.48,1
893.2453949451447,98.59,1
894.654949426651,99.24,1
895.994060754776,99.14,1
897.3472743034363,98.45,1
898.7480087280273,98.28,1
900.0948441028595,102.24,1
901.5055022239685,100.34,1
902.8448836803436,99.28,1
904.2676358222961,99.97,1
905.6721737384796,99.97,1
907.086389541626,99.28,1
908.497866153717,102.31,1
909.9149742126465,100.24,1
911.2540111541748,99.1,1
912.6691122055054,99.07,1
914.0801906585693,99.72,1
915.4835114479065,98.55,1
916.8343393802643,99.14,1
918.2370390892029,99.93,1
919.5894906520844,99.59,1
920.9894669055939,98.48,1
922.3359758853912,101.86,1
923.7476160526276,100.28,1
925.159054517746,99.52,1
926.5779888629913,99.34,1
927.9219284057617,97.97,1
929.3340241909027,98.69,1
930.6698184013367,98.83,1
932.0842833518982,101.52,1
933.4910974502563,99.59,1
934.9012017250061,99.66,1
936.3234050273895,99.41,1
937.7314429283142,101.93,1
939.1475625038147,100.38,1
940.5597438812256,98.72,1
941.9717280864716,102.17,1
943.3712427616119,100.59,1
944.7910585403442,98.86,1
946.2051317691803,99.34,1
947.5477845668793,98.14,1
948.947212934494,101.66,1
950.3031826019287,100.0,1
951.7054073810577,98.86,1
953.0435383319855,98.83,1
954.4703085422516,98.34,1
955.8721597194672,97.86,1
957.2876210212708,98.45,1
958.6942501068115,97.83,1
960.1096913814545,98.83,1
961.5182888507843,98.59,1
962.9270806312561,97.79,1
964.3389046192169,98.72,1
965.7567718029022,99.21,1
967.1731054782867,97.93,1
968.5851802825928,98.97,1
969.9972229003906,98.93,1
971.409336566925,101.83,1
972.8148567676544,99.93,1
974.2245690822601,99.83,1
975.6348030567169,98.28,1
977.0420789718628,98.52,1
978.456399679184,99.24,1
979.8715856075287,98.0,1
981.2905056476593,98.28,1
982.702558517456,97.66,1
984.10373878479,98.0,1
985.5177192687988,98.45,1
986.9383561611176,98.76,1
988.342910528183,102.17,1
989.7570157051086,100.31,1
991.1728553771973,98.76,1
992.5834939479828,99.31,1
993.9945397377014,98.62,1
995.4066367149353,99.14,1
996.8025450706482,98.07,1
998.2264959812164,97.9,1
999.6274130344391,98.59,1
1001.0482914447784,98.14,1
1002.4652998447418,97.72,1
1003.8640549182892,98.59,1
1005.2898344993591,98.1,1
1006.7012522220612,98.69,1
1008.1052076816559,99.31,1
1015.4046595096588,-1.17,0
1016.7198586463928,-1.03,0
1018.0382037162781,-1.07,0
1019.3606405258179,-1.14,0
1020.6626298427582,-1.1,0
1021.9952459335327,-14.31,0
1023.3421618938446,-14.0,0
1024.6448576450348,-15.03,0
1025.957023859024,-15.1,0
1027.2769134044647,-13.52,0
1028.5910937786102,-12.93,0
1029.91077709198,-11.14,0
1031.224816083908,-7.28,0
1032.5746822357178,-6.76,0
1033.8929541110992,-3.21,0
1035.2019035816193,-2.55,0
1036.5183506011963,-2.48,0
1037.8387801647186,-2.48,0
1039.150478363037,-2.17,0
1040.4613466262817,-1.34,0
1041.7778670787811,-3.9,0
1043.1455266475677,1.21,0
1044.4588496685028,-3.34,0
1045.7727732658386,-1.79,0
1047.0730905532837,-2.21,0
1048.3956763744354,-2.1,0
1049.7036533355713,-2.14,0
1051.0217349529266,-0.55,0
1052.3702352046967,-1.14,0
1053.6898181438446,-1.28,0
1055.0078887939453,-1.41,0
1056.3324928283691,-1.45,0
1057.6347768306732,-1.38,0
1058.9572441577911,-1.52,0
1060.29092502594,-1.52,0
1064.8640615940094,23.28,1
1066.2788050174713,39.34,1
1067.689376115799,65.21,1
1069.1025681495667,82.07,1
1070.5162346363068,89.38,1
1071.9407613277435,94.76,1
1073.3398094177246,96.14,1
1074.682457447052,97.03,1
1076.1055991649628,97.48,1
1077.520138502121,97.59,1
1078.9233450889587,97.24,1
1080.3442780971527,99.83,1
1081.7548105716705,100.59,1
1083.1664447784424,100.69,1
1084.563749551773,100.66,1
1085.987099647522,99.14,1
1087.390204668045,97.93,1
1088.8107416629791,97.59,1
1090.2163333892822,97.59,1
1091.6309969425201,97.83,1
1093.0477747917175,97.9,1
1094.4600627422333,97.93,1
1095.8709123134613,98.03,1
1097.2772028446198,97.21,1
1098.6954395771027,97.28,1
1100.105486869812,97.45,1
1101.5059158802032,97.28,1
1102.928510427475,99.21,1
1104.3290679454803,99.69,1
1105.7450158596039,99.55,1
1107.157047510147,99.41,1
1108.5612943172455,99.62,1
1109.9725477695465,99.52,1
1111.3896715641022,99.38,1
1112.8086092472076,99.66,1
1114.2132749557495,99.59,1
1115.6268827915192,99.28,1
1117.0367670059204,99.31,1
1118.4456207752228,103.21,1
1119.8650302886963,101.1,1
1121.2684578895569,100.21,1
1122.6904971599579,100.28,1
1124.0919277668,100.28,1
1125.5062305927277,99.59,1
1126.9268391132355,99.07,1
1128.3298234939575,99.69,1
1129.74041390419,100.34,1
1131.1630637645721,99.97,1
1132.5728969573975,99.31,1
1133.9702727794647,99.93,1
1135.393649816513,100.17,1
1136.808361530304,99.17,1
1138.2194385528564,98.93,1
1139.6285841464996,102.03,1
1141.0391552448273,100.28,1
1142.446380853653,102.14,1
1143.8659715652466,100.48,1
1145.2788255214691,99.38,1
1146.6804773807526,98.97,1
1148.0936048030853,99.31,1
1149.514055967331,98.86,1
1150.9251470565796,98.55,1
1152.336224079132,99.31,1
1153.742678642273,98.72,1
1155.1465289592743,99.17,1
1156.5694420337677,98.9,1
1157.9825201034546,98.83,1
1159.3918452262878,99.41,1
1160.7986989021301,99.93,1
1162.2187502384186,99.14,1
1163.6308281421661,98.48,1
1165.0420563220978,98.41,1
1166.4539341926575,98.59,1
1167.8532001972198,101.72,1
1169.2621376514435,100.28,1
1170.6761438846588,99.14,1
1172.0982909202576,99.76,1
1173.509367465973,99.62,1
1174.9134573936462,101.66,1
1176.3311133384705,100.31,1
1177.7457666397095,99.03,1
1179.1557891368866,102.0,1
1180.5707540512085,100.14,1
1181.9809019565582,99.1,1
1183.3812234401703,99.21,1
1184.8006422519684,101.69,1
1186.2064938545227,100.48,1
1187.6233205795288,98.97,1
1189.0364437103271,99.17,1
1190.4474792480469,98.52,1
1191.8545401096344,98.76,1
1193.2744500637054,99.31,1
1194.678545475006,98.45,1
1196.0895278453827,98.69,1
1197.5029559135437,99.24,1
1198.9217591285706,101.76,1
1200.3222863674164,99.79,1
1201.7347917556763,101.76,1
1203.1559896469116,100.55,1
1204.5629136562347,101.79,1
1205.9787678718567,99.93,1
1207.38232088089,101.48,1
1208.7876977920532,99.97,1
1210.2131688594818,101.72,1
1211.6268208026886,99.86,1
1213.026249885559,99.59,1
1214.4408977031708,101.31,1
1215.8511543273926,99.48,1
1217.2725076675415,99.0,1
1218.674705028534,98.69,1
1220.094896554947,100.34,1
1221.50586104393,100.59,1
1222.9149887561798,100.48,1
1224.326777935028,99.79,1
1225.7363805770874,99.66,1
1227.1411967277527,99.52,1
1228.5546669960022,99.9,1
1229.9734590053558,99.66,1
1231.384873867035,99.41,1
1232.8022246360779,99.59,1
1234.2088775634766,99.52,1
1235.611351966858,99.52,1
1237.0226447582245,99.48,1
1238.4406204223633,102.72,1
1239.8540606498718,101.41,1
1241.2574155330658,100.31,1
1242.6695058345795,99.38,1
1244.094155073166,99.72,1
1245.4930753707886,99.52,1
1246.9180912971497,99.03,1
1248.3178207874298,101.97,1
1249.7399942874908,100.28,1
1251.152586698532,102.55,1
1252.5578665733337,100.52,1
1253.9629545211792,99.0,1
1255.3746500015259,99.59,1
1256.7843670845032,98.86,1
1258.1948447227478,101.52,1
1259.6161954402924,100.14,1
1261.0293242931366,99.34,1
1262.435070514679,98.0,1
1263.8542878627777,100.24,1
1265.2606418132782,99.66,1
1266.6745352745056,100.79,1
1268.0876848697662,100.03,1
1269.492101430893,101.31,1
1270.9125242233276,100.03,1
1272.3246130943298,99.52,1
1273.730041027069,101.17,1
1275.1428000926971,99.59,1
1276.560599565506,98.93,1
1277.9581263065338,100.52,1
1279.378252506256,100.1,1
1280.797235250473,98.21,1
1282.2093229293823,100.69,1
1283.6163232326508,101.24,1
1285.019858121872,99.72,1
1286.442539215088,99.17,1
1287.8505272865295,100.66,1
1289.2573146820068,99.72,1
1290.6767721176147,100.69,1
1292.0817320346832,99.1,1
1293.500925064087,98.55,1
1294.905080795288,99.1,1
1296.3144602775574,99.21,1
1297.7373373508453,98.41,1
1299.1447801589966,101.66,1
1300.5585429668427,99.93,1
1301.9703857898712,101.97,1
1303.3721253871918,100.45,1
1304.782597064972,102.0,1
1306.1950330734253,100.55,1
1307.6159358024597,102.14,1
1309.02259349823,100.52,1
1310.43323969841,98.83,1
1311.843162536621,99.72,1
1313.2586917877197,98.41,1
1314.6731300354004,101.21,1
1316.081399679184,100.07,1
1317.4322504997253,101.62,1
1318.830631494522,100.17,1
1320.2438235282898,102.69,1
1321.6613535881042,100.52,1
1323.0809545516968,99.59,1
1324.4869911670685,99.34,1
1325.90469622612,98.17,1
1327.306967973709,98.59,1
1328.7156887054443,101.14,1
1330.1379177570343,99.38,1
1331.5461084842682,99.14,1
1332.953459739685,98.66,1
1334.3668553829193,99.45,1
1335.7730524539948,101.41,1
1337.1899724006653,100.21,1
1338.596614599228,101.55,1
1340.0195803642273,99.69,1
1341.4336302280426,99.41,1
1342.8353023529053,101.24,1
1344.2434191703796,99.62,1
1345.666894197464,99.14,1
1347.0745651721954,101.34,1
1348.4895849227905,100.17,1
1349.897045135498,99.72,1
1351.300775527954,99.14,1
1352.7181432247162,102.0,1
1354.1362552642822,100.66,1
1355.5332419872284,101.17,1
1356.958209991455,100.1,1
1358.3660798072815,99.45,1
1359.7804419994354,100.97,1
1361.1857063770294,99.76,1
1362.605684041977,101.07,1
1364.0167796611786,99.97,1
1365.428858757019,99.52,1
1366.8399336338043,101.0,1
1368.2404243946075,99.9,1
1369.6622860431671,101.03,1
1376.941207408905,0.0,0
1378.2618169784546,1.9,0
1379.5826284885406,3.28,0
1380.894520998001,3.17,0
1382.2106063365936,2.97,0
1383.550043106079,3.38,0
1384.867918252945,6.59,0
1386.1860041618347,9.0,0
1387.489329814911,9.07,0
1388.8040413856506,9.86,0
1390.1056401729584,12.03,0
1391.430828332901,1.86,0
1392.7471182346344,1.83,0
1394.0976510047913,1.79,0
1395.4021000862122,1.72,0
1396.71502327919,1.72,0
1398.0246376991272,1.72,0
1399.3338584899902,-10.21,0
1400.649489402771,-7.66,0
1401.9638674259186,-9.14,0
1403.2616529464722,-8.66,0
1404.6153945922852,1.45,0
1405.9270493984222,3.97,0
1407.2389616966248,1.83,0
1408.5524270534515,1.79,0
1409.8699476718903,1.86,0
1411.1785259246826,1.86,0
1412.4947090148926,1.86,0
1413.8287782669067,1.79,0
1415.144387960434,1.9,0
1416.4598259925842,1.9,0
1417.7752847671509,1.93,0
1419.0938580036163,1.93,0
1420.4100046157837,2.03,0
1421.710289478302,1.93,0
1426.3092839717865,27.07,1
1427.7272791862488,44.9,1
1429.1393551826477,69.38,1
1430.5377254486084,81.66,1
1431.9634943008423,87.38,1
1433.375583410263,91.76,1
1434.7842729091644,93.41,1
1436.192730665207,97.97,1
1437.600525856018,97.9,1
1439.0213899612427,97.97,1
1440.429533481598,101.45,1
1441.8319506645203,98.9,1
1443.2419061660767,98.66,1
1444.653835773468,101.03,1
1446.0685369968414,99.34,1
1447.4867885112762,97.86,1
1448.902781009674,97.66,1
1450.3149390220642,97.76,1
1451.7225804328918,97.93,1
1453.1342101097107,97.9,1
1454.5501611232758,97.69,1
1455.9617834091187,97.41,1
1457.3728556632996,97.62,1
1458.776566028595,97.86,1
1460.1915402412415,100.38,1
1461.5960311889648,100.66,1
1463.0043745040894,98.97,1
1464.4175684452057,98.1,1
1465.8350491523743,98.24,1
1467.2520186901093,100.31,1
1468.6636307239532,100.76,1
1470.0794932842255,100.83,1
1471.481065273285,100.66,1
1472.8997435569763,100.86,1
1474.312685251236,98.97,1
1475.7188630104065,98.55,1
1477.1348326206207,97.59,1
1478.5446276664734,98.14,1
1479.957974910736,99.97,1
1481.37003159523,100.72,1
1482.7779598236084,100.59,1
1484.194173336029,100.52,1
1485.593501329422,100.41,1
1487.0198121070862,101.55,1
1488.4303939342499,101.9,1
1489.8328964710236,99.66,1
1491.2463057041168,99.41,1
1492.6568748950958,101.24,1
1494.0746726989746,99.17,1
1495.486787557602,98.69,1
1496.8891625404358,101.0,1
1498.3045370578766,99.21,1
1499.7102904319763,98.48,1
1501.1303703784943,98.55,1
1502.5470900535583,97.66,1
1503.9484343528748,98.24,1
1505.359980583191,98.59,1
1506.779132604599,100.66,1
1508.1790843009949,99.03,1
1509.603419303894,100.83,1
1511.0045943260193,99.52,1
1512.4235944747925,98.69,1
1513.8386421203613,98.86,1
1515.2435059547424,101.21,1
1516.6507756710052,99.55,1
1518.0726244449615,98.93,1
1519.484980583191,98.31,1
1520.8962197303772,98.9,1
1522.2982950210571,101.0,1
1523.7099750041962,99.45,1
1525.1311979293823,99.28,1
1526.5329658985138,98.59,1
1527.946206331253,100.93,1
1529.3653903007507,101.28,1
1530.7668194770813,101.72,1
1532.1846916675568,99.34,1
1533.6026005744934,98.45,1
1535.0122537612915,102.0,1
1536.414874792099,100.1,1
1537.837807416916,100.83,1
1539.2434422969818,99.52,1
1540.6498503684998,98.72,1
1542.0597229003906,100.31,1
1543.482085943222,99.17,1
1544.8878424167633,98.34,1
1546.2911958694458,101.14,1
1547.7059144973755,101.17,1
1549.1279487609863,98.76,1
1550.5414462089539,98.31,1
1551.9401428699493,97.97,1
1553.3539187908173,100.17,1
1554.777670621872,98.93,1
1556.189308166504,98.24,1
1557.5933589935303,97.86,1
1559.0108506679535,98.38,1
1560.4073939323425,98.66,1
1561.8278679847717,100.52,1
1563.2347664833069,101.17,1
1564.6444253921509,101.07,1
1566.0677890777588,99.03,1
1567.4793918132782,98.31,1
1568.8933370113373,98.45,1
1570.303127527237,98.41,1
1571.7148067951202,98.31,1
1573.1221718788147,100.83,1
1574.5396118164062,101.14,1
1575.9507031440735,100.9,1
1577.3583974838257,101.0,1
1578.7604596614838,100.97,1
1580.1796174049377,99.41,1
1581.5888345241547,98.66,1
1583.009661912918,100.55,1
1584.4184279441833,98.69,1
1585.8195519447327,98.28,1
1587.2439830303192,97.69,1
1588.6544480323792,97.83,1
1590.0673894882202,100.14,1
1591.4636595249176,100.52,1
1592.8151524066925,100.59,1
1594.1645920276642,99.21,1
1595.5619497299194,98.21,1
1596.9182386398315,99.86,1
1598.2507123947144,100.34,1
1599.5953435897827,100.48,1
1601.0162580013275,100.55,1
1602.359980583191,100.48,1
1603.757201910019,100.59,1
1605.1779551506042,100.48,1
1606.5123345851898,100.76,1
1607.867266178131,100.52,1
1609.2744085788727,100.55,1
1610.6233994960785,100.55,1
1612.0327639579773,98.76,1
1613.3668141365051,98.31,1
1614.7821018695831,97.69,1
1616.2026598453522,97.69,1
1617.6116154193878,97.72,1
1618.9548864364624,100.1,1
1620.2874116897583,100.59,1
1621.6362979412079,100.45,1
1623.0520691871643,99.17,1
1624.3980648517609,98.41,1
1625.8050198554993,97.66,1
1627.1529862880707,97.28,1
1628.5642669200897,97.48,1
1629.8943319320679,99.72,1
1631.3204019069672,99.97,1
1632.731347322464,100.41,1
1634.1321454048157,100.34,1
1635.475800037384,100.38,1
1636.897692680359,100.07,1
1638.240757226944,100.21,1
1639.6422159671783,100.17,1
1640.9948778152466,100.14,1
1642.4069485664368,100.21,1
1643.7387971878052,100.24,1
1645.159209728241,100.45,1
1646.498286485672,100.14,1
1647.8377180099487,100.17,1
1649.2575764656067,100.21,1
1650.6693494319916,100.17,1
1652.0004298686981,100.14,1
1653.4121987819672,99.97,1
1654.7661378383636,100.07,1
1656.1806256771088,100.24,1
1657.5892975330353,100.1,1
1659.0040822029114,100.24,1
1660.4050359725952,100.07,1
1661.754028081894,99.93,1
1663.0992228984833,100.03,1
1664.5150377750397,100.07,1
1665.9271206855774,99.9,1
1667.3270466327667,99.97,1
1668.6756060123444,99.97,1
1670.0934343338013,100.21,1
1671.5010731220245,99.93,1
1672.9184634685516,100.17,1
1674.2518002986908,99.93,1
1675.5986778736115,99.79,1
1676.9457113742828,99.79,1
1678.3510403633118,99.79,1
1679.7017815113068,99.9,1
1681.1145040988922,99.52,1
1682.450733423233,99.62,1
1683.8679893016815,99.72,1
1685.2092225551605,99.62,1
1686.6231405735016,99.45,1
1687.9574613571167,99.52,1
1689.3704981803894,99.55,1
1690.783682346344,99.28,1
1692.1225080490112,99.55,1
1693.544510126114,102.9,1
1694.955646276474,101.17,1
1696.2875864505768,100.66,1
1697.7097873687744,100.03,1
1699.1129286289215,100.03,1
1700.534807920456,99.52,1
1701.9326333999634,99.41,1
1703.3569450378418,99.52,1
1704.7000243663788,99.48,1
1706.112711906433,100.14,1
1707.5131886005402,100.66,1
1708.9303438663483,100.38,1
1710.2697052955627,99.72,1
1711.624272108078,99.41,1
1712.9571602344513,99.21,1
1714.3104810714722,99.28,1
1715.7222023010254,99.28,1
1717.1220526695251,100.9,1
1718.5313501358032,101.0,1
1719.9435365200043,100.62,1
1721.29882478714,100.21,1
1722.7024290561676,100.03,1
1724.045868396759,99.52,1
1725.4650428295135,99.48,1
1726.8702957630157,99.48,1
1728.2836978435516,99.38,1
1729.6940350532532,99.31,1
1731.1132895946503,99.45,1
1738.3984677791595,-1.45,0
1739.7206332683563,-1.59,0
1741.023808002472,-1.59,0
1742.3311738967896,-1.45,0
1743.660905122757,-1.48,0
1744.9864163398743,-1.52,0
