1.1097640991210938,-1.79,0
2.3461363315582275,-1.83,0
3.5543999671936035,-1.86,0
4.763776063919067,-1.83,0
9.344148635864258,38.86,1
10.762563228607178,33.66,1
12.18038535118103,32.24,1
13.59406852722168,31.79,1
15.006601810455322,31.86,1
16.4052152633667,31.66,1
17.825862884521484,31.66,1
19.170013666152954,31.21,1
20.577964782714844,31.34,1
21.996370792388916,31.17,1
23.39988422393799,31.24,1
24.82020664215088,31.17,1
26.224426746368408,31.24,1
27.638081073760986,31.21,1
29.049858570098877,90.03,1
30.465284824371338,93.38,1
31.875030517578125,90.9,1
33.213043451309204,90.34,1
34.63352060317993,89.69,1
35.9783616065979,89.41,1
37.3127224445343,89.62,1
38.72323799133301,89.45,1
40.07528734207153,89.38,1
41.420286417007446,89.62,1
42.8267388343811,90.0,1
44.168399810791016,89.45,1
45.50982666015625,89.31,1
46.85152316093445,89.93,1
48.27043390274048,89.38,1
49.67638921737671,89.24,1
51.09619951248169,89.45,1
52.50553226470947,89.1,1
53.915602684020996,89.41,1
55.322718143463135,89.24,1
56.74120783805847,87.0,1
64.04973769187927,-1.83,0
65.39120435714722,-1.76,0
66.69043493270874,-1.86,0
67.99884295463562,-1.72,0
69.30456018447876,-1.76,0
70.59786939620972,-1.79,0
71.9092288017273,-1.76,0
73.21072769165039,-1.79,0
77.7796585559845,-2.34,1
79.20268726348877,-2.34,1
80.53733944892883,-2.1,1
81.95679187774658,-0.1,1
83.29615902900696,0.52,1
84.63514399528503,1.14,1
85.97763633728027,1.59,1
87.40021586418152,1.79,1
88.8183000087738,1.97,1
90.2193169593811,2.59,1
91.57477021217346,3.17,1
92.91635584831238,3.83,1
94.31927537918091,3.79,1
95.6771125793457,4.48,1
97.0816798210144,5.24,1
98.49691987037659,5.17,1
99.902996301651,6.14,1
101.3188591003418,6.07,1
102.73790860176086,6.66,1
104.14339184761047,6.59,1
105.55711507797241,7.31,1
106.97785377502441,7.38,1
108.31859159469604,7.14,1
109.71927070617676,8.03,1
111.1365385055542,7.86,1
112.54614758491516,7.83,1
113.96215105056763,7.86,1
115.38096833229065,8.93,1
116.785964012146,8.69,1
118.20967102050781,8.69,1
119.61824154853821,8.72,1
121.03641653060913,8.93,1
122.4458839893341,8.62,1
123.85277771949768,8.83,1
125.20351076126099,9.17,1
126.61960816383362,9.28,1
128.02743077278137,9.14,1
129.4458315372467,9.21,1
130.85005474090576,9.1,1
132.2676181793213,9.14,1
133.6747760772705,9.38,1
135.09345412254333,9.28,1
136.49589824676514,9.24,1
137.91792798042297,9.14,1
139.32675552368164,9.31,1
140.74350094795227,9.24,1
142.14930391311646,10.07,1
143.56454157829285,10.0,1
144.98571062088013,10.1,1
146.66066217422485,-1.24,1
150.22460198402405,1.45,1
153.77241897583008,1.86,1
157.3196985721588,2.17,1
158.81246185302734,-2.83,1
160.12258195877075,-1.97,1
161.4341299533844,-1.97,1
162.74421167373657,-2.0,1
164.05477380752563,-1.9,1
165.34257698059082,-1.97,1
166.65560603141785,-1.97,1
167.96344804763794,-2.0,1
169.26247477531433,-1.93,1
170.60180711746216,-2.03,1
171.90784430503845,-2.0,1
173.21738862991333,-2.1,1
174.51724410057068,-1.97,1
175.83093166351318,-2.0,1
177.12628483772278,-2.0,1
178.43596148490906,-2.03,1
179.7278060913086,-2.03,1
181.0843915939331,-2.1,1
182.38372707366943,-2.1,1
183.6852045059204,-2.03,1
184.99303579330444,-1.93,1
186.30313277244568,-2.14,1
187.5998659133911,-2.07,1
188.90944457054138,-2.07,1
190.21583008766174,-2.03,1
191.55683708190918,-2.03,1
192.8696529865265,-2.0,1
194.16370725631714,-1.97,1
195.48259019851685,-2.03,1
196.79839324951172,-2.03,1
