1.118927001953125,2.52,0
2.352926731109619,2.41,0
3.560941696166992,2.45,0
4.762896299362183,2.52,0
5.968688488006592,2.55,0
7.167255163192749,2.48,0
8.368541479110718,2.41,0
12.962745904922485,1.69,1
14.381450891494751,15.38,1
15.794257402420044,21.03,1
17.20729374885559,22.28,1
18.54645609855652,25.31,1
19.889069318771362,25.59,1
21.309788942337036,30.1,1
22.707650661468506,30.14,1
24.132483959197998,31.21,1
25.473912477493286,32.21,1
26.880845069885254,33.69,1
28.228517532348633,35.21,1
29.63779854774475,33.72,1
31.03955388069153,33.38,1
32.45935678482056,35.48,1
33.876747369766235,34.66,1
35.28977060317993,37.0,1
36.62199807167053,36.14,1
38.040682792663574,35.79,1
39.443063735961914,36.1,1
40.85821199417114,36.21,1
42.263078927993774,38.17,1
43.68182611465454,37.55,1
45.09571075439453,37.48,1
46.50207829475403,37.31,1
47.9234676361084,37.69,1
49.32581543922424,39.72,1
50.74745798110962,38.86,1
52.15626883506775,38.55,1
53.56516075134277,38.31,1
54.9762659072876,38.21,1
56.38041949272156,41.59,1
57.80154347419739,41.48,1
59.2032995223999,40.14,1
60.62038207054138,40.07,1
62.03277015686035,39.97,1
63.43897724151611,40.0,1
64.85715889930725,40.14,1
66.2638750076294,40.1,1
67.68839001655579,40.1,1
69.0961844921112,40.21,1
70.5062427520752,40.1,1
71.91663384437561,40.21,1
73.32843232154846,40.28,1
74.74352836608887,40.28,1
76.15488719940186,40.28,1
77.56165599822998,40.24,1
78.9723174571991,40.21,1
80.38081121444702,40.38,1
81.79924511909485,40.31,1
83.21320128440857,39.66,1
84.6144630908966,39.83,1
86.03781628608704,39.97,1
87.43874382972717,39.9,1
88.84781432151794,39.97,1
90.2730622291565,40.07,1
91.68378162384033,40.03,1
93.08158659934998,40.21,1
94.50254511833191,40.17,1
95.9132125377655,40.1,1
97.31778073310852,40.1,1
98.73896360397339,40.17,1
100.14330697059631,40.17,1
101.56022453308105,40.17,1
102.97938299179077,40.14,1
104.3830213546753,40.0,1
105.78886651992798,40.17,1
107.20935034751892,40.14,1
108.62072253227234,40.07,1
110.02659153938293,39.97,1
111.44752502441406,40.1,1
112.85097765922546,39.97,1
114.27032041549683,39.52,1
115.67453193664551,39.52,1
117.08941459655762,39.76,1
118.49487686157227,39.79,1
119.91246819496155,39.66,1
121.33015894889832,39.76,1
122.73868107795715,39.76,1
124.13929104804993,39.83,1
125.5488793849945,39.59,1
126.9748604297638,39.72,1
128.38382959365845,39.83,1
129.7903470993042,39.76,1
131.20218300819397,39.86,1
132.61668467521667,39.79,1
134.03633093833923,39.86,1
135.4393129348755,39.93,1
136.8428590297699,39.76,1
138.26341891288757,39.79,1
139.6684329509735,39.72,1
141.0778353214264,39.9,1
148.46452474594116,0.34,0
149.7804307937622,0.41,0
151.08591198921204,0.48,0
152.41242361068726,0.62,0
153.7189326286316,0.59,0
155.03989052772522,4.41,0
156.35581517219543,1.83,0
157.66748094558716,1.79,0
162.3047468662262,2.28,1
163.70683073997498,14.45,1
165.05189871788025,17.45,1
166.40066576004028,20.21,1
167.7429015636444,22.66,1
169.0973355770111,24.69,1
170.43891406059265,25.66,1
171.78040599822998,26.76,1
173.19339418411255,27.86,1
174.53083443641663,29.31,1
175.95213842391968,30.79,1
177.36755537986755,31.97,1
178.71033239364624,33.59,1
180.05408453941345,35.52,1
181.38594031333923,33.59,1
182.80514407157898,36.41,1
184.21248817443848,34.93,1
185.61664175987244,37.9,1
187.04082918167114,36.55,1
188.3790247440338,39.28,1
189.7961826324463,37.83,1
191.136221408844,37.45,1
192.47555780410767,37.38,1
193.89292907714844,37.69,1
195.3021388053894,37.76,1
196.7120921611786,39.52,1
198.11852598190308,39.0,1
199.53803873062134,38.97,1
200.94737219810486,38.97,1
202.29145431518555,38.86,1
203.70422434806824,38.9,1
205.10855269432068,38.93,1
206.52483248710632,40.79,1
207.92840218544006,40.83,1
209.34584283828735,40.38,1
210.6926097869873,40.07,1
212.09767985343933,40.21,1
213.51249504089355,40.21,1
214.92913842201233,40.34,1
216.3309407234192,40.28,1
217.7547836303711,40.34,1
219.16597962379456,40.38,1
220.5711121559143,40.41,1
221.97794556617737,40.41,1
223.39588832855225,40.28,1
224.7402024269104,39.48,1
226.15459990501404,39.48,1
227.56241965293884,39.48,1
228.96740198135376,39.38,1
230.38392162322998,39.38,1
231.7904577255249,39.34,1
233.20925307273865,40.69,1
234.6123514175415,40.48,1
236.0295000076294,40.41,1
237.44543528556824,40.07,1
238.8520941734314,39.9,1
240.26353764533997,39.93,1
241.66768789291382,40.03,1
243.08542490005493,40.07,1
244.50546216964722,40.17,1
245.90980863571167,40.1,1
247.31457424163818,40.0,1
248.73924207687378,40.1,1
250.14375829696655,40.1,1
251.55808424949646,40.1,1
252.9590983390808,40.24,1
254.38196063041687,40.07,1
255.7897174358368,40.17,1
257.19550132751465,40.1,1
258.6158366203308,40.17,1
260.0198163986206,40.1,1
261.4421248435974,40.21,1
262.8541576862335,40.07,1
264.2616319656372,40.07,1
265.6776280403137,40.07,1
267.0786917209625,40.03,1
268.4958734512329,39.76,1
269.91543102264404,39.66,1
271.317809343338,39.9,1
272.7336506843567,39.86,1
274.1365385055542,39.86,1
275.5618906021118,40.03,1
276.97159337997437,39.93,1
278.3764934539795,39.97,1
279.79234790802,40.1,1
281.2073447704315,40.03,1
282.6095802783966,40.1,1
284.0228087902069,40.03,1
285.4252736568451,40.03,1
286.8472406864166,39.9,1
288.25489926338196,40.1,1
289.6697196960449,40.0,1
291.08888578414917,40.0,1
298.38190174102783,2.03,0
299.7059328556061,2.07,0
301.01337242126465,2.1,0
302.3391623497009,2.17,0
303.6601860523224,2.24,0
304.9715828895569,2.17,0
306.2925500869751,2.14,0
307.6469249725342,2.14,0
312.24382185935974,2.86,1
313.64629077911377,4.1,1
315.07138109207153,5.83,1
316.4760100841522,7.66,1
317.899831533432,9.59,1
319.30752658843994,11.48,1
320.72006583213806,13.93,1
322.12892413139343,16.24,1
323.4708025455475,18.45,1
324.88716745376587,20.79,1
326.2269239425659,23.03,1
327.5691730976105,25.07,1
328.9793429374695,27.41,1
330.3924672603607,29.38,1
331.81117153167725,31.0,1
333.15497875213623,32.62,1
334.57062673568726,34.62,1
335.90137696266174,36.1,1
337.25623416900635,37.72,1
338.59907388687134,38.66,1
339.9374942779541,39.03,1
341.2852988243103,41.76,1
342.6882555484772,43.03,1
344.02812457084656,44.17,1
345.3820550441742,45.03,1
346.7128732204437,45.79,1
348.0560390949249,46.55,1
349.47717237472534,47.21,1
350.80902671813965,47.66,1
352.22651171684265,48.14,1
353.57041120529175,48.41,1
354.98714685440063,48.76,1
356.3289499282837,48.83,1
357.670729637146,48.83,1
359.0124182701111,49.07,1
360.4299418926239,48.9,1
361.77130246162415,48.69,1
363.1029438972473,48.31,1
364.45799136161804,48.17,1
365.8577151298523,47.79,1
367.2838468551636,47.48,1
368.6236455440521,47.38,1
369.96407413482666,47.21,1
371.30703258514404,46.66,1
372.64934062957764,46.48,1
374.0647699832916,45.93,1
375.40663862228394,45.38,1
376.8160607814789,45.07,1
378.23196816444397,44.55,1
379.56776213645935,44.03,1
380.9161584377289,43.45,1
382.2495381832123,43.07,1
383.5931692123413,42.79,1
384.9483165740967,42.07,1
386.2913155555725,41.76,1
387.6339683532715,41.28,1
388.9756693840027,40.66,1
390.3782389163971,40.17,1
391.73378467559814,40.0,1
393.06580781936646,39.86,1
394.4054388999939,39.45,1
395.82462763786316,39.21,1
397.1627721786499,39.03,1
398.515882730484,38.76,1
399.8549213409424,38.52,1
401.2553758621216,38.52,1
402.603244304657,38.41,1
403.9448049068451,38.17,1
405.3629672527313,38.0,1
406.76948714256287,37.86,1
408.1177246570587,38.14,1
409.4580829143524,37.9,1
410.87285327911377,37.83,1
412.2134826183319,37.9,1
413.562326669693,37.9,1
414.9722442626953,38.0,1
416.3125510215759,38.0,1
417.65666580200195,38.0,1
419.000661611557,38.03,1
420.33051919937134,38.17,1
421.75628876686096,37.72,1
423.1671826839447,37.79,1
424.51011657714844,38.0,1
425.9163107872009,38.24,1
427.2634150981903,38.34,1
428.66978549957275,38.55,1
430.08774757385254,38.83,1
431.500688791275,38.76,1
432.900771856308,38.83,1
434.2414186000824,39.17,1
435.66483902931213,39.41,1
437.06571340560913,39.59,1
438.4175465106964,39.69,1
439.76376819610596,39.79,1
447.07707929611206,2.38,0
448.3824372291565,2.52,0
449.7346384525299,2.59,0
451.0443196296692,2.66,0
452.3385887145996,2.69,0
453.6455645561218,2.55,0
454.9456739425659,2.79,0
456.25552129745483,2.69,0
457.46678709983826,2.66,0
458.670889377594,2.66,0
459.90356969833374,2.69,0
461.11722803115845,2.83,0
462.31879925727844,2.76,0
463.517982006073,2.66,0
464.7287838459015,2.72,0
465.9296066761017,2.76,0
467.1455121040344,2.83,0
468.35616183280945,2.76,0
469.60455441474915,2.79,0
470.8075256347656,2.76,0
472.0168824195862,2.79,0
