1.1035606861114502,-1.83,0
2.347459077835083,-1.79,0
3.5595290660858154,-1.86,0
4.760362386703491,-1.79,0
9.334338665008545,11.93,1
10.670374631881714,295.52,1
12.089920043945312,300.66,1
13.428507089614868,249.31,1
14.832475662231445,240.41,1
16.24991273880005,238.41,1
17.598832845687866,283.07,1
18.936115741729736,31.83,1
20.276668071746826,236.97,1
21.616136074066162,237.14,1
23.032633543014526,237.03,1
24.435367822647095,236.9,1
25.851327180862427,236.97,1
27.26822018623352,237.66,1
28.67097020149231,236.72,1
30.088169813156128,237.59,1
31.503209114074707,236.69,1
32.915812969207764,236.76,1
34.31853747367859,237.07,1
35.66317939758301,237.0,1
37.01594281196594,236.83,1
38.42797803878784,236.83,1
39.84064483642578,237.0,1
41.252755641937256,236.83,1
42.655035734176636,237.28,1
44.07279109954834,236.52,1
45.47969102859497,236.62,1
46.8829870223999,236.97,1
48.30192446708679,237.07,1
49.71810245513916,236.31,1
51.121899366378784,233.9,1
52.53910565376282,234.31,1
53.94243597984314,234.07,1
55.35699510574341,234.41,1
56.77658724784851,234.86,1
58.19234323501587,234.62,1
59.599432706832886,234.62,1
61.00723648071289,234.79,1
62.42460012435913,234.45,1
63.828330516815186,234.28,1
65.17864727973938,234.83,1
66.51852416992188,234.59,1
67.8527238368988,234.48,1
69.19778943061829,234.59,1
70.61555504798889,235.0,1
71.95749616622925,234.62,1
73.2984127998352,234.21,1
74.63748693466187,234.62,1
76.05317783355713,234.59,1
77.39451956748962,234.24,1
78.80251789093018,234.93,1
80.22314047813416,234.55,1
81.62707996368408,234.62,1
82.97171568870544,234.72,1
84.37889647483826,234.41,1
85.79886174201965,234.31,1
87.21335554122925,234.86,1
88.61497950553894,234.66,1
90.02962231636047,234.86,1
91.44040584564209,235.03,1
92.85805773735046,234.21,1
94.25834727287292,236.07,1
95.68493151664734,236.0,1
97.0953643321991,235.41,1
98.49993395805359,232.03,1
99.90642404556274,-42.86,1
101.31659078598022,-3.21,1
102.73635196685791,-3.41,1
104.14376544952393,-2.03,1
105.56246662139893,2.03,1
106.9657654762268,-2.38,1
108.37291216850281,350.69,1
109.7958390712738,218.83,1
111.19978308677673,240.52,1
112.61221885681152,236.07,1
114.03457307815552,233.14,1
115.43765330314636,232.28,1
116.85651350021362,-257.72,1
118.2586886882782,-14.66,1
119.67912340164185,-2.45,1
121.08255076408386,0.17,1
122.50051760673523,-5.76,1
