1.112633466720581,-1.59,0
2.3447132110595703,-1.59,0
3.5560686588287354,-1.48,0
4.762895822525024,-1.52,0
5.970202207565308,-1.45,0
7.200489521026611,-1.55,0
8.400127649307251,-1.55,0
12.997745990753174,82.31,1
14.410975456237793,168.55,1
15.82300877571106,228.72,1
17.235801696777344,284.76,1
18.570271730422974,328.48,1
19.910531282424927,361.97,1
21.332679986953735,373.62,1
22.671891689300537,369.62,1
29.97661519050598,-1.14,0
31.288742065429688,-1.21,0
32.64804291725159,-1.21,0
33.95078754425049,-1.31,0
35.254334926605225,-1.34,0
36.56506562232971,-1.31,0
37.87606143951416,-1.24,0
39.18709135055542,-1.31,0
40.51319694519043,-1.34,0
41.82085943222046,-1.48,0
43.15711855888367,-1.48,0
44.465827226638794,-1.41,0
45.77559232711792,-1.41,0
47.08488607406616,-1.55,0
48.39929986000061,-1.45,0
49.70517301559448,-1.45,0
54.31837010383606,133.38,1
55.65471649169922,182.38,1
57.05888819694519,197.0,1
58.47910690307617,202.66,1
59.89643883705139,203.17,1
61.30684280395508,201.79,1
62.709086179733276,186.59,1
64.12835001945496,163.48,1
65.47042632102966,149.0,1
66.87583756446838,132.31,1
68.28225493431091,118.59,1
75.58367943763733,-7.66,0
76.89289569854736,-7.97,0
78.20272636413574,-8.03,0
79.51086735725403,-8.07,0
80.8203935623169,-8.14,0
82.14046478271484,-8.14,0
83.48848915100098,-8.1,0
84.82145810127258,-8.21,0
