1.1124522686004639,-1.59,0
2.3404245376586914,-1.55,0
3.5422799587249756,-1.55,0
4.742070436477661,-1.52,0
5.93985652923584,-1.45,0
10.53079342842102,-1.55,1
11.946297883987427,-1.55,1
13.361328363418579,-1.48,1
14.773370504379272,-1.48,1
16.177897453308105,-1.45,1
17.529387950897217,-1.55,1
18.869014501571655,-1.59,1
20.21525526046753,-1.52,1
21.619348764419556,-1.48,1
23.03770160675049,-1.59,1
24.455307960510254,-1.48,1
25.784597396850586,4.97,1
27.204368591308594,1100.0,1
28.608598470687866,956.28,1
29.952616930007935,575.45,1
31.305455446243286,315.9,1
32.70854306221008,181.14,1
34.04926538467407,136.34,1
35.405311822891235,126.9,1
36.747215270996094,123.66,1
38.161022424697876,119.0,1
39.57248854637146,121.31,1
40.97275352478027,118.52,1
42.386274337768555,117.72,1
