1.1061322689056396,5.79
2.311579704284668,5.86
3.542081117630005,5.83
4.746128082275391,5.86
9.328238487243652,105.59
10.741272926330566,148.28
12.153947830200195,158.76
13.565577745437622,161.76
14.966549158096313,162.83
16.385958194732666,158.03
17.79128623008728,144.9
19.19695520401001,129.31
20.55253577232361,116.34
21.951499223709106,104.59
23.377611875534058,93.31
24.789461374282837,83.59
26.199702262878418,75.14
27.602418422698975,67.66
29.021018981933594,61.07
30.422824144363403,55.38
31.832831859588623,49.79
33.1770703792572,44.97
34.517850399017334,41.48
35.93135929107666,37.9
37.35063719749451,34.38
38.76703882217407,31.24
40.168705701828,28.97
41.58148741722107,26.72
42.997511863708496,24.03
44.4108350276947,22.62
45.82237005233765,21.24
47.22948884963989,20.14
48.647661447525024,14.48
50.05517363548279,10.69
51.39724564552307,12.38
52.81827664375305,12.48
54.160435914993286,10.03
55.568932056427,8.0
56.98125123977661,8.21
58.3994402885437,8.79
59.81358599662781,9.0
61.22350239753723,9.69
62.63313889503479,11.62
64.04583048820496,11.07
65.3875184059143,12.41
66.80647611618042,13.21
68.14489126205444,12.14
69.5638484954834,10.97
70.904794216156,10.38
72.25240755081177,12.0
73.5971326828003,12.93
74.94199085235596,13.21
76.34193134307861,11.28
77.76632642745972,12.52
79.17916917800903,8.17
80.58886194229126,10.93
82.00385451316833,9.9
83.41047835350037,11.66
84.76425218582153,8.9
86.16577672958374,8.14
87.50833463668823,5.55
88.86312651634216,8.48
90.20178174972534,9.41
91.60832452774048,8.86
92.95497989654541,8.1
94.3763816356659,11.0
95.70857071876526,9.24
97.13558268547058,11.59
98.47635126113892,10.1
99.88175010681152,12.03
101.30269289016724,6.76
102.71107029914856,10.34
104.11674690246582,9.86
105.53905701637268,10.38
106.94802498817444,8.24
108.36886286735535,10.72
109.70509147644043,11.93
111.11964654922485,9.66
112.53731679916382,8.52
113.93999814987183,6.62
115.35182690620422,7.93
116.76387572288513,10.52
118.1806812286377,12.07
119.59275317192078,8.52
121.00387144088745,9.83
122.4148588180542,11.69
123.77026987075806,8.86
125.18333005905151,10.48
126.59187483787537,10.45
127.99338817596436,8.21
129.35293626785278,11.24
130.76598238945007,8.62
132.1785171031952,11.07
133.59008812904358,11.28
135.00260853767395,10.03
136.3460111618042,4.48
137.68727087974548,4.17
139.09488224983215,8.34
140.44504117965698,10.59
141.8516345024109,9.66
143.2650351524353,11.55
144.68516898155212,9.17
146.08510756492615,11.38
147.50894689559937,9.38
148.91007685661316,9.76
150.32238388061523,8.9
151.746413230896,11.0
153.16004419326782,11.24
154.57573223114014,12.24
155.9773395061493,12.62
157.3997025489807,12.1
158.80189299583435,12.62
160.22606229782104,9.72
161.56580090522766,10.9
162.98063969612122,9.31
164.39539551734924,10.97
165.727285861969,10.79
167.07649946212769,10.21
168.42898964881897,7.52
169.77182602882385,10.86
171.10381960868835,12.21
172.45784521102905,12.07
173.8661243915558,12.97
175.2807629108429,10.55
176.6236753463745,8.93
177.96545910835266,9.69
179.3108992576599,8.17
180.65458345413208,8.21
182.0010325908661,10.41
183.40762853622437,12.17
184.82348561286926,12.66
186.23473572731018,12.72
187.57364678382874,8.52
189.00039148330688,11.31
190.34309673309326,9.93
191.68527507781982,12.0
193.02290201187134,12.31
194.43758344650269,9.79
195.84338784217834,10.76
197.2702281475067,8.17
198.61529445648193,9.31
200.0173201560974,11.21
201.35877394676208,8.69
202.78441882133484,7.31
204.1841492652893,8.34
205.610666513443,11.48
206.94461154937744,10.0
208.3684663772583,11.66
209.778249502182,12.45
211.19089937210083,9.86
212.53737425804138,11.59
213.88119173049927,8.34
215.28712606430054,11.38
216.70367336273193,12.17
218.05008149147034,8.55
219.3894407749176,11.03
220.73949480056763,9.72
222.07106375694275,8.41
223.42878770828247,10.79
224.82780814170837,10.62
226.25138473510742,9.31
227.5847945213318,11.55
228.94410395622253,11.86
230.28245902061462,10.34
231.62264800071716,8.24
233.04521417617798,10.83
234.3739778995514,8.62
235.79025721549988,9.07
237.20253086090088,10.9
238.619127035141,8.03
239.97139692306519,7.48
241.37353539466858,8.31
242.72812271118164,11.21
244.13049244880676,11.31
245.5540087223053,10.66
246.9644215106964,9.45
248.37762022018433,11.14
249.7859845161438,11.45
251.2016658782959,9.83
252.54473280906677,8.86
253.95977306365967,7.0
255.3630428314209,10.55
256.7735002040863,11.93
258.19619727134705,12.48
259.60628032684326,8.24
261.0225248336792,9.1
262.4300322532654,6.76
263.84255623817444,5.0
265.18326330184937,6.59
266.60542464256287,6.93
267.9508719444275,7.76
269.3502447605133,9.41
270.76183676719666,11.07
272.18240308761597,9.66
273.53133058547974,11.52
274.94431352615356,6.52
276.35045623779297,10.31
277.76526403427124,10.59
279.1021001338959,9.93
280.51176357269287,10.83
281.93006348609924,8.59
283.35191798210144,10.38
284.69310331344604,9.55
286.0342037677765,11.34
287.4486722946167,12.55
288.85750937461853,10.79
290.27410221099854,8.1
291.6873073577881,10.83
293.0938379764557,12.28
294.51752066612244,7.9
295.9298927783966,8.52
297.328396320343,11.07
298.7514052391052,9.72
300.1680066585541,10.21
301.5800430774689,7.97
302.9832844734192,6.66
304.3997437953949,10.69
305.81096053123474,6.83
307.1485595703125,11.41
308.57278084754944,12.34
309.98362398147583,11.31
311.3867313861847,10.34
312.8121531009674,10.0
314.2243974208832,11.14
315.6248731613159,12.1
317.0503237247467,9.24
318.4586775302887,9.28
319.80278611183167,8.86
321.1450901031494,8.48
322.55679988861084,8.48
323.96490597724915,6.76
325.31357288360596,8.79
326.6634621620178,7.45
328.00976514816284,8.45
329.33863854408264,10.93
330.6848654747009,9.38
332.04032707214355,11.03
333.3728241920471,7.9
340.67377257347107,-2.86
341.9851624965668,-2.93
343.2833001613617,-3.0
344.5879428386688,-3.07
345.88621497154236,-2.93
347.18826246261597,-3.03
348.4957106113434,-3.07
349.79771089553833,-3.07
354.39794421195984,95.17
355.81341552734375,142.31
357.1645278930664,154.9
358.50718879699707,157.79
359.84457421302795,158.21
361.1937623023987,158.31
362.5260226726532,158.0
363.8723974227905,155.59
365.21503162384033,147.0
366.6347870826721,135.24
367.97866320610046,124.34
369.37824749946594,113.41
370.72510862350464,104.66
372.0605936050415,97.31
373.40808939933777,90.07
374.8275969028473,83.55
376.16235280036926,78.07
377.57317423820496,73.38
378.92015624046326,69.48
380.3357939720154,65.69
381.676470041275,62.79
383.09053325653076,59.52
384.4266450405121,56.69
385.8369872570038,53.76
387.18790912628174,51.07
388.59229016304016,48.14
389.93455696105957,46.03
391.34640312194824,44.72
392.77022314071655,42.62
394.1671063899994,41.1
395.5885818004608,39.69
396.93066358566284,38.34
398.33909344673157,36.86
399.7586793899536,36.55
401.09001088142395,35.9
402.51439142227173,34.93
403.8511290550232,34.38
405.2660472393036,34.0
406.60377836227417,33.52
408.01800322532654,33.21
409.43638348579407,32.66
410.8474225997925,32.24
412.19001507759094,31.9
413.6011517047882,31.24
414.9332163333893,30.9
416.3526372909546,30.45
417.7620487213135,30.21
419.1685745716095,29.79
420.5177526473999,29.31
421.860063791275,29.0
423.19439125061035,28.69
424.61992931365967,28.28
426.0231795310974,28.03
427.44201016426086,27.55
428.8542239665985,27.97
430.26648449897766,28.55
