1.1128160953521729,-0.76
2.356170415878296,-0.72
3.5651683807373047,-0.72
4.770103216171265,-0.79
5.981947660446167,-0.79
7.201256990432739,-0.76
8.400491952896118,-0.76
9.612318754196167,-0.76
10.806437969207764,-0.76
12.066856145858765,-0.83
13.275464534759521,-0.79
17.88440442085266,218.48
19.227399349212646,303.79
20.64053988456726,332.28
22.05249524116516,301.14
23.455525636672974,245.66
24.865890502929688,196.28
26.208472728729248,159.83
27.484370231628418,134.9
28.754783391952515,114.24
30.02818989753723,100.79
31.31780242919922,88.59
32.590872049331665,79.93
33.8571298122406,71.0
