1.1090166568756104,-2.24,0
2.354064464569092,-2.28,0
3.5586318969726562,-2.21,0
4.768136739730835,-2.21,0
9.359253883361816,-3.21,1
10.77131175994873,-2.55,1
12.175066947937012,-1.66,1
13.59141993522644,-1.59,1
15.000617027282715,1.69,1
16.419600009918213,29.72,1
17.752950191497803,29.34,1
19.104852437973022,28.31,1
20.45459532737732,27.72,1
21.786442756652832,28.52,1
23.142673015594482,28.24,1
24.5540988445282,26.83,1
25.96675443649292,27.76,1
27.37817621231079,34.48,1
28.71276593208313,34.83,1
30.125752687454224,33.45,1
31.547905206680298,31.83,1
32.95461869239807,29.03,1
34.29452157020569,30.45,1
35.64369177818298,27.76,1
36.99313282966614,30.21,1
38.405112981796265,28.21,1
39.81183934211731,30.14,1
41.223392486572266,32.31,1
42.63227033615112,27.38,1
43.97651529312134,32.07,1
45.390748739242554,27.97,1
46.80977439880371,31.86,1
48.220240116119385,28.62,1
49.6300995349884,30.55,1
50.97525501251221,27.28,1
52.396085262298584,29.76,1
53.798768520355225,27.41,1
55.20872449874878,29.66,1
56.62634873390198,27.9,1
58.03444457054138,29.76,1
59.44368314743042,21.62,1
60.867093086242676,24.24,1
62.21287131309509,20.69,1
63.616291761398315,25.1,1
65.03407645225525,21.62,1
66.37893772125244,28.1,1
67.71536636352539,31.0,1
69.13802170753479,33.41,1
70.47815465927124,28.86,1
71.88552403450012,32.34,1
73.22692775726318,40.9,1
74.57450151443481,42.93,1
75.924733877182,40.66,1
77.32377696037292,37.86,1
78.67389702796936,39.66,1
80.08733487129211,34.72,1
81.49130582809448,35.83,1
82.90589928627014,33.1,1
84.25564122200012,31.62,1
85.65868782997131,30.28,1
87.08173251152039,29.03,1
88.41836166381836,27.1,1
89.76376700401306,25.59,1
91.17012476921082,26.45,1
92.51283478736877,25.83,1
93.93473601341248,24.07,1
95.34489560127258,33.07,1
96.74925231933594,27.76,1
98.10231256484985,33.86,1
105.41121530532837,-4.52,0
106.75708675384521,-4.79,0
108.05926442146301,-4.93,0
109.3645191192627,-5.24,0
110.67659568786621,-5.48,0
111.97526597976685,-5.9,0
113.28270030021667,-6.45,0
114.58270287513733,-7.21,0
119.18276286125183,-1.59,1
120.59337115287781,-1.66,1
121.9484179019928,-1.79,1
123.28494453430176,-1.72,1
124.69481301307678,-1.62,1
126.1132984161377,-1.66,1
127.44822573661804,-1.76,1
128.80570816993713,-1.83,1
130.22078227996826,-1.79,1
131.63428044319153,-1.79,1
