1.1096491813659668,-2.07
2.32222843170166,-2.17
3.5589599609375,-2.1
4.761592864990234,-2.14
9.3070228099823,15.83
10.719481945037842,48.62
12.145215511322021,74.21
13.559854984283447,104.86
14.973182439804077,132.31
16.38431477546692,164.34
17.724851608276367,182.07
19.13323950767517,193.31
20.53517460823059,80.83
21.950363874435425,-2.72
23.36235809326172,287.41
24.77578592300415,310.86
32.089744329452515,-2.07
33.43974781036377,-2.07
34.76097655296326,-2.0
36.08099055290222,-2.07
37.392902851104736,-2.07
38.70684814453125,-2.14
40.01399755477905,-2.03
41.326716899871826,-2.07
42.67811942100525,-2.1
43.99624443054199,-2.1
45.31792664527893,-2.03
46.635828495025635,-2.07
47.94788956642151,-2.07
49.264639139175415,-2.0
50.582948446273804,-2.07
51.93353462219238,-2.03
