1.1100280284881592,-2.28,0
2.3527183532714844,-2.24,0
3.565729856491089,-2.31,0
4.7717835903167725,-2.17,0
9.359538316726685,113.07,1
10.7735755443573,291.69,1
12.176045417785645,358.86,1
13.58684229850769,4.69,1
15.010086059570312,29.45,1
16.420083045959473,-1.62,1
17.760621309280396,242.62,1
19.108351945877075,237.14,1
20.45425319671631,172.93,1
21.86138892173767,159.03,1
23.275989055633545,102.0,1
24.616517066955566,66.55,1
26.025035858154297,59.93,1
27.44066572189331,53.83,1
34.75172138214111,-2.21,0
36.05414867401123,-2.14,0
37.36173415184021,-2.17,0
38.665788412094116,-2.1,0
39.963072538375854,-2.07,0
41.26253128051758,-2.21,0
42.57367277145386,-2.28,0
43.92760992050171,-2.17,0
48.51655435562134,-2.24,1
49.93400692939758,-2.21,1
51.26426434516907,-2.24,1
52.68958377838135,-2.14,1
54.02669286727905,-2.21,1
55.436341524124146,-2.21,1
56.777061223983765,-2.24,1
58.195568799972534,-2.28,1
59.61095404624939,-2.21,1
61.030046224594116,-2.21,1
62.42945957183838,-2.24,1
63.85418176651001,-2.28,1
65.20154857635498,-2.24,1
66.53945970535278,-2.28,1
67.88582992553711,-2.21,1
69.28989458084106,-2.24,1
70.64237141609192,-2.31,1
71.9790256023407,-2.21,1
73.32540154457092,-2.17,1
74.67478346824646,-2.93,1
76.0829496383667,-2.55,1
77.43428492546082,-1.93,1
78.77889704704285,-4.86,1
80.18241810798645,-2.21,1
81.53564596176147,-2.34,1
82.94206309318542,-2.21,1
84.2855715751648,-3.76,1
85.692298412323,-2.21,1
87.04518103599548,-2.28,1
88.38389873504639,-2.31,1
89.73867702484131,-2.34,1
91.14325261116028,-2.24,1
92.49525666236877,-2.28,1
93.90678930282593,-2.24,1
95.32031559944153,-2.24,1
96.65915560722351,-2.31,1
98.00733661651611,-2.31,1
99.41358780860901,-2.21,1
100.76458549499512,-2.31,1
102.17076468467712,-2.24,1
103.51776027679443,-2.21,1
104.92761707305908,-2.28,1
106.2699785232544,-2.31,1
107.6821551322937,-2.24,1
109.02775955200195,-2.24,1
110.44788193702698,-2.31,1
111.84847569465637,-2.17,1
113.27109003067017,-2.31,1
114.60928845405579,-2.28,1
116.02497005462646,-2.14,1
117.4326171875,-2.17,1
118.85263705253601,-2.34,1
120.2585780620575,-2.21,1
121.67887210845947,-2.41,1
123.01546716690063,-2.31,1
124.43727660179138,-2.03,1
125.84273052215576,-2.07,1
127.25864219665527,-2.14,1
128.670503616333,-2.24,1
130.0757336616516,-2.31,1
131.49948453903198,-2.28,1
132.9035987854004,-2.28,1
134.32570219039917,-2.28,1
135.73698234558105,-2.24,1
137.07497310638428,-2.24,1
138.48306250572205,-2.38,1
139.90560293197632,-1.83,1
141.30537509918213,-3.03,1
142.66185998916626,-2.07,1
144.07646226882935,7.76,1
145.48647212982178,213.55,1
146.89993953704834,374.14,1
148.23007345199585,403.79,1
149.65601420402527,326.45,1
151.05865359306335,29.66,1
152.47599387168884,-1.69,1
153.88708806037903,268.31,1
155.29103302955627,257.72,1
156.70178389549255,179.55,1
158.1205804347992,125.72,1
159.53011202812195,98.83,1
160.8649082183838,73.17,1
162.21135997772217,92.0,1
163.55840682983398,87.0,1
164.90772581100464,-9.34,1
166.31553983688354,-0.31,1
167.65475249290466,1.97,1
169.06538701057434,-2.28,1
170.41629815101624,-1.79,1
171.7505440711975,-2.34,1
173.1093134880066,-1.59,1
174.45175051689148,-1.93,1
175.7967255115509,-2.31,1
177.14042353630066,-2.31,1
178.551819562912,-2.03,1
179.9589786529541,-2.14,1
181.30309915542603,-2.24,1
182.6477873325348,-2.17,1
183.99695134162903,-2.0,1
185.32829475402832,-1.93,1
186.67063999176025,-2.41,1
188.01820278167725,-2.34,1
189.370747089386,1.93,1
190.78292536735535,-3.62,1
192.12803530693054,-2.17,1
193.46114110946655,-2.07,1
194.81581258773804,-2.38,1
196.16029620170593,-2.14,1
197.4949243068695,-2.21,1
198.91050910949707,-2.28,1
200.25419569015503,-1.66,1
201.67623591423035,-2.17,1
203.01992893218994,-2.24,1
204.36495161056519,-2.24,1
205.6965901851654,-2.38,1
207.03786945343018,-2.17,1
208.3922049999237,-2.24,1
209.728502035141,-2.28,1
211.15074253082275,-2.17,1
212.5573935508728,-2.21,1
213.89541006088257,-2.24,1
215.31740260124207,-2.1,1
216.6659698486328,-2.14,1
217.99808716773987,-2.28,1
219.34095358848572,-2.24,1
220.6980266571045,-2.24,1
222.03707599639893,-1.52,1
223.4524393081665,-2.17,1
224.78885102272034,-2.24,1
226.14061331748962,-2.21,1
227.4800283908844,-2.21,1
228.8190474510193,-2.21,1
230.24422311782837,-2.21,1
231.6431622505188,-2.1,1
