1.1031718254089355,-1.79,0
2.3491952419281006,-1.9,0
3.5601541996002197,-1.9,0
4.764328956604004,-1.9,0
5.9730870723724365,-1.86,0
7.171972036361694,-1.86,0
11.75213098526001,146.69,1
13.164722919464111,107.07,1
14.576139688491821,107.66,1
15.987083673477173,97.48,1
17.393853902816772,96.17,1
18.733821630477905,95.34,1
20.149646997451782,94.38,1
21.553258657455444,94.48,1
22.975102424621582,94.38,1
24.377304077148438,94.55,1
25.79932165145874,94.34,1
27.20288896560669,94.45,1
28.620566844940186,94.14,1
30.024338483810425,93.93,1
31.43358612060547,93.55,1
32.8506133556366,92.55,1
34.258079528808594,90.79,1
35.61275887489319,89.52,1
37.01450967788696,87.45,1
44.31157112121582,-2.24,0
45.618748903274536,-2.28,0
46.925941705703735,-2.21,0
48.23244595527649,-2.21,0
49.546884536743164,-2.17,0
50.87244486808777,-2.1,0
52.17986273765564,-2.1,0
53.536956787109375,-2.0,0
54.8460488319397,-2.0,0
56.15483808517456,-2.07,0
57.4674551486969,-2.1,0
58.7746958732605,-2.07,0
60.09633827209473,-2.07,0
61.4100296497345,-2.07,0
62.76588678359985,-1.97,0
64.09177994728088,-2.07,0
68.6692566871643,146.38,1
70.08837819099426,107.93,1
71.50813722610474,100.72,1
72.9098629951477,97.86,1
74.33185029029846,96.69,1
75.73618578910828,95.76,1
77.1491265296936,95.14,1
78.5572669506073,94.69,1
79.97329235076904,94.52,1
81.38386583328247,94.41,1
82.78898072242737,94.45,1
84.20872497558594,94.28,1
85.61259198188782,94.31,1
87.03173518180847,94.34,1
88.43211245536804,94.55,1
89.84990763664246,94.45,1
91.26368069648743,94.28,1
92.68032908439636,94.38,1
94.0824203491211,94.28,1
95.50083088874817,94.28,1
96.9154942035675,94.21,1
98.31620502471924,93.86,1
99.73827505111694,93.34,1
101.14277529716492,92.55,1
102.56076240539551,91.34,1
103.8938775062561,90.86,1
105.31297945976257,89.69,1
106.73141169548035,88.55,1
114.02595067024231,-2.41,0
115.3855459690094,-2.45,0
116.70234513282776,-2.38,0
118.01885914802551,-2.31,0
119.34265661239624,-2.41,0
120.65520453453064,-2.28,0
121.97941136360168,-2.31,0
123.30121994018555,-2.28,0
127.92882061004639,143.69,1
129.34296798706055,107.34,1
130.74775004386902,100.52,1
132.16574788093567,97.62,1
133.5692756175995,96.79,1
134.97421407699585,95.9,1
136.39228510856628,95.07,1
137.7985167503357,94.9,1
139.2147421836853,94.41,1
140.62984156608582,94.41,1
142.04075980186462,94.34,1
143.447500705719,94.59,1
144.86766695976257,94.41,1
146.27342224121094,94.45,1
147.69301342964172,94.48,1
149.09954452514648,94.45,1
150.5153546333313,94.41,1
151.91738843917847,94.41,1
153.3342502117157,94.17,1
154.7385594844818,94.55,1
156.1487169265747,94.38,1
157.56727838516235,94.55,1
158.9841125011444,94.38,1
160.38725638389587,94.79,1
161.73327255249023,94.41,1
163.07242035865784,94.41,1
164.42419028282166,94.62,1
165.76924014091492,94.21,1
167.11106896400452,108.62,1
168.44290685653687,106.72,1
169.78403568267822,105.34,1
171.19831109046936,105.0,1
172.6163046360016,104.93,1
173.95576643943787,105.17,1
175.37468910217285,105.0,1
176.7819628715515,104.86,1
178.1852626800537,104.93,1
179.53817677497864,105.07,1
180.88360285758972,105.21,1
182.28242087364197,105.28,1
183.63558769226074,104.97,1
184.98312258720398,104.9,1
186.3814516067505,105.24,1
187.7267200946808,105.28,1
189.14395833015442,105.21,1
196.4312708377838,-2.31,0
197.74206566810608,-2.34,0
199.08086347579956,-2.28,0
200.39202666282654,-2.24,0
201.71671104431152,-2.17,0
203.02395272254944,-2.14,0
204.3273961544037,-2.17,0
205.63107657432556,-2.1,0
206.83384346961975,-2.17,0
208.07851672172546,-2.21,0
209.27849054336548,-2.17,0
210.50291180610657,-2.1,0
