1.1219327449798584,-1.07,0
2.3604960441589355,-1.03,0
3.5690550804138184,-1.1,0
4.771120071411133,-0.93,0
9.365123987197876,186.31,1
10.777334690093994,18.83,1
12.1887788772583,2.79,1
13.598056077957153,0.83,1
15.013830423355103,0.28,1
16.4132661819458,-0.21,1
17.828315258026123,-0.45,1
19.169785737991333,-0.31,1
20.597349643707275,0.14,1
22.000558853149414,-0.41,1
23.415558338165283,-0.62,1
24.822043895721436,3.97,1
26.240063428878784,1.59,1
27.661487102508545,0.21,1
29.066501140594482,-0.14,1
30.485686540603638,-0.66,1
31.901970148086548,-1.14,1
33.232077836990356,-944.66,1
34.5883104801178,-33.45,1
35.93025040626526,371.21,1
37.33293008804321,94.52,1
38.75353145599365,16.52,1
40.158849239349365,6.31,1
41.585652589797974,3.72,1
42.99535536766052,4.66,1
44.3992760181427,1.97,1
45.80785846710205,-0.66,1
47.164451122283936,75.93,1
48.580092430114746,19.38,1
49.98201537132263,-132.17,1
51.40311098098755,-4.76,1
52.74160289764404,1.79,1
54.1580924987793,5.76,1
55.5746214389801,5.41,1
56.980448961257935,-194.9,1
58.40240406990051,112.76,1
59.81448268890381,11.86,1
61.22704863548279,7.93,1
62.63857078552246,6.86,1
64.04630899429321,8.45,1
65.45557713508606,8.79,1
66.87838530540466,7.14,1
68.2855544090271,6.21,1
69.70753908157349,7.24,1
71.11151170730591,7.86,1
72.53174352645874,8.17,1
73.92964291572571,6.17,1
75.28603839874268,5.9,1
76.62479782104492,5.38,1
78.04161310195923,6.52,1
79.45389676094055,6.66,1
80.85885334014893,7.14,1
82.27497601509094,6.55,1
83.69768834114075,6.86,1
