1.1065936088562012,-2.0,0
2.3635528087615967,-1.97,0
3.57269287109375,-1.97,0
4.783017158508301,-1.97,0
9.374892234802246,-6.55,1
10.788327932357788,-2.03,1
12.201688528060913,-1.59,1
13.6029953956604,-0.07,1
15.026551246643066,1.28,1
16.440541982650757,-0.55,1
17.841264009475708,0.93,1
19.263877868652344,-0.59,1
20.66343855857849,1.28,1
22.08190417289734,-0.34,1
23.497825384140015,1.21,1
24.915413856506348,-0.21,1
26.315950632095337,-0.62,1
27.73332691192627,0.66,1
29.154488801956177,-0.31,1
30.567827939987183,1.48,1
31.97205090522766,0.07,1
33.38818383216858,1.69,1
34.799285888671875,0.17,1
36.201338052749634,1.69,1
37.55750370025635,0.45,1
38.96152639389038,1.72,1
40.379631757736206,0.69,1
41.78571057319641,1.76,1
43.2089056968689,0.66,1
44.539437770843506,1.76,1
45.89473867416382,0.93,1
47.3009729385376,1.9,1
48.71693658828735,1.21,1
50.12316370010376,0.66,1
51.54035758972168,1.79,1
52.95803165435791,1.03,1
54.370380878448486,1.86,1
55.77267074584961,1.41,1
57.19175100326538,2.14,1
58.61017298698425,1.59,1
60.01958632469177,2.03,1
61.422654151916504,1.52,1
62.841275215148926,1.14,1
64.26316046714783,1.93,1
65.66571545600891,1.59,1
67.08822441101074,2.31,1
68.49122405052185,1.76,1
69.84637331962585,1.52,1
71.24665379524231,2.38,1
72.66982102394104,1.72,1
74.07156944274902,2.55,1
75.49036908149719,1.79,1
76.90920233726501,1.69,1
78.30958294868469,2.38,1
79.7288863658905,1.79,1
81.13378024101257,1.76,1
82.5524275302887,2.72,1
83.97107696533203,1.79,1
85.38697266578674,3.41,1
86.78944516181946,2.07,1
88.20437169075012,1.83,1
89.62270522117615,3.03,1
91.02851867675781,2.0,1
92.44668507575989,1.83,1
93.84799885749817,2.0,1
95.27101612091064,2.52,1
96.6879301071167,2.0,1
98.09118676185608,1.9,1
99.49917769432068,1.93,1
100.91497707366943,3.0,1
102.33042931556702,2.21,1
103.74903154373169,4.21,1
105.14979839324951,2.79,1
106.5704755783081,2.24,1
107.98733830451965,3.97,1
109.33090162277222,2.76,1
110.73158144950867,2.34,1
112.15161180496216,2.34,1
113.48741555213928,2.38,1
114.90223145484924,3.86,1
116.32057166099548,2.97,1
117.73958396911621,2.66,1
119.15121912956238,2.34,1
120.56350231170654,-5.41,1
121.97144150733948,-48.1,1
123.38754630088806,-6.38,1
124.78993940353394,-2.76,1
126.20577096939087,-2.62,1
127.62479639053345,-2.34,1
129.0269477367401,-2.17,1
130.44591784477234,133.66,1
131.85068130493164,17.76,1
133.269118309021,2.86,1
134.67672777175903,2.69,1
136.09239888191223,2.55,1
137.50946164131165,2.83,1
138.92625498771667,3.93,1
140.3279459476471,3.24,1
141.74348139762878,3.0,1
143.16718411445618,3.07,1
144.5762906074524,4.79,1
145.99099349975586,3.62,1
147.40302300453186,3.38,1
148.80652594566345,3.21,1
