3.1090481281280518,-1.79
3.1148409843444824,-1.79
6.342597961425781,-1.79
9.561609506607056,-1.79
12.78446102142334,-1.76
17.571764707565308,1.66
21.0537269115448,1.62
24.60487961769104,1.72
28.1566219329834,1.66
31.704641103744507,1.62
35.251002073287964,1.69
38.792176246643066,1.62
42.345001459121704,1.66
45.89114212989807,1.59
49.45472860336304,1.59
53.00327229499817,1.59
56.55049920082092,1.62
60.23559522628784,1.52
63.924540758132935,1.62
67.46835494041443,1.59
70.94966173171997,1.55
74.5083680152893,1.55
78.05676221847534,1.55
81.60471796989441,1.52
85.15456366539001,1.55
88.70509910583496,1.48
92.25057029724121,1.52
95.80537343025208,1.55
99.35185432434082,1.52
102.90194916725159,1.48
106.44608998298645,1.55
110.00548052787781,1.45
113.5424280166626,1.52
117.0889265537262,1.52
120.64687418937683,1.52
124.20048427581787,1.48
127.7506492137909,1.55
131.30301594734192,1.45
134.8446671962738,1.52
138.39683961868286,1.52
141.94998025894165,1.48
145.50283932685852,1.52
149.05017709732056,1.45
152.5910427570343,1.41
156.15355682373047,1.48
159.70071649551392,1.52
163.2526741027832,1.55
166.79061770439148,1.41
170.2745749950409,1.45
173.8224377632141,1.38
177.31276297569275,1.93
180.85925269126892,1.93
184.3469955921173,1.69
187.82973742485046,1.62
191.37176537513733,1.79
194.9272539615631,1.76
198.40606951713562,2.41
201.9499866962433,1.1
205.4229211807251,2.1
208.9124240875244,4.17
212.3859736919403,1.79
215.9353792667389,2.03
219.4877746105194,2.38
223.04230070114136,2.9
226.52536845207214,2.86
230.07624506950378,2.52
233.61425733566284,4.52
237.16136932373047,3.72
240.71962594985962,5.93
244.2721185684204,4.1
247.81444001197815,6.0
251.37363743782043,3.1
254.9128668308258,4.21
258.47101950645447,4.41
262.01744198799133,4.9
265.5722427368164,5.48
269.11107993125916,4.79
272.65659499168396,4.31
276.223432302475,4.83
279.77280259132385,7.07
283.2533016204834,6.38
286.80549931526184,5.28
290.3439016342163,7.55
293.89635252952576,5.66
297.45255732536316,7.14
301.0005989074707,5.24
304.55491495132446,7.1
308.0938014984131,5.38
311.65335416793823,7.52
315.1948232650757,8.34
318.74654364585876,8.48
322.2200803756714,5.9
325.7799503803253,6.0
329.31923747062683,6.93
332.87916707992554,7.69
336.35008096694946,8.48
339.835324048996,9.0
343.3155519962311,9.0
346.79713559150696,9.21
350.34647822380066,9.0
353.8277237415314,8.21
357.31531047821045,6.69
360.8600723743439,6.79
364.40447330474854,6.66
