1.1121039390563965,-1.03
2.350879192352295,-1.07
3.559795379638672,-1.07
4.765068054199219,-0.97
5.962550163269043,-0.93
10.557835817337036,83.07
11.971277475357056,75.41
13.317831993103027,66.41
14.729281902313232,61.62
16.135903358459473,60.21
17.47217059135437,59.34
18.822712659835815,59.28
20.174140453338623,59.21
21.5180881023407,58.59
22.86044692993164,58.76
24.190590620040894,58.9
25.61348557472229,58.55
27.014970302581787,58.45
28.42997646331787,59.1
29.843632698059082,58.38
31.259223461151123,54.93
