1.106532096862793,-1.03
2.3528358936309814,-1.0
3.565828800201416,-0.86
4.784213542938232,-0.93
6.004414796829224,-0.93
10.603405952453613,2.45
12.014418840408325,2.45
13.42629361152649,2.48
14.836143016815186,2.52
16.24490261077881,9.62
17.660491704940796,18.31
19.008346796035767,21.86
20.342960119247437,22.86
21.765777587890625,27.97
23.104825496673584,29.31
24.51740837097168,29.55
25.933611154556274,29.45
27.339013814926147,29.45
28.74816131591797,29.17
30.16186809539795,29.14
31.580734968185425,29.17
32.98821830749512,28.97
34.3396737575531,29.14
35.674649238586426,29.31
37.015812397003174,29.07
38.42716026306152,28.9
39.777339458465576,29.41
41.18445825576782,29.34
42.52197861671448,28.97
43.873560667037964,29.03
45.28835701942444,32.38
46.621041774749756,29.55
48.03044247627258,28.69
49.455753803253174,31.83
50.86088705062866,33.03
52.27500557899475,29.52
53.68436908721924,28.76
55.09736657142639,28.31
56.51183795928955,28.41
57.923962116241455,31.86
59.33786463737488,29.48
60.73527407646179,31.86
62.150643825531006,32.69
63.55963969230652,32.83
64.9704236984253,32.83
66.32233476638794,32.97
67.72524738311768,33.48
69.13587188720703,33.66
70.54629421234131,29.97
71.95681548118591,32.38
73.30453729629517,32.55
74.71704149246216,28.93
76.053795337677,30.76
77.4654803276062,30.69
78.81574273109436,30.66
86.117919921875,2.52
87.45154333114624,2.45
88.76944541931152,2.34
90.07535481452942,2.45
91.37770581245422,2.41
92.68876147270203,2.41
94.00745344161987,2.45
95.32608652114868,2.38
