1.1083574295043945,0.69
2.354097366333008,0.72
3.565579891204834,0.69
4.7733988761901855,0.83
5.988850355148315,0.79
7.208350896835327,0.66
11.773412704467773,0.76
13.18894910812378,1.24
14.600921630859375,1.79
16.012810468673706,2.69
17.41884469985962,4.93
18.767726182937622,7.28
20.170884609222412,10.07
21.580883026123047,13.21
23.006965160369873,16.59
24.349931240081787,19.79
25.760804176330566,23.52
27.16707134246826,27.21
28.591410875320435,31.17
29.9974684715271,34.62
31.407984018325806,38.14
32.81740856170654,41.72
34.16854238510132,45.03
35.509164333343506,47.79
36.912964820861816,50.97
38.336870431900024,54.03
39.74906325340271,56.93
41.08642339706421,59.45
42.48844027519226,61.79
43.90389442443848,64.07
45.324949741363525,66.14
46.73746585845947,67.86
48.14792203903198,69.48
49.55457067489624,70.72
50.967971324920654,71.79
52.378509759902954,72.45
53.7873055934906,72.9
55.19685125350952,73.24
56.60551166534424,73.31
58.0188524723053,73.0
59.43639087677002,72.83
60.84931492805481,72.31
62.26096534729004,71.59
63.66193199157715,70.83
65.07606887817383,69.9
66.49370384216309,68.59
67.8960108757019,67.45
69.312753200531,66.17
70.72393655776978,64.62
72.1358368396759,62.41
73.4895567893982,60.59
74.89680981636047,58.66
76.30752468109131,56.86
77.7221372127533,55.03
79.13013362884521,53.21
