1.1085333824157715,-2.21,0
2.3430776596069336,-2.14,0
3.546109676361084,-2.14,0
4.755679368972778,-2.1,0
9.331329107284546,489.9,1
10.743399858474731,523.62,1
12.156086444854736,419.55,1
19.43547224998474,-2.21,0
20.74423623085022,-2.21,0
22.094746828079224,-2.28,0
23.398035049438477,-2.1,0
24.695993423461914,-2.24,0
26.012271642684937,-2.17,0
27.32840347290039,-2.34,0
28.630797863006592,-12.62,0
29.944313526153564,-3.03,0
31.265016317367554,-2.41,0
32.596113443374634,-2.38,0
33.9087278842926,-2.28,0
35.20493268966675,-1.93,0
36.50371813774109,-2.59,0
37.80645489692688,-0.31,0
39.13311433792114,-0.38,0
40.447949171066284,-1.93,0
41.756351947784424,8.83,0
43.09596824645996,-1.31,0
44.39367318153381,-2.0,0
45.702762842178345,-2.24,0
47.02226448059082,-2.28,0
48.32013249397278,-2.21,0
49.63192081451416,-2.21,0
50.94149470329285,-2.21,0
52.28629779815674,-2.03,0
53.59873843193054,-1.66,0
54.91878652572632,-2.14,0
56.22312021255493,-2.14,0
57.5287868976593,-2.1,0
58.83576846122742,-2.17,0
60.15281963348389,-2.24,0
61.46199893951416,-2.17,0
62.81709146499634,-2.21,0
64.12340426445007,-2.17,0
68.70714282989502,438.41,1
70.0646321773529,516.17,1
71.40798044204712,462.0,1
78.69740772247314,-2.24,0
80.00603914260864,-2.14,0
81.32967042922974,-2.28,0
82.6717689037323,-2.28,0
83.98786354064941,-2.07,0
85.29829668998718,-2.28,0
86.63164401054382,-2.14,0
