1.1242005825042725,-1.59,0
2.358729362487793,-1.52,0
3.5720653533935547,-1.45,0
4.773636102676392,-1.48,0
9.35281753540039,-1.45,1
10.770055294036865,-1.48,1
12.188694953918457,-1.48,1
13.593657732009888,-1.48,1
15.010930061340332,-1.52,1
16.41909432411194,-1.45,1
17.76541566848755,-1.45,1
19.112357139587402,-1.45,1
20.44931125640869,-1.59,1
21.868305444717407,-1.45,1
23.20920991897583,-1.48,1
24.627644300460815,-1.48,1
26.044490337371826,-1.38,1
27.455333709716797,-1.52,1
28.870306491851807,-1.45,1
30.282362461090088,-1.38,1
31.685056686401367,-1.48,1
33.10762333869934,-1.55,1
34.45423364639282,-1.48,1
35.79404902458191,-1.45,1
37.13179636001587,-1.45,1
38.54971528053284,-1.48,1
39.89392876625061,-1.55,1
41.23291349411011,-1.48,1
42.57544445991516,-1.48,1
43.93122839927673,-1.48,1
45.262444496154785,-1.52,1
46.61702084541321,-1.48,1
47.960779428482056,-1.48,1
49.3712956905365,-1.45,1
50.77709984779358,-1.48,1
52.119529008865356,-1.45,1
53.46767592430115,-1.52,1
54.88634657859802,-1.55,1
56.29004669189453,-1.48,1
57.6435911655426,-1.48,1
59.055216789245605,-1.52,1
60.459590911865234,1.93,1
61.878018856048584,1100.0,1
63.29648280143738,431.14,1
70.59962797164917,-24.72,0
71.90400886535645,-7.52,0
73.21084356307983,-3.17,0
74.5130660533905,-2.62,0
75.85103487968445,-2.69,0
77.1495521068573,-2.69,0
78.44951462745667,-2.21,0
79.75735378265381,-2.17,0
84.34113192558289,404.9,1
85.69248580932617,454.38,1
87.02601552009583,362.55,1
88.38487696647644,279.76,1
95.6711015701294,-18.41,0
96.97617554664612,-43.48,0
98.29319643974304,-40.72,0
99.58501529693604,-29.45,0
100.90507292747498,-10.72,0
102.20015382766724,-6.14,0
103.52702188491821,-4.59,0
104.87286067008972,-4.0,0
109.45031118392944,-2.55,1
110.79322838783264,-5.0,1
112.2118649482727,-3.83,1
113.61910510063171,0.0,1
114.97180128097534,0.1,1
116.37619638442993,1.28,1
117.79222917556763,1.41,1
119.20971369743347,1.59,1
120.61318349838257,0.72,1
121.96231937408447,0.83,1
123.37926912307739,1.28,1
124.78040218353271,0.79,1
126.20609164237976,1.21,1
127.60814237594604,1.48,1
129.02895712852478,1.38,1
130.37267661094666,0.31,1
131.71262288093567,1.1,1
133.11981534957886,0.59,1
134.53884863853455,0.93,1
135.95782041549683,1.14,1
137.36259150505066,1.14,1
138.77556896209717,1.38,1
140.18484354019165,0.52,1
141.60619711875916,0.14,1
143.0128366947174,1.34,1
144.42901754379272,0.79,1
145.83512496948242,80.07,1
147.2472105026245,72.69,1
148.6712622642517,10.28,1
150.07248401641846,0.86,1
151.49861359596252,0.45,1
152.91123795509338,0.86,1
154.314879655838,58.38,1
155.73422622680664,40.1,1
157.14621877670288,11.24,1
158.5489764213562,1.14,1
