1.105100154876709,-1.86,0
2.349240779876709,-1.93,0
3.550722599029541,-1.93,0
4.754348516464233,-1.86,0
5.956604719161987,-1.86,0
10.544753074645996,56.41,1
11.957796573638916,13.24,1
13.37151026725769,4.72,1
14.778334856033325,1.38,1
16.19783902168274,-0.1,1
17.538480758666992,-0.59,1
18.878458976745605,-1.03,1
20.216707944869995,-1.28,1
21.639415740966797,-1.38,1
23.052258491516113,-1.24,1
24.396960496902466,-1.34,1
25.804258346557617,-1.41,1
27.221863746643066,-1.38,1
28.624889850616455,-1.45,1
30.03245782852173,-1.48,1
31.452088117599487,-1.55,1
32.87110352516174,-1.52,1
34.21572422981262,-1.52,1
35.55247926712036,-1.59,1
36.97036051750183,-1.69,1
38.314865827560425,-1.62,1
39.66237831115723,-1.59,1
41.072383403778076,-1.59,1
42.475889921188354,-1.62,1
43.901169538497925,-1.62,1
45.239970207214355,-1.62,1
46.647135972976685,-1.69,1
48.06473183631897,-1.66,1
49.48497819900513,-1.62,1
50.886695861816406,-1.62,1
52.30578279495239,-1.76,1
53.6498236656189,-1.76,1
55.053051233291626,-1.72,1
56.409995794296265,-1.79,1
57.81331992149353,-1.72,1
59.22229814529419,-1.62,1
60.64900231361389,-1.79,1
62.05199146270752,-1.69,1
63.469778060913086,-1.72,1
64.8874876499176,-1.72,1
66.29235315322876,-1.62,1
67.63200950622559,-1.69,1
69.04870462417603,-1.72,1
70.39396142959595,-1.72,1
71.73273372650146,-0.83,1
73.1526825428009,-1.48,1
74.57147789001465,-27.52,1
75.91734194755554,-214.55,1
77.26084589958191,-5.21,1
78.66224217414856,-3.21,1
80.082022190094,137.21,1
81.48526668548584,25.69,1
82.90920615196228,-1.07,1
84.31888961791992,-1.07,1
85.72528028488159,-1.0,1
87.14263677597046,-1.34,1
88.56002855300903,-1.48,1
89.96162509918213,-1.45,1
91.37711954116821,-1.55,1
92.79113698005676,-1.59,1
94.20835971832275,-1.66,1
95.61122369766235,-1.62,1
97.02950072288513,-1.66,1
98.4495496749878,-1.66,1
