1.1150693893432617,-1.79,0
2.3500874042510986,-1.76,0
3.561048746109009,-0.41,0
4.7692601680755615,-1.79,0
5.982215881347656,-1.55,0
10.570661306381226,1.83,1
11.921335220336914,0.48,1
13.334402084350586,8.69,1
14.747781038284302,15.14,1
16.154062271118164,21.69,1
17.495651721954346,23.31,1
18.836838722229004,25.31,1
20.190070390701294,25.83,1
21.604803800582886,25.93,1
22.936192750930786,29.72,1
24.362200260162354,30.41,1
25.706965923309326,27.9,1
27.10694980621338,29.86,1
28.461193561553955,30.17,1
29.868814706802368,30.1,1
31.284538745880127,30.17,1
32.70014309883118,29.9,1
34.04467439651489,29.97,1
35.38111233711243,29.9,1
36.72992920875549,30.0,1
38.133697748184204,29.9,1
39.484912395477295,29.79,1
40.88852310180664,29.72,1
42.31699466705322,29.83,1
43.72247767448425,29.76,1
45.05977940559387,29.69,1
46.47375178337097,29.66,1
47.89026188850403,29.76,1
49.30787467956543,29.72,1
50.644816875457764,29.59,1
52.069324016571045,29.9,1
53.4099817276001,29.76,1
54.824724435806274,29.72,1
56.23011565208435,29.79,1
57.65018701553345,29.66,1
59.05774116516113,29.62,1
60.46556758880615,29.59,1
61.87479043006897,29.48,1
63.28702974319458,29.55,1
64.71547055244446,29.66,1
66.04965686798096,29.55,1
67.39078855514526,29.62,1
68.73724913597107,29.62,1
70.15218567848206,29.45,1
71.49423289299011,29.45,1
72.84077453613281,29.48,1
74.18428945541382,29.72,1
75.52091884613037,28.31,1
76.94201064109802,29.69,1
78.27956557273865,29.52,1
79.62292766571045,29.48,1
81.03245115280151,29.55,1
82.45613360404968,29.55,1
83.80235862731934,29.45,1
85.14954805374146,29.55,1
86.54889702796936,29.59,1
87.96158838272095,29.62,1
89.31591987609863,29.59,1
90.72951865196228,29.66,1
92.1465048789978,29.62,1
93.48754501342773,29.86,1
94.89559412002563,29.83,1
96.3089656829834,29.79,1
97.72735857963562,29.83,1
99.13437485694885,29.69,1
100.48344731330872,29.62,1
101.88818597793579,31.69,1
103.22893857955933,29.86,1
104.57632327079773,29.69,1
105.98771238327026,29.66,1
107.4006655216217,29.62,1
108.74461555480957,29.72,1
110.1507465839386,29.69,1
111.50275945663452,29.76,1
112.91839647293091,29.83,1
114.25111961364746,29.83,1
115.66533398628235,32.21,1
117.0894684791565,30.07,1
118.49189352989197,29.59,1
119.91421175003052,29.66,1
121.31335663795471,29.69,1
122.67121624946594,29.9,1
124.08058643341064,29.59,1
125.49326062202454,29.52,1
126.89511060714722,29.66,1
128.31438374519348,29.9,1
129.73309874534607,29.97,1
131.13822889328003,29.83,1
132.54998993873596,29.79,1
133.96259713172913,29.62,1
135.3083531856537,29.76,1
136.71894359588623,29.69,1
138.14228296279907,29.69,1
139.55666255950928,29.86,1
140.96129608154297,29.97,1
142.3722803592682,29.93,1
143.79547429084778,29.86,1
145.20414805412292,30.21,1
146.60902070999146,30.0,1
148.02719807624817,29.97,1
149.44293427467346,29.83,1
150.84424901008606,29.93,1
152.27058506011963,29.45,1
153.68355894088745,31.72,1
155.09355974197388,29.9,1
156.50729322433472,29.93,1
157.92011070251465,29.59,1
159.32396936416626,29.72,1
160.67811942100525,32.03,1
162.01605033874512,30.14,1
163.43024945259094,29.79,1
164.76637411117554,29.72,1
166.18372893333435,32.0,1
167.5228452682495,29.9,1
168.87291884422302,29.31,1
170.22448301315308,31.62,1
171.63525915145874,29.62,1
172.97178626060486,29.45,1
174.31274271011353,28.93,1
175.65750908851624,29.1,1
177.0676407814026,28.9,1
178.42365717887878,29.14,1
179.83216166496277,31.45,1
181.2495892047882,29.48,1
182.58442568778992,29.17,1
183.9389352798462,29.0,1
185.27520108222961,29.03,1
186.6118278503418,31.21,1
188.02949905395508,29.21,1
189.37973141670227,29.17,1
190.71594262123108,29.1,1
192.0697844028473,28.97,1
193.47258114814758,29.17,1
194.89192366600037,29.0,1
196.30410838127136,28.9,1
197.64691948890686,31.17,1
199.0541651248932,31.38,1
200.4052231311798,29.07,1
201.82335686683655,28.86,1
203.1554775238037,30.66,1
204.58051657676697,31.0,1
205.97949314117432,28.93,1
207.39610171318054,30.52,1
208.8043429851532,31.21,1
210.22196245193481,28.69,1
211.64085817337036,28.41,1
213.0443148612976,28.24,1
214.45694971084595,28.38,1
215.80874872207642,30.28,1
217.1542603969574,28.62,1
218.50032687187195,30.83,1
219.84339332580566,28.9,1
221.25008630752563,30.62,1
222.59946250915527,28.76,1
224.00991868972778,28.17,1
225.34260082244873,28.28,1
226.7625720500946,28.28,1
228.1097092628479,30.59,1
229.51025128364563,28.9,1
230.92845630645752,28.59,1
232.3337597846985,28.45,1
233.6859130859375,30.21,1
235.09490418434143,28.72,1
236.44402885437012,30.62,1
237.8514518737793,30.86,1
239.19913148880005,28.76,1
240.59905338287354,28.14,1
242.0166573524475,27.97,1
243.422669172287,28.28,1
244.76401686668396,30.45,1
246.18824005126953,28.83,1
247.52088022232056,30.86,1
248.8732340335846,29.55,1
250.2166042327881,29.31,1
251.61414217948914,30.28,1
253.02873039245605,30.69,1
254.44919872283936,28.76,1
255.79504704475403,30.69,1
257.2015383243561,29.0,1
258.6095757484436,28.9,1
260.0207562446594,30.86,1
267.3293070793152,-5.52,0
268.6798460483551,-3.72,0
269.9740672111511,-2.79,0
271.2979154586792,-2.48,0
272.5996150970459,-2.21,0
273.91506266593933,-2.14,0
275.2265303134918,-2.03,0
276.5415918827057,-1.97,0
281.13359355926514,17.83,1
282.54781770706177,22.72,1
283.9657700061798,34.76,1
285.3722791671753,43.41,1
286.7086515426636,47.03,1
288.1334924697876,49.17,1
289.54459285736084,53.48,1
290.9472360610962,54.93,1
292.35847878456116,55.28,1
293.7637286186218,57.59,1
295.18961119651794,58.21,1
296.5987935066223,56.55,1
298.0125000476837,56.83,1
299.422376871109,59.79,1
300.8269033432007,60.1,1
302.2374658584595,58.72,1
303.6476228237152,58.24,1
305.0736482143402,58.34,1
306.48045563697815,57.59,1
307.89053082466125,57.17,1
309.30123496055603,59.62,1
310.71418261528015,59.79,1
312.12080121040344,58.62,1
313.5410795211792,58.59,1
314.94601941108704,58.72,1
316.35567808151245,56.24,1
317.7787375450134,59.62,1
319.17787170410156,58.34,1
320.53289794921875,57.66,1
321.9399743080139,58.1,1
323.34597063064575,58.86,1
324.7656490802765,54.34,1
326.17341446876526,57.1,1
327.592472076416,60.62,1
328.9287462234497,57.93,1
330.2761335372925,58.03,1
331.61926317214966,58.59,1
332.9545352458954,58.31,1
334.3763449192047,62.07,1
335.7835958003998,61.59,1
337.12455558776855,60.83,1
338.54220366477966,59.07,1
339.87766218185425,60.79,1
341.2923057079315,61.38,1
342.6292636394501,63.1,1
344.04273796081543,62.1,1
345.3964867591858,61.31,1
346.8060402870178,62.0,1
348.2125458717346,59.31,1
349.62561202049255,56.62,1
350.97338461875916,61.31,1
352.38283801078796,61.31,1
353.71595788002014,62.38,1
355.07153964042664,60.86,1
356.40496706962585,61.76,1
357.82628989219666,63.34,1
359.16548013687134,63.52,1
360.512042760849,62.69,1
361.8542625904083,59.38,1
363.2659857273102,64.31,1
364.59596514701843,63.1,1
366.01109552383423,61.17,1
367.34965682029724,60.17,1
368.762393951416,61.97,1
370.1161198616028,63.14,1
371.5204815864563,60.24,1
372.86952090263367,60.52,1
374.2180666923523,67.17,1
375.5608570575714,63.41,1
376.9655432701111,61.31,1
378.30837392807007,60.45,1
379.72848200798035,60.14,1
381.05903124809265,58.38,1
382.4806706905365,61.0,1
383.8921220302582,66.9,1
385.29305267333984,63.97,1
386.6352050304413,61.17,1
388.06044268608093,60.52,1
389.47026324272156,59.76,1
390.88237380981445,66.52,1
392.2158257961273,62.0,1
393.6331989765167,61.28,1
395.0495023727417,61.38,1
396.45672154426575,61.34,1
397.8751850128174,58.62,1
399.28750705718994,58.31,1
400.692547082901,58.28,1
402.1002748012543,58.34,1
403.4460480213165,58.55,1
404.85171031951904,58.41,1
412.1727948188782,1.79,0
413.4922685623169,1.79,0
414.79166984558105,1.79,0
416.10360503196716,1.76,0
417.4069037437439,1.79,0
418.75630950927734,1.79,0
420.05780363082886,1.79,0
421.387326002121,1.76,0
425.97237944602966,13.34,1
427.31932973861694,24.79,1
428.7360897064209,45.9,1
430.1490616798401,61.41,1
431.4900300502777,68.07,1
432.8947069644928,74.52,1
434.2462034225464,78.0,1
435.65319657325745,81.03,1
437.0042917728424,84.17,1
438.3463089466095,84.31,1
439.7614793777466,87.1,1
441.09290647506714,87.31,1
442.4362528324127,87.72,1
443.8604600429535,90.62,1
445.2729847431183,91.55,1
446.67442321777344,91.34,1
448.0176842212677,91.24,1
449.36870074272156,91.21,1
450.78004455566406,91.17,1
452.18299746513367,90.28,1
453.5256416797638,89.59,1
454.9442546367645,87.97,1
456.289244890213,87.17,1
457.6319100856781,87.24,1
458.9795205593109,90.21,1
460.38301062583923,90.14,1
461.8022289276123,90.28,1
463.2017152309418,90.31,1
464.61698746681213,90.55,1
466.03357124328613,89.83,1
467.440536737442,91.1,1
468.8599214553833,91.59,1
470.2021152973175,90.79,1
471.6129891872406,91.34,1
473.0116274356842,88.55,1
474.42332577705383,90.52,1
475.7730360031128,91.69,1
477.1854581832886,88.38,1
478.527624130249,91.0,1
479.9340696334839,89.1,1
481.35737586021423,90.9,1
482.75785279273987,89.41,1
484.1697783470154,88.24,1
485.5793285369873,88.9,1
487.0000398159027,87.9,1
488.4179503917694,88.59,1
489.8214747905731,90.48,1
491.23041129112244,88.9,1
492.65079712867737,90.9,1
494.0577816963196,91.0,1
495.4686574935913,88.66,1
496.88101291656494,90.93,1
498.28248476982117,90.69,1
499.6976635456085,91.07,1
501.03619623184204,90.83,1
502.46268343925476,91.07,1
503.8731777667999,91.66,1
505.270827293396,89.41,1
506.6831178665161,88.9,1
508.10738253593445,89.97,1
509.51137709617615,88.72,1
510.91828656196594,89.62,1
518.2337684631348,-1.48,0
519.5422580242157,-1.55,0
520.869368314743,-1.52,0
522.2065060138702,-1.62,0
523.5222580432892,-1.59,0
524.8382024765015,-1.66,0
526.1489706039429,-1.62,0
527.4640560150146,-1.59,0
532.0492742061615,1.79,1
533.4589304924011,50.0,1
534.8731982707977,82.28,1
536.283997297287,105.69,1
537.6266355514526,126.9,1
539.0366463661194,148.14,1
540.4546258449554,163.38,1
541.8715789318085,197.76,1
543.2819817066193,215.72,1
544.6876683235168,232.14,1
546.1030895709991,242.17,1
547.5148921012878,246.69,1
548.8530161380768,247.21,1
550.2769196033478,246.97,1
551.6066520214081,242.41,1
552.9537541866302,236.72,1
554.29328083992,229.31,1
555.7153601646423,216.69,1
557.1245069503784,190.72,1
558.5309116840363,180.0,1
559.9504339694977,25.21,1
561.3582067489624,165.76,1
562.6928133964539,155.14,1
564.0392429828644,125.38,1
565.4523830413818,121.59,1
566.8657777309418,116.9,1
568.2026398181915,108.86,1
569.6136360168457,103.79,1
570.9600493907928,99.72,1
572.3702745437622,89.17,1
573.7947008609772,82.38,1
575.205718755722,79.45,1
576.6189987659454,73.38,1
578.020003080368,64.52,1
579.4359652996063,59.86,1
580.8521614074707,53.72,1
588.1529579162598,-1.55,0
589.4651112556458,-1.55,0
590.7865536212921,-1.59,0
592.0932202339172,-1.55,0
593.409389257431,-1.59,0
594.7611298561096,-1.62,0
596.0847818851471,-1.66,0
597.4003403186798,-1.66,0
598.6050446033478,-1.59,0
599.8262407779694,-1.69,0
601.0270297527313,-1.66,0
602.2445828914642,-1.69,0
603.4882440567017,-1.72,0
604.7055127620697,-1.69,0
605.9117605686188,-1.66,0
607.1303012371063,-1.69,0
608.3237864971161,-1.69,0
609.54798579216,-1.72,0
610.759959936142,-1.72,0
611.9748687744141,-1.72,0
613.212411403656,-1.76,0
614.4200465679169,-1.79,0
615.6267912387848,-1.69,0
616.8324339389801,-1.69,0
618.0552036762238,-1.62,0
619.2719082832336,-1.72,0
620.5025546550751,-1.69,0
