1.1064250469207764,-1.9,0
2.353638172149658,-1.72,0
3.565307378768921,-1.72,0
4.768720865249634,-0.1,0
9.362045526504517,1.83,1
10.775497436523438,16.55,1
12.186516523361206,19.24,1
13.592182397842407,21.45,1
14.997843980789185,24.93,1
16.424212217330933,28.17,1
17.826318979263306,28.52,1
19.176685094833374,29.55,1
20.57937479019165,30.62,1
21.999379873275757,31.69,1
23.40385627746582,33.14,1
24.813507318496704,34.59,1
26.22376799583435,36.17,1
27.634247303009033,34.72,1
29.0460102558136,37.03,1
30.458343029022217,35.93,1
31.87306261062622,38.41,1
33.21231937408447,37.1,1
34.629531383514404,36.59,1
36.036588191986084,39.83,1
37.459529876708984,38.86,1
38.867937326431274,38.34,1
40.270052433013916,38.31,1
41.624568462371826,38.55,1
43.02867245674133,38.21,1
44.439598083496094,38.72,1
45.8495774269104,38.28,1
47.27135372161865,40.86,1
48.671624422073364,40.28,1
50.0914351940155,40.0,1
51.495707750320435,40.07,1
52.848331451416016,39.9,1
54.25493788719177,39.76,1
55.59415793418884,40.07,1
57.013675689697266,40.03,1
58.425121784210205,39.72,1
59.84186267852783,39.48,1
61.2521595954895,39.79,1
62.663296699523926,39.69,1
64.0735170841217,40.0,1
65.41743755340576,39.97,1
66.81797385215759,39.93,1
68.16855192184448,39.93,1
69.58154702186584,39.9,1
70.98513650894165,40.03,1
72.32990550994873,39.93,1
73.67447829246521,40.03,1
75.09350824356079,40.03,1
76.50537705421448,40.14,1
77.8417387008667,40.21,1
79.25825667381287,40.17,1
80.66258144378662,39.59,1
82.01275181770325,39.97,1
83.4175033569336,40.0,1
84.76593351364136,40.0,1
86.17979550361633,40.34,1
87.59008312225342,39.72,1
88.99636340141296,39.86,1
90.41420125961304,40.1,1
91.82159185409546,40.14,1
93.23184299468994,40.21,1
94.65031886100769,40.31,1
96.06006360054016,40.31,1
97.46175146102905,40.52,1
98.87303590774536,40.41,1
100.29254984855652,40.76,1
101.69602179527283,40.72,1
103.10786867141724,40.76,1
104.52349281311035,40.69,1
105.92934274673462,40.52,1
107.35187315940857,40.76,1
108.75735282897949,39.86,1
110.17413282394409,39.97,1
111.57728171348572,40.97,1
112.99782967567444,40.97,1
114.41172504425049,41.1,1
115.81564998626709,40.97,1
117.22301769256592,40.38,1
118.65045046806335,39.41,1
120.05326390266418,39.79,1
121.45839619636536,40.17,1
122.88282060623169,40.07,1
124.28598260879517,39.97,1
125.70570945739746,41.83,1
127.1151795387268,40.62,1
128.51535487174988,36.62,1
129.93622422218323,40.48,1
131.3400502204895,39.79,1
132.76131892204285,35.79,1
134.17237067222595,35.79,1
135.57701635360718,36.14,1
136.9971354007721,36.24,1
138.40797877311707,37.76,1
145.69940519332886,2.17,0
147.01448893547058,2.38,0
148.3275625705719,2.93,0
149.64917302131653,2.83,0
151.01247334480286,3.0,0
152.32146787643433,2.97,0
153.6461899280548,2.52,0
154.96785831451416,2.14,0
159.5660183429718,4.24,1
160.90872240066528,16.76,1
162.24646472930908,19.79,1
163.5861759185791,22.31,1
165.00613164901733,25.79,1
166.34988594055176,26.07,1
167.68117570877075,26.59,1
169.03719782829285,28.1,1
170.37764763832092,30.21,1
171.78644013404846,31.59,1
173.1226089000702,29.79,1
174.54633855819702,30.0,1
175.94715929031372,30.83,1
177.3694450855255,32.21,1
178.69892287254333,33.9,1
180.1194305419922,35.34,1
181.4669167995453,34.0,1
182.87259650230408,36.41,1
184.21710443496704,35.38,1
185.62024903297424,37.83,1
186.96317148208618,40.0,1
188.38051772117615,41.0,1
189.7171449661255,39.93,1
191.07300186157227,38.83,1
192.4816677570343,38.83,1
193.89993619918823,40.14,1
195.2268102169037,40.03,1
196.6513957977295,40.21,1
198.06492400169373,40.38,1
199.4750304222107,40.41,1
200.81507968902588,38.55,1
202.15571808815002,38.45,1
203.57705211639404,40.31,1
204.982102394104,40.48,1
206.32415866851807,32.76,1
207.74145650863647,39.69,1
209.0850682258606,38.55,1
210.49797248840332,38.24,1
211.91001272201538,38.24,1
213.25259399414062,38.38,1
214.66647458076477,38.03,1
216.0081181526184,38.48,1
217.41957712173462,39.76,1
218.81908416748047,39.1,1
220.23438549041748,39.21,1
221.6539270877838,39.31,1
222.98396515846252,39.31,1
224.40555548667908,39.31,1
225.80959701538086,39.31,1
227.2265477180481,39.24,1
228.63463234901428,39.28,1
230.04989290237427,39.31,1
231.45201015472412,41.69,1
232.8682734966278,41.45,1
234.28178358078003,41.21,1
235.68697381019592,39.21,1
237.10376048088074,36.72,1
238.52103233337402,36.93,1
239.92248034477234,38.21,1
241.345543384552,37.79,1
242.75258922576904,38.0,1
244.16198301315308,38.48,1
245.579274892807,38.86,1
246.9832956790924,40.93,1
248.3966884613037,40.24,1
249.8143515586853,40.38,1
251.2141969203949,40.14,1
252.63165402412415,40.24,1
254.0444450378418,40.21,1
255.44898176193237,40.07,1
256.86894273757935,39.79,1
258.28667879104614,39.28,1
259.685427904129,39.41,1
261.1055257320404,40.34,1
262.51989006996155,40.34,1
263.9281475543976,40.21,1
265.33165073394775,40.1,1
266.74733662605286,39.59,1
268.16679549217224,39.79,1
269.5738253593445,40.0,1
270.98571944236755,39.79,1
272.3997917175293,39.97,1
273.80343866348267,39.83,1
275.2245876789093,39.97,1
276.6330165863037,38.07,1
278.0479531288147,48.07,1
279.45646810531616,51.76,1
280.8602457046509,44.55,1
282.273649930954,45.17,1
283.68843936920166,45.24,1
285.0992820262909,44.62,1
286.5175220966339,43.31,1
287.9267997741699,43.48,1
295.2366683483124,3.62,0
296.55308628082275,3.83,0
297.8792140483856,4.07,0
299.2285273075104,4.1,0
300.5547652244568,4.21,0
301.8788251876831,4.07,0
303.19259119033813,4.07,0
304.50081062316895,4.28,0
309.1066081523895,4.9,1
310.51204013824463,5.97,1
311.9301779270172,7.41,1
313.33554553985596,9.1,1
314.7524526119232,11.17,1
316.164014339447,13.14,1
317.58183574676514,14.76,1
318.98514795303345,17.17,1
320.40501594543457,19.31,1
321.82118344306946,21.79,1
323.23363852500916,24.14,1
324.64938163757324,26.62,1
326.0503737926483,28.76,1
327.46749806404114,30.66,1
328.88395619392395,32.45,1
330.2935492992401,34.48,1
331.6373679637909,36.31,1
332.971319437027,37.59,1
334.3893287181854,39.07,1
335.8059096336365,40.66,1
337.14295625686646,41.48,1
338.54849553108215,41.45,1
339.903235912323,42.76,1
341.23813676834106,44.72,1
342.57912731170654,45.66,1
343.99595165252686,46.48,1
345.3995895385742,47.07,1
346.7442922592163,47.21,1
348.08706045150757,47.79,1
349.5030632019043,48.52,1
350.84994173049927,48.69,1
352.1972277164459,48.83,1
353.5362882614136,48.72,1
354.9526629447937,48.55,1
356.29737973213196,48.76,1
357.7028784751892,48.55,1
359.0393579006195,48.62,1
360.3863456249237,48.31,1
361.7964217662811,47.79,1
363.21540784835815,47.62,1
364.6152822971344,47.24,1
366.03866720199585,46.72,1
