1.1070270538330078,-1.55,0
2.341984748840332,-1.45,0
3.5492353439331055,-1.55,0
4.749128341674805,-1.55,0
9.33787989616394,-1.41,1
10.751261234283447,-1.52,1
12.164294004440308,-1.52,1
13.564980268478394,-1.41,1
14.976996421813965,-1.52,1
16.40051817893982,-1.48,1
17.738551139831543,-1.48,1
19.08947491645813,-1.48,1
20.492292404174805,-1.55,1
21.838210821151733,-1.45,1
23.246529817581177,-1.48,1
24.602607011795044,-1.45,1
26.01664137840271,-1.59,1
27.42890477180481,-1.45,1
28.839200019836426,-1.55,1
30.251431226730347,-1.52,1
31.661797761917114,-1.48,1
33.080562591552734,-1.48,1
34.49117040634155,-1.48,1
35.82334065437317,-1.48,1
37.17521142959595,-1.59,1
38.57876133918762,-1.48,1
39.935837268829346,-1.52,1
41.275590896606445,-1.52,1
42.68653106689453,-1.59,1
44.03500175476074,-1.52,1
45.3797812461853,-1.55,1
46.714494466781616,-1.52,1
48.13216280937195,-1.55,1
49.54764151573181,-1.52,1
50.9626030921936,-1.52,1
52.37065887451172,-1.52,1
53.77648591995239,-1.52,1
55.19225001335144,-1.55,1
56.60393571853638,-1.52,1
58.02125287055969,-1.59,1
59.43044948577881,-1.48,1
60.852914333343506,-1.59,1
62.256123065948486,-1.48,1
63.66674184799194,-1.48,1
65.0895721912384,-1.52,1
66.42905306816101,-1.45,1
67.77646946907043,-1.55,1
69.11883473396301,-1.55,1
70.52288746833801,-1.48,1
71.94734835624695,-1.52,1
73.28495049476624,-1.55,1
74.6291332244873,-1.52,1
75.98052477836609,-1.52,1
77.31844568252563,-1.48,1
78.72318625450134,-1.41,1
80.07469749450684,-1.55,1
81.48731827735901,-1.52,1
82.83180379867554,-1.52,1
84.24088978767395,-1.48,1
85.57885718345642,-1.52,1
86.99532413482666,-1.52,1
88.3501386642456,-1.45,1
89.68266534805298,-1.48,1
91.10697412490845,-1.55,1
92.51823568344116,-1.52,1
93.92103886604309,-1.55,1
95.33451390266418,-1.48,1
96.75557279586792,-1.52,1
98.168372631073,-1.52,1
99.58140683174133,-1.48,1
100.99444127082825,-1.52,1
