1.116029977798462,-2.14,0
2.348456382751465,-2.17,0
3.5519368648529053,-2.14,0
4.753014802932739,-2.21,0
5.969504117965698,-2.24,0
10.551161050796509,5.34,1
11.965177297592163,10.59,1
13.3781898021698,28.59,1
14.787601470947266,31.31,1
16.19960308074951,43.59,1
17.54518961906433,51.93,1
18.886371850967407,50.59,1
20.2224543094635,48.28,1
21.568434238433838,46.07,1
22.91084051132202,45.07,1
24.316338539123535,50.69,1
25.665504693984985,56.1,1
27.079021215438843,55.55,1
28.428858757019043,53.07,1
29.834997177124023,50.66,1
31.249630212783813,48.28,1
32.66154932975769,47.72,1
34.007598638534546,42.83,1
35.34745144844055,46.93,1
36.68343210220337,46.76,1
38.090553760528564,48.41,1
39.442798376083374,47.38,1
40.79046154022217,52.93,1
42.123634815216064,59.03,1
43.541003465652466,56.86,1
44.88208746910095,49.0,1
46.22869825363159,47.34,1
47.56303000450134,46.1,1
48.98540663719177,57.1,1
50.39692425727844,56.0,1
51.80892634391785,55.76,1
53.22001838684082,54.14,1
54.632030725479126,53.48,1
55.97507095336914,51.45,1
57.378507137298584,49.24,1
58.792880058288574,46.76,1
60.13007950782776,43.41,1
61.538310527801514,47.97,1
62.96301603317261,52.97,1
70.25963616371155,-1.86,0
71.55959057807922,-1.93,0
72.87096953392029,-1.93,0
74.16428184509277,-2.03,0
75.50711297988892,-2.03,0
76.79956412315369,-2.03,0
78.10073184967041,-2.0,0
79.41168856620789,-2.07,0
83.99904489517212,383.62,1
85.41453170776367,321.41,1
86.81495881080627,239.31,1
88.23424506187439,181.34,1
89.63976645469666,142.97,1
91.05683016777039,123.38,1
92.45870327949524,107.45,1
93.8774094581604,103.62,1
95.29114198684692,94.0,1
96.63579630851746,94.1,1
98.04764366149902,92.79,1
99.46194314956665,89.38,1
100.86709427833557,89.41,1
102.27280306816101,98.45,1
103.62223696708679,103.45,1
105.0339503288269,99.79,1
106.4381799697876,98.55,1
107.84923076629639,92.45,1
109.2719042301178,86.76,1
110.67692232131958,91.38,1
112.08657193183899,90.14,1
