1.1034300327301025,-2.24,0
2.3475241661071777,-2.31,0
3.551280975341797,-2.38,0
4.755948543548584,-2.14,0
5.956324100494385,-2.21,0
7.152966022491455,-2.1,0
11.740030765533447,62.03,1
13.156912088394165,12.24,1
14.569956541061401,1.69,1
15.980451107025146,-0.34,1
17.38117003440857,-1.21,1
18.735597610473633,-1.38,1
20.151835680007935,-1.48,1
21.491419315338135,-1.55,1
22.829211473464966,-1.55,1
24.24686598777771,-1.48,1
25.650286197662354,-1.52,1
27.066503524780273,-1.59,1
28.479862689971924,-1.59,1
29.81924819946289,-1.62,1
31.244645357131958,-1.62,1
32.64957857131958,-1.07,1
34.06432271003723,-1.66,1
35.40697431564331,-1.59,1
36.82504987716675,-1.62,1
38.22814965248108,-1.59,1
39.6465220451355,-1.55,1
41.049264907836914,-1.62,1
42.47124266624451,-1.62,1
43.87490940093994,-1.66,1
45.295249700546265,-1.69,1
46.698800802230835,-1.72,1
48.11609435081482,-1.59,1
49.526806592941284,-1.76,1
50.94252872467041,-1.72,1
52.357656478881836,-1.62,1
53.7733428478241,-1.76,1
55.18388295173645,-1.72,1
56.59908676147461,-1.72,1
58.009814977645874,-1.66,1
59.415937185287476,-1.76,1
60.83120393753052,-1.83,1
62.25043535232544,-1.72,1
63.653454065322876,-1.76,1
65.00111389160156,-1.69,1
66.3426718711853,-1.72,1
67.76072883605957,-1.72,1
69.10093379020691,-1.66,1
70.51788425445557,-1.69,1
71.85765647888184,-1.69,1
73.20178866386414,-1.59,1
74.5417468547821,-1.62,1
75.88350129127502,-1.66,1
77.23806881904602,-1.62,1
78.6525456905365,-2.1,1
79.99379849433899,-2.24,1
81.40902352333069,-2.07,1
82.74838638305664,-2.03,1
84.15969038009644,-2.03,1
85.51179790496826,-1.93,1
86.91546869277954,-1.97,1
88.26854586601257,-1.83,1
89.60848140716553,-1.97,1
91.02158212661743,-1.9,1
92.43019461631775,-1.9,1
93.8342957496643,-2.0,1
