1.115337610244751,-1.69
2.3300468921661377,-1.72
3.564431667327881,-1.69
4.757919073104858,-1.72
9.339061737060547,26.83
10.751132249832153,31.79
12.161987066268921,37.31
13.574094772338867,42.62
14.908083200454712,47.1
16.320446968078613,51.62
17.678090572357178,55.41
19.0191752910614,58.97
20.35370659828186,62.48
21.76741099357605,65.69
23.116491317749023,68.93
24.4649019241333,71.83
25.875813961029053,74.9
27.288387537002563,78.07
28.70063543319702,80.41
30.034523725509644,82.66
31.447088956832886,84.83
32.86435031890869,87.21
34.19889044761658,89.03
35.55314230918884,91.0
36.88500428199768,92.66
38.29715347290039,94.45
39.64719843864441,96.21
41.063169717788696,97.76
42.464617013931274,99.21
43.80501413345337,100.41
45.15483331680298,101.79
46.56556844711304,102.93
47.91464972496033,103.9
49.32376980781555,105.14
50.65938591957092,106.1
52.010255098342896,106.69
53.34823560714722,107.59
54.68646311759949,108.62
56.039918422698975,109.1
57.4496169090271,110.0
58.8558509349823,110.59
60.26758861541748,111.07
61.68225169181824,111.79
63.09573435783386,112.41
64.49927997589111,113.03
65.91292953491211,113.21
67.26540470123291,113.62
68.59878277778625,114.24
70.01809358596802,114.41
71.35297966003418,114.76
72.70481061935425,115.21
74.04167914390564,115.48
75.45064544677734,115.79
76.80097985267639,115.97
78.14236545562744,116.0
79.55061745643616,116.62
80.89798069000244,116.62
82.30789804458618,117.07
83.65576195716858,117.17
84.99368047714233,117.31
86.34527325630188,117.59
87.74362206459045,117.9
95.05029821395874,-2.07
96.36558389663696,-1.93
97.71429467201233,-1.83
99.01761984825134,-1.9
100.3378677368164,-1.83
101.65476536750793,-1.72
102.97118711471558,-1.69
104.27121758460999,-1.66
108.86947393417358,26.97
110.28215003013611,32.17
111.69369292259216,37.59
113.1030683517456,42.97
114.52914595603943,47.72
115.94121813774109,51.9
117.35590934753418,55.93
118.75695037841797,59.62
120.17161440849304,63.24
121.59410643577576,66.69
123.00597977638245,70.07
124.41633820533752,72.93
125.81737518310547,75.83
127.2449119091034,78.55
128.58136224746704,81.17
129.98762249946594,83.55
131.40018892288208,85.79
132.81132125854492,88.17
134.21906280517578,90.17
135.63251972198486,91.52
137.04153394699097,92.93
138.39111351966858,92.97
139.72910356521606,92.76
141.14033675193787,91.52
142.5530116558075,89.59
143.963609457016,87.59
145.37543392181396,85.41
146.78723287582397,82.45
148.19894123077393,79.62
149.62371444702148,76.59
151.03502678871155,73.28
152.43898248672485,70.14
153.84719109535217,66.76
155.26984643936157,63.34
156.61360454559326,60.38
158.0132327079773,57.14
159.42364621162415,54.1
160.77305674552917,51.07
162.19055128097534,48.21
163.60605907440186,45.38
165.01880526542664,42.9
166.4307131767273,40.69
167.7714557647705,38.52
169.1717245578766,36.55
170.52106881141663,34.86
171.93646383285522,33.38
173.27379512786865,32.17
174.6817648410797,30.62
176.0305507183075,29.66
177.44441843032837,28.79
178.79088592529297,27.93
180.12187004089355,27.52
181.4754548072815,27.03
182.80714774131775,26.38
184.15604972839355,26.41
185.56797528266907,26.17
186.9172716140747,26.17
188.24999332427979,26.21
189.59641647338867,26.34
190.94655776023865,26.38
192.2800693511963,26.48
193.63224720954895,26.86
194.97950887680054,27.17
196.37872123718262,27.76
203.67948126792908,-1.66
204.9984574317932,-1.55
206.299946308136,-1.55
207.6030797958374,-1.66
208.9043209552765,-1.59
210.2247383594513,-1.59
211.52532744407654,-1.52
212.87268257141113,-1.55
214.06451606750488,-1.52
215.27256441116333,-1.66
216.47927570343018,-1.59
217.68764734268188,-1.55
218.89511346817017,-1.59
220.10299849510193,-1.59
221.29555749893188,-1.55
222.53367853164673,-1.52
223.7407147884369,-1.48
224.94665002822876,-1.45
226.15419578552246,-1.59
227.36023211479187,-1.55
228.56726551055908,-1.55
229.77609825134277,-1.59
230.98834609985352,-1.55
232.23780131340027,-1.66
233.4443302154541,-1.52
234.64229273796082,-1.59
235.8680968284607,-1.59
