1.1093647480010986,0.79
2.3496296405792236,0.66
3.5701186656951904,0.69
4.773101806640625,0.66
5.980592489242554,0.76
10.560232639312744,0.66
11.978463888168335,0.97
13.391393661499023,1.76
14.802572011947632,2.79
16.207693099975586,5.07
17.55624794960022,7.34
18.970248222351074,10.24
20.30772304534912,13.14
21.659822463989258,16.17
22.99973964691162,19.45
24.40447759628296,22.97
25.7573561668396,26.55
27.170831441879272,30.03
28.5813148021698,33.69
29.996662855148315,37.07
31.40691900253296,40.45
32.813246726989746,43.79
34.165422439575195,46.83
35.502418518066406,49.45
36.84815502166748,52.48
38.2597553730011,55.38
39.671194314956665,58.07
41.07890605926514,60.41
42.49531173706055,62.59
43.90708661079407,64.59
45.316123723983765,66.17
46.7277352809906,67.9
48.13886594772339,69.21
49.55584383010864,70.31
50.9687819480896,70.86
52.3812255859375,71.52
53.789345502853394,71.72
55.202080965042114,71.83
56.60573220252991,71.79
58.01523756980896,71.48
59.43677639961243,71.41
60.841599464416504,70.62
62.25714111328125,70.0
63.66032409667969,69.31
65.07968282699585,68.41
66.42776417732239,67.1
67.82517313957214,65.93
69.17788672447205,64.9
70.59022259712219,63.41
71.93397951126099,62.03
73.34720802307129,60.14
74.75784492492676,58.0
76.17043375968933,56.03
77.57505679130554,54.21
78.9870822429657,52.59
80.40266513824463,50.86
81.80605745315552,49.17
83.2196261882782,47.62
84.63042736053467,45.97
86.04786109924316,44.52
87.46502041816711,43.14
88.86250686645508,41.72
90.27368116378784,41.28
91.68508958816528,40.9
93.1000280380249,40.48
94.5152759552002,40.14
95.9207055568695,39.72
97.34210634231567,39.69
98.75208830833435,39.66
100.16857814788818,39.72
101.57658386230469,39.62
102.98939275741577,39.97
104.39199638366699,40.21
105.81256771087646,40.48
107.21314072608948,41.0
108.63484954833984,41.14
110.04500222206116,41.79
111.45593595504761,42.31
112.8727159500122,43.1
114.2740466594696,43.66
115.6844871044159,44.34
117.10874843597412,45.1
118.5217809677124,45.83
119.91917824745178,46.48
121.34524035453796,47.31
122.74189615249634,47.97
124.15584874153137,48.76
125.57523703575134,49.38
126.98874354362488,50.17
128.39926409721375,50.72
129.81145310401917,51.45
131.2253439426422,52.0
132.63431215286255,52.52
134.04991221427917,53.03
135.44985103607178,53.55
136.86590099334717,53.86
138.2801194190979,54.21
145.5841715335846,0.83
146.9127049446106,0.86
148.2350857257843,0.72
149.58696055412292,0.66
150.89971613883972,0.72
152.22231268882751,0.72
153.54397177696228,0.66
154.88124656677246,0.66
156.2069697380066,0.69
157.53439116477966,0.59
158.8584222793579,0.66
160.20864129066467,0.59
161.51445055007935,0.66
162.82828903198242,0.66
164.14114928245544,0.69
165.457213640213,0.69
