1.108475685119629,6.59
2.3490548133850098,6.59
3.557466983795166,6.48
4.760118722915649,6.55
5.966168403625488,6.41
7.179106712341309,6.41
11.775442600250244,15.17
13.119308710098267,21.59
14.532435178756714,23.41
15.945122718811035,23.76
17.287994384765625,23.83
18.620481491088867,23.83
19.968939304351807,23.86
21.317620277404785,23.86
22.65525221824646,23.69
23.994220495224,23.79
25.335612535476685,24.86
26.753449201583862,24.59
28.171882152557373,23.97
29.510835886001587,23.66
30.921460151672363,24.17
32.26546931266785,23.69
33.61109924316406,23.34
34.94519782066345,23.66
36.28405451774597,23.69
37.63127112388611,23.72
39.046998739242554,23.59
40.396443605422974,23.62
41.726516008377075,23.52
43.1395161151886,23.45
44.55409288406372,23.59
45.9057502746582,23.59
47.315762758255005,23.66
48.72704815864563,23.79
50.131128787994385,24.62
51.54192662239075,24.86
52.94996523857117,24.38
54.36863899230957,24.0
55.775808572769165,23.62
57.12114763259888,23.69
58.528186082839966,25.0
59.952884674072266,24.79
61.35373902320862,24.31
62.766966104507446,23.9
64.1135606765747,23.62
65.44833707809448,24.17
66.86297082901001,23.76
68.21769046783447,24.21
69.56119227409363,24.1
70.97363114356995,23.69
72.31628060340881,23.69
73.64750003814697,23.62
74.99889874458313,23.31
76.33754968643188,23.48
77.74558901786804,23.34
79.09718203544617,23.41
80.51154780387878,23.31
81.84093499183655,23.45
83.26528763771057,23.48
84.68016242980957,23.31
86.0910530090332,23.41
87.42207312583923,23.28
88.83404898643494,23.69
90.17569661140442,23.52
91.6010479927063,24.97
93.01192688941956,24.72
94.42291235923767,24.21
95.82294821739197,23.9
97.23863339424133,23.52
98.6522147655487,24.07
100.05681228637695,23.76
101.48197507858276,23.79
102.89237761497498,24.59
104.3062858581543,24.14
105.64730477333069,23.66
107.06039428710938,23.59
108.47343850135803,23.83
109.88382172584534,23.34
111.29098987579346,23.38
112.69549441337585,24.34
114.11233592033386,24.79
115.51817202568054,24.31
116.932302236557,23.83
118.35432505607605,23.28
119.75240302085876,23.79
121.16439747810364,23.48
122.58787083625793,23.28
124.00052094459534,23.24
125.41355395317078,23.21
126.81552910804749,23.24
128.2297523021698,23.38
129.6401171684265,24.72
131.04797911643982,24.55
132.47224140167236,23.93
133.8839671611786,23.59
135.28692317008972,23.28
136.70497345924377,23.45
138.10415124893188,24.69
139.51403832435608,24.41
140.94040036201477,23.9
142.35213494300842,23.52
143.6938636302948,23.21
145.09543657302856,23.03
146.51664447784424,23.31
147.91590023040771,23.48
149.3396725654602,23.21
150.7436010837555,23.28
152.1564416885376,23.07
153.56609654426575,23.07
154.9812843799591,23.03
156.39685010910034,23.28
157.80144429206848,24.14
159.22304368019104,23.79
160.5644359588623,23.34
161.97590017318726,24.07
163.37891602516174,24.1
164.80104279518127,23.66
166.21520948410034,23.24
167.54741191864014,24.0
168.96515679359436,24.1
170.37226128578186,23.66
171.71725487709045,23.14
173.06763863563538,24.28
174.39675784111023,24.1
175.7396764755249,23.69
177.09333562850952,23.24
178.43820118904114,23.0
179.8399360179901,23.03
181.26275062561035,23.31
182.59808707237244,24.48
184.00698447227478,24.34
185.36019682884216,24.03
186.70229601860046,23.79
188.10640907287598,23.38
189.45120644569397,23.52
190.86333394050598,23.45
