1.1061084270477295,-1.55,0
2.3405239582061768,-1.52,0
3.548283338546753,-1.52,0
4.754378795623779,-1.52,0
9.338752746582031,-1.55,1
10.751054525375366,-1.48,1
12.156444787979126,-1.52,1
13.566671371459961,-1.45,1
14.988267183303833,-1.52,1
16.389792442321777,-1.48,1
17.735421180725098,-1.48,1
19.08639669418335,-1.48,1
20.495514154434204,-1.52,1
21.915018558502197,-1.52,1
23.263136625289917,-1.48,1
24.66961407661438,-1.48,1
26.08227038383484,-1.52,1
27.49751925468445,-1.59,1
28.9028217792511,309.66,1
30.322503089904785,162.66,1
31.733261108398438,1.79,1
33.139095306396484,40.79,1
34.48524212837219,-1.76,1
35.839953899383545,-1.41,1
37.184378147125244,-1.48,1
38.59326100349426,-1.52,1
40.01176977157593,-1.52,1
