1.109593152999878,-0.62
2.3154759407043457,-0.69
3.5531046390533447,-0.62
4.763376712799072,-0.69
9.32757019996643,211.17
10.733449220657349,292.97
12.142961978912354,297.38
13.552988767623901,233.07
14.977013111114502,130.97
16.386143684387207,45.9
17.728208541870117,16.07
19.136672973632812,6.93
20.485512256622314,9.45
21.82844352722168,16.66
23.23672890663147,25.69
24.64865803718567,31.31
31.95485806465149,-4.24
33.297861099243164,-4.24
34.60802245140076,-4.24
35.91615700721741,-4.38
37.21826243400574,-4.34
38.529422760009766,-4.45
39.83721566200256,-4.48
41.1543231010437,-4.38
42.46495485305786,-4.41
43.81335520744324,-4.45
45.11435604095459,-4.45
46.42228174209595,-4.45
47.732720613479614,-4.45
49.046515226364136,-4.48
50.36190938949585,-4.48
51.677497148513794,-4.48
56.28728938102722,0.1
57.698586225509644,0.17
59.11213731765747,3.07
60.52728796005249,7.17
61.939759731292725,8.55
63.34690976142883,10.48
64.7661464214325,9.86
66.17919039726257,9.55
67.59122443199158,11.0
68.9889874458313,9.86
70.40233612060547,9.59
71.82950806617737,9.31
73.1649444103241,11.03
74.57276344299316,9.9
75.92704677581787,9.62
77.33579993247986,10.76
78.75005745887756,9.76
80.1622405052185,9.48
81.57398653030396,11.0
82.98263812065125,9.83
84.39214015007019,9.34
85.81770396232605,10.66
87.23051404953003,9.55
88.629399061203,10.66
90.04871392250061,9.52
91.45960140228271,10.59
92.87068629264832,9.45
94.2868881225586,10.59
95.69992351531982,9.59
97.11731839179993,10.76
98.52183628082275,9.52
99.932199716568,10.45
101.34491539001465,9.45
102.75731468200684,10.66
104.17050457000732,9.76
105.58361148834229,10.48
107.00819253921509,9.41
108.41262173652649,10.52
109.82922410964966,9.62
111.24459767341614,10.69
112.65844321250916,9.52
114.05774021148682,10.45
115.47599029541016,9.48
116.88686156272888,10.62
118.31122517585754,8.86
119.71954846382141,11.76
121.1326105594635,10.62
122.54756760597229,10.31
123.95237326622009,10.28
125.36463642120361,10.17
126.77860760688782,10.24
128.19307804107666,10.14
129.61392259597778,10.14
131.01269125938416,10.17
132.43162989616394,10.1
133.84329342842102,10.1
135.2553358078003,10.14
136.66508316993713,10.1
138.08359909057617,10.1
139.49481081962585,10.17
140.91201424598694,10.17
142.32642221450806,10.1
143.72741103172302,9.93
145.13919854164124,9.97
146.5595474243164,10.17
147.97087717056274,10.0
149.38180208206177,10.21
150.79948139190674,9.24
152.20789575576782,9.86
153.6165657043457,10.03
155.02699279785156,10.24
156.451762676239,10.1
157.8503077030182,10.03
159.2756929397583,10.1
160.61611819267273,9.97
162.02513599395752,10.03
163.4389305114746,10.03
164.85627341270447,9.97
166.2642810344696,9.9
167.61208200454712,9.86
169.0218689441681,9.83
170.43460392951965,9.83
171.83962655067444,9.76
173.19323539733887,9.86
174.60230612754822,9.9
176.01666235923767,9.79
177.42674446105957,9.86
178.77601981163025,10.1
180.1877760887146,9.93
181.5877068042755,9.86
183.0067822933197,9.93
184.35796642303467,9.9
185.77075791358948,9.9
187.1684114933014,9.97
188.5948407649994,10.03
189.93692779541016,9.93
191.3415424823761,9.9
192.75612449645996,9.86
194.1758463382721,9.93
195.58184266090393,10.17
196.99718117713928,10.03
198.40871858596802,9.97
199.81815934181213,9.76
201.23019814491272,9.83
202.64226531982422,9.86
204.0557074546814,10.07
205.46911931037903,9.93
206.8780119419098,9.97
208.29593706130981,9.86
209.7012233734131,9.79
211.1154751777649,10.14
212.53654074668884,10.0
213.94835758209229,9.79
215.35520195960999,9.79
216.7673933506012,9.83
218.17743515968323,10.21
219.58884954452515,10.1
221.01183581352234,9.9
222.41398310661316,10.0
223.76688838005066,10.28
225.16971707344055,9.9
226.52196884155273,9.83
227.93484568595886,9.86
229.33697867393494,10.1
230.76232051849365,10.0
232.17182087898254,11.83
233.588397026062,9.55
235.00157403945923,9.9
236.41174602508545,9.86
237.81925535202026,9.76
239.22957587242126,11.21
240.6442368030548,10.28
242.05888772010803,9.86
243.4783456325531,9.69
250.75988030433655,1.31
252.0722358226776,1.28
253.38756012916565,1.17
254.69952297210693,1.14
256.0546135902405,1.24
257.3723518848419,1.17
258.68838477134705,1.14
260.0072717666626,1.14
261.3226537704468,1.1
262.64038157463074,1.14
263.9610071182251,1.1
265.27744007110596,1.1
266.6251037120819,1.1
267.93856263160706,1.14
269.25290751457214,1.17
270.5742013454437,1.28
275.15124917030334,261.52
276.56252241134644,322.72
277.9708585739136,279.69
279.38873958587646,194.55
280.7943503856659,65.93
282.206490278244,20.24
283.6233763694763,9.72
285.03105187416077,10.28
286.44291377067566,14.38
287.85856652259827,18.69
289.2671000957489,20.86
290.6769576072693,21.21
292.0887768268585,19.28
293.4973351955414,20.97
294.9121129512787,19.45
296.3282279968262,18.52
297.8001780509949,21.21
305.23299908638,2.0
306.6252603530884,1.93
308.1433687210083,2.0
309.4745409488678,1.9
310.8004877567291,1.93
312.1244661808014,1.93
313.4413185119629,1.86
314.7646291255951,1.9
319.33201694488525,212.59
320.74315333366394,291.38
322.08998465538025,316.83
323.5002591609955,258.45
324.9097309112549,191.31
326.3228611946106,84.24
327.7274272441864,34.93
335.0401773452759,-3.72
336.3549177646637,-3.72
337.7015805244446,-3.59
339.0166931152344,-3.66
340.33326864242554,-3.66
341.6410746574402,-3.59
342.954142332077,-3.59
344.26073479652405,-3.59
