1.114293098449707,8.03
2.322312593460083,8.03
3.557385206222534,8.07
4.763117551803589,8.1
5.956068754196167,8.1
10.546943664550781,8.14
11.894548654556274,12.14
13.3076913356781,19.97
14.72074007987976,31.21
16.131168842315674,45.0
17.545006036758423,59.1
18.95554757118225,72.24
20.295451402664185,84.28
21.70747137069702,96.41
23.0443696975708,107.28
24.455355405807495,117.31
25.866183757781982,125.62
27.279552698135376,132.66
28.691681385040283,136.97
30.103707790374756,139.45
31.5113205909729,140.14
32.93578100204468,139.41
34.337244510650635,136.59
35.7494854927063,132.69
37.1678307056427,127.93
38.58240842819214,122.52
39.98823666572571,115.52
41.40352702140808,109.24
42.808396339416504,103.03
