1.1219470500946045,-1.66,0
2.3596994876861572,-1.62,0
3.562206506729126,-1.72,0
4.764466762542725,-1.62,0
5.978598117828369,-1.55,0
10.56216287612915,39.69,1
11.974418640136719,33.69,1
13.387241125106812,32.17,1
14.795457363128662,31.97,1
16.213975429534912,31.79,1
17.54969573020935,31.76,1
18.965367794036865,31.69,1
20.302385091781616,31.38,1
21.721895694732666,31.34,1
23.065009117126465,31.41,1
24.46885657310486,31.1,1
25.889594078063965,31.28,1
27.299376964569092,31.17,1
28.641317129135132,31.21,1
30.064512014389038,31.24,1
31.472087860107422,31.03,1
32.886014461517334,31.03,1
34.2268648147583,31.03,1
35.64320468902588,31.03,1
37.04529690742493,31.07,1
38.46294975280762,31.0,1
39.872302293777466,30.97,1
41.289313554763794,30.97,1
42.69419717788696,30.86,1
44.10879588127136,30.97,1
45.51892352104187,30.9,1
46.92421841621399,30.93,1
48.33701801300049,30.93,1
49.75813603401184,30.76,1
57.06569957733154,-1.62,0
58.37849426269531,-1.59,0
59.69932150840759,-1.72,0
61.01300644874573,-1.59,0
62.34035897254944,-1.66,0
63.647825479507446,-1.66,0
64.99915742874146,-1.72,0
66.31324863433838,-1.62,0
70.88907217979431,39.41,1
72.22268652915955,33.83,1
73.64220213890076,31.93,1
75.05906057357788,31.66,1
76.40593338012695,31.45,1
77.80585050582886,31.48,1
79.23080515861511,31.41,1
80.63643312454224,31.28,1
82.053795337677,31.07,1
83.46466612815857,31.14,1
84.80594897270203,31.03,1
86.2212302684784,30.86,1
87.55920743942261,31.0,1
88.97926545143127,30.86,1
90.38620257377625,30.9,1
91.79957413673401,30.97,1
93.21001720428467,30.97,1
94.61794400215149,30.86,1
96.03935170173645,30.9,1
97.44928908348083,30.9,1
98.86440920829773,30.83,1
100.26865839958191,30.86,1
101.67651510238647,30.93,1
103.09888648986816,30.93,1
104.51259016990662,30.9,1
105.91672420501709,30.83,1
107.34165358543396,30.93,1
108.74882936477661,30.76,1
110.1528491973877,30.97,1
117.51889133453369,-1.31,0
118.83978939056396,-1.45,0
120.16248178482056,-1.41,0
121.47189521789551,-1.48,0
122.79285216331482,-1.41,0
124.1081931591034,-1.45,0
125.4237220287323,-1.48,0
126.76611495018005,-1.55,0
131.38172602653503,39.45,1
132.8057417869568,33.86,1
134.21069312095642,31.86,1
135.6176688671112,31.52,1
137.04308938980103,31.31,1
138.4448881149292,31.41,1
139.8627872467041,31.41,1
141.2794713973999,31.17,1
142.69323921203613,31.1,1
144.095769405365,31.28,1
145.51667428016663,31.14,1
146.91951870918274,31.07,1
148.3306941986084,31.28,1
149.7543478012085,31.03,1
151.16687870025635,31.14,1
152.5709834098816,31.14,1
153.98630690574646,31.24,1
155.39567041397095,31.0,1
156.8133020401001,31.24,1
158.23081970214844,31.14,1
159.64116644859314,31.07,1
160.98175644874573,31.03,1
162.38694977760315,31.14,1
163.74000000953674,31.03,1
165.1539192199707,31.03,1
166.5589554309845,31.03,1
167.97649216651917,31.03,1
169.3183250427246,31.21,1
170.72838807106018,31.14,1
178.0433588027954,-1.55,0
179.396653175354,-1.45,0
180.6907389163971,-1.55,0
181.99868488311768,-1.59,0
183.313738822937,-1.59,0
184.62755608558655,-1.52,0
185.92116808891296,-1.62,0
187.23549222946167,-1.62,0
191.81134057044983,39.76,1
193.23390579223633,33.93,1
194.57930731773376,32.34,1
195.98832488059998,31.86,1
197.39730191230774,31.69,1
198.7511739730835,31.72,1
200.16706252098083,31.69,1
201.56954526901245,31.59,1
202.98176789283752,31.31,1
204.40398812294006,31.41,1
205.81076049804688,31.38,1
207.22086763381958,31.41,1
208.63913536071777,31.52,1
210.0520613193512,31.45,1
211.46433568000793,31.31,1
212.8781714439392,31.48,1
214.285982131958,31.48,1
215.707622051239,31.48,1
217.11729431152344,31.45,1
218.52450847625732,31.52,1
219.93927192687988,31.55,1
221.35583186149597,31.52,1
222.69563603401184,31.41,1
224.03487825393677,31.48,1
225.4575080871582,31.48,1
226.86239433288574,31.59,1
228.27918457984924,31.45,1
229.6807143688202,31.45,1
231.09670901298523,31.55,1
238.3992977142334,-1.48,0
239.72525477409363,-1.48,0
241.03210759162903,-1.62,0
242.38438081741333,-1.48,0
243.7084128856659,-1.48,0
245.01801347732544,-1.55,0
246.33227109909058,-1.52,0
247.64267539978027,-1.59,0
252.23848271369934,39.76,1
253.65693259239197,34.17,1
255.0661871433258,32.41,1
256.48775243759155,31.9,1
257.8983392715454,31.76,1
259.31316089630127,31.93,1
260.7122595310211,31.59,1
262.12743878364563,31.66,1
263.5433075428009,31.48,1
264.95970034599304,31.52,1
266.3750240802765,31.38,1
267.78972601890564,31.48,1
269.18975281715393,31.41,1
270.6053705215454,31.48,1
272.0279948711395,31.34,1
273.43839836120605,31.55,1
274.85463094711304,31.52,1
276.25716829299927,31.55,1
277.67504692077637,31.55,1
279.0917272567749,31.62,1
280.50743317604065,31.48,1
281.9091737270355,31.59,1
283.3224503993988,31.59,1
284.73964858055115,31.52,1
286.1575462818146,31.62,1
287.568398475647,31.62,1
288.981595993042,31.59,1
290.38474798202515,31.52,1
297.68133425712585,-1.52,0
299.0158941745758,-1.48,0
300.33683347702026,-1.48,0
301.64265727996826,-1.52,0
302.96784377098083,-1.45,0
304.27768063545227,-1.48,0
305.63591265678406,-1.41,0
306.9578959941864,-1.41,0
311.5463972091675,39.76,1
312.96559286117554,34.21,1
314.3682131767273,32.52,1
315.78314328193665,32.07,1
317.2005624771118,31.86,1
318.6112151145935,32.0,1
319.96523094177246,31.69,1
321.30624437332153,31.76,1
322.71038031578064,31.66,1
324.06448578834534,31.69,1
325.40396189689636,31.72,1
326.80731081962585,31.55,1
328.2252674102783,31.52,1
329.6444671154022,31.52,1
330.9869019985199,31.59,1
332.33034801483154,31.45,1
333.73633885383606,31.66,1
335.1610598564148,31.55,1
336.5629072189331,31.52,1
337.9195668697357,31.48,1
339.3217399120331,31.52,1
340.7411515712738,31.62,1
342.15546798706055,31.55,1
343.5052146911621,31.62,1
344.8446009159088,31.45,1
346.19202995300293,31.66,1
347.5989956855774,31.48,1
349.0166172981262,31.48,1
350.434690952301,31.55,1
357.8057403564453,-1.52,0
359.114342212677,-1.48,0
360.4066743850708,-1.59,0
361.7290983200073,-1.48,0
363.0260260105133,-1.48,0
364.3390038013458,-1.55,0
365.65252661705017,-1.59,0
366.9659345149994,-1.59,0
