1.1034495830535889,-2.07,0
2.3478658199310303,-2.1,0
3.5553994178771973,-1.97,0
4.765410900115967,-2.14,0
9.355583429336548,172.9,1
10.775138139724731,87.9,1
12.177636623382568,40.31,1
13.585958480834961,1.45,1
15.001883029937744,0.28,1
16.420925855636597,-0.24,1
17.76235604286194,-0.38,1
19.167677402496338,-1.07,1
20.523906469345093,-1.31,1
21.938333749771118,-1.41,1
23.28054118156433,-0.93,1
24.692518711090088,-1.38,1
26.093870878219604,-1.52,1
27.510045528411865,-1.21,1
28.9293110370636,-1.48,1
30.341697216033936,0.69,1
31.747275829315186,-1.21,1
33.1640191078186,-1.41,1
34.51411509513855,-1.55,1
35.849912881851196,-1.59,1
37.20247292518616,0.48,1
38.605629444122314,-1.62,1
40.018972635269165,-1.72,1
41.43977451324463,407.24,1
42.843591928482056,405.86,1
44.19029140472412,344.07,1
51.505584716796875,-2.76,0
52.81490731239319,-2.59,0
54.12655973434448,-2.62,0
55.45939111709595,-2.93,0
56.78759765625,-2.34,0
58.09546732902527,-1.93,0
59.40224599838257,-0.93,0
60.71843481063843,1.55,0
65.30743908882141,11.62,1
66.64268016815186,4.31,1
68.06346082687378,-0.76,1
69.40432858467102,-3.66,1
70.74527096748352,-2.52,1
72.16148567199707,-1.79,1
73.51549458503723,4.07,1
74.9134304523468,6.28,1
76.27028799057007,9.1,1
77.67421364784241,10.34,1
79.01559257507324,10.93,1
80.43493294715881,10.93,1
81.77487468719482,10.66,1
83.11664319038391,10.62,1
84.47034049034119,10.28,1
85.87831497192383,10.34,1
87.21559476852417,9.86,1
88.6359052658081,9.83,1
90.04305410385132,9.59,1
91.38713192939758,9.38,1
92.73280072212219,9.24,1
94.15601015090942,12.17,1
95.56905555725098,12.1,1
96.9696729183197,8.21,1
98.31225347518921,7.48,1
99.7303249835968,7.66,1
101.13790559768677,9.9,1
102.493905544281,12.45,1
103.8370611667633,9.48,1
105.2432017326355,8.48,1
106.65980291366577,10.86,1
108.07738661766052,8.66,1
109.48036026954651,7.69,1
110.89146637916565,10.17,1
112.2473578453064,8.55,1
113.64730215072632,8.17,1
114.99006056785583,6.93,1
116.40856528282166,9.66,1
117.82743310928345,10.17,1
119.24386239051819,10.62,1
120.65033793449402,10.55,1
122.06884789466858,10.76,1
123.47370028495789,10.69,1
124.88152384757996,10.52,1
126.22218894958496,10.28,1
127.65029549598694,10.24,1
129.0620560646057,10.28,1
130.47267770767212,10.14,1
131.87699365615845,9.9,1
133.29365348815918,9.9,1
134.71223711967468,9.86,1
136.11539912223816,9.62,1
137.52396941184998,9.76,1
138.87762093544006,9.86,1
140.27908372879028,9.69,1
141.69591808319092,9.48,1
143.11948108673096,9.62,1
144.52252864837646,9.34,1
145.94529366493225,8.93,1
147.35805439949036,8.9,1
148.7643382549286,8.93,1
150.18432307243347,10.41,1
151.59663462638855,10.52,1
152.9963982105255,10.34,1
154.4161262512207,9.93,1
155.82336568832397,9.69,1
157.2367033958435,9.38,1
158.65458130836487,8.66,1
160.06573510169983,7.9,1
161.40380549430847,7.52,1
162.7625377178192,7.34,1
164.1650857925415,9.66,1
165.51063323020935,10.0,1
166.85565400123596,9.86,1
168.19372868537903,9.62,1
169.55022192001343,9.34,1
170.89646697044373,9.24,1
172.23451685905457,8.97,1
173.57324171066284,8.9,1
174.99094033241272,8.55,1
176.33328008651733,8.45,1
177.67399644851685,8.21,1
179.023423910141,9.52,1
180.43580603599548,9.69,1
181.77661061286926,9.55,1
183.11380004882812,9.21,1
184.46225714683533,8.86,1
185.80430054664612,8.0,1
187.2156903743744,6.86,1
188.57195019721985,6.31,1
189.97848892211914,3.1,1
191.32658433914185,7.59,1
192.67278170585632,9.48,1
194.01067876815796,10.59,1
195.35585832595825,11.17,1
196.77410221099854,11.48,1
198.17572450637817,11.48,1
199.51838064193726,11.38,1
200.85929083824158,11.52,1
208.1767041683197,-1.48,0
209.48504972457886,-1.59,0
210.80479216575623,-1.59,0
212.11398696899414,-1.69,0
213.4155933856964,-1.69,0
214.75190615653992,-1.72,0
216.06165218353271,-1.79,0
217.35602617263794,-1.79,0
221.9399778842926,-2.17,1
223.2823667526245,-1.93,1
224.62714171409607,-1.93,1
225.98022198677063,-1.83,1
227.3808228969574,-1.48,1
228.93796133995056,-1.28,1
230.4188892841339,1.9,1
231.903902053833,10.31,1
233.38452458381653,13.79,1
234.85730171203613,15.41,1
236.3512692451477,15.24,1
237.8190553188324,22.21,1
239.2990961074829,25.28,1
240.85653376579285,26.1,1
242.3411877155304,22.9,1
243.81224489212036,14.1,1
245.30751729011536,13.76,1
246.78473567962646,13.28,1
248.26089715957642,12.34,1
249.74193239212036,13.83,1
251.2213056087494,15.66,1
252.70519852638245,16.1,1
254.18744897842407,16.38,1
255.66665959358215,16.14,1
257.084025144577,15.83,1
258.4973590373993,15.48,1
259.9086763858795,15.17,1
261.3224160671234,14.76,1
262.6559591293335,14.52,1
264.000097990036,14.38,1
265.42074942588806,14.07,1
266.7658758163452,13.83,1
268.1050283908844,13.69,1
269.4468801021576,14.34,1
270.85613989830017,15.48,1
272.20593309402466,15.34,1
273.6231896877289,15.1,1
275.03136920928955,14.79,1
276.4473223686218,15.52,1
277.78862500190735,15.1,1
279.1921670436859,14.9,1
280.5323476791382,14.62,1
281.95074582099915,15.34,1
283.30059790611267,15.14,1
284.70955324172974,14.9,1
286.0567603111267,15.07,1
287.45698142051697,15.45,1
288.87507677078247,15.41,1
290.2819221019745,15.07,1
291.62422943115234,14.83,1
293.03404331207275,14.52,1
294.4569001197815,14.17,1
295.863805770874,15.21,1
297.2788932323456,15.34,1
298.68349862098694,15.14,1
300.1048951148987,14.83,1
301.5232057571411,15.31,1
302.92381858825684,15.14,1
304.3438994884491,14.69,1
305.7425992488861,14.9,1
307.1625807285309,15.34,1
308.57562017440796,15.21,1
309.97979283332825,14.9,1
311.32116317749023,14.69,1
312.7312731742859,15.07,1
314.15642952919006,14.83,1
315.56386041641235,14.52,1
316.90423250198364,15.0,1
318.30950903892517,15.1,1
319.6648106575012,15.0,1
321.0086131095886,15.17,1
322.3507785797119,14.9,1
323.6893525123596,15.14,1
325.03136014938354,14.97,1
326.3811159133911,15.28,1
327.72049260139465,15.03,1
329.06511068344116,14.79,1
330.4702343940735,15.0,1
331.82212257385254,14.66,1
333.1649570465088,15.31,1
334.5066466331482,15.1,1
335.8465938568115,14.79,1
337.18900895118713,14.9,1
338.52702260017395,15.17,1
339.87002325057983,15.07,1
341.2273805141449,14.83,1
342.63792276382446,15.07,1
343.97565388679504,14.9,1
345.3128888607025,14.97,1
346.65281677246094,15.14,1
348.00554633140564,14.86,1
349.34758830070496,15.03,1
350.6965699195862,15.07,1
357.9911599159241,1.83,0
359.29992938041687,1.79,0
360.64600110054016,1.76,0
361.956978559494,1.79,0
363.2471926212311,1.83,0
364.554092168808,1.76,0
365.85722970962524,1.79,0
367.16482734680176,1.79,0
371.75009989738464,209.48,1
373.0909333229065,213.03,1
374.44547629356384,183.83,1
375.85623049736023,144.69,1
377.19446778297424,115.79,1
378.5318067073822,93.28,1
379.8732376098633,76.45,1
381.215270280838,62.86,1
382.5700685977936,53.34,1
383.9767553806305,43.59,1
385.31989884376526,37.48,1
386.73860931396484,34.07,1
388.146053314209,29.28,1
389.4870138168335,28.45,1
390.82636165618896,26.31,1
398.13920617103577,1.38,0
399.42849493026733,1.34,0
400.7508656978607,1.34,0
402.09377932548523,1.34,0
403.38443064689636,1.31,0
404.6946437358856,1.28,0
406.00839018821716,1.31,0
407.3004410266876,1.14,0
411.8743441104889,10.52,1
413.21345591545105,3.86,1
414.63317131996155,1.79,1
416.0379641056061,9.03,1
417.38915824890137,14.28,1
418.7221529483795,17.93,1
420.14125299453735,20.59,1
421.49301624298096,21.72,1
422.8346393108368,22.07,1
424.2371528148651,23.76,1
425.64580392837524,24.55,1
427.0547320842743,24.62,1
428.4714946746826,24.45,1
429.82181191444397,24.48,1
431.2305769920349,25.1,1
432.5796220302582,25.07,1
433.9172339439392,24.86,1
435.32176899909973,25.1,1
436.7397835254669,24.31,1
438.07902479171753,8.66,1
439.4966096878052,-6.69,1
440.9145040512085,44.9,1
442.31987404823303,50.97,1
443.65796661376953,45.28,1
444.99877858161926,41.48,1
446.41180443763733,36.69,1
447.7654662132263,2.45,1
449.1024866104126,-655.9,1
450.5209746360779,-22.55,1
451.8646857738495,-22.1,1
453.26925230026245,-1.9,1
454.613422870636,-1.41,1
456.0296425819397,-1.41,1
457.4357280731201,-1.28,1
458.77758741378784,-1.34,1
460.1283495426178,-1.31,1
461.5301275253296,-1.28,1
462.8868179321289,-1.38,1
464.2902274131775,-1.31,1
465.64486837387085,-1.28,1
467.0468919277191,-1.31,1
468.46161580085754,-1.28,1
469.8794147968292,-1.07,1
471.22795486450195,-1.31,1
474.5801064968109,-5.31,1
477.8891227245331,-1.41,1
479.1973912715912,-1.76,1
482.5259053707123,22.21,1
485.86860370635986,13.93,1
487.1834738254547,2.72,1
488.4906978607178,0.0,1
489.7984764575958,-0.86,1
491.1151258945465,-1.17,1
492.4219036102295,-1.31,1
493.7304337024689,-1.38,1
495.0865569114685,-1.41,1
496.39314222335815,-1.52,1
497.7029798030853,-1.55,1
499.01320600509644,-1.69,1
500.33370637893677,-1.59,1
501.6528289318085,-1.66,1
502.97709941864014,-1.62,1
504.28468918800354,1.28,1
