1.1073377132415771,-1.86,0
2.3458786010742188,-1.9,0
3.5593185424804688,-1.86,0
4.762109756469727,-1.9,0
5.972431659698486,-1.79,0
7.188387870788574,-1.83,0
11.76385760307312,-1.86,1
13.17658543586731,-1.9,1
14.589603900909424,-1.79,1
16.002637147903442,-1.79,1
17.34640622138977,-1.9,1
18.69070267677307,-1.86,1
20.031917572021484,-1.79,1
21.379944324493408,-1.9,1
22.72278070449829,-1.83,1
24.06680130958557,-1.86,1
25.481539011001587,-1.86,1
26.893795490264893,-1.93,1
28.23076295852661,-1.9,1
29.651086568832397,-1.83,1
31.06353235244751,-1.9,1
32.46541881561279,-1.86,1
33.89104342460632,-1.9,1
35.23018145561218,-1.76,1
36.64784836769104,-1.93,1
38.04768919944763,-1.83,1
39.475775480270386,-1.93,1
40.88800239562988,-1.86,1
42.30010461807251,-1.9,1
43.64467787742615,-1.9,1
45.05823040008545,-1.83,1
46.471258878707886,-1.86,1
47.88439965248108,-1.9,1
49.284764766693115,-1.9,1
50.698302030563354,-1.93,1
52.12038207054138,-1.93,1
53.53222727775574,-1.93,1
54.940834045410156,-1.86,1
56.358460903167725,-2.03,1
57.77240967750549,-2.17,1
59.18247365951538,-1.93,1
60.598705768585205,-1.86,1
62.01030421257019,-1.9,1
63.422502279281616,-1.97,1
64.83462953567505,226.93,1
66.16552925109863,249.14,1
67.52268695831299,232.55,1
74.83224582672119,-0.72,0
76.19841241836548,-0.76,0
