1.103295087814331,0.17,0
2.3524067401885986,0.31,0
3.569333076477051,0.41,0
4.775480270385742,0.45,0
9.356100082397461,8.24,1
10.688153982162476,43.9,1
12.103401184082031,80.1,1
13.5196373462677,99.97,1
14.919057369232178,108.1,1
16.33537769317627,114.62,1
17.6738121509552,116.48,1
19.027005672454834,116.93,1
20.37341332435608,120.17,1
21.7103853225708,121.41,1
23.128016710281372,121.31,1
24.459173917770386,121.52,1
25.876030445098877,121.24,1
27.295379161834717,118.17,1
28.697086572647095,120.07,1
30.117624044418335,120.31,1
31.51938033103943,120.69,1
32.926164627075195,120.48,1
34.28244972229004,117.28,1
35.612191677093506,119.38,1
37.02921915054321,120.38,1
38.43488311767578,120.38,1
39.851996421813965,120.76,1
41.1910183429718,120.83,1
42.54679250717163,120.52,1
43.88668084144592,120.34,1
45.29218578338623,120.62,1
46.63533020019531,120.55,1
48.0580198764801,120.79,1
49.45676922798157,120.69,1
50.87025451660156,120.17,1
52.289994955062866,120.17,1
53.69337463378906,120.45,1
55.04862356185913,120.21,1
56.452136278152466,119.83,1
57.86568546295166,120.14,1
59.27274250984192,119.66,1
60.62835335731506,119.79,1
62.03357243537903,119.17,1
63.451441287994385,118.97,1
64.86029934883118,118.72,1
66.20545101165771,118.59,1
67.6169970035553,118.48,1
68.95653867721558,121.17,1
70.35872673988342,122.17,1
71.71532893180847,121.93,1
73.12327337265015,119.34,1
80.42528438568115,1.07,0
81.7508819103241,1.14,0
83.06209254264832,1.21,0
84.36924076080322,1.24,0
85.72403144836426,1.21,0
87.03319311141968,1.17,0
88.34709930419922,1.21,0
89.65755319595337,1.21,0
94.25449061393738,8.48,1
95.6634132862091,52.31,1
97.06825995445251,82.76,1
98.49197030067444,100.59,1
99.89596199989319,109.48,1
101.31368947029114,115.69,1
102.72075057029724,117.9,1
104.14007711410522,118.72,1
105.5420789718628,119.24,1
106.96188759803772,119.76,1
108.3685884475708,119.76,1
109.78164982795715,120.07,1
111.19666266441345,120.31,1
112.60385656356812,120.41,1
114.00965094566345,120.62,1
115.4274365901947,120.31,1
116.83189964294434,120.38,1
118.25247502326965,120.03,1
119.65711307525635,120.34,1
121.07401657104492,120.48,1
122.48891639709473,120.59,1
123.8988778591156,120.48,1
125.30083060264587,120.52,1
126.72065377235413,120.1,1
128.12195754051208,119.76,1
129.54523825645447,119.83,1
130.94632768630981,119.52,1
132.36457753181458,119.28,1
133.7754888534546,119.34,1
135.19046187400818,119.48,1
136.59385299682617,119.34,1
138.01434016227722,118.72,1
139.4294843673706,118.9,1
140.8383994102478,119.21,1
142.2518298625946,121.79,1
143.66024136543274,122.86,1
145.06577134132385,123.1,1
146.48472428321838,120.1,1
147.89109015464783,119.17,1
149.30844402313232,119.1,1
150.7099575996399,119.34,1
152.13036394119263,121.86,1
153.53899002075195,120.03,1
154.95842790603638,122.1,1
156.3601655960083,120.24,1
157.77819275856018,122.14,1
165.07518434524536,0.21,0
166.38362956047058,0.21,0
167.68389058113098,0.24,0
169.02223205566406,0.28,0
170.32836842536926,0.31,0
171.65336227416992,0.28,0
172.96164441108704,0.21,0
174.26861333847046,0.21,0
175.46747612953186,0.24,0
176.66504669189453,0.28,0
177.86816501617432,0.21,0
179.11220693588257,0.31,0
180.32404494285583,0.28,0
181.52319955825806,0.21,0
182.71791696548462,0.28,0
183.9311125278473,0.31,0
185.12947034835815,0.24,0
186.32802987098694,0.28,0
187.53939199447632,0.21,0
188.78193140029907,0.21,0
189.97974562644958,0.31,0
191.19140315055847,0.34,0
192.40261387825012,0.24,0
193.6126127243042,0.31,0
194.81380033493042,0.28,0
196.02550983428955,0.31,0
197.2274034023285,0.24,0
198.46941089630127,0.21,0
199.6787896156311,0.14,0
200.872416973114,0.17,0
202.07691884040833,0.24,0
203.2985429763794,0.21,0
204.4980125427246,0.28,0
205.7220003604889,0.38,0
206.9663600921631,0.21,0
208.1687879562378,0.24,0
209.38383984565735,0.21,0
210.58255767822266,0.28,0
211.79448556900024,0.24,0
212.99082136154175,0.28,0
214.20168542861938,0.28,0
215.40516209602356,0.24,0
216.65915322303772,0.28,0
217.85780596733093,0.24,0
219.0602571964264,0.28,0
220.27920961380005,0.31,0
221.4924602508545,0.34,0
222.69125413894653,0.24,0
223.9049732685089,0.28,0
225.11698508262634,0.28,0
226.3577950000763,0.28,0
227.55629539489746,0.24,0
228.76921844482422,0.17,0
229.98226618766785,0.21,0
231.180495262146,0.28,0
232.3985939025879,0.28,0
233.614985704422,0.24,0
234.81426572799683,0.17,0
236.05010414123535,0.07,0
237.25993061065674,0.21,0
238.47631168365479,0.17,0
239.6850564479828,0.21,0
240.9003095626831,0.34,0
242.1139199733734,0.21,0
243.33063006401062,0.17,0
244.6786549091339,0.31,0
245.93676710128784,0.21,0
