1.109877586364746,-0.79
2.3600988388061523,-0.79
3.5674850940704346,-0.86
4.769116163253784,-0.76
5.977106332778931,-0.76
7.182583570480347,-0.69
9.941478490829468,1.55
11.358628988265991,13.97
12.772148370742798,28.14
14.185168743133545,33.45
15.591402769088745,32.69
17.001890897750854,29.97
18.34460949897766,29.14
19.759751319885254,31.14
21.173147439956665,29.21
22.51026225090027,31.0
23.93576145172119,28.97
25.33536171913147,30.62
26.75413179397583,29.14
28.0951828956604,30.62
29.507030248641968,28.83
30.91594624519348,30.41
32.33455514907837,31.07
33.6663715839386,28.69
35.092286348342896,30.52
36.49897074699402,30.66
37.913262605667114,28.45
39.249364614486694,30.17
40.66813635826111,30.66
42.073456048965454,30.66
43.48860788345337,28.28
44.82483530044556,30.0
46.24111080169678,30.21
47.64968824386597,30.17
49.06540322303772,30.03
50.47225856781006,30.03
51.88721752166748,30.03
53.298726081848145,30.03
54.71277618408203,29.9
56.119444370269775,30.0
57.540910959243774,29.97
58.95370864868164,30.17
60.351463079452515,30.07
61.77644062042236,30.03
63.18192267417908,30.24
64.60046911239624,30.38
65.93362522125244,30.41
67.34731721878052,30.41
68.76042079925537,30.24
70.09990358352661,28.28
71.44427180290222,29.93
72.77985429763794,30.38
76.48490166664124,1.76
77.78909802436829,1.72
79.1138653755188,1.72
80.45173478126526,1.72
81.75824522972107,1.72
83.07748985290527,1.72
84.38872337341309,1.72
85.6955955028534,1.72
87.00775122642517,1.72
88.32467555999756,1.69
89.65791630744934,1.69
90.97752833366394,1.69
92.28165531158447,1.66
93.58162331581116,1.72
94.90423941612244,1.69
96.21429061889648,1.69
98.98756408691406,1.69
100.40260195732117,20.55
101.80816960334778,34.28
103.21946716308594,40.41
104.63551115989685,41.41
105.97921204566956,41.9
107.383047580719,39.24
108.79841566085815,40.83
110.22172713279724,40.03
111.63394784927368,38.41
112.96567463874817,40.41
114.32032918930054,40.93
115.73179340362549,38.52
117.13425350189209,40.69
118.543940782547,40.86
119.9601879119873,38.9
121.36751675605774,40.21
122.77311992645264,40.86
124.19031810760498,38.34
125.60637211799622,40.59
127.01207280158997,41.03
128.43081736564636,38.66
129.84107327461243,40.52
131.25741338729858,41.21
132.59019780158997,39.28
134.00178456306458,40.34
135.41423630714417,38.69
136.82654309272766,40.66
138.24156856536865,41.14
139.6583445072174,39.62
141.07199788093567,39.45
142.47476387023926,40.69
143.8840389251709,38.76
145.3063838481903,41.03
146.71205401420593,40.55
148.12999749183655,39.45
149.54067063331604,40.97
150.94512939453125,38.83
152.35923099517822,41.0
153.76957178115845,38.9
155.1858949661255,41.0
156.59466338157654,41.17
157.99880862236023,39.17
159.41094946861267,38.48
160.76060557365417,40.79
162.10588693618774,38.72
163.45541548728943,40.69
164.7868754863739,41.21
166.1947898864746,38.62
167.61482739448547,40.69
168.9609351158142,41.28
170.37116503715515,38.76
171.71434235572815,40.62
173.0631582736969,40.17
174.40125346183777,38.9
175.74231505393982,40.83
179.4436378479004,1.72
180.74210238456726,1.69
182.04255390167236,1.69
183.3499903678894,1.66
184.6529769897461,1.72
185.94918203353882,1.66
187.25561046600342,1.59
188.55038404464722,1.66
189.86613249778748,1.66
191.2048704624176,1.69
192.504967212677,1.62
193.7987289428711,1.72
195.11462664604187,1.66
196.41346073150635,1.62
197.71772980690002,1.69
199.02502393722534,1.66
201.79765009880066,389.52
203.20992279052734,486.14
204.60664200782776,243.55
205.95152592658997,86.03
207.37429094314575,24.83
208.7118444442749,8.03
210.04856514930725,2.14
211.39559054374695,9.52
212.74407386779785,16.34
214.1542887687683,19.07
215.502614736557,21.79
216.83935236930847,20.72
218.1818974018097,20.24
219.5918517112732,19.83
220.93408751487732,19.97
222.28132319450378,20.0
226.0416226387024,0.38
227.35746550559998,0.21
228.66152667999268,0.0
229.96145796775818,-0.03
231.27648973464966,-0.1
232.56638503074646,-0.14
233.88428783416748,-0.17
235.1818289756775,-0.07
237.99253296852112,0.97
239.3269500732422,19.93
240.67768597602844,36.86
242.08919262886047,50.62
243.49626517295837,53.97
244.91514015197754,51.76
246.2538149356842,50.59
247.66532492637634,49.72
249.0738136768341,49.86
250.42054963111877,49.59
251.82758402824402,49.55
253.23798179626465,49.31
254.64781403541565,49.34
256.0716462135315,49.14
257.4827489852905,49.41
258.8945653438568,51.83
260.2985076904297,49.72
261.70359659194946,49.38
263.11555194854736,51.38
264.54119062423706,49.45
265.94387698173523,49.1
267.3523952960968,51.55
268.7654194831848,49.76
270.1750576496124,49.38
271.59055352211,51.45
273.01081705093384,49.52
274.41198348999023,49.28
275.8184292316437,52.0
277.2379641532898,50.0
280.9191243648529,1.24
282.272531747818,1.1
283.59772992134094,1.07
284.91173124313354,1.07
286.21008348464966,1.17
287.528746843338,1.1
288.8349096775055,1.07
290.17361330986023,1.1
