1.1116008758544922,0.03
2.334059238433838,-0.14
3.5770885944366455,-0.31
4.781239748001099,-0.38
5.973491668701172,-0.41
10.570160865783691,9.14
11.996796607971191,12.38
13.409081220626831,13.55
14.821320295333862,13.76
16.221871852874756,13.93
17.5776526927948,13.97
18.917898416519165,14.31
20.252512216567993,20.69
21.600055932998657,29.48
22.953670978546143,26.93
24.364792108535767,31.38
25.778457164764404,32.93
27.19208073616028,33.24
28.525227785110474,27.83
29.94430375099182,25.83
31.350497484207153,31.03
32.7650203704834,27.07
34.11613130569458,25.79
35.46502614021301,25.72
36.87765550613403,31.07
38.2771577835083,26.93
39.702476024627686,25.93
41.11449074745178,25.69
42.44803786277771,30.83
43.86160230636597,26.86
45.200565338134766,31.14
46.614715814590454,26.69
47.970250606536865,25.9
49.37877058982849,25.14
50.79258990287781,25.21
52.19933843612671,25.17
53.611473083496094,30.86
55.02986693382263,26.72
56.43908953666687,31.0
57.85126209259033,26.59
59.262961626052856,25.93
60.67541575431824,25.07
62.08487796783447,25.07
63.49633574485779,25.0
64.90911817550659,32.24
66.33141207695007,26.66
67.74660754203796,25.24
69.15243816375732,32.52
70.56106543540955,33.38
71.91592001914978,27.38
73.31758642196655,33.0
74.67098546028137,33.55
76.00417518615723,33.69
77.42176699638367,33.72
78.759122133255,27.31
80.17461800575256,25.21
87.54221487045288,2.1
88.85721731185913,2.14
90.16086339950562,2.07
91.46960544586182,2.14
92.777911901474,2.17
94.09530305862427,2.1
95.39789485931396,2.03
96.75230264663696,2.14
101.3393976688385,8.83
102.75432443618774,11.9
104.16761898994446,13.0
105.56679606437683,13.31
106.98584723472595,13.52
108.39051294326782,19.41
109.81128001213074,32.86
111.22797131538391,35.72
112.64186477661133,36.48
114.05600500106812,45.1
115.467209815979,47.17
116.8828558921814,47.24
118.2954671382904,47.28
119.6979513168335,46.41
121.1089117527008,45.93
122.51861333847046,45.31
123.92690539360046,36.83
125.34206771850586,35.1
126.75369310379028,41.17
128.17732191085815,41.62
129.5880832672119,41.86
130.98675727844238,42.31
132.40027165412903,42.14
133.8156614303589,42.45
135.23236060142517,42.48
136.64677476882935,42.83
138.04847407341003,42.52
139.4626886844635,42.79
140.87544584274292,42.62
142.28961634635925,43.03
143.70120906829834,37.07
145.11299204826355,41.24
146.5263774394989,42.55
147.9418408870697,43.03
149.3516492843628,43.1
150.7522110939026,43.1
158.04500222206116,1.9
159.4120261669159,1.9
160.7142469882965,1.93
162.0251750946045,1.9
163.32776618003845,1.9
164.63285183906555,1.9
165.93611764907837,1.9
167.24431109428406,1.9
171.8362021446228,9.03
173.16953349113464,12.55
174.58522057533264,13.79
175.93771147727966,33.14
177.28132677078247,48.52
178.69267511367798,68.17
180.02774953842163,80.03
181.44456315040588,98.07
182.86094403266907,111.28
184.2720651626587,120.97
185.67300248146057,123.1
187.02584648132324,117.48
188.3613293170929,123.03
189.7731649875641,117.79
191.1950979232788,122.07
192.6011564731598,117.55
194.0153431892395,122.79
201.31034564971924,1.79
202.6610016822815,1.79
203.9786033630371,1.83
205.28125762939453,1.83
206.5948679447174,1.79
207.91963505744934,1.83
209.22314953804016,1.79
210.5466184616089,1.79
215.1684923171997,7.69
216.59087347984314,10.48
218.00750732421875,11.52
219.405042886734,11.93
220.81887006759644,12.07
222.24389171600342,12.14
223.656662940979,12.17
225.07004928588867,12.24
226.47421526908875,12.31
227.88396620750427,12.14
229.29627466201782,12.59
230.71029424667358,12.72
232.13268280029297,13.34
233.54494047164917,14.0
234.95652985572815,14.1
236.3635859489441,14.41
237.77783870697021,14.21
239.19261121749878,14.41
240.60472679138184,14.55
242.0237421989441,14.45
243.4225823879242,15.03
244.83783721923828,14.66
246.2524437904358,14.34
247.66606998443604,14.14
249.0796332359314,19.69
250.4916534423828,16.21
251.89890313148499,14.72
253.32522249221802,14.21
254.7240698337555,13.93
256.14308524131775,14.1
257.56032824516296,14.21
258.96057057380676,19.24
260.3771917819977,15.72
261.792432308197,14.38
263.2081949710846,13.79
264.62203788757324,13.9
266.0385510921478,13.66
267.4379117488861,13.9
268.8503119945526,14.28
270.2628433704376,13.76
271.673935174942,19.21
273.0856466293335,15.62
274.5079782009125,14.07
275.92082500457764,13.86
277.3381004333496,14.0
278.7505407333374,13.38
280.1629173755646,19.24
281.5775725841522,15.41
282.98712396621704,20.34
284.38789081573486,15.76
285.81514143943787,13.86
287.2120180130005,19.55
288.62763929367065,15.48
290.0483989715576,13.72
291.46125507354736,13.79
292.87416076660156,13.14
294.28754448890686,13.55
295.69067454338074,18.55
297.10095262527466,15.0
298.51634454727173,13.41
299.9362995624542,13.66
301.35081219673157,13.66
308.65745425224304,1.83
309.98088216781616,1.86
311.317599773407,1.83
