1.1078662872314453,-2.17,0
2.3406822681427,-2.1,0
3.5520570278167725,-2.14,0
4.748731851577759,-2.17,0
9.329747676849365,18.07,1
10.740140199661255,15.83,1
12.152673721313477,21.38,1
13.557915449142456,29.07,1
14.898837089538574,20.41,1
16.318329095840454,28.59,1
17.656516075134277,24.59,1
18.996159315109253,32.28,1
20.338173627853394,27.17,1
21.69108486175537,31.83,1
23.025835752487183,26.21,1
24.37070059776306,29.66,1
25.789150953292847,23.48,1
27.202194690704346,27.48,1
28.60198998451233,25.07,1
30.022058725357056,28.24,1
31.435365438461304,28.55,1
32.834545373916626,23.41,1
34.25075626373291,20.17,1
35.591938495635986,19.03,1
36.94281840324402,22.17,1
38.35102128982544,25.45,1
39.767765283584595,25.21,1
41.16382455825806,26.97,1
42.5222065448761,34.41,1
43.93177103996277,36.28,1
45.342572927474976,37.34,1
46.68860673904419,30.14,1
48.08857440948486,34.66,1
49.50177717208862,29.66,1
50.92310047149658,31.48,1
52.326661348342896,28.59,1
53.74057722091675,29.66,1
55.14885139465332,35.0,1
56.503767251968384,29.79,1
57.8406720161438,34.1,1
59.24490714073181,30.24,1
60.65789842605591,31.79,1
62.06967210769653,28.69,1
63.48927330970764,29.86,1
64.89534187316895,28.9,1
66.2442741394043,29.9,1
67.57882189750671,29.07,1
68.92602109909058,26.9,1
70.32997298240662,30.59,1
71.6756591796875,24.83,1
73.02138566970825,28.41,1
74.37063336372375,22.41,1
75.76998591423035,28.9,1
77.1171567440033,22.66,1
78.5374665260315,29.14,1
79.9376175403595,23.48,1
81.35599517822266,27.1,1
82.7016007900238,20.31,1
84.10897326469421,27.69,1
85.45938849449158,21.24,1
86.85540080070496,29.0,1
88.2701187133789,23.59,1
89.67969822883606,29.79,1
91.0963613986969,24.1,1
92.50428175926208,27.76,1
93.85996389389038,21.0,1
95.26964974403381,28.17,1
96.67582631111145,21.38,1
98.09202456474304,29.03,1
105.38222622871399,-9.0,0
106.72914481163025,-11.07,0
108.03549122810364,-3.48,0
109.34399318695068,-2.48,0
110.64570832252502,-2.31,0
111.96612334251404,-2.21,0
113.26692819595337,-2.21,0
114.57730078697205,-2.14,0
119.17322874069214,9.34,1
120.58511805534363,28.0,1
121.9180076122284,45.66,1
123.34107756614685,61.21,1
124.67926931381226,67.14,1
126.09941124916077,76.45,1
127.50784134864807,74.0,1
128.91561222076416,79.93,1
130.33442854881287,82.66,1
131.7426700592041,83.14,1
133.14777040481567,81.9,1
134.56263208389282,84.83,1
135.97773718833923,80.86,1
137.3773717880249,84.41,1
138.79605102539062,82.83,1
140.20676469802856,86.76,1
141.62068343162537,92.34,1
143.03908348083496,86.34,1
144.45054459571838,90.66,1
145.8625512123108,96.97,1
147.2727825641632,92.1,1
148.67444586753845,92.79,1
150.09570479393005,91.93,1
151.50740885734558,86.76,1
152.90697622299194,88.72,1
154.32891845703125,93.55,1
155.7378294467926,88.76,1
157.13987565040588,90.41,1
158.55481719970703,91.48,1
159.97047472000122,85.34,1
161.31381273269653,87.34,1
162.71857690811157,92.34,1
164.1354603767395,85.83,1
165.47230434417725,89.79,1
166.82696914672852,84.21,1
168.1670753955841,88.03,1
169.57412314414978,92.45,1
170.91913557052612,89.14,1
