1.111464023590088,-2.17,0
2.3458127975463867,-2.28,0
3.55168080329895,-2.21,0
4.750073194503784,-2.21,0
5.947468996047974,-2.21,0
7.1502180099487305,-2.28,0
8.360021352767944,-2.31,0
9.56690526008606,-2.28,0
14.13822889328003,-0.03,1
15.550955295562744,490.0,1
16.96185803413391,231.07,1
18.300788164138794,39.21,1
19.639012813568115,-0.1,1
20.98521327972412,-1.72,1
22.396404504776,-1.52,1
23.740845441818237,-1.55,1
25.14293360710144,-1.34,1
26.568593740463257,-0.9,1
27.969231605529785,-0.93,1
29.319013357162476,-0.93,1
30.72782802581787,-1.03,1
32.141223192214966,-1.0,1
33.5483033657074,-0.97,1
34.900418281555176,-1.0,1
36.23336887359619,-0.97,1
37.65805721282959,-1.07,1
39.00124192237854,-1.1,1
40.33886456489563,-1.1,1
41.74702167510986,-1.21,1
43.098623514175415,-1.17,1
44.50916504859924,-1.21,1
45.85811972618103,-1.24,1
47.27263331413269,-1.28,1
48.68570017814636,-1.28,1
50.09491539001465,-1.38,1
51.44128108024597,-1.31,1
52.852609157562256,-1.38,1
54.18854093551636,-1.52,1
55.53367733955383,-1.38,1
56.87275290489197,-1.48,1
58.29464340209961,-1.41,1
59.70052886009216,-1.41,1
61.119080781936646,-1.38,1
62.530235052108765,-1.38,1
64.07580327987671,-1.45,1
65.49707460403442,-1.41,1
