1.1015098094940186,-1.66,0
2.3445663452148438,-1.76,0
3.5554192066192627,-1.72,0
4.761517524719238,-1.72,0
5.974647521972656,-1.76,0
7.187795162200928,-1.76,0
11.78108525276184,18.21,1
13.193446397781372,37.34,1
14.605585813522339,64.93,1
16.016991138458252,81.62,1
17.359885692596436,88.83,1
18.702974557876587,94.38,1
20.04318141937256,96.07,1
21.375826358795166,96.72,1
22.794872760772705,97.28,1
24.20557451248169,97.48,1
25.618205070495605,98.24,1
27.03488278388977,100.1,1
28.443658113479614,100.76,1
29.77586007118225,99.1,1
31.194178819656372,98.21,1
32.612088680267334,98.24,1
34.019010066986084,98.0,1
35.35479712486267,99.83,1
36.711320877075195,100.45,1
38.11667013168335,100.21,1
39.53429293632507,100.1,1
40.87261724472046,100.21,1
42.28920888900757,99.9,1
43.625566244125366,99.55,1
45.044411420822144,99.55,1
46.45610213279724,99.62,1
47.79917526245117,99.31,1
49.2071373462677,99.21,1
50.61661171913147,99.38,1
52.03001689910889,99.17,1
53.441227436065674,99.34,1
54.8580482006073,102.45,1
56.270270586013794,101.03,1
57.681742429733276,99.72,1
59.089022636413574,102.86,1
60.49500608444214,101.0,1
61.917222023010254,98.9,1
63.319974184036255,101.86,1
64.73986983299255,100.76,1
66.08347272872925,99.07,1
67.42662477493286,101.93,1
68.75968337059021,100.52,1
70.18299436569214,98.66,1
71.51160264015198,101.34,1
72.85778856277466,100.76,1
74.21045017242432,99.17,1
75.55461001396179,101.79,1
82.83457708358765,-5.59,0
84.15847659111023,-5.59,0
85.47380185127258,-7.55,0
86.77207517623901,4.24,0
88.13061690330505,0.69,0
89.43429851531982,-1.93,0
90.7434561252594,9.9,0
92.04961204528809,11.79,0
93.35566592216492,11.21,0
94.66483116149902,10.66,0
95.98039245605469,3.28,0
97.3362545967102,2.86,0
98.64619064331055,3.72,0
99.96440482139587,-4.28,0
101.2589807510376,-10.55,0
102.57243728637695,-8.03,0
103.8896312713623,-5.72,0
105.21135568618774,-5.66,0
106.52269291877747,-6.9,0
107.87253165245056,-6.45,0
109.19360518455505,-2.69,0
110.51052379608154,-2.03,0
111.82202458381653,-2.14,0
113.12529802322388,-1.83,0
114.43572092056274,-1.93,0
115.73904323577881,-2.52,0
117.07651424407959,-1.93,0
118.41881084442139,-1.93,0
119.72640299797058,-1.93,0
121.045818567276,-2.0,0
122.36215353012085,-2.0,0
123.67934608459473,-1.97,0
124.9942045211792,-1.97,0
126.31276822090149,-1.97,0
127.66793465614319,-1.93,0
132.25527906417847,24.79,1
133.67008209228516,43.48,1
135.08284521102905,70.45,1
136.49900555610657,80.28,1
137.8992166519165,89.52,1
139.31022119522095,94.45,1
140.72599506378174,96.17,1
142.13935112953186,100.21,1
143.5563976764679,101.34,1
144.96703267097473,101.14,1
146.3780825138092,99.59,1
147.78756952285767,98.59,1
149.20254707336426,100.03,1
150.61520648002625,100.66,1
152.02689695358276,99.21,1
153.42478823661804,98.55,1
154.85275554656982,98.14,1
156.26024770736694,99.69,1
157.66126084327698,98.28,1
159.07598996162415,97.79,1
160.49021649360657,97.48,1
161.8941478729248,96.79,1
163.3199121952057,96.79,1
164.73143100738525,99.34,1
166.07205891609192,99.83,1
167.47514843940735,99.9,1
168.82894015312195,99.97,1
170.15762305259705,99.97,1
171.516268491745,99.79,1
172.85991168022156,99.86,1
174.2706024646759,99.59,1
175.61557626724243,99.45,1
177.0274715423584,99.52,1
178.35822224617004,103.07,1
179.71323084831238,101.31,1
181.11248803138733,99.76,1
182.53820824623108,99.38,1
183.9438874721527,99.41,1
185.28888249397278,99.17,1
186.6980583667755,99.17,1
188.04285144805908,99.03,1
189.38685607910156,99.07,1
190.72089171409607,98.97,1
192.14577174186707,98.69,1
193.48455929756165,98.9,1
194.8321681022644,98.83,1
196.1717083454132,99.1,1
203.49513483047485,1.83,0
204.7957193851471,1.83,0
206.0928599834442,1.83,0
207.39860105514526,1.79,0
208.7118103504181,1.83,0
210.0266752243042,1.83,0
211.3360526561737,1.83,0
212.68220949172974,1.83,0
213.98992276191711,-22.69,0
215.29877376556396,-15.1,0
216.61074209213257,-3.21,0
217.91114258766174,-2.66,0
219.20958709716797,-2.21,0
220.51692366600037,-2.21,0
221.83737468719482,-2.14,0
223.17326998710632,-2.07,0
224.48542022705078,-2.03,0
225.79872751235962,-1.97,0
227.09324073791504,-2.0,0
228.40188837051392,-2.03,0
229.71696519851685,-1.97,0
231.02272725105286,-1.93,0
232.32619738578796,-2.1,0
233.68082118034363,-1.97,0
234.97961616516113,-1.97,0
236.28689813613892,-1.9,0
237.59755778312683,-1.97,0
238.90389394760132,-1.9,0
240.21404933929443,-1.97,0
241.53172540664673,-2.03,0
242.84592652320862,-1.9,0
244.18376183509827,-2.0,0
245.4982488155365,-1.97,0
246.80639910697937,-1.97,0
248.10417914390564,-2.0,0
252.68785190582275,21.93,1
254.10406517982483,44.28,1
255.52344870567322,69.55,1
256.9358308315277,82.72,1
258.3343381881714,88.83,1
259.7524461746216,93.21,1
261.1642770767212,95.55,1
262.57233691215515,99.62,1
263.98168325424194,101.14,1
265.40195298194885,100.55,1
266.80963134765625,100.55,1
268.2319211959839,100.38,1
269.5767648220062,99.86,1
270.98332381248474,99.97,1
272.330504655838,99.83,1
273.73680448532104,99.79,1
275.14538645744324,99.69,1
276.5640048980713,99.38,1
277.9629006385803,99.62,1
279.38547372817993,99.21,1
280.7856373786926,102.86,1
282.2065644264221,100.72,1
283.6254804134369,99.83,1
285.0244605541229,99.38,1
286.4462454319,99.55,1
287.8479163646698,99.14,1
289.2647614479065,99.1,1
290.68273091316223,99.28,1
292.08173871040344,98.72,1
293.50169825553894,98.41,1
294.90782260894775,98.48,1
296.328400850296,102.0,1
297.7347011566162,99.83,1
299.1464560031891,102.62,1
300.56571769714355,100.9,1
301.9727153778076,99.0,1
303.3885507583618,98.55,1
304.8014290332794,98.52,1
306.20595836639404,98.21,1
307.6239380836487,98.52,1
309.0347955226898,98.86,1
310.44515681266785,99.07,1
311.84775853157043,98.1,1
313.2696578502655,98.55,1
314.679062128067,98.45,1
316.09379982948303,98.52,1
323.3826150894165,1.45,0
324.693213224411,1.52,0
325.9931571483612,1.48,0
327.2953722476959,1.55,0
328.6348867416382,1.45,0
329.95748138427734,1.52,0
331.2539613246918,1.52,0
332.5495934486389,-9.24,0
333.86096715927124,-8.79,0
335.17351770401,-3.86,0
336.4809272289276,-2.38,0
337.78916239738464,-2.97,0
339.12453627586365,-2.1,0
340.4279351234436,-2.07,0
341.7448511123657,-2.0,0
343.0468752384186,-2.0,0
344.350221157074,-2.07,0
345.66124057769775,-1.86,0
346.9605062007904,-2.0,0
348.2821161746979,-2.03,0
349.61807918548584,-2.0,0
350.9241714477539,-2.07,0
352.22886061668396,-2.0,0
353.566698551178,-1.97,0
354.9872121810913,-1.97,0
356.30044531822205,-1.97,0
357.71992588043213,-1.93,0
359.11755537986755,-1.9,0
360.5965118408203,-1.97,0
361.914920091629,-1.97,0
363.3057961463928,-2.03,0
364.7116994857788,-2.0,0
366.0275092124939,-1.97,0
367.45940494537354,-1.97,0
372.1744661331177,22.41,1
373.6587519645691,47.93,1
375.2139894962311,77.52,1
376.68851590156555,87.83,1
378.1674540042877,93.62,1
379.6488103866577,98.45,1
381.1227777004242,99.79,1
382.548864364624,97.24,1
383.95768427848816,97.14,1
385.36586356163025,96.86,1
386.77312755584717,96.76,1
388.11781549453735,98.72,1
389.53771352767944,99.14,1
390.9403257369995,99.14,1
392.362056016922,98.97,1
393.767386674881,98.55,1
395.17612075805664,98.9,1
396.59617161750793,98.86,1
398.00787448883057,99.0,1
399.41305327415466,99.72,1
400.83108472824097,98.83,1
402.16301369667053,98.41,1
403.58593130111694,98.83,1
404.98840951919556,99.1,1
406.39435601234436,102.1,1
407.81682562828064,100.59,1
409.2286012172699,102.76,1
410.6280870437622,100.21,1
412.0504274368286,99.24,1
413.46659779548645,101.28,1
414.8752405643463,99.31,1
416.2891571521759,98.72,1
417.6917736530304,100.93,1
419.1038193702698,99.31,1
420.5230851173401,99.41,1
421.86913776397705,97.1,1
423.2728464603424,97.07,1
424.61599493026733,97.59,1
426.10118532180786,97.69,1
427.51143622398376,100.45,1
428.99836826324463,99.28,1
430.4786810874939,98.03,1
431.95568656921387,97.76,1
433.3633542060852,97.31,1
434.7733383178711,96.72,1
436.2516951560974,96.66,1
443.6888132095337,0.83,0
445.0604500770569,0.79,0
446.38342785835266,0.9,0
447.69089126586914,0.93,0
449.0089349746704,0.83,0
450.3178505897522,0.86,0
451.6364040374756,-21.03,0
452.9257583618164,-13.41,0
454.247677564621,-3.0,0
455.5904014110565,-1.59,0
456.90103673934937,-1.93,0
458.2168822288513,-2.14,0
459.5293884277344,-2.03,0
460.8398196697235,-2.0,0
462.1512372493744,-2.0,0
463.4696834087372,-1.93,0
464.7760982513428,-1.9,0
466.1201345920563,-2.0,0
467.4372675418854,-2.0,0
468.73934268951416,-1.97,0
470.051221370697,-2.0,0
471.35733675956726,-1.9,0
472.6688141822815,-1.93,0
473.98195910453796,-1.9,0
475.2920060157776,-1.86,0
476.6255874633789,-1.9,0
477.9379060268402,-1.97,0
479.2523868083954,-1.97,0
480.5918667316437,-1.93,0
481.8991894721985,-1.86,0
483.2043263912201,-1.97,0
484.5312387943268,-2.03,0
485.829895734787,-1.9,0
487.17827463150024,-2.0,0
488.4912176132202,-1.93,0
493.066025018692,20.45,1
494.4814774990082,40.34,1
495.8926887512207,64.76,1
497.2979280948639,78.31,1
498.71104621887207,87.62,1
500.12416768074036,93.24,1
501.5461881160736,98.14,1
502.95608949661255,99.76,1
504.36400866508484,100.48,1
505.78345108032227,100.14,1
507.18605279922485,99.97,1
508.6071858406067,99.69,1
510.0130500793457,99.76,1
511.4292116165161,99.69,1
512.767245054245,99.28,1
514.1711227893829,99.38,1
515.5954184532166,98.76,1
516.9989941120148,99.03,1
518.3457250595093,99.07,1
519.762197971344,99.38,1
521.0964365005493,99.45,1
522.5136184692383,102.31,1
523.9297711849213,100.34,1
525.3286800384521,102.45,1
526.7372117042542,100.41,1
528.1543102264404,99.21,1
529.575722694397,99.93,1
530.9749474525452,99.83,1
532.4000499248505,102.62,1
533.8080441951752,100.76,1
535.2234344482422,98.38,1
536.6253323554993,98.83,1
538.0442638397217,98.86,1
539.4515681266785,102.45,1
540.8645586967468,100.79,1
542.2795641422272,98.86,1
543.6907088756561,98.79,1
545.0944185256958,99.14,1
546.5119724273682,101.48,1
547.9252772331238,99.9,1
549.3398177623749,102.03,1
550.7405774593353,100.86,1
552.1653072834015,102.34,1
553.5723683834076,100.48,1
554.9877915382385,98.41,1
556.3989765644073,98.55,1
563.6991198062897,0.59,0
565.0113694667816,0.52,0
566.342485666275,0.55,0
567.651627779007,0.55,0
568.9562056064606,0.55,0
570.2725114822388,0.48,0
571.6297905445099,-0.66,0
572.9352271556854,-18.76,0
574.2581310272217,-3.31,0
575.5627546310425,-1.9,0
576.8856122493744,-1.1,0
578.2086129188538,-2.0,0
579.5247659683228,-1.9,0
580.8512706756592,-1.93,0
582.2061252593994,-1.9,0
583.5328085422516,-1.86,0
