1.1058900356292725,6.31,0
2.3511593341827393,6.34,0
3.557340383529663,6.34,0
4.772449016571045,6.45,0
5.988079071044922,5.66,0
7.204662799835205,-14.21,0
11.774286270141602,15.07,1
13.187426567077637,24.07,1
14.601012468338013,35.48,1
16.01376223564148,39.52,1
17.417001724243164,40.76,1
18.76300549507141,44.38,1
20.11366295814514,41.03,1
21.44577980041504,38.28,1
22.80049467086792,38.52,1
24.14146876335144,19.07,1
25.54288148880005,30.76,1
26.959420204162598,38.38,1
28.375407457351685,43.69,1
29.78527331352234,99.83,1
31.194985151290894,83.52,1
32.612945318222046,0.83,1
34.02460980415344,39.28,1
35.36429286003113,45.52,1
36.71150517463684,40.76,1
38.1160032749176,19.41,1
39.53424620628357,42.86,1
40.87534499168396,26.62,1
42.28178834915161,32.52,1
43.63558316230774,30.1,1
44.97662281990051,49.41,1
46.391141176223755,43.48,1
47.7218074798584,35.07,1
49.14152979850769,-118.38,1
50.55542039871216,-53.69,1
51.96477246284485,0.34,1
53.36972689628601,8.21,1
54.79200315475464,8.03,1
56.21120762825012,10.55,1
57.61481857299805,11.07,1
59.025142669677734,11.93,1
60.445478200912476,10.45,1
61.85360598564148,11.24,1
63.267202615737915,11.62,1
64.67031121253967,11.97,1
66.09782719612122,9.9,1
67.50459313392639,10.48,1
68.85663557052612,9.9,1
70.19717311859131,7.97,1
71.61461758613586,9.14,1
72.95336723327637,8.07,1
74.3014829158783,7.48,1
75.64269065856934,7.21,1
76.98455572128296,6.79,1
78.40136289596558,8.21,1
79.74728584289551,7.34,1
81.1563036441803,8.76,1
82.57272410392761,8.41,1
83.97676181793213,8.34,1
85.38962244987488,8.45,1
86.80836653709412,8.38,1
88.22671413421631,7.72,1
89.6337833404541,44.93,1
90.97091555595398,46.24,1
92.3937475681305,18.79,1
93.80925059318542,11.41,1
95.14900350570679,8.45,1
96.49266362190247,6.66,1
97.89675307273865,6.62,1
99.25446653366089,11.24,1
100.59711933135986,7.86,1
102.00174570083618,7.34,1
103.4156551361084,7.17,1
104.76037645339966,6.0,1
106.17977571487427,5.97,1
107.58715009689331,1.86,1
109.0067970752716,0.97,1
110.4121925830841,-0.41,1
111.83288884162903,-0.62,1
113.17360925674438,-0.97,1
114.58022785186768,-1.28,1
115.93435668945312,-1.1,1
117.34354305267334,-1.52,1
118.75828194618225,-1.38,1
120.30266904830933,-1.52,1
121.71956133842468,-1.45,1
