1.114938497543335,6.21
2.3262689113616943,6.21
3.5612447261810303,6.21
4.766424179077148,6.1
9.340866327285767,1.76
10.68508005142212,1.69
12.031473398208618,1.72
13.445950746536255,1.72
14.847941875457764,1.66
16.270808935165405,1.69
17.603644609451294,1.76
18.95892834663391,1.76
20.29755735397339,1.72
21.702455759048462,1.72
23.05205774307251,1.86
24.403494834899902,1.79
25.743767976760864,5.72
27.160742044448853,3.55
28.49673366546631,2.66
29.91275978088379,11.28
31.327455282211304,14.28
32.73295021057129,5.72
34.080252170562744,11.45
35.42501258850098,4.69
36.76738905906677,11.52
38.180219411849976,5.66
39.591028690338135,3.41
41.003724575042725,10.97
42.414226770401,5.72
43.82884907722473,11.45
45.178778409957886,5.72
46.59554648399353,3.69
47.996119022369385,3.1
49.409793853759766,2.86
50.82939028739929,11.79
52.2434401512146,13.1
53.64319944381714,13.48
55.069146156311035,13.55
56.47654175758362,13.45
57.89697551727295,14.38
59.29503679275513,5.83
60.71137285232544,3.31
62.12685441970825,2.79
63.541226863861084,11.41
64.95187544822693,13.31
66.36807322502136,5.72
67.77679109573364,3.45
69.19428944587708,3.14
70.60705304145813,11.41
72.01633548736572,11.17
73.35727715492249,15.1
74.76901602745056,14.34
76.18052673339844,6.41
77.59814190864563,12.83
78.9376962184906,5.72
80.3619122505188,11.62
81.77564716339111,4.86
83.1857361793518,13.14
84.5988450050354,14.72
86.01193809509277,14.21
87.41641736030579,14.62
88.83198070526123,7.24
90.24821591377258,13.72
91.65694618225098,13.34
93.07813787460327,5.45
94.48835372924805,12.52
95.90033411979675,15.14
97.31681299209595,6.55
98.65126061439514,12.17
100.06268548965454,14.97
101.4780592918396,14.48
102.8829939365387,12.55
104.30064630508423,5.62
105.71990013122559,12.14
107.12763547897339,4.86
108.54306530952454,3.76
109.89135384559631,11.83
111.30440711975098,4.45
112.71710252761841,3.38
114.12007522583008,12.79
115.53936338424683,12.07
116.94922304153442,13.72
118.36706233024597,13.66
119.77883267402649,5.41
121.19066977500916,13.79
122.6016366481781,14.24
124.01310229301453,5.97
125.433030128479,3.0
126.84697937965393,11.48
128.2595431804657,12.83
129.6722011566162,13.62
131.0850009918213,5.48
132.49433875083923,12.59
133.89626955986023,5.45
135.3181447982788,3.07
136.73003101348877,2.45
138.14651012420654,2.24
139.5567750930786,10.86
140.9752175807953,11.86
142.37555384635925,4.79
143.7921211719513,3.52
145.20548844337463,11.72
146.61568117141724,14.45
148.0280466079712,5.62
149.44577598571777,3.17
150.8577401638031,2.48
152.26890301704407,2.03
153.6886899471283,2.0
155.10459733009338,9.48
156.5054931640625,4.52
157.92705178260803,10.28
159.33829522132874,13.9
160.67717695236206,13.93
162.01619505882263,6.03
163.36372089385986,11.38
164.77369284629822,14.62
166.128315448761,13.03
167.54210305213928,13.45
168.88545060157776,13.48
170.22876858711243,5.83
171.5671889781952,12.41
172.9786331653595,14.24
174.32522201538086,14.59
175.73417806625366,16.07
177.07265377044678,15.97
178.4871003627777,14.93
179.83767986297607,5.86
181.2569878101349,3.07
182.59270429611206,11.14
184.00408411026,4.66
185.34420132637024,11.79
186.76833534240723,4.48
188.11588835716248,2.93
189.51479816436768,10.66
190.92915844917297,12.72
192.3515269756317,5.66
193.76369667053223,11.03
195.17698168754578,13.69
196.59170484542847,13.21
197.9925446510315,14.93
199.41676545143127,15.9
200.81907987594604,15.48
202.23716115951538,14.62
203.645001411438,14.55
204.99658012390137,14.93
206.4128119945526,14.1
207.74578189849854,5.07
209.1589276790619,11.1
210.5682282447815,14.07
211.98320174217224,13.72
213.40600562095642,14.45
214.73866820335388,5.0
216.14869952201843,12.0
217.55987429618835,13.0
218.90590023994446,14.1
220.32196831703186,4.83
221.73460030555725,10.38
223.1577970981598,12.45
224.57108569145203,14.1
225.97003769874573,14.55
227.39504742622375,13.62
228.7949001789093,5.03
230.20601725578308,3.03
231.61885452270508,11.55
233.04075694084167,13.72
234.45485615730286,13.66
235.8674454689026,14.17
237.28215050697327,4.86
238.69724106788635,2.1
240.1009247303009,8.79
241.52188658714294,3.07
242.92202043533325,10.28
244.33812022209167,3.62
245.760822057724,2.1
247.1603021621704,10.28
248.586918592453,3.62
249.9869749546051,10.66
251.40071630477905,12.1
252.82032179832458,5.03
254.23707151412964,3.14
255.64219331741333,1.97
257.06297421455383,1.83
258.47671699523926,9.52
259.8883171081543,4.17
261.28985571861267,9.93
262.7025725841522,3.86
264.11558532714844,11.17
265.53193736076355,4.0
266.9409906864166,1.97
268.3608753681183,10.55
269.77674770355225,11.79
271.1898877620697,3.76
272.59184312820435,10.14
279.9756700992584,-0.48
281.2927255630493,-0.59
282.623774766922,-0.38
283.9278829097748,-0.52
285.24596667289734,-0.52
286.55995988845825,-0.69
287.88826060295105,-0.66
289.20294213294983,-0.59
293.8368525505066,164.52
295.2355694770813,205.41
296.6481990814209,216.9
298.0747084617615,217.83
299.4853596687317,210.48
300.8923542499542,189.59
302.3089723587036,158.79
303.7139399051666,142.83
305.12753677368164,124.86
306.54038977622986,109.76
307.9531018733978,93.41
315.24738812446594,-1.45
316.5704758167267,-1.59
317.88011026382446,-1.66
319.1868405342102,-1.55
320.5365343093872,-1.55
321.8394856452942,-1.66
323.133181810379,-1.66
324.4324789047241,-1.62
329.0359740257263,163.07
330.44603157043457,206.97
331.8439416885376,213.9
333.26547145843506,217.1
334.6008903980255,215.86
336.02472472190857,199.79
337.3611922264099,181.72
338.7091681957245,172.45
340.04499673843384,150.34
341.39219069480896,136.28
342.79452180862427,124.48
350.1089129447937,-4.41
351.42797899246216,-4.28
352.78108263015747,-4.14
354.067658662796,-3.97
355.3805899620056,-3.9
356.69493222236633,-3.86
357.98862385749817,-3.66
359.3427369594574,-3.66
363.9258472919464,164.72
365.328830242157,203.62
366.73972821235657,226.21
368.1534266471863,231.69
369.5033025741577,212.31
370.91051602363586,56.83
372.248211145401,-2.62
373.6612310409546,161.72
375.0707941055298,237.41
376.42337584495544,212.9
377.8354561328888,179.14
379.24641013145447,161.14
386.53051590919495,-1.76
387.84657979011536,-1.79
389.1489562988281,-1.83
390.44986176490784,-1.83
391.76480293273926,-1.83
393.08151745796204,-1.79
394.4183039665222,-1.83
395.7302029132843,-1.79
400.3237488269806,168.28
401.7348048686981,273.59
403.13206219673157,264.72
404.5575911998749,226.45
405.8984000682831,232.14
407.31320452690125,227.31
408.7247631549835,209.34
410.13674449920654,190.55
411.5492100715637,173.48
418.8559100627899,1.41
420.1635437011719,1.45
421.4755735397339,1.45
422.7793436050415,1.41
424.0901155471802,1.48
425.43931770324707,1.48
426.7576584815979,1.48
428.0658435821533,1.45
429.27696657180786,1.55
430.49374556541443,1.52
