1.11958909034729,-0.97
2.3285226821899414,-1.0
3.569145679473877,-1.0
4.771918058395386,-1.1
5.971122980117798,-1.0
10.574825525283813,78.79
11.993887662887573,75.48
13.406822681427002,65.66
14.819936037063599,61.69
16.222655296325684,60.14
17.573277235031128,59.9
18.920623779296875,59.31
20.25574254989624,59.14
21.675522089004517,58.79
23.075883388519287,58.66
24.495468139648438,58.52
25.898651838302612,59.0
27.316537618637085,59.21
28.721585273742676,58.9
30.14632821083069,56.59
31.551421642303467,53.38
32.96289944648743,51.34
34.310404539108276,50.69
35.65733289718628,49.62
37.05913972854614,47.28
38.40601897239685,46.41
39.75257849693298,44.45
41.164408445358276,43.21
42.5685076713562,42.07
43.98662257194519,40.28
45.38649940490723,39.17
46.803025245666504,38.03
48.210949182510376,37.14
49.629308223724365,35.76
51.04535222053528,34.83
52.45000958442688,34.0
53.85948872566223,33.03
55.27736520767212,31.97
56.68734908103943,31.86
58.0989887714386,30.72
59.50647449493408,28.97
60.92053174972534,28.45
62.32794642448425,26.97
63.73664999008179,27.0
65.07810282707214,26.48
66.49512314796448,26.1
67.90823364257812,25.38
69.32288336753845,24.31
70.66699886322021,24.59
72.00619745254517,23.21
73.34475779533386,23.24
74.69648933410645,23.21
76.09802079200745,22.45
77.52112150192261,22.14
78.86468124389648,21.97
80.27923035621643,20.86
81.69119572639465,20.86
83.09090638160706,20.1
84.51207780838013,19.93
85.92305588722229,19.41
87.33541202545166,19.34
88.75131297111511,18.76
90.16443181037903,18.59
91.57671976089478,18.14
92.99077701568604,17.69
94.38958549499512,17.69
95.74479842185974,16.79
97.15245056152344,16.17
98.49700164794922,16.45
99.91657447814941,15.97
101.32507658004761,15.59
102.72693228721619,15.79
104.15056157112122,15.28
105.55124974250793,14.69
106.97183775901794,15.03
108.38672971725464,14.69
109.79280400276184,14.28
111.21545553207397,14.59
112.62734413146973,13.76
114.03960967063904,14.0
115.45250844955444,13.45
116.85807967185974,13.62
118.27264761924744,13.59
119.68862628936768,12.86
121.10245728492737,13.1
122.519362449646,12.69
123.93083429336548,12.79
125.34572052955627,12.86
126.68570065498352,12.41
128.09406113624573,12.07
129.5082459449768,12.55
130.92452096939087,12.55
132.26115155220032,12.28
133.67452192306519,11.79
135.08942079544067,11.9
136.50491952896118,11.79
137.91672921180725,11.31
139.33657217025757,11.41
140.7471477985382,11.59
142.1622121334076,11.59
143.56184220314026,11.59
144.977609872818,11.66
146.39157676696777,10.41
147.80670595169067,11.38
149.21500205993652,11.24
150.62762594223022,11.48
152.0424885749817,10.62
153.45758366584778,10.62
154.8730685710907,10.93
156.28145909309387,10.38
157.69245958328247,10.59
159.11263465881348,10.83
160.45731449127197,10.97
161.86333560943604,10.97
163.21711468696594,10.93
164.62637329101562,10.72
165.96793031692505,10.31
167.30532264709473,10.21
168.65985870361328,10.62
170.06312108039856,10.55
171.4034082889557,10.41
172.81660079956055,10.48
174.1657600402832,10.52
175.58599162101746,10.52
176.9232633113861,10.45
178.2750415802002,10.66
179.61440134048462,10.59
181.03007793426514,10.48
182.362779378891,10.93
183.70820808410645,10.76
185.13117003440857,10.62
186.54316425323486,10.59
187.88104033470154,9.21
189.29879879951477,9.14
190.6428816318512,9.1
192.04598760604858,9.07
193.4653196334839,9.07
194.8743302822113,8.97
196.29257655143738,9.17
197.701669216156,9.55
199.04685831069946,9.48
200.4669394493103,9.52
201.874498128891,9.62
203.2892038822174,9.52
204.69426774978638,9.59
206.1153223514557,9.41
207.5236611366272,9.34
208.93127536773682,8.93
210.28773283958435,9.69
211.6864230632782,9.03
213.03457951545715,9.9
214.45153522491455,10.03
215.86843991279602,10.45
217.2770266532898,10.76
218.6267454624176,10.41
219.97163128852844,10.97
221.37805795669556,10.83
222.7854928970337,10.97
224.14182353019714,10.62
225.5476267337799,10.86
226.96288323402405,10.45
228.37669372558594,11.21
229.78442311286926,10.93
231.20392417907715,10.83
232.61765050888062,10.21
234.03268194198608,10.31
235.37296748161316,10.93
236.78311276435852,11.21
238.19262647628784,10.24
239.60191893577576,10.38
241.01652455329895,9.76
242.43444752693176,10.17
243.84044408798218,10.86
245.26394081115723,10.86
246.6666443347931,10.48
248.08436608314514,9.62
249.50005173683167,10.72
250.91579699516296,9.97
252.2523753643036,9.86
253.67074990272522,9.86
255.0850281715393,9.76
256.50107884407043,10.03
257.83155369758606,10.03
259.24800658226013,10.14
260.66694378852844,10.14
262.0742356777191,10.03
263.4932930469513,10.14
264.9000868797302,10.21
266.3182647228241,10.07
267.7349762916565,10.1
269.14560890197754,10.0
270.5485713481903,8.66
271.9668183326721,9.28
273.37894678115845,9.45
274.7848505973816,9.38
276.20187997817993,9.31
277.54950499534607,9.93
278.95348072052,9.31
280.3661801815033,9.17
281.7843589782715,10.0
283.2070119380951,9.48
284.6164810657501,9.34
286.0193119049072,9.9
287.43110704421997,9.34
288.8461186885834,9.62
290.265367269516,9.52
291.674533367157,9.83
293.0921947956085,9.55
294.49223804473877,9.52
295.917644739151,10.0
297.33160305023193,9.59
298.7407193183899,9.31
300.157354593277,9.97
301.56662034988403,10.76
302.9695394039154,8.79
304.39160799980164,9.45
305.798499584198,9.48
307.2149064540863,9.62
308.6318621635437,9.52
310.043612241745,9.41
311.45718359947205,9.48
312.86092257499695,10.97
314.2837371826172,9.31
315.69394993782043,9.41
317.09751415252686,9.52
318.50952911376953,9.86
319.85792899131775,9.69
321.2095203399658,9.59
322.55183815956116,9.62
323.89833188056946,10.72
325.31343722343445,10.79
326.6408302783966,10.34
328.0569133758545,10.59
329.4712290763855,9.9
330.81800270080566,10.55
332.15709042549133,9.31
333.5086908340454,9.38
334.8477659225464,9.34
336.19681763648987,9.45
337.6074306964874,9.59
338.9528954029083,9.59
340.3626220226288,9.52
341.77240657806396,9.66
343.1835868358612,9.59
344.6112883090973,9.48
