1.1187968254089355,-1.45,0
2.3559019565582275,-1.52,0
3.5618653297424316,-1.55,0
4.759010076522827,-1.48,0
9.335197925567627,1100.0,1
10.677917718887329,1098.0,1
12.089564800262451,450.72,1
19.37635636329651,0.14,0
20.68578815460205,0.17,0
22.029356479644775,0.14,0
23.318286180496216,0.17,0
24.623535633087158,0.17,0
25.92922282218933,0.24,0
27.234591245651245,0.24,0
28.548917770385742,0.24,0
29.852566480636597,0.14,0
31.156256914138794,0.28,0
32.50633478164673,0.28,0
33.81263709068298,0.24,0
35.112966775894165,0.24,0
36.40759897232056,0.17,0
37.71089792251587,0.34,0
39.001118659973145,0.31,0
43.58742928504944,6.97,1
44.94185948371887,34.17,1
46.34260177612305,52.07,1
47.69951510429382,57.03,1
49.03745198249817,57.72,1
50.37724709510803,57.45,1
51.78669857978821,57.55,1
53.141435861587524,63.48,1
54.54345750808716,58.69,1
55.89498496055603,63.62,1
57.29488468170166,58.45,1
58.70954418182373,64.0,1
60.13143706321716,65.24,1
