1.1129698753356934,-2.48,0
2.3505160808563232,-2.48,0
3.556567668914795,-2.45,0
4.75768256187439,-2.41,0
9.33694338798523,-2.41,1
10.749040842056274,-2.45,1
12.152782917022705,-2.48,1
13.566373109817505,-2.52,1
14.987024545669556,-2.45,1
16.390281438827515,-2.45,1
17.74250102043152,-2.45,1
19.157556295394897,-2.41,1
20.499818086624146,-2.34,1
21.906692504882812,-2.41,1
23.318738222122192,-2.41,1
24.6697735786438,-2.48,1
26.07560658454895,-2.48,1
27.4905047416687,-2.31,1
28.90651035308838,-2.45,1
30.322765827178955,-2.28,1
31.736117601394653,-2.45,1
33.13299012184143,-2.52,1
