1.0963304042816162,-1.28,0
2.336059331893921,-1.24,0
3.545074939727783,-1.38,0
4.74803352355957,-1.31,0
9.32323408126831,0.41,1
10.666229009628296,0.21,1
12.078301668167114,0.38,1
13.47623586654663,0.48,1
14.888891220092773,1.24,1
16.31563687324524,1.72,1
17.72645616531372,5.86,1
19.138343811035156,11.83,1
20.47155261039734,16.86,1
21.897429704666138,24.21,1
23.229076385498047,24.48,1
24.584468126296997,28.17,1
25.99115562438965,29.83,1
27.405723333358765,33.17,1
28.826717138290405,37.48,1
30.229273796081543,40.28,1
31.652771472930908,40.0,1
33.055179595947266,39.97,1
34.47579336166382,33.21,1
35.81176567077637,29.24,1
37.149359941482544,32.48,1
38.572956800460815,32.83,1
39.90476846694946,30.34,1
41.25350832939148,36.31,1
42.6038556098938,36.34,1
43.93750071525574,33.0,1
45.28579831123352,31.52,1
46.622098207473755,29.03,1
48.041553258895874,33.0,1
49.44505047798157,24.28,1
50.86922860145569,28.66,1
52.279391288757324,33.21,1
53.693100929260254,34.76,1
55.109607219696045,32.72,1
56.519083976745605,34.45,1
57.922659158706665,38.48,1
59.337039947509766,43.55,1
60.68536114692688,40.79,1
62.09612202644348,33.31,1
63.50790286064148,27.62,1
64.92025113105774,26.52,1
66.2563214302063,17.72,1
67.6118803024292,17.1,1
68.9556987285614,18.69,1
70.3648009300232,21.38,1
71.7032585144043,22.93,1
73.12103366851807,23.9,1
74.46164131164551,19.45,1
75.80843234062195,21.9,1
77.14676332473755,15.17,1
78.4942524433136,10.86,1
79.84327912330627,8.55,1
81.25117659568787,8.9,1
82.60084986686707,0.52,1
84.01340985298157,12.38,1
85.42221450805664,16.93,1
86.83769917488098,20.03,1
88.24682092666626,23.17,1
89.65791702270508,22.38,1
91.07900381088257,52.97,1
92.49110102653503,89.41,1
93.82970070838928,81.38,1
95.23602080345154,88.97,1
96.64825177192688,66.38,1
98.06483817100525,61.07,1
99.47436594963074,35.38,1
100.88370251655579,31.45,1
102.29757857322693,22.24,1
103.71920871734619,27.9,1
105.05504083633423,31.03,1
106.47484874725342,-111.59,1
107.88865494728088,91.41,1
109.29499697685242,1.38,1
110.69932436943054,-0.45,1
112.05545377731323,3.93,1
113.45950818061829,3.31,1
114.88479852676392,3.52,1
116.29350066184998,3.55,1
117.7106065750122,3.66,1
119.11484622955322,3.66,1
120.53598880767822,3.59,1
121.94765496253967,3.55,1
123.36006021499634,3.59,1
124.76683926582336,3.59,1
126.18392395973206,3.52,1
127.59781980514526,3.59,1
129.01083040237427,3.76,1
130.4221315383911,3.55,1
131.83708333969116,3.41,1
133.24660730361938,3.48,1
134.6543276309967,3.62,1
136.07436227798462,3.55,1
137.47563815116882,3.62,1
138.89636707305908,3.59,1
140.30652976036072,3.34,1
141.65298914909363,3.62,1
143.06324911117554,3.69,1
