1.1120338439941406,-1.45,0
2.3427035808563232,-1.52,0
3.5521035194396973,-1.52,0
4.746422052383423,-1.48,0
5.942900657653809,-1.59,0
7.169178009033203,-1.62,0
8.374198913574219,-1.59,0
9.584675788879395,-1.59,0
10.791911602020264,-1.62,0
12.046276092529297,-1.48,0
13.265694856643677,-1.59,0
14.477109670639038,-1.48,0
17.69381070137024,-1.24,0
18.91344380378723,-1.28,0
20.119466066360474,-1.21,0
21.324479341506958,-1.34,0
22.53188419342041,-1.21,0
23.761930465698242,-1.28,0
24.965969562530518,-1.31,0
26.182662963867188,-1.17,0
29.393941164016724,0.48,0
30.599379301071167,22.72,0
31.828290462493896,35.55,0
33.02727222442627,44.69,0
36.22221779823303,58.55,0
39.488553524017334,77.97,0
44.69717264175415,178.69,0
45.897300004959106,201.69,0
47.09356117248535,223.07,0
48.30661082267761,241.62,0
49.50095748901367,260.28,0
50.705158948898315,275.52,0
51.949336767196655,293.31,0
53.147488594055176,306.0,0
54.3579888343811,322.21,0
55.57314705848694,334.66,0
56.7889723777771,345.31,0
58.005744218826294,359.62,0
59.21635627746582,370.0,0
60.42925810813904,378.03,0
61.682756662368774,390.79,0
62.906062841415405,400.45,0
64.11917972564697,407.97,0
65.3146743774414,22.55,0
66.51810717582703,1.03,0
67.72145318984985,-3.31,0
68.92788887023926,-3.93,0
70.12051248550415,-4.28,0
71.36022233963013,-4.59,0
72.55733489990234,-4.79,0
73.75443696975708,-4.34,0
74.96839642524719,-3.76,0
76.16435217857361,-3.07,0
77.3646469116211,-2.76,0
78.56938290596008,-2.41,0
79.77371168136597,-1.97,0
81.00964403152466,-1.9,0
82.22481441497803,-1.79,0
83.43094086647034,-1.86,0
84.64225888252258,-1.69,0
85.83949136734009,-1.72,0
87.04814624786377,-1.66,0
88.26486921310425,-1.66,0
89.49703645706177,-1.69,0
90.71860456466675,-1.62,0
91.93594026565552,-1.62,0
