1.1030747890472412,-2.0
2.3462512493133545,-2.03
3.55877685546875,-2.1
4.767685174942017,-1.97
5.986880779266357,-2.03
10.563631296157837,109.07
11.974987030029297,26.34
13.38721227645874,-2.1
14.797530889511108,-1.69
16.198675394058228,263.52
17.54820418357849,-1.0
18.968824863433838,-1.34
20.31003451347351,0.69
21.718528985977173,-1.41
23.0676052570343,-5.0
24.412163496017456,47.62
25.75253462791443,-1.79
27.154300689697266,1.69
28.56616234779358,2.07
29.99029040336609,1.55
31.389030933380127,1.41
32.80558371543884,1.45
34.15675616264343,1.76
35.50327801704407,0.55
36.84925389289856,0.55
38.261157751083374,0.0
39.59786534309387,0.24
40.9491331577301,-0.52
42.29008340835571,-0.28
43.63072228431702,-1.59
45.04709053039551,-1.59
46.393736124038696,-1.48
47.79451537132263,-1.62
49.21678137779236,-1.72
50.627227783203125,-1.79
52.03935384750366,-1.97
53.44985318183899,-1.83
54.86016249656677,-1.9
56.27318716049194,-1.97
57.68792653083801,-1.86
59.10516166687012,-2.0
60.52000164985657,-1.93
61.93458390235901,-1.86
63.34687781333923,-1.83
64.7588038444519,-1.97
66.09621453285217,-1.9
67.50466275215149,-2.03
68.92806696891785,-1.93
70.27311515808105,0.69
71.61585307121277,9.62
73.02829718589783,6.72
74.4404525756836,15.83
75.85404419898987,3.31
77.26554703712463,0.28
78.67799687385559,-0.21
80.08971619606018,-0.24
81.5033311843872,-0.14
82.91441416740417,106.76
84.32351398468018,941.86
85.7411425113678,784.59
87.08041048049927,793.1
88.48675012588501,436.62
89.84191131591797,279.45
91.25153756141663,194.79
92.66206383705139,149.03
94.06164693832397,111.55
95.4779462814331,93.17
96.88972687721252,131.31
98.30343174934387,98.14
99.71657490730286,100.66
101.12705874443054,104.79
102.4761290550232,134.9
103.88299369812012,99.41
105.29868030548096,101.62
106.70449376106262,133.69
108.11476349830627,98.86
109.53236699104309,103.66
110.94160509109497,101.66
112.3451623916626,102.55
113.76062250137329,131.93
115.1751492023468,110.72
116.57860112190247,90.93
117.9899492263794,129.72
119.40612959861755,97.45
120.82147741317749,102.55
122.23242115974426,133.24
123.64816927909851,108.66
125.05911040306091,136.72
126.46652507781982,112.86
127.87890958786011,135.86
129.28725361824036,109.79
130.69789719581604,112.62
132.10971021652222,106.59
133.5251443386078,108.66
134.94470977783203,108.55
136.35068774223328,92.72
137.75338172912598,103.83
139.16764569282532,91.24
140.58031010627747,99.03
142.00001740455627,131.31
143.4006631374359,98.76
144.81079506874084,107.38
146.2237057685852,133.17
147.63434529304504,111.21
149.05973029136658,135.31
150.47272610664368,141.17
151.88320016860962,115.93
153.28236985206604,109.34
154.69795608520508,134.52
156.1115381717682,117.03
157.5221302509308,107.72
158.92806577682495,93.55
160.34376764297485,88.97
161.76523661613464,86.28
163.16213178634644,86.31
164.51619243621826,128.93
165.9174177646637,139.69
167.27147579193115,142.76
168.67815685272217,116.83
170.09373331069946,110.28
171.44004201889038,105.76
172.84055280685425,92.9
174.19488096237183,88.52
175.60031461715698,129.83
177.01889753341675,110.55
178.41573190689087,95.17
179.76979279518127,130.14
181.11461734771729,140.62
182.4513761997223,144.48
183.87065148353577,144.86
185.21187734603882,114.97
186.61469054222107,96.52
187.96680426597595,102.14
189.3772428035736,106.69
190.79390716552734,109.07
192.20482301712036,94.83
193.60236382484436,104.62
195.02121663093567,133.34
196.36953568458557,141.76
197.71053910255432,114.79
199.11803269386292,107.69
200.5286910533905,93.1
201.878830909729,130.48
203.27832198143005,99.31
204.6928517818451,90.69
206.10334157943726,101.97
207.52253007888794,106.17
208.9353814125061,92.55
210.3387348651886,88.69
211.68973326683044,129.17
213.09076237678528,98.21
214.44363689422607,105.93
215.8543803691864,133.66
217.267427444458,114.9
218.66897082328796,96.38
220.08012437820435,100.38
221.49781560897827,108.62
222.91552662849426,105.41
224.3289999961853,134.28
225.6725001335144,116.03
227.0749626159668,136.66
228.49448013305664,114.07
229.83841705322266,108.14
231.242901802063,107.14
232.65628457069397,107.86
234.06977820396423,93.1
235.41609835624695,103.59
236.82636618614197,131.97
238.23626947402954,114.38
239.63977718353271,109.55
241.05811762809753,133.97
242.46271395683289,139.83
243.87411165237427,102.83
245.2842094898224,92.21
246.6982123851776,89.31
248.10913729667664,87.31
249.52195119857788,87.45
250.93835067749023,126.9
252.3527536392212,139.21
253.7697401046753,143.0
255.17907214164734,143.45
256.59136509895325,144.28
257.98968029022217,104.0
259.40357875823975,105.03
260.82454895973206,106.59
262.2226912975311,105.28
263.6474826335907,107.72
265.0562791824341,107.48
266.4692361354828,105.72
267.8814437389374,109.66
269.29636693000793,107.31
270.69718408584595,110.24
272.1077449321747,106.62
273.5250186920166,133.1
274.9358232021332,140.14
276.34963369369507,102.83
277.75831484794617,106.93
279.17001366615295,92.41
280.5852379798889,104.34
281.98838233947754,130.21
283.40479707717896,110.97
284.8171761035919,133.86
286.2307481765747,140.55
287.64005851745605,117.41
289.052942276001,96.69
290.47038412094116,129.34
291.8795700073242,112.14
293.2937853336334,93.93
294.6906645298004,106.59
296.103059053421,105.52
297.52681279182434,107.55
298.93804454803467,104.45
300.34885430336,108.41
301.7550253868103,107.31
303.166228055954,104.59
304.58231806755066,131.79
305.99585008621216,139.0
307.41132164001465,114.21
308.82212829589844,107.66
310.2271935939789,107.66
311.64051485061646,106.17
313.05059599876404,131.1
314.45522952079773,114.38
315.8698558807373,108.93
317.28789734840393,111.03
318.6999933719635,132.34
320.041011095047,113.52
321.38784289360046,111.28
322.73076820373535,108.66
324.13095021247864,131.59
325.48139119148254,112.59
326.8265976905823,132.62
328.2314269542694,117.34
329.64125967025757,109.38
331.05118012428284,92.59
332.4617862701416,104.31
333.87374806404114,131.45
335.2859597206116,138.9
336.6417279243469,140.41
338.04390835762024,115.17
339.45575761795044,108.69
340.8057150840759,108.72
342.1445543766022,105.79
343.5573492050171,131.17
344.90489435195923,113.79
346.24626207351685,133.97
347.5887842178345,139.14
348.93292212486267,112.79
350.26869654655457,108.41
351.6826682090759,113.0
353.03242325782776,108.1
354.37357449531555,106.69
355.7866299152374,132.83
357.1968162059784,137.97
358.5973708629608,115.76
359.9498736858368,97.17
361.2963526248932,104.38
362.693972826004,106.07
364.11784625053406,130.48
365.5265827178955,99.59
366.86841344833374,103.28
368.284348487854,92.07
369.6230537891388,100.41
371.0346074104309,103.17
372.381698846817,104.17
373.78978538513184,105.28
375.13171887397766,107.55
376.5433096885681,107.69
377.8908808231354,106.93
379.28890776634216,107.76
380.64503955841064,107.79
382.05410981178284,92.97
383.4673881530762,102.21
384.87604784965515,128.93
386.2243194580078,110.38
387.6269347667694,94.83
389.0419669151306,101.79
390.4596209526062,107.21
391.8047652244568,132.72
393.2141058444977,114.93
394.5571937561035,94.97
395.9601652622223,104.28
397.3716769218445,129.31
398.79022240638733,113.14
400.19577741622925,132.21
401.60544991493225,111.0
403.0178174972534,133.9
404.4300456047058,111.0
405.84038043022156,107.76
407.257520198822,104.83
408.60576581954956,129.38
410.0177240371704,137.28
411.41681575775146,102.1
412.8352074623108,106.66
414.24826860427856,103.86
415.6641089916229,131.45
417.00788831710815,112.52
418.4158000946045,104.97
419.8249509334564,107.28
421.2335104942322,130.21
422.58733463287354,136.62
423.9963722229004,114.69
425.405326128006,95.69
426.81616044044495,100.52
428.1648054122925,128.66
429.57199788093567,111.14
430.9845666885376,131.34
432.3995361328125,110.03
433.8131332397461,130.52
435.211403131485,112.62
436.6256191730499,105.45
438.0416350364685,91.69
439.45931458473206,100.86
440.8675146102905,100.1
442.2827892303467,102.86
443.6811554431915,105.79
445.0355181694031,129.03
446.4403898715973,135.14
447.8510158061981,137.76
449.27008748054504,112.93
450.68083810806274,130.17
452.0955059528351,135.45
453.5013222694397,136.76
454.9179148674011,112.0
456.3165645599365,100.28
457.7278883457184,100.83
459.15236473083496,102.24
460.55222630500793,103.14
461.96505665779114,103.41
463.37611961364746,105.07
464.7882673740387,130.48
466.1453216075897,114.76
467.54779744148254,97.48
468.95520067214966,102.93
470.3801507949829,109.21
471.7888958454132,106.31
473.19043827056885,112.79
474.60178422927856,137.97
476.01568698883057,108.86
477.42607140541077,99.79
478.8418369293213,111.72
480.25701880455017,114.62
481.6707909107208,116.14
483.07084941864014,119.21
484.4907853603363,117.07
485.90544605255127,118.52
487.31050419807434,120.0
488.72579312324524,115.83
490.1388521194458,115.55
491.5481674671173,106.38
492.9602515697479,115.86
494.37672185897827,105.24
495.78770875930786,117.24
497.2015640735626,106.93
498.61330485343933,116.07
500.02442169189453,106.17
501.4325704574585,104.52
502.84390473365784,115.72
504.2540445327759,116.59
505.66819953918457,106.31
507.07765007019043,117.55
508.49081015586853,118.93
509.9014904499054,106.28
511.3184564113617,102.66
512.7293078899384,99.66
514.1315491199493,111.45
515.5434505939484,114.86
516.953741312027,116.97
518.3620216846466,117.62
519.7869558334351,113.93
521.1854043006897,115.69
528.5756759643555,9.28
529.890326499939,9.24
531.2130098342896,9.1
532.521285533905,9.03
533.8466908931732,9.1
535.1526596546173,9.1
536.4696500301361,9.07
537.8165669441223,9.03
539.1334917545319,9.0
540.4501006603241,8.93
541.7670316696167,8.9
543.0809586048126,8.79
544.4007263183594,8.83
545.708812713623,8.62
547.0292930603027,8.69
548.3731291294098,8.62
