1.1139309406280518,-1.03
2.3644893169403076,-0.97
3.574514865875244,-1.03
4.780469655990601,-1.07
5.979000806808472,-1.0
10.575874328613281,1.0
12.001468896865845,1.07
13.414216041564941,1.07
14.828439950942993,1.0
16.23540687561035,1.0
17.65064001083374,1.07
18.99197745323181,1.0
20.331663846969604,0.9
21.672133922576904,1.03
23.024094581604004,1.07
24.438212156295776,0.97
25.84887170791626,0.97
27.261279582977295,1.0
28.668102502822876,1.03
30.081905841827393,1.07
31.49363923072815,1.07
32.90590143203735,0.97
34.33092451095581,1.03
35.663175106048584,1.0
37.08302974700928,1.03
38.490201234817505,0.9
39.842002391815186,1.0
41.18967652320862,1.07
42.52614188194275,0.97
43.875728130340576,1.0
45.28603005409241,0.93
46.698328256607056,1.0
48.10846734046936,0.93
49.52084517478943,0.97
50.93685245513916,0.93
52.34888291358948,1.03
53.76162838935852,1.0
55.17186617851257,1.03
56.5842707157135,1.0
57.995444774627686,1.0
59.40613126754761,0.97
60.82392168045044,1.03
62.24050736427307,1.03
63.63886618614197,1.0
64.98930215835571,1.03
66.33754348754883,1.0
67.6737642288208,1.1
69.02366876602173,1.0
70.37530899047852,1.07
71.78761959075928,1.0
73.12107467651367,1.0
74.47092294692993,1.0
75.81857490539551,1.03
77.15637946128845,1.14
78.49502396583557,1.07
79.90811729431152,1.07
81.31794095039368,1.17
82.73716688156128,1.1
84.08260130882263,1.03
85.4964804649353,1.14
86.83813309669495,1.03
88.25044083595276,1.1
89.66037607192993,1.07
91.00845646858215,1.07
92.42580604553223,1.1
93.8289053440094,1.1
95.24390316009521,1.14
96.6603696346283,1.14
98.00994944572449,1.1
99.41524457931519,1.14
100.82723546028137,1.17
102.24837136268616,1.14
103.64916205406189,1.03
105.06887412071228,1.0
106.483074426651,1.14
107.88806653022766,1.03
109.24374508857727,1.07
110.65767025947571,1.03
112.05867409706116,1.1
113.47683429718018,1.07
114.89406204223633,1.14
116.30120086669922,0.97
117.71843647956848,1.07
119.12720704078674,1.0
120.53574347496033,1.14
121.94684767723083,1.21
123.36732864379883,1.17
124.78185367584229,1.0
126.18482756614685,1.07
127.5980441570282,1.03
129.01598143577576,1.07
130.42787098884583,1.0
131.8314185142517,1.1
133.1832618713379,1.1
134.59592938423157,0.97
136.00897097587585,1.1
137.34548139572144,1.07
138.7627055644989,0.9
140.18276166915894,1.03
141.59771084785461,1.17
142.93117833137512,1.0
144.35013723373413,1.0
145.76354575157166,1.14
147.18156170845032,1.1
148.59351468086243,1.03
149.99500727653503,0.97
151.40777611732483,1.03
152.8216061592102,1.07
154.23919868469238,1.03
155.65019416809082,1.07
157.06897711753845,1.03
158.47385931015015,1.0
159.88984155654907,1.0
161.22592329978943,1.03
162.57374691963196,0.97
163.99209117889404,1.03
165.32641196250916,1.1
166.68015503883362,1.07
168.09639883041382,1.0
169.51023149490356,1.07
170.8407154083252,1.03
172.19687366485596,1.07
173.53823018074036,1.03
174.87437272071838,1.0
176.22395825386047,1.0
177.5671935081482,1.14
178.9037344455719,1.03
180.31915855407715,1.07
181.66857409477234,1.1
183.00764560699463,1.07
184.35636687278748,1.0
185.70711588859558,1.03
187.04477739334106,1.07
188.39089345932007,1.0
189.72595167160034,1.0
191.07651472091675,0.93
192.4895350933075,0.97
193.90751481056213,1.07
195.24483036994934,1.03
196.6575539112091,1.03
198.0759699344635,1.03
199.4908218383789,1.1
200.82327246665955,0.93
202.23814606666565,1.07
203.59247756004333,1.03
204.9252369403839,1.0
206.27605628967285,1.07
207.6870894432068,1.07
209.02357411384583,1.03
210.37068724632263,0.97
211.78046321868896,0.97
213.19180154800415,1.03
214.5402479171753,1.07
215.88940262794495,0.9
217.23751139640808,1.14
218.57071113586426,1.03
219.91973686218262,1.14
221.3386197090149,1.0
222.7474958896637,0.93
224.15253329277039,1.0
225.5033528804779,1.0
226.9151132106781,1.0
228.32245421409607,1.1
229.735356092453,1.0
231.08482766151428,1.1
232.49654054641724,1.03
233.9077160358429,1.14
235.3205955028534,455.41
236.74247121810913,747.1
238.1503942012787,472.14
239.5642490386963,262.86
246.85657715797424,0.72
248.17597484588623,0.66
249.52482271194458,0.66
250.8425531387329,0.66
252.1597821712494,0.59
253.47630381584167,0.59
254.79317426681519,0.69
256.11300826072693,0.62
260.7101080417633,0.62
262.12501788139343,47.52
263.5413234233856,144.76
264.95478796958923,254.21
266.36727714538574,384.17
267.7699992656708,526.79
269.1820459365845,656.55
270.5974073410034,790.45
272.0118296146393,902.34
273.4161822795868,952.59
274.8286168575287,977.62
276.2399332523346,985.31
277.6586685180664,990.1
279.06585240364075,990.1
280.47756600379944,994.79
287.7801163196564,-2.14
289.1321485042572,-2.21
290.4534056186676,-2.21
291.77174973487854,-2.14
293.0887224674225,-2.1
294.4084837436676,-2.1
295.7393653392792,-2.03
297.0577826499939,-2.07
301.65610814094543,695.0
303.07476830482483,738.9
304.4780366420746,455.97
311.79590606689453,-2.76
313.112587928772,-2.72
314.43244767189026,-2.76
315.75286889076233,-2.72
317.0732066631317,-2.76
318.4291834831238,-2.79
319.72284388542175,-2.72
321.04249262809753,-2.76
325.6231951713562,696.86
326.9768989086151,816.03
328.31335496902466,567.76
335.61400294303894,-3.31
336.9168140888214,-3.34
338.26699209213257,-3.31
339.57112288475037,-3.31
340.8721537590027,-3.34
342.1755566596985,-3.24
343.4859685897827,-3.31
344.7961628437042,-3.21
349.3889811038971,690.24
350.7214164733887,810.31
352.13468050956726,530.52
359.43874335289,-0.93
360.75535821914673,-0.93
362.06757616996765,-0.9
363.3618965148926,-0.93
364.6782205104828,-0.9
365.97899103164673,-1.0
367.29899287223816,-0.9
368.6280858516693,-0.93
373.21717977523804,689.83
374.62044191360474,740.1
375.9708778858185,509.34
383.2706871032715,11.24
384.572233915329,11.48
385.8900661468506,11.55
387.20792984962463,11.45
388.55481338500977,11.59
389.88796830177307,11.62
391.1883580684662,11.62
392.5181658267975,11.86
397.1069459915161,11.97
398.52112674713135,11.93
399.92352652549744,11.9
401.3396039009094,12.1
402.74996972084045,16.83
404.1707544326782,28.69
405.5872309207916,34.34
406.98524236679077,40.28
408.4112124443054,46.34
409.81291341781616,48.55
411.2352738380432,49.17
412.63458228111267,49.34
414.0511066913605,49.28
415.46299481391907,49.17
416.87576484680176,52.07
418.29319429397583,50.0
419.69899559020996,49.62
421.11602330207825,48.83
422.5208070278168,52.0
423.93196535110474,53.17
425.3472008705139,50.14
426.75907373428345,49.24
428.17399287223816,51.76
429.5753047466278,52.66
430.9888207912445,49.97
432.40682673454285,48.45
433.8208038806915,51.52
435.2190089225769,52.28
436.6350598335266,52.66
438.05056858062744,49.66
439.45453095436096,51.55
440.86931824684143,49.21
442.2834117412567,48.24
443.69524335861206,47.62
445.1108047962189,47.55
446.5254399776459,47.24
447.9278185367584,50.38
449.3459222316742,50.83
450.7606658935547,48.24
458.04229283332825,11.38
459.39401507377625,10.31
460.7297999858856,8.17
462.0362720489502,6.03
463.3399419784546,4.41
464.647465467453,4.69
465.96444869041443,3.83
467.2704749107361,3.59
471.86143708229065,5.28
473.27291226387024,4.76
474.6875047683716,7.48
476.1092338562012,17.93
477.52129459381104,25.97
478.93322372436523,38.31
480.3413553237915,48.86
481.7547495365143,61.41
483.15680742263794,65.1
484.5816683769226,67.21
485.9808874130249,62.79
487.39258790016174,65.14
488.8034415245056,67.93
490.21635723114014,74.07
491.6297678947449,69.0
493.04287672042847,67.48
494.4488613605499,66.66
495.86614537239075,66.66
497.28601026535034,67.31
498.6888463497162,65.97
500.1010892391205,70.69
501.5151093006134,72.17
502.9311637878418,72.17
504.3409254550934,68.34
505.754540681839,72.31
507.16820907592773,71.79
508.56581234931946,72.1
509.9786145687103,73.41
511.38982129096985,72.0
512.8082728385925,76.45
514.2107558250427,69.31
521.5829646587372,1.62
522.9027960300446,1.55
524.2184584140778,1.48
525.53542137146,1.41
526.8516561985016,1.21
528.1541547775269,1.21
529.4755754470825,1.24
530.7942662239075,1.28
535.431675195694,1.55
536.8462541103363,1.69
538.2589604854584,12.76
539.6625380516052,24.28
541.0757024288177,33.83
542.490213394165,47.14
543.903514623642,60.21
545.3188016414642,70.14
546.7192680835724,81.48
548.1464915275574,89.0
549.554297208786,90.72
550.9577844142914,88.86
552.3752748966217,88.41
553.7951710224152,88.31
555.1982717514038,92.31
556.6145267486572,90.72
558.0149283409119,93.07
559.4287362098694,94.62
560.8431477546692,88.52
562.2546944618225,92.9
563.6648139953613,91.97
565.0772314071655,90.55
566.4894833564758,111.17
567.9069535732269,94.14
569.321858882904,105.9
576.6249885559082,-0.86
577.9472811222076,-0.9
579.2593474388123,-0.79
580.5914995670319,-0.9
581.9021761417389,-0.79
583.2304439544678,-0.9
584.5515186786652,-0.97
585.9053683280945,-0.97
587.121649980545,-0.83
588.334153175354,-0.86
589.5498208999634,-0.93
590.7689471244812,-0.97
591.9895796775818,-0.93
593.2108917236328,-0.93
594.4654560089111,-0.79
595.6925983428955,-0.93
596.8975772857666,-0.97
598.1218612194061,-0.97
599.337543964386,-0.79
600.5478773117065,-0.93
601.7748820781708,-0.9
602.9832060337067,-0.97
604.2382636070251,-0.97
605.4677295684814,-1.0
606.6738660335541,-1.07
607.9019155502319,-0.97
609.117378950119,-0.9
610.3295373916626,-1.03
611.551432132721,-1.0
612.7639894485474,-0.93
614.0204412937164,-0.93
615.2446081638336,-1.0
616.4529297351837,-0.97
617.679557800293,-1.0
618.9007527828217,-0.93
620.1241900920868,-1.0
621.3463704586029,-0.93
622.5683703422546,-0.93
623.8252103328705,-0.9
625.0365092754364,-1.03
626.2586600780487,-0.93
627.4664905071259,-0.97
628.6927645206451,-1.0
629.9027800559998,-0.97
631.1276051998138,-1.0
632.36527967453,-0.97
633.5908238887787,-0.97
634.8156707286835,-1.03
636.0223701000214,-1.07
637.2481384277344,-1.0
638.4557559490204,-0.86
639.6680254936218,-0.9
640.8636524677277,-0.97
642.070642709732,-0.97
643.3259878158569,-0.97
644.5376992225647,-1.03
645.759575843811,-0.93
646.9666140079498,-0.93
648.1792597770691,-0.97
649.385579586029,-0.97
650.5925943851471,-1.0
651.8105044364929,-1.0
653.0412533283234,-0.93
654.2501287460327,-1.0
655.4656896591187,-0.93
656.6730027198792,-1.0
657.8802547454834,-0.97
659.0776109695435,-1.03
660.2836422920227,-0.97
661.4902555942535,-1.03
662.7343456745148,-1.03
663.9374804496765,-0.93
665.1454875469208,-0.93
666.3620238304138,-0.97
667.5694599151611,-0.86
668.7823688983917,-0.93
669.9887363910675,-1.03
671.212299823761,-1.1
672.4191489219666,-0.97
673.6733729839325,-0.97
674.8798987865448,-0.93
676.0718080997467,-1.03
677.2812063694,-0.93
678.4885973930359,-0.93
679.7097516059875,-1.03
680.9204399585724,-1.0
682.1277105808258,-1.0
683.3636102676392,-0.97
684.5676188468933,-0.93
685.7775363922119,-0.97
686.987072467804,-1.0
688.197945356369,-0.97
689.394455909729,-1.0
690.5990104675293,-0.93
691.8059458732605,-0.9
693.0599937438965,-0.93
694.2579522132874,-0.97
695.4661045074463,-1.03
696.6776866912842,-1.0
697.8838136196136,-1.03
699.0904097557068,-0.97
700.2963314056396,-1.03
701.505476474762,-1.0
702.7125709056854,-0.93
703.9515800476074,-1.03
705.1611206531525,-1.0
706.3706479072571,-1.07
707.5765750408173,-0.97
708.7810091972351,-0.97
710.0046865940094,-1.1
711.2118294239044,-1.07
712.4178161621094,-0.97
713.6697678565979,-1.0
714.8637256622314,-1.0
716.0720942020416,-1.0
717.2816140651703,-1.0
718.4874536991119,-1.0
719.6980464458466,-1.03
720.9053213596344,-1.03
722.1138925552368,-0.9
723.3683819770813,-1.0
724.5797610282898,-1.0
725.7700259685516,-0.9
726.9939379692078,-0.97
728.202624797821,-1.0
729.4131181240082,-1.03
730.6218841075897,-1.1
731.8348836898804,-1.07
733.0418102741241,-1.07
734.2868273258209,-0.97
735.5079236030579,-1.0
736.7155146598816,-1.1
737.9235661029816,-1.17
739.1411621570587,-0.93
740.3410303592682,-1.1
741.5564532279968,-1.07
742.7597241401672,-1.17
743.999968290329,-1.0
745.2092447280884,-1.0
746.4157259464264,-0.97
747.6257100105286,-1.0
748.8278238773346,-1.0
750.0372447967529,-1.07
751.2446103096008,-1.07
752.4565823078156,-0.97
753.663134098053,-1.1
754.9181382656097,-1.07
756.1257884502411,-0.97
757.3349945545197,-0.97
758.5271332263947,-1.03
759.7376463413239,-1.03
761.3617923259735,-0.97
761.6651685237885,-0.9
761.9737741947174,-1.0
762.3189935684204,-1.07
762.6246540546417,-0.97
762.9314107894897,-0.9
763.238091468811,-1.03
