1.112854242324829,-1.83,0
2.3511509895324707,-1.93,0
3.5537006855010986,-1.86,0
4.74965763092041,-1.93,0
5.950186014175415,-2.0,0
7.164113521575928,-1.9,0
8.358391761779785,-1.86,0
9.57775068283081,-1.83,0
10.78477668762207,-1.83,0
12.025272130966187,-1.97,0
13.23377275466919,-1.93,0
14.439812898635864,-1.97,0
15.635084390640259,-1.97,0
16.84627938270569,-1.83,0
18.052818536758423,-1.9,0
19.260481595993042,-1.9,0
20.47187614440918,-1.9,0
21.713890075683594,-1.93,0
23.04577112197876,-1.86,0
24.281800270080566,-1.9,0
25.50782799720764,-1.93,0
26.97965407371521,-1.93,0
28.203404664993286,-1.97,0
29.398533582687378,-1.9,0
30.6169593334198,-1.97,0
31.84872078895569,-1.93,0
33.06196427345276,-1.79,0
34.25595545768738,-1.86,0
38.82401251792908,-4.31,1
40.16902470588684,-1.55,1
41.51203393936157,-0.69,1
42.92406225204468,19.45,1
44.337061166763306,47.93,1
45.74906873703003,48.97,1
47.081459522247314,49.38,1
48.421634674072266,49.55,1
49.84165668487549,50.41,1
51.182761907577515,50.66,1
52.591596364974976,49.9,1
54.01313662528992,48.62,1
55.425164222717285,48.48,1
56.768160581588745,48.31,1
58.17648506164551,49.62,1
59.57931971549988,48.38,1
60.990896463394165,48.07,1
62.41621994972229,49.62,1
63.82724094390869,50.17,1
65.17127013206482,49.52,1
66.57568407058716,47.9,1
67.91901421546936,48.34,1
69.26699161529541,52.1,1
76.56390810012817,-1.52,0
77.87633275985718,-1.66,0
79.18634295463562,-1.72,0
80.48118472099304,-1.72,0
81.79436159133911,-1.79,0
83.1463553905487,-1.76,0
84.4703483581543,-1.76,0
