1.1041173934936523,-0.97,0
2.357261896133423,-0.97,0
3.5700483322143555,-0.93,0
4.770085334777832,-0.93,0
5.9833598136901855,-1.55,0
7.1879801750183105,-10.28,0
11.751944780349731,7.21,1
13.179517030715942,15.69,1
14.592718601226807,22.41,1
16.005625247955322,24.97,1
17.410067558288574,27.38,1
18.832667350769043,27.14,1
20.16467046737671,27.41,1
21.585981845855713,26.1,1
23.001438856124878,26.66,1
24.34483027458191,25.55,1
25.748732566833496,24.93,1
27.16860842704773,36.9,1
28.57332968711853,32.66,1
29.99240279197693,27.38,1
31.39776062965393,35.97,1
32.805490493774414,33.59,1
34.15883159637451,33.59,1
35.496662616729736,33.07,1
36.91178846359253,35.07,1
38.328181982040405,34.86,1
39.73542881011963,37.48,1
41.06792998313904,36.1,1
42.487184286117554,38.9,1
43.90664458274841,37.55,1
45.23991894721985,37.17,1
46.6597044467926,37.21,1
48.06449556350708,37.41,1
49.47990131378174,36.17,1
50.89011836051941,37.34,1
52.29272174835205,39.24,1
53.70218825340271,38.72,1
55.0551552772522,38.45,1
56.46944069862366,38.48,1
57.873618364334106,38.66,1
59.2905068397522,38.62,1
60.6938533782959,44.14,1
62.11200547218323,40.03,1
63.52104091644287,39.69,1
64.93877005577087,39.38,1
66.34502816200256,39.45,1
67.69210958480835,39.31,1
69.09595584869385,39.72,1
70.51086831092834,39.45,1
71.8526623249054,39.34,1
73.25906777381897,39.38,1
74.68308091163635,39.38,1
76.09006023406982,36.93,1
77.43074107170105,37.76,1
78.84875679016113,38.14,1
80.25906872749329,40.24,1
81.66634893417358,39.79,1
83.07376527786255,39.38,1
90.40022397041321,-2.14,0
91.7007303237915,-1.97,0
93.030029296875,-1.9,0
94.32750844955444,-1.97,0
95.6486713886261,-1.83,0
96.98718285560608,-1.97,0
98.30559825897217,-1.9,0
99.61219573020935,-1.86,0
104.21587586402893,392.21,1
105.6240165233612,247.69,1
107.0413658618927,234.21,1
108.44748759269714,231.41,1
109.86434841156006,212.48,1
111.2710313796997,188.59,1
112.68130421638489,168.69,1
114.08685874938965,152.79,1
115.50543022155762,140.07,1
116.9228868484497,127.59,1
124.23495101928711,-1.66,0
125.56943154335022,-3.21,0
126.91960716247559,-1.66,0
128.230393409729,-4.38,0
129.55136561393738,-3.17,0
130.8672993183136,-4.69,0
132.1924479007721,0.97,0
133.50644636154175,5.48,0
138.09671425819397,3.21,1
139.4997627735138,13.14,1
140.9226975440979,19.76,1
142.33504939079285,21.48,1
143.75120878219604,24.72,1
145.15568017959595,24.48,1
146.5758855342865,28.72,1
147.98855686187744,28.1,1
149.39805436134338,29.76,1
150.80470299720764,30.86,1
152.21546292304993,32.79,1
153.63259053230286,34.17,1
155.03969955444336,35.69,1
156.45521926879883,33.69,1
157.87456035614014,33.86,1
159.2850821018219,35.59,1
160.6867516040802,34.55,1
162.10358691215515,37.07,1
163.51102995872498,36.03,1
164.85720348358154,35.72,1
166.26930451393127,36.38,1
167.68408608436584,38.38,1
169.10135746002197,38.24,1
170.51358771324158,37.76,1
171.91635870933533,37.66,1
173.33335280418396,37.79,1
174.73743963241577,40.83,1
176.08020949363708,39.41,1
177.42824268341064,39.0,1
178.84273672103882,39.07,1
180.24618196487427,38.93,1
181.59356808662415,38.76,1
183.01198840141296,41.62,1
184.41507577896118,40.62,1
185.8300244808197,40.52,1
187.24750399589539,40.38,1
188.65696907043457,40.38,1
190.06073713302612,40.17,1
191.47360062599182,39.83,1
192.88386273384094,39.69,1
194.30347156524658,39.86,1
195.7030370235443,40.0,1
197.12195825576782,40.07,1
198.5396146774292,39.9,1
199.94712281227112,40.31,1
201.36276626586914,40.34,1
202.77669167518616,40.21,1
204.18100142478943,40.31,1
205.5982940196991,40.34,1
207.0104067325592,40.17,1
214.3253514766693,1.97,0
215.64270067214966,1.83,0
216.96358633041382,2.1,0
218.27286410331726,2.21,0
219.58124661445618,2.03,0
220.92459058761597,1.97,0
222.25098395347595,2.03,0
223.56962776184082,2.07,0
228.1497483253479,2.07,1
229.57017016410828,13.34,1
230.97398972511292,20.1,1
232.3873953819275,21.62,1
233.80632138252258,24.07,1
235.2162742614746,27.0,1
236.62010264396667,27.52,1
237.97869873046875,28.79,1
239.3900589942932,29.1,1
240.79405641555786,30.52,1
242.20812916755676,31.59,1
243.62165188789368,33.38,1
245.0305655002594,34.83,1
246.445955991745,36.24,1
247.84997153282166,35.0,1
249.26807141304016,36.59,1
250.67307257652283,35.45,1
252.08888030052185,38.52,1
253.5106041431427,37.24,1
254.91539788246155,37.0,1
256.3221607208252,37.14,1
257.72969007492065,39.07,1
259.1504030227661,38.52,1
260.56314063072205,38.0,1
261.96914553642273,38.24,1
263.3779499530792,37.97,1
264.7985668182373,40.97,1
266.2025628089905,40.17,1
267.62140250205994,39.86,1
269.0314054489136,40.0,1
270.4389307498932,39.62,1
271.8592801094055,39.79,1
273.26423501968384,39.9,1
274.66794180870056,39.9,1
276.09172010421753,39.86,1
277.4942424297333,39.62,1
278.9105978012085,39.76,1
280.3161356449127,39.69,1
281.7340099811554,38.93,1
283.14072847366333,39.52,1
284.55446553230286,39.41,1
285.97260761260986,39.52,1
287.37267446517944,39.52,1
288.79209661483765,39.62,1
290.2037682533264,39.55,1
291.60785722732544,42.45,1
293.02904772758484,40.48,1
294.4326252937317,40.07,1
295.84516620635986,40.14,1
297.2658476829529,40.03,1
304.5667552947998,1.93,0
305.8963701725006,1.86,0
307.21078658103943,1.93,0
308.53766226768494,2.17,0
309.85591673851013,1.97,0
311.20972633361816,2.14,0
312.5190725326538,2.07,0
313.84623169898987,1.97,0
318.4473798274994,2.48,1
319.8667163848877,3.93,1
321.2750289440155,5.45,1
322.68570947647095,7.48,1
324.10132598876953,9.24,1
325.518404006958,11.48,1
326.8589196205139,12.9,1
328.2765522003174,15.72,1
329.69350814819336,17.83,1
331.0954613685608,20.62,1
332.51212644577026,22.76,1
333.85651874542236,24.93,1
335.2597463130951,27.14,1
336.6773991584778,29.17,1
338.0846540927887,31.21,1
339.50080275535583,33.28,1
340.9079566001892,34.34,1
342.3247263431549,36.48,1
343.7424063682556,38.28,1
345.1473038196564,39.28,1
346.5698313713074,40.93,1
347.9125118255615,42.34,1
349.3161928653717,43.34,1
350.6590690612793,44.34,1
352.00533652305603,45.41,1
353.3445644378662,46.59,1
354.7635815143585,47.1,1
356.1043040752411,46.1,1
357.5197832584381,48.59,1
358.9238109588623,47.97,1
360.34000182151794,48.41,1
361.6830747127533,48.52,1
363.09438586235046,48.62,1
364.43983936309814,48.97,1
365.8404486179352,49.0,1
367.1846318244934,49.38,1
368.53830790519714,49.03,1
369.95022201538086,48.9,1
371.2896058559418,48.72,1
372.63018250465393,48.34,1
374.0389099121094,48.07,1
375.4580132961273,47.83,1
376.79340052604675,47.03,1
378.21092987060547,46.66,1
379.61656498908997,39.86,1
381.04077672958374,41.41,1
382.44225573539734,40.79,1
383.79380321502686,42.1,1
385.2037765979767,39.59,1
386.61545610427856,42.07,1
388.0255935192108,41.07,1
389.4446790218353,40.9,1
390.84486269950867,40.66,1
392.262166261673,40.34,1
393.6719698905945,40.1,1
395.0896408557892,39.86,1
396.4325702190399,39.79,1
397.83601784706116,39.55,1
399.25637674331665,39.38,1
400.65965270996094,39.24,1
402.08051776885986,39.1,1
403.4795219898224,39.0,1
404.8994982242584,38.86,1
406.31089544296265,38.69,1
407.71898198127747,38.72,1
409.1252830028534,38.76,1
410.54870223999023,34.93,1
411.96243047714233,38.76,1
413.37290620803833,39.0,1
414.78580832481384,39.07,1
416.19540190696716,39.07,1
417.5969977378845,38.79,1
419.02043414115906,34.72,1
420.4314694404602,34.66,1
421.83785128593445,34.66,1
423.24050307273865,35.45,1
424.6650834083557,35.97,1
426.0747194290161,36.24,1
427.4892647266388,36.62,1
428.8883361816406,37.17,1
430.230966091156,37.76,1
431.6460876464844,38.45,1
433.0537838935852,38.41,1
434.476500749588,39.0,1
435.94427490234375,39.21,1
437.36077332496643,39.41,1
438.7774131298065,39.69,1
440.179025888443,39.86,1
441.60129618644714,40.07,1
443.0109934806824,40.28,1
444.3446125984192,40.48,1
445.7682137489319,40.52,1
447.17786860466003,40.79,1
448.57684421539307,40.93,1
450.00171852111816,41.0,1
451.3997550010681,42.1,1
452.75740003585815,76.41,1
454.16460704803467,60.0,1
455.5802025794983,54.93,1
456.9935531616211,43.41,1
458.3991997241974,54.14,1
459.8080315589905,46.21,1
461.2150480747223,47.41,1
462.6331834793091,46.66,1
464.04263615608215,41.79,1
465.4553110599518,36.55,1
466.87229466438293,40.03,1
468.27604126930237,60.79,1
469.69064593315125,39.17,1
471.09843039512634,34.45,1
472.50957775115967,30.69,1
473.9212577342987,34.34,1
475.3340570926666,33.17,1
476.74066972732544,21.21,1
478.1613509654999,31.45,1
479.5659158229828,28.52,1
480.98606610298157,27.31,1
482.3934919834137,27.17,1
483.8008601665497,27.03,1
485.21657633781433,27.41,1
486.6275267601013,27.59,1
488.05082535743713,27.97,1
489.4604468345642,28.45,1
490.86391949653625,29.03,1
492.2704391479492,29.66,1
493.6810836791992,30.41,1
495.1050133705139,31.1,1
496.50239419937134,31.86,1
497.92782711982727,32.69,1
499.32543778419495,33.48,1
500.7518050670624,34.28,1
502.16335105895996,34.9,1
503.5742447376251,36.0,1
504.9862825870514,36.52,1
506.3963885307312,37.34,1
507.8088073730469,37.9,1
509.2189881801605,38.62,1
510.6297996044159,39.07,1
512.0422224998474,39.93,1
519.3513743877411,-1.24,0
520.6656787395477,-1.38,0
521.9837498664856,-1.41,0
523.3144676685333,-1.48,0
524.6492624282837,-1.55,0
525.981164932251,-1.55,0
527.3047075271606,-1.52,0
528.6292939186096,-1.52,0
529.840184211731,-1.55,0
531.0614507198334,-1.62,0
532.2888188362122,-1.62,0
533.5393722057343,-1.69,0
534.7487568855286,-1.62,0
535.9748950004578,-1.59,0
537.2093825340271,-1.66,0
538.4172947406769,-1.72,0
539.6454970836639,-1.66,0
540.863641500473,-1.66,0
542.0862987041473,-1.55,0
543.3581402301788,-1.59,0
544.5614812374115,-1.52,0
545.7921795845032,-1.52,0
547.01083111763,-1.52,0
548.2168312072754,-1.62,0
549.4272229671478,-1.55,0
550.6487748622894,-1.48,0
551.9133360385895,-1.45,0
553.1266963481903,-1.41,0
554.3487656116486,-1.41,0
555.5562863349915,-1.34,0
556.7785885334015,-1.34,0
558.0050683021545,-1.45,0
559.2128918170929,-1.34,0
560.4825723171234,-1.48,0
561.7024326324463,-1.41,0
562.9216682910919,-1.31,0
564.1333153247833,-1.34,0
565.3440263271332,-0.83,0
566.5653653144836,-0.93,0
567.7927260398865,-1.21,0
569.0096232891083,-1.28,0
570.2649338245392,-1.38,0
571.4777407646179,-1.41,0
572.6955103874207,-1.48,0
573.9173674583435,-1.45,0
575.142338514328,-1.55,0
576.3656048774719,-1.55,0
577.5861806869507,-1.55,0
578.8475344181061,-1.59,0
580.0724763870239,-1.66,0
581.2844021320343,-1.66,0
582.5123884677887,-1.66,0
583.7425067424774,-1.69,0
584.9556300640106,-1.69,0
586.1946594715118,-1.66,0
