1.1175470352172852,-0.93
2.3547298908233643,-1.0
3.5656771659851074,-1.0
4.7719879150390625,-1.03
9.35894250869751,5.14
10.771965742111206,5.31
12.185211896896362,5.31
13.589072704315186,5.38
14.995408773422241,5.62
16.414448499679565,5.34
17.819379568099976,5.38
19.177542209625244,5.24
20.514596700668335,5.21
21.863357067108154,5.41
23.27817988395691,5.14
24.68151593208313,5.1
26.097143173217773,5.14
27.51045513153076,5.07
28.92424249649048,4.97
30.329649925231934,4.9
31.747875928878784,4.69
33.162174224853516,5.1
34.57673621177673,5.17
35.913771867752075,5.03
37.32855200767517,5.17
38.74892735481262,5.14
40.16014862060547,5.14
41.576422452926636,5.1
42.9168541431427,13.41
44.322749614715576,15.59
45.7398579120636,16.59
47.07806658744812,8.21
48.49526619911194,7.07
49.91160202026367,14.45
51.25292682647705,7.83
52.665444135665894,6.66
54.07925510406494,14.79
55.42658543586731,16.31
56.827139377593994,16.31
58.172911405563354,16.69
59.58849549293518,16.9
61.00136065483093,17.38
62.40753793716431,17.07
63.826225996017456,17.45
65.23476266860962,17.62
66.59238457679749,17.52
67.99076771736145,17.52
69.34072780609131,8.72
70.75620484352112,7.34
72.09644150733948,15.03
73.45074391365051,8.1
74.78888320922852,6.83
76.1239800453186,15.0
77.47474503517151,8.03
78.88571000099182,6.66
80.30069541931152,14.97
81.71640515327454,15.55
83.13273072242737,17.21
84.53088450431824,17.24
85.9591338634491,8.72
87.3591570854187,7.41
88.78326869010925,15.66
90.19590425491333,17.24
91.59987545013428,8.93
93.01466989517212,7.45
94.42695760726929,16.24
95.83556795120239,8.93
97.25629138946533,7.69
98.65838241577148,7.38
100.0732970237732,7.62
101.48585200309753,7.55
102.89595913887024,16.41
104.3074643611908,9.0
105.72712063789368,7.62
107.13445925712585,16.34
108.56147980690002,8.59
109.96563768386841,8.0
111.38471555709839,7.17
112.79930686950684,7.48
114.2013909816742,15.38
115.62141609191895,8.9
117.03509855270386,8.03
118.44681763648987,6.93
119.86264514923096,7.76
121.27054929733276,16.76
122.68870878219604,9.31
124.10037136077881,16.66
125.5141658782959,9.59
126.91949129104614,8.24
128.33536911010742,8.0
129.7352795600891,16.48
131.15677690505981,9.45
132.57011127471924,16.9
133.9832239151001,9.52
135.39931225776672,8.1
136.8069941997528,15.76
144.13001585006714,6.59
145.43918371200562,6.86
146.75681376457214,6.72
148.0794370174408,6.48
149.42917227745056,6.69
150.73551654815674,6.59
152.05855107307434,6.69
153.37818145751953,6.59
157.9736692905426,6.69
159.37683749198914,6.83
160.79145097732544,6.86
162.13312005996704,6.72
163.5457751750946,6.72
164.8914065361023,6.55
166.24069738388062,6.69
167.5863757133484,6.48
168.92294120788574,6.31
170.27308416366577,6.45
171.62085723876953,6.38
173.0256016254425,6.55
174.44019055366516,6.62
175.85568928718567,6.48
177.2606098651886,6.38
178.6848726272583,6.45
180.0148265361786,6.28
181.3726282119751,16.1
182.71401190757751,18.86
184.05070638656616,19.69
185.47066974639893,19.9
186.87363409996033,20.21
188.2287220954895,20.41
189.56543350219727,11.45
190.90680480003357,9.62
192.26080322265625,18.31
193.60480332374573,19.31
195.0149266719818,20.28
196.35195302963257,11.45
197.75995707511902,9.24
199.10813999176025,8.66
200.4533495903015,8.48
201.80631017684937,8.52
203.20816802978516,8.17
204.55248713493347,8.28
205.8925712108612,8.41
207.31892490386963,7.97
208.73015213012695,8.0
210.14184284210205,8.48
211.4791133403778,8.55
212.89799046516418,16.86
214.23091554641724,18.93
215.58208990097046,10.93
216.99362111091614,9.14
218.3975009918213,8.45
219.75537157058716,8.38
221.15934824943542,8.48
222.57594347000122,8.38
223.99439191818237,17.03
225.32707834243774,18.48
226.74941444396973,10.52
228.16639685630798,9.41
229.57126998901367,8.72
230.91508412361145,17.31
232.26610350608826,19.14
233.6746335029602,19.38
235.08584570884705,19.59
236.4264268875122,19.76
237.77684688568115,11.17
239.18080854415894,9.17
240.59571814537048,8.66
242.00472688674927,8.48
243.42867469787598,8.31
244.83170413970947,16.62
246.24354910850525,19.07
247.66656756401062,19.62
249.08008551597595,20.03
250.49202942848206,20.17
251.90424299240112,19.24
253.31598567962646,20.07
254.72354125976562,20.38
256.07484197616577,19.41
263.3777582645416,7.48
264.68171858787537,7.38
266.0321102142334,7.59
267.32456731796265,7.62
268.64895486831665,7.66
269.94410014152527,7.83
271.24732089042664,7.79
272.57228684425354,7.76
277.163583278656,7.48
278.51082491874695,7.0
279.9114716053009,7.66
281.25730299949646,7.62
282.68118047714233,7.93
284.0205502510071,7.9
285.43373227119446,7.97
286.83858013153076,7.76
288.2543468475342,7.76
289.67185401916504,7.69
291.072633266449,7.48
292.5002250671387,7.55
293.89911699295044,16.83
295.32491421699524,10.93
296.7328577041626,18.79
298.1469485759735,20.69
299.55577969551086,21.86
300.96376037597656,21.41
302.3819239139557,21.76
303.79800510406494,20.28
305.2050015926361,20.41
306.61975049972534,20.52
308.0267188549042,21.59
309.4384512901306,13.03
310.8646185398102,20.1
312.26474165916443,21.41
313.6821370124817,21.34
315.10180282592773,20.76
316.51514649391174,20.66
317.91952180862427,21.14
319.33470368385315,21.34
320.6781919002533,22.1
322.0916168689728,13.59
323.4293041229248,19.79
324.8505902290344,20.86
326.256187915802,21.17
327.5971095561981,20.66
328.9500710964203,21.03
330.28441190719604,22.28
331.63927841186523,21.72
332.98110127449036,22.66
334.3859624862671,23.03
335.80437326431274,21.21
337.2230567932129,22.21
338.5660514831543,23.03
339.9017779827118,22.21
341.2512946128845,13.55
342.5960919857025,19.52
343.933390378952,13.21
345.34833121299744,20.03
352.6482877731323,9.1
353.9518482685089,9.14
355.25919103622437,9.1
356.5701205730438,9.14
357.8731415271759,9.34
359.1760892868042,9.24
360.49221873283386,9.17
361.7979619503021,9.28
366.4335036277771,8.9
367.7731657028198,9.07
369.19952297210693,8.93
370.53645753860474,8.93
371.94932651519775,9.07
373.29671120643616,8.93
374.6368968486786,8.79
375.99090576171875,8.07
377.39521765708923,8.83
378.7381372451782,9.07
380.15714955329895,9.07
381.5602035522461,18.55
382.97809743881226,22.14
384.3254714012146,22.34
385.7341446876526,22.03
387.07365560531616,22.28
388.4923391342163,22.66
389.9100739955902,22.97
391.3237895965576,22.93
392.727166891098,23.1
394.1435694694519,23.93
395.5512464046478,25.72
396.96225118637085,24.41
398.3856234550476,24.24
399.7940447330475,23.66
401.20047187805176,22.72
402.55232787132263,24.14
403.96675419807434,24.45
405.37900829315186,24.41
406.79071974754333,24.28
408.1313533782959,24.31
409.5387327671051,24.24
410.8872711658478,24.41
412.3004252910614,24.1
413.7135577201843,24.1
415.0497441291809,25.14
416.4650402069092,25.45
417.80095386505127,25.79
419.2281401157379,25.45
420.5563988685608,24.07
421.9769797325134,24.83
423.31830191612244,25.0
424.67040824890137,24.97
431.9751009941101,6.79
433.2775778770447,6.72
434.58278942108154,6.72
435.9321086406708,6.9
437.23547410964966,6.79
438.53011322021484,6.83
439.83567237854004,6.83
441.13797211647034,6.83
445.74788665771484,6.45
447.1568946838379,6.38
448.49478578567505,6.38
449.9033365249634,6.24
451.2563624382019,6.17
452.60189056396484,5.97
454.00660467147827,5.86
455.3513090610504,5.76
456.69792461395264,5.72
458.10560488700867,15.28
459.5247437953949,19.17
460.9431223869324,21.48
462.3547582626343,23.21
463.6912398338318,24.9
465.10723900794983,24.62
466.5122218132019,25.9
467.8630802631378,26.03
469.27990555763245,26.0
470.61626863479614,27.17
472.03697967529297,26.59
473.37257742881775,27.41
474.7849462032318,26.97
476.12484550476074,25.17
477.4772078990936,25.1
478.8122823238373,26.17
480.2338750362396,28.34
481.6366226673126,28.59
483.05059361457825,28.9
484.46912813186646,29.07
485.87345790863037,29.1
487.2916007041931,29.34
488.62945342063904,29.28
490.0476565361023,30.1
491.4469974040985,29.55
492.86502289772034,29.9
494.28287410736084,29.72
495.6837055683136,29.69
497.092355966568,30.24
498.515506029129,30.24
499.92749857902527,30.41
507.2380385398865,1.72
508.5355625152588,1.38
509.8857297897339,0.86
511.2093667984009,0.41
512.5078282356262,0.03
513.8268945217133,-0.21
515.1485199928284,-0.31
516.4676249027252,-0.45
521.0442452430725,181.28
522.4606287479401,217.62
523.8805432319641,222.83
525.2865154743195,229.1
526.70179271698,207.03
528.1118371486664,180.34
529.5245578289032,158.45
530.9422335624695,140.97
532.3556303977966,126.48
533.7560012340546,113.31
535.1640374660492,103.66
542.4726386070251,3.59
543.7834393978119,3.69
545.0902347564697,3.72
546.4072163105011,3.66
547.7225656509399,3.55
549.0834486484528,3.72
550.3888645172119,3.62
551.7057762145996,3.66
556.293826341629,3.66
557.7114479541779,3.66
559.1345639228821,3.62
560.5468015670776,3.76
561.9508738517761,3.69
563.3578448295593,15.83
564.7848303318024,23.72
566.1844580173492,31.59
567.6100695133209,38.0
569.01775431633,45.0
570.4224109649658,48.72
571.8435792922974,52.69
573.25439286232,55.72
574.666640996933,57.0
576.081788778305,59.34
577.4874684810638,60.14
578.897570848465,61.38
580.3017520904541,62.69
581.7209084033966,64.45
583.1401805877686,64.28
584.5430691242218,66.03
585.9557359218597,66.14
587.3680341243744,67.59
588.7791547775269,67.83
590.1952426433563,68.21
591.6024467945099,69.03
593.0218210220337,69.31
594.421982049942,69.34
595.8373372554779,69.28
597.2450051307678,69.28
598.6595032215118,69.45
600.0755732059479,69.62
601.4767420291901,69.41
602.8966679573059,69.69
604.3056664466858,69.31
611.5957772731781,3.38
612.9299123287201,3.31
614.2508492469788,3.34
615.5687277317047,3.38
616.8716533184052,3.38
618.1954576969147,3.45
619.5216341018677,3.31
620.8612987995148,3.31
625.4555168151855,3.31
626.8687999248505,3.28
628.2931792736053,3.31
629.702983379364,3.41
631.1207377910614,12.07
632.5221149921417,21.83
633.9359307289124,30.41
635.3481378555298,39.9
636.7597301006317,48.0
638.1804962158203,56.72
639.5246112346649,59.55
640.9360263347626,63.38
642.266509771347,66.52
643.6832537651062,70.07
645.0214698314667,72.03
646.4403851032257,75.21
647.774985074997,77.14
649.1292998790741,79.14
650.4661798477173,81.41
651.806569814682,82.66
653.155838727951,83.93
654.5737278461456,85.83
655.909942150116,86.66
657.3263115882874,87.52
658.7379319667816,87.86
660.1343505382538,87.41
661.4847095012665,87.93
662.8987703323364,88.62
664.235960483551,88.52
665.6510233879089,88.45
672.9527804851532,3.0
674.2741875648499,3.03
675.6093726158142,2.97
676.9162547588348,3.0
678.2248277664185,3.07
679.5305895805359,3.0
680.8372368812561,3.0
682.1587541103363,3.07
683.3661050796509,3.0
684.5618937015533,3.03
685.771993637085,3.0
687.014235496521,3.07
688.2094979286194,3.07
689.4188330173492,3.07
690.6170043945312,3.07
691.8315327167511,3.07
693.0432236194611,3.1
694.2322838306427,3.0
695.4343464374542,3.07
696.6774735450745,3.07
697.8897762298584,3.17
699.0825653076172,3.07
700.2749230861664,3.07
701.4832422733307,3.0
702.6960744857788,2.97
703.8955640792847,3.17
705.0960915088654,3.1
706.3501272201538,3.0
707.5526666641235,3.17
708.7436118125916,3.14
709.9452881813049,3.1
711.1482112407684,3.0
712.3567001819611,2.97
713.5733909606934,3.03
714.7651810646057,3.07
715.9769785404205,3.17
717.2184565067291,3.17
718.4263818264008,3.17
719.6249446868896,3.1
720.8358566761017,3.07
722.0482618808746,3.03
723.2550177574158,3.14
724.4636309146881,3.1
725.6702871322632,3.03
726.9113199710846,3.14
