1.0991551876068115,-0.59
2.311206340789795,-0.55
3.547060966491699,-0.66
4.75443696975708,-0.72
9.338849306106567,1.07
10.751629114151001,4.03
12.164992809295654,29.24
13.566838264465332,72.72
14.978160381317139,129.93
16.389590978622437,170.83
17.80052137374878,183.03
19.153261423110962,185.14
20.564750909805298,185.97
21.97327709197998,185.48
23.383907794952393,185.1
24.799944639205933,184.83
26.204317331314087,184.45
27.616690635681152,184.28
29.028965950012207,185.62
30.450141668319702,184.86
31.849148273468018,184.14
33.273386001586914,183.86
34.68395709991455,183.38
36.0951783657074,183.41
37.496137857437134,183.07
38.90805149078369,183.45
40.32540559768677,183.86
41.74060010910034,182.52
43.14061951637268,182.97
44.55691909790039,183.9
45.97027039527893,182.83
47.38235306739807,183.14
48.78745770454407,183.21
50.20148849487305,183.66
51.621474266052246,183.41
53.03600311279297,183.55
54.43651819229126,182.34
55.84818959236145,182.34
57.26124620437622,181.72
58.67687702178955,181.9
60.088987827301025,181.9
61.501771211624146,181.55
62.91295528411865,182.97
64.31612920761108,183.14
65.72794818878174,183.24
67.14304971694946,181.86
68.55832576751709,183.62
69.97107481956482,182.66
71.38402104377747,182.31
72.79685306549072,183.03
74.20938634872437,183.34
75.54465508460999,183.17
76.89423990249634,181.97
78.29946064949036,181.62
79.70983147621155,181.21
81.11860489845276,182.17
88.42836952209473,-0.62
89.74514627456665,-0.76
91.06494927406311,-0.69
92.40012073516846,-0.59
