1.1024558544158936,-1.34,0
2.3512816429138184,-1.34,0
3.562451124191284,-1.41,0
4.763304710388184,-1.41,0
5.968369722366333,-1.28,0
7.181675910949707,-1.34,0
11.773885250091553,-0.41,1
13.19352912902832,12.79,1
14.604222774505615,17.34,1
16.017380714416504,22.1,1
17.42160153388977,23.76,1
18.76229953765869,25.76,1
20.117012977600098,28.03,1
21.522311449050903,29.83,1
22.94362759590149,33.17,1
24.279271125793457,32.83,1
25.687984704971313,35.28,1
27.1027672290802,37.14,1
28.525535821914673,36.28,1
29.93985891342163,36.21,1
31.354536533355713,36.28,1
32.752795696258545,36.55,1
34.17040967941284,38.83,1
35.58903217315674,38.41,1
36.99531030654907,38.1,1
38.398879528045654,37.93,1
39.818406105041504,38.0,1
41.15825963020325,40.86,1
42.571019649505615,40.55,1
43.9754421710968,40.31,1
45.39061522483826,40.17,1
46.73462390899658,39.93,1
48.1492075920105,40.21,1
49.55376720428467,40.14,1
50.96931171417236,40.21,1
52.38859248161316,40.21,1
53.7989284992218,40.24,1
55.205496311187744,40.41,1
56.62661409378052,39.83,1
57.96251702308655,40.1,1
59.38002252578735,40.03,1
60.78434896469116,40.24,1
62.20388388633728,40.24,1
63.6044864654541,40.03,1
65.0253074169159,40.1,1
66.369784116745,40.03,1
67.77219295501709,40.03,1
69.11597800254822,40.1,1
70.52485752105713,40.1,1
71.88097286224365,40.28,1
73.29415655136108,40.14,1
74.63352179527283,40.0,1
76.04247212409973,39.97,1
77.38257503509521,40.07,1
78.80216121673584,39.93,1
80.20861029624939,40.24,1
87.52354741096497,-1.52,0
88.82645869255066,-1.48,0
90.14137744903564,-1.48,0
91.45200777053833,-1.59,0
92.76039123535156,-1.34,0
94.0711727142334,-1.52,0
95.38076376914978,-1.62,0
96.73928332328796,-1.59,0
101.33173179626465,-0.24,1
102.73665237426758,10.69,1
104.15348172187805,18.9,1
105.5680902004242,23.28,1
106.9714093208313,27.62,1
108.39082789421082,29.31,1
109.79365944862366,31.24,1
111.20956039428711,33.38,1
112.62055015563965,35.21,1
113.9625654220581,34.55,1
115.38268041610718,34.38,1
116.78779101371765,37.07,1
118.20572853088379,36.55,1
119.62348246574402,36.34,1
121.03918671607971,36.17,1
122.45145893096924,36.55,1
123.8616714477539,38.52,1
125.27230954170227,38.24,1
126.68029999732971,38.1,1
128.0956723690033,38.28,1
129.50064063072205,38.41,1
130.91127061843872,38.14,1
132.33116936683655,38.38,1
133.74292492866516,38.31,1
135.14338541030884,40.66,1
136.5656774044037,40.24,1
137.98309350013733,40.28,1
139.3862714767456,40.14,1
140.80029821395874,39.72,1
142.2112901210785,39.83,1
143.6284463405609,39.83,1
145.03777408599854,39.97,1
146.44708037376404,40.07,1
147.8526496887207,40.0,1
149.2730860710144,40.03,1
150.67717456817627,39.62,1
152.09380102157593,39.69,1
153.50258946418762,39.76,1
154.9223382472992,39.86,1
156.32400131225586,39.86,1
157.74473905563354,39.9,1
159.15926718711853,39.79,1
160.5587306022644,39.48,1
161.9061086177826,39.72,1
163.32778573036194,39.55,1
164.73481130599976,39.62,1
166.14456367492676,39.72,1
167.55389070510864,42.31,1
168.97142362594604,41.72,1
176.27476501464844,-1.79,0
177.5864953994751,-1.76,0
178.87979531288147,-1.97,0
180.1902883052826,-1.79,0
181.53041911125183,-1.83,0
182.84442710876465,-1.83,0
184.1514699459076,-1.86,0
185.46012258529663,-1.76,0
190.05370211601257,0.41,1
191.45655584335327,10.55,1
192.80175304412842,15.72,1
194.22015953063965,20.24,1
195.557391166687,24.79,1
196.97339415550232,26.34,1
198.39247274398804,28.48,1
199.80788493156433,30.52,1
201.22084307670593,32.69,1
202.63520765304565,34.55,1
204.04766058921814,33.86,1
205.45972752571106,36.21,1
206.85802388191223,35.45,1
208.27290964126587,37.97,1
209.69299030303955,37.52,1
211.0987148284912,37.52,1
212.51764178276062,40.07,1
213.92715406417847,39.55,1
215.34373140335083,39.48,1
216.74808049201965,38.97,1
218.15971660614014,39.07,1
219.57794308662415,39.28,1
220.98789811134338,39.34,1
222.39068460464478,39.34,1
223.8066930770874,39.28,1
225.22398781776428,41.93,1
226.62900161743164,41.17,1
228.03689646720886,41.07,1
229.4536111354828,41.0,1
230.8738570213318,39.72,1
232.27996110916138,41.59,1
233.69763922691345,41.21,1
235.09790802001953,41.38,1
236.50537776947021,40.83,1
237.85029649734497,40.97,1
239.27096462249756,41.1,1
240.68673419952393,39.69,1
242.08939695358276,39.86,1
243.42826986312866,39.83,1
244.84956979751587,39.76,1
246.25744557380676,39.55,1
247.674574136734,41.31,1
249.07689237594604,41.1,1
250.49146175384521,41.24,1
251.90371942520142,41.21,1
253.32806539535522,41.0,1
254.7321286201477,40.97,1
256.1399281024933,40.97,1
257.5604965686798,41.03,1
264.87525963783264,-1.66,0
266.17542839050293,-1.55,0
267.53030228614807,-1.59,0
268.8442258834839,-1.66,0
270.1618266105652,-1.62,0
271.4673979282379,-1.66,0
272.78813767433167,-1.72,0
274.1105124950409,-1.72,0
278.7210388183594,28.66,1
280.1211516857147,40.21,1
281.5418574810028,52.48,1
282.9593415260315,62.66,1
284.36566495895386,71.55,1
285.78427362442017,79.83,1
287.1864035129547,87.83,1
288.6094698905945,95.55,1
290.0136353969574,102.93,1
291.4206511974335,110.38,1
292.83500242233276,117.38,1
294.24930810928345,123.69,1
295.6609318256378,129.79,1
297.08007407188416,135.66,1
298.47582364082336,141.48,1
299.8922436237335,146.9,1
301.31327986717224,151.66,1
302.72712683677673,155.97,1
304.13064551353455,157.48,1
305.5470175743103,156.24,1
306.9587438106537,154.0,1
308.3608901500702,149.9,1
309.777951002121,144.48,1
311.1959707736969,138.79,1
312.6014971733093,131.31,1
314.006539106369,123.79,1
315.4252107143402,116.34,1
316.8434569835663,110.03,1
318.2424259185791,104.45,1
319.66535782814026,98.62,1
321.06911993026733,93.72,1
328.3703348636627,-1.28,0
329.6963515281677,-1.1,0
331.00106477737427,-1.14,0
332.3126621246338,-1.07,0
333.62469244003296,-1.03,0
334.9308605194092,-1.03,0
336.2394790649414,-1.07,0
337.5469527244568,-1.03,0
338.79050612449646,-1.0,0
339.98785972595215,-1.0,0
341.19133949279785,-1.03,0
342.40475726127625,-1.0,0
343.63808488845825,-1.07,0
