1.1196932792663574,-1.79,0
2.3593568801879883,-1.76,0
3.5711307525634766,-1.83,0
4.7794153690338135,-1.83,0
9.368186473846436,326.41,1
10.780363082885742,129.9,1
12.192723989486694,89.28,1
13.60344123840332,81.1,1
15.007016897201538,81.72,1
16.42579460144043,81.07,1
17.76752233505249,80.59,1
19.11150574684143,79.76,1
20.513554573059082,80.0,1
21.936872959136963,80.0,1
23.341569900512695,79.9,1
24.68769884109497,79.03,1
26.02544403076172,80.52,1
27.4459707736969,75.9,1
28.851338863372803,73.17,1
30.257615327835083,79.66,1
31.67903423309326,74.1,1
33.08826780319214,71.86,1
34.50235724449158,59.45,1
35.84582161903381,586.93,1
37.25075721740723,61.38,1
38.66931414604187,50.14,1
40.07928133010864,42.86,1
41.490601539611816,44.9,1
42.89721393585205,46.83,1
