1.1190118789672852,5.83
2.3343451023101807,5.9
3.56864333152771,5.9
4.7687602043151855,6.0
9.34799075126648,130.66
10.75219178199768,185.9
12.16510558128357,204.21
13.580084800720215,210.24
14.99064588546753,203.62
16.396233558654785,181.03
17.80777931213379,156.17
19.151278257369995,136.38
20.576051712036133,116.17
21.982954025268555,100.17
23.325262308120728,86.97
24.671313285827637,77.0
31.977765560150146,-5.14
33.32620978355408,-5.0
34.61315369606018,-4.93
35.93167424201965,-4.83
37.22506809234619,-4.79
38.529797315597534,-4.72
39.83019423484802,-4.59
41.142605781555176,-4.55
45.73115372657776,125.66
47.13409233093262,184.17
48.48160743713379,201.9
49.898712396621704,208.34
51.23220753669739,210.24
52.64277720451355,200.76
54.05836582183838,180.24
55.477580547332764,157.21
56.8078875541687,136.07
58.22603678703308,120.86
59.64556264877319,106.86
61.05777716636658,95.38
68.35626912117004,-6.0
69.65791773796082,-5.66
70.95972895622253,-6.38
72.27006649971008,-6.31
73.57091021537781,-6.38
74.91149473190308,-5.28
