1.1050188541412354,7.28,0
2.35636305809021,7.28,0
3.567486524581909,7.14,0
4.774014949798584,7.21,0
9.34314775466919,13.28,1
10.690394878387451,14.14,1
12.100507020950317,17.14,1
13.513457775115967,21.59,1
14.92027473449707,27.48,1
16.33048677444458,33.66,1
17.681440114974976,40.28,1
19.02062678337097,46.28,1
20.36079740524292,51.9,1
21.710496425628662,57.38,1
23.05097770690918,62.34,1
24.462158203125,67.0,1
25.810665130615234,71.14,1
27.221676111221313,74.59,1
28.63113021850586,77.1,1
30.042688846588135,78.9,1
31.455198287963867,80.1,1
32.86884355545044,80.38,1
34.21093010902405,80.0,1
35.55501580238342,79.07,1
36.962295055389404,77.55,1
38.30142378807068,75.69,1
39.721230030059814,73.28,1
41.13115882873535,70.59,1
42.47123718261719,68.17,1
43.88129377365112,64.55,1
45.29143714904785,61.55,1
46.701241970062256,58.45,1
48.12121343612671,55.76,1
49.53155207633972,54.03,1
50.94179606437683,52.24,1
52.35560655593872,51.14,1
53.76842951774597,50.76,1
55.18056607246399,50.48,1
56.59188508987427,50.76,1
58.001869201660156,51.21,1
59.411755323410034,51.93,1
60.82893490791321,53.45,1
62.23600792884827,54.62,1
63.6441969871521,55.66,1
64.99206066131592,57.17,1
66.33266973495483,58.14,1
67.67211055755615,59.21,1
69.09251976013184,60.45,1
70.43265151977539,61.59,1
71.7725179195404,62.86,1
73.11760234832764,62.9,1
74.46236062049866,63.55,1
75.8059573173523,64.45,1
77.14267539978027,64.17,1
78.49229955673218,64.86,1
79.90257811546326,64.69,1
81.31272029876709,64.45,1
82.72498941421509,64.21,1
84.13299512863159,64.0,1
85.48239946365356,63.38,1
86.82295942306519,63.28,1
88.23638796806335,62.38,1
89.6425769329071,61.45,1
91.0549087524414,60.9,1
92.46384334564209,60.38,1
93.88282322883606,59.86,1
95.2279098033905,59.24,1
96.56294846534729,58.86,1
97.9751329421997,58.52,1
99.39305567741394,58.03,1
100.80098271369934,58.24,1
102.22005844116211,57.62,1
103.62052702903748,57.76,1
105.03848123550415,57.93,1
106.44871497154236,57.69,1
107.85064482688904,58.14,1
109.26542615890503,58.38,1
110.68116617202759,58.55,1
112.09645318984985,58.97,1
113.5007381439209,59.34,1
114.9176378250122,59.62,1
116.32937240600586,60.14,1
117.74573349952698,60.28,1
119.14596319198608,60.59,1
120.56377863883972,60.86,1
121.97912764549255,61.1,1
123.38145637512207,61.03,1
124.80339336395264,60.97,1
126.20626139640808,60.86,1
127.61694693565369,60.66,1
129.03852462768555,64.52,1
130.4385974407196,60.41,1
131.85975098609924,59.9,1
139.22152709960938,7.1,0
140.53979992866516,7.07,0
141.85647320747375,7.07,0
143.17132377624512,7.17,0
144.49372053146362,7.21,0
145.80691814422607,7.24,0
147.12067365646362,7.21,0
148.4735050201416,7.21,0
153.05603170394897,7.24,1
154.4719967842102,8.52,1
155.88983845710754,10.9,1
157.30167245864868,14.66,1
158.71097254753113,19.14,1
160.12666749954224,24.1,1
161.47125148773193,28.83,1
162.88422560691833,33.59,1
164.21573281288147,37.79,1
165.63041877746582,41.79,1
166.97621321678162,45.21,1
168.32465434074402,48.03,1
169.65776801109314,50.48,1
171.00553917884827,52.52,1
172.35402274131775,53.76,1
173.7672140598297,54.76,1
175.1792984008789,54.86,1
176.5093913078308,54.79,1
177.85803532600403,54.21,1
179.20624494552612,53.41,1
180.53999066352844,52.17,1
181.95249891281128,50.21,1
183.29851412773132,47.97,1
184.71758818626404,45.62,1
186.12363195419312,43.41,1
187.5332808494568,41.41,1
188.94886660575867,39.52,1
190.359028339386,37.9,1
191.70757150650024,36.17,1
193.11737060546875,34.62,1
194.53296494483948,34.17,1
195.93736696243286,33.97,1
197.28726816177368,33.86,1
198.62380528450012,33.9,1
200.03440833091736,34.17,1
201.45512318611145,34.83,1
202.85422110557556,35.31,1
204.2693793773651,36.0,1
205.67818880081177,36.76,1
207.08752989768982,37.55,1
208.49993634223938,38.55,1
209.90963864326477,39.45,1
211.258052110672,40.07,1
212.67105865478516,40.76,1
214.08277440071106,41.41,1
215.49232387542725,41.69,1
216.84158778190613,41.9,1
218.25281524658203,42.28,1
219.60108041763306,42.62,1
221.0114381313324,42.69,1
222.35675835609436,42.62,1
223.75779724121094,42.66,1
225.18103289604187,42.1,1
226.59308648109436,41.86,1
228.0002052783966,41.62,1
229.40389132499695,41.45,1
230.82689380645752,41.17,1
232.2250669002533,40.9,1
233.63633584976196,40.55,1
235.06156587600708,39.97,1
236.45776438713074,39.86,1
237.87004160881042,39.48,1
239.28154730796814,39.52,1
240.70662665367126,39.66,1
242.12051439285278,39.28,1
243.53285264968872,39.17,1
244.86480355262756,39.07,1
246.273690700531,38.41,1
247.6906657218933,38.93,1
249.09718942642212,39.21,1
250.52297019958496,39.45,1
251.93434047698975,39.66,1
253.34776043891907,39.83,1
254.75632643699646,39.9,1
256.1694757938385,39.97,1
257.5810708999634,40.03,1
258.992210149765,40.07,1
260.4041118621826,40.14,1
261.81380224227905,40.38,1
263.2253649234772,40.45,1
264.638573884964,40.45,1
266.0476031303406,40.55,1
267.4593472480774,40.59,1
268.86242270469666,40.69,1
270.21872663497925,40.45,1
271.6292543411255,40.21,1
272.9644114971161,40.07,1
274.3745102882385,40.24,1
275.7870728969574,40.03,1
277.1977381706238,39.9,1
278.6078884601593,39.72,1
280.0292890071869,39.69,1
281.3726336956024,39.86,1
282.78410840034485,40.1,1
284.19349908828735,40.14,1
285.6022560596466,40.45,1
287.0197319984436,40.24,1
288.42744636535645,40.03,1
289.83440709114075,40.1,1
291.25293493270874,40.1,1
292.6618232727051,40.31,1
294.0707833766937,40.21,1
295.48547744750977,39.97,1
296.8926646709442,39.86,1
298.3041079044342,39.83,1
299.78888869285583,39.97,1
301.20348024368286,40.17,1
302.61172747612,40.45,1
304.02171897888184,40.48,1
305.43378472328186,40.31,1
306.8456208705902,40.31,1
308.2542963027954,40.17,1
309.6770770549774,39.97,1
311.0791790485382,39.97,1
312.4899699687958,40.0,1
313.9045913219452,39.86,1
315.31980323791504,40.1,1
316.72484731674194,40.1,1
318.06323504447937,39.93,1
319.4827995300293,39.93,1
320.83066630363464,40.0,1
322.2369418144226,40.17,1
323.5744516849518,40.24,1
324.98999547958374,40.38,1
326.33480191230774,40.69,1
327.67369270324707,40.28,1
329.0196273326874,40.21,1
330.36994075775146,40.07,1
331.69833731651306,39.93,1
333.11105942726135,39.9,1
334.459673166275,40.07,1
341.780481338501,7.07,0
343.10455203056335,7.07,0
344.4010171890259,7.03,0
345.70218229293823,7.21,0
347.01743960380554,7.14,0
348.3234031200409,7.14,0
349.62185049057007,7.21,0
350.9712550640106,7.07,0
352.16319584846497,7.21,0
353.3709535598755,7.07,0
354.57890462875366,7.21,0
355.7728416919708,7.17,0
356.97755336761475,7.17,0
358.1857421398163,7.14,0
359.3890931606293,7.1,0
360.6138696670532,7.17,0
361.82217264175415,7.14,0
363.0136499404907,8.03,0
364.22444248199463,7.24,0
365.42881441116333,7.14,0
366.6354706287384,7.07,0
367.84261989593506,7.14,0
369.0564754009247,7.14,0
370.28882122039795,7.1,0
371.49647855758667,7.07,0
372.7075765132904,7.14,0
373.9118239879608,7.0,0
375.1209020614624,7.21,0
376.3294930458069,7.17,0
377.54726934432983,7.14,0
378.77322006225586,7.17,0
379.99564266204834,7.1,0
381.2197804450989,7.14,0
382.4107732772827,7.03,0
383.6376428604126,7.07,0
384.87298679351807,7.03,0
386.0806472301483,7.17,0
387.288583278656,7.07,0
388.4987859725952,7.14,0
389.74863028526306,7.1,0
390.97352933883667,7.14,0
392.1831045150757,7.1,0
393.39117407798767,7.1,0
394.5961196422577,7.17,0
395.8004946708679,7.07,0
397.02919340133667,7.07,0
398.248416185379,7.14,0
399.48773550987244,7.1,0
400.69391918182373,7.17,0
401.90356159210205,7.1,0
403.1105785369873,7.1,0
404.30698680877686,7.14,0
405.51060795783997,7.1,0
406.7245581150055,7.07,0
407.9257164001465,7.1,0
409.16487884521484,7.17,0
410.37175035476685,7.14,0
411.57704401016235,7.07,0
412.78740215301514,7.1,0
413.99325466156006,7.03,0
415.20880818367004,7.14,0
416.40713000297546,7.07,0
417.60262060165405,7.14,0
418.8562824726105,7.03,0
420.0645167827606,7.07,0
421.2695679664612,7.17,0
422.47807931900024,7.1,0
423.68225860595703,7.07,0
424.8917157649994,7.03,0
426.1055064201355,7.07,0
427.341335773468,7.1,0
428.560706615448,7.17,0
429.76890110969543,7.17,0
430.9774401187897,7.21,0
432.16798996925354,7.14,0
433.3747208118439,7.1,0
434.5977029800415,7.1,0
435.7908728122711,7.07,0
437.0584969520569,7.07,0
438.26835918426514,7.14,0
439.4748902320862,7.03,0
440.66543078422546,7.07,0
441.8727185726166,7.0,0
443.1130359172821,7.07,0
444.32527470588684,7.0,0
445.52854919433594,6.97,0
446.76720213890076,7.0,0
447.9772791862488,7.03,0
449.1805748939514,6.93,0
450.3901472091675,6.97,0
451.60068941116333,7.14,0
452.8165135383606,7.0,0
454.0275294780731,7.07,0
455.2193832397461,7.07,0
456.47447085380554,6.97,0
457.68603467941284,7.07,0
458.88809990882874,7.0,0
460.09596014022827,7.07,0
461.31526708602905,7.14,0
462.5114607810974,7.0,0
463.71986150741577,7.14,0
464.92603063583374,6.97,0
466.1633439064026,7.07,0
467.37112069129944,7.03,0
468.5806245803833,7.0,0
469.7984700202942,7.1,0
470.99257922172546,7.1,0
472.2009959220886,7.1,0
473.41263151168823,7.07,0
474.64963483810425,7.1,0
475.8555178642273,7.1,0
477.0620222091675,7.03,0
478.2747848033905,7.07,0
479.4972972869873,7.17,0
480.7098891735077,7.1,0
481.90739488601685,7.14,0
483.11483812332153,7.03,0
484.37232089042664,7.03,0
485.59134316444397,7.07,0
486.799268245697,7.1,0
488.00615096092224,7.1,0
489.2142915725708,7.07,0
490.4401571750641,7.07,0
491.64675760269165,7.1,0
492.85172295570374,7.0,0
494.1105935573578,7.0,0
495.33137369155884,7.0,0
496.5383081436157,7.07,0
497.7616996765137,7.03,0
498.96716237068176,6.97,0
500.17641830444336,7.0,0
501.3823893070221,7.07,0
502.6060025691986,7.0,0
503.84353852272034,7.0,0
505.0515856742859,7.07,0
506.25758695602417,7.1,0
507.4684853553772,6.97,0
508.6759605407715,7.0,0
509.88215613365173,7.1,0
511.08895206451416,6.97,0
512.3135268688202,7.0,0
513.5528330802917,7.03,0
514.7617950439453,6.97,0
515.966329574585,6.93,0
517.1741364002228,6.93,0
518.3810596466064,6.93,0
519.6050786972046,6.97,0
520.811865568161,7.0,0
522.0660922527313,7.0,0
523.2737777233124,7.03,0
524.4803960323334,6.97,0
525.7356457710266,6.97,0
526.945328950882,6.93,0
528.1488025188446,6.93,0
529.3429667949677,6.9,0
530.550482749939,6.9,0
531.8104679584503,6.86,0
533.0120813846588,7.0,0
534.2047748565674,6.86,0
535.4262974262238,6.86,0
536.6334891319275,6.97,0
537.8421216011047,6.83,0
539.050012588501,6.9,0
540.2767374515533,6.86,0
541.5119454860687,6.9,0
542.7351768016815,6.86,0
543.9436225891113,6.79,0
545.1488990783691,6.79,0
546.3681571483612,6.93,0
547.5800476074219,6.9,0
548.7848665714264,6.79,0
549.9963128566742,6.79,0
551.2428147792816,6.79,0
552.4572620391846,6.9,0
553.6628050804138,6.76,0
554.870934009552,6.86,0
556.0976564884186,6.83,0
557.3017725944519,6.97,0
558.5094425678253,6.86,0
559.7210006713867,6.86,0
560.9679915904999,6.86,0
562.1770641803741,6.79,0
563.3875825405121,6.86,0
564.602591753006,6.86,0
565.8002095222473,6.79,0
567.0225718021393,6.76,0
568.2175238132477,6.83,0
569.4788134098053,6.79,0
570.6774868965149,6.76,0
571.8845376968384,6.9,0
573.1136772632599,6.83,0
574.314790725708,6.72,0
575.5382702350616,6.79,0
576.7512404918671,6.83,0
577.9528241157532,6.83,0
579.2074925899506,6.9,0
580.4197616577148,6.83,0
581.6377062797546,6.79,0
582.8470766544342,6.76,0
584.0533230304718,6.79,0
585.279886007309,6.79,0
586.4972441196442,6.9,0
587.7394888401031,6.72,0
588.9627614021301,6.86,0
590.1689953804016,6.83,0
591.3752853870392,6.79,0
592.600367307663,6.76,0
593.8214919567108,6.86,0
595.0303316116333,6.72,0
596.254424571991,6.76,0
597.5086781978607,6.76,0
598.7146015167236,6.83,0
599.9231617450714,6.79,0
601.1460747718811,6.83,0
602.3525941371918,6.9,0
603.5764954090118,6.76,0
604.7996551990509,6.79,0
606.0380883216858,6.79,0
607.2607820034027,6.86,0
608.4698495864868,6.83,0
609.6988983154297,6.79,0
610.8989899158478,6.83,0
612.1280345916748,6.72,0
613.3325870037079,6.76,0
614.5527455806732,6.83,0
615.8072545528412,6.86,0
617.0168809890747,6.76,0
618.221479177475,6.76,0
619.4391379356384,6.83,0
620.6390039920807,6.72,0
621.8634586334229,6.76,0
623.0651888847351,6.79,0
624.3338661193848,6.76,0
625.5353519916534,6.79,0
626.7514169216156,6.69,0
627.9638869762421,6.72,0
629.1846630573273,6.72,0
630.4062230587006,6.72,0
631.6130285263062,6.72,0
632.8681397438049,6.76,0
634.0856428146362,6.72,0
635.299421787262,6.76,0
636.5220370292664,6.79,0
637.7126727104187,6.83,0
638.9360506534576,6.76,0
640.1300103664398,6.79,0
641.3393225669861,6.66,0
642.5894732475281,6.79,0
643.7984566688538,6.76,0
644.9987454414368,6.72,0
646.2129464149475,6.72,0
647.4052991867065,6.76,0
648.6105198860168,6.76,0
649.8329002857208,6.79,0
651.0423429012299,6.79,0
652.2801520824432,6.79,0
653.4773895740509,6.86,0
654.6692852973938,6.72,0
655.8871600627899,6.83,0
657.0989983081818,6.79,0
658.3039126396179,6.79,0
659.5105638504028,6.72,0
660.7018253803253,6.79,0
661.941239118576,6.83,0
663.1336648464203,6.72,0
664.3549842834473,6.79,0
665.5491306781769,6.86,0
666.753525018692,6.86,0
667.9522228240967,6.83,0
669.1535749435425,6.9,0
670.3619272708893,6.83,0
671.601756811142,6.86,0
672.8088603019714,6.83,0
674.0154712200165,6.86,0
675.2300255298615,6.83,0
676.4293012619019,6.9,0
677.6379683017731,6.83,0
678.8281943798065,6.86,0
680.0388774871826,6.79,0
681.2778027057648,6.9,0
682.4829440116882,6.83,0
683.6936647891998,6.93,0
684.8989500999451,6.9,0
686.1059210300446,7.03,0
687.3117604255676,7.0,0
688.5235595703125,7.0,0
689.7324011325836,7.07,0
690.966367483139,7.0,0
692.1748354434967,7.03,0
693.3819768428802,6.97,0
694.5872180461884,7.0,0
695.7964203357697,7.07,0
697.0061600208282,7.0,0
698.2106699943542,7.0,0
699.4170753955841,7.0,0
700.6402096748352,7.03,0
701.8507218360901,6.97,0
703.056832075119,6.9,0
704.2688555717468,6.93,0
705.4865844249725,7.07,0
706.7158753871918,7.03,0
707.917487859726,7.0,0
709.1402122974396,7.07,0
710.3955450057983,7.0,0
711.5862338542938,7.03,0
712.7966568470001,7.03,0
713.9861133098602,6.93,0
715.191248178482,6.97,0
716.4016892910004,7.1,0
717.6093745231628,7.0,0
718.8182983398438,7.0,0
720.0540854930878,7.0,0
721.2630941867828,7.07,0
722.4718735218048,7.03,0
723.6759209632874,6.93,0
724.8836736679077,7.0,0
726.0976340770721,7.0,0
727.3011853694916,7.07,0
728.5063989162445,6.97,0
729.7445647716522,6.93,0
730.9685244560242,6.97,0
732.1595733165741,7.0,0
733.3691833019257,6.93,0
734.5899500846863,7.0,0
735.7843534946442,6.93,0
737.0042903423309,7.0,0
738.1968333721161,7.03,0
739.4374513626099,7.03,0
740.6440300941467,7.0,0
741.8386914730072,7.0,0
743.0428602695465,7.03,0
744.2540907859802,6.93,0
745.4573559761047,7.03,0
746.6643195152283,7.07,0
747.8741171360016,7.07,0
749.1232786178589,7.03,0
750.3188557624817,7.07,0
751.5293636322021,7.1,0
752.7406768798828,7.03,0
753.9439218044281,7.1,0
755.1481075286865,7.03,0
756.3579909801483,7.07,0
757.5666768550873,7.07,0
758.8024685382843,7.0,0
760.01118516922,7.1,0
761.200670003891,7.03,0
762.4070875644684,6.97,0
763.6164808273315,7.0,0
764.8317716121674,7.07,0
766.047788143158,7.03,0
767.236775636673,6.97,0
768.492767572403,7.07,0
769.7026870250702,7.07,0
770.9131443500519,7.07,0
772.1315543651581,7.14,0
773.3539841175079,7.07,0
774.5606412887573,7.07,0
775.7681603431702,7.03,0
777.0221371650696,7.0,0
778.2178409099579,7.03,0
779.4371662139893,7.14,0
780.6482908725739,7.03,0
781.873678445816,7.1,0
783.0752460956573,7.14,0
784.2818212509155,7.17,0
785.5236310958862,7.07,0
786.7383708953857,7.1,0
787.9361855983734,7.17,0
789.1448857784271,7.1,0
790.3381249904633,7.14,0
791.5582544803619,7.14,0
792.7725071907043,7.17,0
793.976197719574,7.1,0
795.2277245521545,7.0,0
796.4374432563782,7.07,0
797.6440806388855,7.07,0
798.8701198101044,7.1,0
800.0925076007843,7.03,0
801.3135554790497,7.14,0
802.523407459259,7.14,0
803.7743287086487,7.1,0
804.9829571247101,7.14,0
806.2084789276123,7.03,0
807.4137105941772,7.07,0
808.621862411499,7.07,0
809.830845117569,7.1,0
811.0381278991699,7.07,0
812.2585287094116,7.1,0
813.517529964447,7.07,0
814.7280113697052,7.03,0
815.9301772117615,7.03,0
817.1353483200073,7.14,0
818.345593214035,7.21,0
819.55166888237,7.0,0
820.7584290504456,7.07,0
821.9959313869476,6.97,0
823.2056586742401,7.1,0
824.4097940921783,7.1,0
825.6332261562347,7.24,0
826.8424150943756,7.03,0
828.0646727085114,7.1,0
829.288852930069,7.1,0
830.5276279449463,7.07,0
831.7353143692017,7.1,0
832.9413809776306,7.1,0
834.1497893333435,7.1,0
835.3713390827179,7.0,0
836.578465461731,7.1,0
837.7874782085419,7.14,0
838.9953746795654,7.07,0
840.2420129776001,7.07,0
841.4451229572296,7.03,0
842.6646339893341,7.1,0
843.8706624507904,7.1,0
845.0909359455109,7.07,0
846.3072743415833,7.07,0
847.511971950531,7.14,0
848.7643797397614,7.17,0
849.9698932170868,7.17,0
851.1833910942078,7.1,0
852.3913998603821,7.07,0
853.6026923656464,7.1,0
854.8243131637573,7.1,0
856.0299882888794,7.1,0
857.287853717804,7.03,0
858.5135583877563,7.1,0
859.7118096351624,7.17,0
860.9224922657013,7.0,0
862.139356136322,7.17,0
863.3482773303986,7.03,0
864.6088001728058,7.07,0
865.8194787502289,7.14,0
867.0784111022949,7.0,0
868.2771434783936,7.1,0
869.4760167598724,7.07,0
870.6938879489899,7.07,0
871.8910012245178,7.14,0
873.1520829200745,7.14,0
874.3525066375732,7.14,0
875.5957405567169,7.14,0
876.8181343078613,7.1,0
878.0332190990448,7.14,0
879.248449087143,7.07,0
880.4609689712524,7.17,0
881.6730213165283,7.03,0
882.8893086910248,7.03,0
884.0877990722656,7.03,0
885.3303806781769,7.17,0
886.5427100658417,7.14,0
887.7523946762085,7.1,0
888.9551930427551,7.07,0
890.1548504829407,7.14,0
891.3669590950012,6.97,0
892.5887541770935,7.0,0
893.8220548629761,7.1,0
895.0512676239014,7.03,0
896.2680103778839,7.1,0
897.469419002533,7.07,0
898.6823654174805,7.07,0
899.8970737457275,7.14,0
901.1092574596405,7.07,0
902.3391146659851,7.1,0
903.5602066516876,7.14,0
904.7610349655151,7.07,0
905.9718220233917,7.07,0
907.1673686504364,7.03,0
908.3783183097839,7.1,0
909.5762388706207,7.1,0
910.7883732318878,7.1,0
912.0232820510864,7.17,0
913.2375226020813,7.1,0
914.4425129890442,7.03,0
915.6434586048126,7.14,0
916.8566379547119,7.07,0
918.075439453125,7.14,0
919.2753536701202,7.14,0
920.5174021720886,7.1,0
921.7310209274292,7.03,0
922.9308578968048,7.03,0
924.1296408176422,7.1,0
925.3429727554321,7.07,0
926.556898355484,7.07,0
927.7599258422852,7.07,0
928.9738173484802,7.03,0
930.2209289073944,7.14,0
931.4182126522064,7.03,0
932.633495092392,7.07,0
933.8488886356354,7.07,0
935.0443353652954,7.17,0
936.2560691833496,7.07,0
937.4631900787354,7.0,0
938.7328979969025,7.1,0
939.9844186306,7.1,0
941.2033853530884,7.17,0
942.4036693572998,7.14,0
943.6192901134491,7.07,0
945.1391808986664,7.07,0
945.448219537735,7.17,0
945.789892911911,7.0,0
946.0976941585541,7.03,0
946.4085955619812,7.14,0
946.7258079051971,7.07,0
947.0353753566742,7.14,0
947.3492412567139,7.14,0
