1.1131701469421387,-1.45
2.3222720623016357,-1.45
3.548412322998047,-1.41
4.7483861446380615,-1.41
5.950655937194824,-1.41
10.54271388053894,187.93
11.956329107284546,126.55
13.36928391456604,120.41
14.77014970779419,118.9
16.18531823158264,118.34
17.539199590682983,118.03
18.883301496505737,118.0
20.215572834014893,113.93
21.56238293647766,113.72
22.897608757019043,111.21
24.248228788375854,104.72
25.58390212059021,97.79
26.998211145401,94.0
28.343276262283325,90.62
29.695950269699097,86.17
31.107022047042847,83.66
32.51767683029175,80.97
33.8512659072876,79.14
35.200376749038696,78.03
36.549057483673096,75.86
37.94495892524719,74.93
39.297369718551636,73.9
40.63120770454407,73.76
41.983877182006836,72.79
43.33087372779846,72.93
44.66351366043091,71.83
46.07490825653076,72.1
47.424373388290405,72.28
48.83795690536499,73.17
50.17192053794861,73.0
51.59794569015503,74.0
53.009949922561646,74.72
54.41009998321533,75.24
55.76032042503357,76.21
57.16199541091919,78.0
58.58680725097656,79.31
59.98635649681091,81.1
61.400941610336304,82.21
62.8223090171814,83.55
64.23278880119324,85.24
65.64498209953308,86.69
66.97776508331299,89.31
68.32163381576538,88.9
69.73315811157227,92.62
71.0797188282013,94.72
72.430171251297,95.31
73.76220607757568,97.86
75.10981154441833,98.45
76.4603157043457,99.21
77.87326312065125,100.97
79.28311562538147,102.62
80.61755633354187,104.55
82.031085729599,105.66
83.37732362747192,106.52
84.7899842262268,107.28
86.12664151191711,107.62
87.47487545013428,111.66
88.88643026351929,111.66
90.29738569259644,111.0
91.71167874336243,111.03
93.06183171272278,111.59
94.47322154045105,111.76
95.80630898475647,111.83
97.15388488769531,112.24
98.48792243003845,112.45
99.83723664283752,112.93
101.18535137176514,112.9
102.59649896621704,113.1
104.00762128829956,113.17
105.42007613182068,113.03
106.83423113822937,113.41
108.16394352912903,113.0
109.5778660774231,113.41
110.99427461624146,113.52
112.41287684440613,113.72
113.82436180114746,113.62
115.23485589027405,113.86
116.63296008110046,113.93
118.0460786819458,113.79
119.4550564289093,114.14
120.8685028553009,114.14
122.29271936416626,114.07
123.702969789505,114.24
125.11354970932007,114.52
126.52524614334106,114.14
127.93531394004822,114.38
129.34796023368835,114.41
130.6952407360077,114.72
132.09988474845886,114.66
