3.105870246887207,-1.72
6.326701402664185,-1.69
9.57079553604126,-1.83
12.782522439956665,-1.72
17.727287769317627,5.1
21.201761722564697,17.07
24.752120971679688,27.07
28.31257438659668,27.0
31.861700773239136,28.21
35.402745962142944,27.69
38.88618469238281,28.62
42.44460391998291,27.14
45.991440534591675,11.14
49.47355675697327,65.07
53.01234698295593,34.66
56.566752672195435,31.62
60.11262226104736,27.52
63.65526580810547,30.0
67.21033883094788,32.14
70.75656652450562,31.03
74.30636310577393,25.34
77.92308902740479,29.45
81.55287599563599,30.55
85.09202933311462,29.48
91.12435364723206,-1.34
94.4792070388794,-1.52
97.80166721343994,-1.69
101.13340497016907,-1.62
