1.116652011871338,2.97
2.325521230697632,2.9
3.566251516342163,2.9
4.77589750289917,2.9
9.349798202514648,1.83
10.760276317596436,1.79
12.171288251876831,1.79
13.578346967697144,1.83
14.988216638565063,1.79
16.399182558059692,1.79
17.746614694595337,1.79
19.163633584976196,1.76
20.584416389465332,1.83
21.987351417541504,1.79
23.39912986755371,1.83
24.812313079833984,1.79
26.225461721420288,1.79
27.647539377212524,1.79
28.989863634109497,1.83
30.40252685546875,1.79
31.81518840789795,1.83
33.229541540145874,1.83
34.56535005569458,1.79
35.97731280326843,1.79
37.38847851753235,1.79
38.80769395828247,1.79
40.21934223175049,1.76
41.63151550292969,1.83
43.042275190353394,1.83
44.45222997665405,1.79
45.8641254901886,1.79
47.27598023414612,1.83
48.68810153007507,1.72
50.099433183670044,1.79
51.52823781967163,1.83
52.925840616226196,1.79
54.35143756866455,8.93
55.76355767250061,3.69
57.16207528114319,9.1
58.576151609420776,4.34
59.98917484283447,2.21
61.40357971191406,10.1
62.81349062919617,3.97
64.24048280715942,8.66
65.5727219581604,3.72
66.98551893234253,7.79
68.3393976688385,9.97
69.68621850013733,12.28
71.09540438652039,4.83
72.50547313690186,3.34
73.84806847572327,7.72
75.26744437217712,3.76
76.67231297492981,9.17
78.08704280853271,3.83
79.43309783935547,2.83
80.84401631355286,2.59
82.2533495426178,10.31
83.66778516769409,4.1
85.08106732368469,2.79
86.49396109580994,8.76
87.90421891212463,8.97
89.3301911354065,4.28
90.72661471366882,6.55
92.14022397994995,12.41
93.55165910720825,4.66
94.97780871391296,10.24
96.38803505897522,4.1
97.79809212684631,8.93
99.20942902565002,12.14
100.62137460708618,4.69
102.0305449962616,2.97
103.44391918182373,8.69
104.85663676261902,3.72
106.20413732528687,3.24
107.61540579795837,2.03
109.02685356140137,10.45
110.43794679641724,4.24
111.84981060028076,12.69
113.26483464241028,4.83
114.6767988204956,3.1
116.08712792396545,9.1
117.51294779777527,3.79
118.92560124397278,9.52
120.33693671226501,11.52
121.74964690208435,4.55
123.16279482841492,3.55
124.57119798660278,10.1
125.98177909851074,12.31
127.39412951469421,4.72
128.80142211914062,11.45
130.22624492645264,13.1
131.6353542804718,4.93
133.0488042831421,3.59
134.45942997932434,2.17
135.872376203537,9.17
137.2838625907898,3.79
138.6965537071228,2.72
140.11005020141602,10.79
141.5208818912506,4.24
142.93182373046875,3.59
144.34374904632568,8.55
145.7542929649353,13.34
147.18003702163696,5.0
148.5922555923462,9.97
150.00555396080017,4.03
151.4175524711609,3.31
152.82823967933655,1.97
154.24150919914246,9.62
155.65554809570312,4.0
157.06980109214783,2.72
158.48083806037903,8.17
159.89271020889282,11.03
161.22592663764954,4.45
162.63922095298767,12.07
164.06466937065125,4.79
165.46348690986633,8.62
166.89031744003296,4.69
168.23137545585632,10.45
169.5644016265869,4.31
170.979474067688,11.97
172.3909456729889,4.55
173.81142807006836,11.41
175.22383952140808,4.59
176.57080602645874,9.55
177.98138737678528,4.0
179.31480073928833,3.07
180.6629238128662,2.03
182.07261323928833,2.97
183.43142557144165,9.72
184.8353328704834,3.86
186.18704223632812,6.76
187.5882420539856,3.24
188.9990975856781,3.45
190.35088634490967,2.03
191.76409649848938,2.41
193.17587757110596,1.9
194.58449625968933,2.52
195.99726605415344,1.86
197.4095697402954,2.34
198.82667899131775,10.72
200.23763585090637,4.17
201.64807081222534,3.07
203.06134486198425,2.03
204.47264504432678,2.45
205.8918101787567,9.38
207.30428957939148,10.66
208.6393473148346,4.55
210.06691145896912,9.34
211.4658443927765,11.28
212.87957620620728,4.48
214.2353630065918,3.24
215.646502494812,2.0
217.05909609794617,2.34
218.46723651885986,1.9
219.8814606666565,2.28
221.2931146621704,10.41
222.64088606834412,4.21
224.05328369140625,10.97
225.40266132354736,4.59
226.81419253349304,2.97
228.1483063697815,10.83
229.55849242210388,4.28
230.97581720352173,10.9
232.39798951148987,14.38
233.80821990966797,5.24
235.22066187858582,3.76
236.55382227897644,2.24
237.9660029411316,2.72
239.37682676315308,1.93
240.79079604148865,10.93
242.20378375053406,4.17
243.62581610679626,12.0
245.02963590621948,4.62
246.44272303581238,9.79
247.79451417922974,11.31
255.0937798023224,1.79
256.4142577648163,1.76
257.7463068962097,1.79
259.04762864112854,1.83
260.3793728351593,1.79
261.6811547279358,1.79
262.99880814552307,1.76
264.30342054367065,1.76
268.89959812164307,1.76
270.3118131160736,1.79
271.72317337989807,1.76
273.1335988044739,1.76
274.55120372772217,1.79
275.8866617679596,1.83
277.2986330986023,1.79
278.71656465530396,1.79
280.06185007095337,1.79
281.4739785194397,1.76
282.8850998878479,1.83
284.2927007675171,1.76
285.64800357818604,1.79
286.9794764518738,1.76
288.40520906448364,1.76
289.7433044910431,1.76
291.1562705039978,11.28
292.5712523460388,15.24
293.9842429161072,6.34
295.39738869667053,12.62
296.80853271484375,6.14
298.22011041641235,12.03
299.63740038871765,5.59
301.04747319221497,13.59
302.44874382019043,15.07
303.86154317855835,6.62
305.27548694610596,15.9
306.6894750595093,15.76
308.1080882549286,6.34
309.5193283557892,4.41
310.934077501297,3.55
312.34826922416687,3.38
313.75310921669006,3.28
315.1635699272156,3.03
316.5764706134796,2.97
317.9908993244171,3.21
319.4015214443207,12.07
320.7524049282074,5.97
322.10283493995667,11.34
323.4322180747986,14.62
324.7793035507202,15.28
326.134779214859,6.97
327.5463864803314,13.07
328.8888969421387,6.24
330.30233573913574,12.34
331.6351623535156,5.9
332.9844534397125,12.62
334.4063787460327,6.07
335.80619525909424,12.48
337.1545355319977,15.62
338.56269788742065,15.52
339.98957538604736,13.34
341.4010591506958,14.97
342.73582673072815,6.66
344.1473228931427,14.93
345.49659299850464,5.83
346.91079783439636,4.14
348.2591435909271,3.28
349.6615104675293,11.07
351.01375246047974,13.31
352.4247078895569,13.86
353.83970880508423,5.97
355.1861674785614,3.72
356.5215320587158,11.24
357.936491727829,5.31
359.28149151802063,3.69
360.69270944595337,3.52
362.10735988616943,3.66
363.516193151474,10.1
364.92906308174133,5.41
366.2659821510315,3.93
367.6796007156372,12.66
369.0902910232544,15.72
370.5175290107727,16.28
371.92941093444824,6.97
373.3390130996704,4.21
374.74963641166687,11.41
376.0871558189392,15.34
377.4970932006836,16.52
378.9222447872162,15.14
380.32801818847656,17.62
381.66457319259644,7.24
383.07710003852844,4.52
384.42780566215515,12.45
385.83716773986816,14.76
387.250328540802,14.76
388.6603455543518,6.48
390.08664631843567,4.21
391.4994366168976,3.93
392.90980195999146,12.79
394.32240414619446,5.52
395.6585969924927,13.07
397.07217621803284,10.66
398.4220769405365,14.69
399.83472990989685,6.59
401.24721455574036,3.97
402.6554477214813,12.66
404.0673155784607,14.0
405.4825396537781,6.31
406.83511304855347,3.9
408.234582901001,3.38
409.6606080532074,10.48
411.06360363960266,4.86
412.47573041915894,3.55
413.8887565135956,12.41
415.3000748157501,13.17
422.6078555583954,1.79
423.9087121486664,1.79
425.22548365592957,1.83
426.52703499794006,1.76
427.8411867618561,1.76
429.14963150024414,1.76
430.4976692199707,1.79
431.81506514549255,1.83
436.39728903770447,1.72
437.8079993724823,1.72
439.2321174144745,1.76
440.64589524269104,1.72
442.05756855010986,1.76
443.4698152542114,1.72
444.8805160522461,1.72
446.29345178604126,1.72
447.62719559669495,1.76
449.0500752925873,1.72
450.46147441864014,1.76
451.8744366168976,9.55
453.27676272392273,14.03
454.68773770332336,14.83
456.10702633857727,15.93
457.45312666893005,17.0
458.8638799190521,6.93
460.2737317085266,3.69
461.685919046402,4.48
463.09625482559204,3.86
464.5094449520111,5.07
465.85270738601685,7.28
467.2649893760681,9.34
468.6765513420105,10.83
470.10199880599976,12.59
471.50068616867065,11.72
472.9133834838867,13.79
474.33820390701294,13.66
475.75176310539246,13.55
477.161612033844,13.38
478.5739641189575,15.69
479.9873342514038,15.55
481.402987241745,14.07
482.8153591156006,14.45
484.2169461250305,14.38
485.634316444397,16.79
487.0494899749756,14.9
488.461199760437,15.66
489.87599444389343,16.38
491.28808879852295,16.21
492.70146918296814,13.59
494.1087760925293,15.14
495.52418279647827,17.0
496.9392442703247,17.24
498.3511698246002,14.79
499.7696669101715,14.79
501.1816990375519,14.17
502.59553027153015,13.34
503.9953668117523,13.21
505.4072449207306,14.45
506.8203570842743,13.83
508.24659061431885,17.79
509.6574854850769,18.17
511.06962752342224,18.31
512.4730064868927,17.41
513.8841092586517,16.03
515.2954931259155,17.76
516.7091045379639,17.0
518.1352715492249,17.34
519.5474398136139,16.97
520.9596185684204,17.14
522.3721759319305,16.41
523.7805800437927,18.62
525.1888451576233,19.34
526.6015164852142,14.34
528.016242980957,15.1
529.4279100894928,15.55
530.842193365097,16.38
532.2522673606873,17.21
533.6749315261841,15.9
535.0865705013275,16.66
542.3823444843292,-1.28
543.7003200054169,-1.52
545.0166249275208,-1.48
546.3339805603027,-1.48
547.6517908573151,-1.48
549.0019254684448,-1.59
550.319756269455,-1.69
551.6357474327087,-1.59
556.2172989845276,171.55
557.6318945884705,216.79
559.0415358543396,225.24
560.4540050029755,228.14
561.8657987117767,202.9
563.2790856361389,172.38
570.5955560207367,1.45
571.9133014678955,1.59
573.2310769557953,1.59
574.5501585006714,1.69
575.8668494224548,1.69
577.178361415863,1.69
578.5225038528442,1.69
579.8425664901733,1.69
584.4367125034332,1.66
585.8498678207397,1.69
