3.1055757999420166,-1.86
6.357314348220825,-1.83
9.572842121124268,-1.79
12.785322904586792,-1.86
15.993314504623413,-1.79
19.201027393341064,-1.86
22.415377855300903,-1.79
28.99191665649414,38.31
32.54141449928284,34.34
36.088828325271606,33.72
39.63039517402649,33.31
43.18593382835388,33.52
46.730748414993286,33.52
50.28547024726868,33.21
53.83685564994812,33.83
57.37239050865173,33.24
60.937827587127686,33.52
64.47579550743103,33.34
68.030202627182,33.34
77.46070790290833,-2.9
80.78343486785889,-2.76
84.11295485496521,-2.79
87.42182111740112,-2.66
94.00554847717285,38.21
97.55303478240967,34.21
101.11108064651489,33.34
104.65626835823059,33.76
108.20428514480591,33.41
111.68434405326843,33.52
115.2392954826355,33.45
118.78443717956543,33.69
122.33886289596558,33.79
125.87738847732544,33.24
129.43796825408936,33.41
132.98417162895203,33.31
142.43433713912964,-2.48
145.7551929950714,-2.55
149.07609176635742,-2.62
152.37491655349731,-2.66
158.97743916511536,37.66
162.52797269821167,34.62
166.07777667045593,33.62
169.56156301498413,33.83
173.1134147644043,33.59
176.66447114944458,24.59
180.14434123039246,32.38
183.69466400146484,35.17
187.17576575279236,31.31
190.7258825302124,34.52
194.19414520263672,32.55
197.74971461296082,31.86
207.20217943191528,-4.48
210.50546836853027,-1.83
213.79893732070923,-1.79
217.12349605560303,-2.1
223.7113630771637,91.1
227.25551843643188,203.72
