1.1150400638580322,7.45
2.3198981285095215,7.41
3.5551185607910156,7.45
4.751079320907593,7.41
9.323550462722778,7.48
10.666443586349487,7.48
12.06686544418335,8.52
13.41787838935852,10.17
14.751965761184692,12.21
16.17866563796997,15.03
17.514539003372192,17.79
18.85204815864563,20.62
20.27616024017334,24.17
21.618653774261475,27.21
23.03001594543457,30.55
24.36247944831848,33.59
25.71076989173889,36.17
27.128002405166626,39.34
28.537022590637207,41.72
29.94484305381775,44.1
31.3614821434021,45.76
32.7780385017395,47.45
34.11336398124695,48.9
35.46117281913757,49.97
36.79600644111633,51.0
38.209574460983276,51.9
39.62587904930115,52.31
40.9743766784668,52.76
42.30965852737427,52.86
43.65949010848999,52.55
44.99456453323364,51.83
46.3468132019043,51.21
47.75376915931702,50.03
49.103336572647095,49.28
50.51802182197571,48.07
51.850719928741455,46.93
53.18922472000122,45.86
54.54099893569946,44.55
55.8896062374115,43.31
57.28763484954834,42.31
58.713675022125244,41.17
60.11515212059021,40.03
61.52734303474426,38.97
62.940263509750366,38.31
64.35916328430176,37.48
65.69368147850037,36.66
67.0423276424408,36.03
68.37651515007019,35.52
69.80355978012085,35.1
71.13929462432861,35.07
72.48774981498718,34.76
73.82299709320068,34.83
75.17299580574036,34.93
76.51298761367798,35.28
77.91807746887207,35.62
79.26827907562256,36.24
80.6839919090271,36.41
82.0148274898529,36.93
83.36195945739746,37.41
84.71326065063477,37.76
86.05836486816406,38.34
87.38985586166382,38.9
88.80496644973755,39.38
90.15583038330078,39.83
91.56728029251099,40.34
92.90044522285461,40.76
94.31891870498657,41.0
95.6513888835907,41.34
97.06319832801819,41.52
98.4110095500946,41.62
99.76092076301575,41.76
101.094162940979,41.93
102.50579237937927,42.24
103.91638135910034,41.97
105.26636695861816,41.93
106.6046895980835,42.1
108.0179615020752,42.0
109.36693501472473,41.86
110.77630805969238,41.69
112.18718695640564,41.34
113.60000276565552,41.14
114.93779134750366,41.21
116.34999680519104,40.76
117.76879644393921,40.55
119.17965245246887,40.17
120.59070205688477,40.03
122.00451827049255,39.79
123.41372752189636,39.66
124.8239598274231,39.52
126.22684359550476,39.45
127.63907146453857,39.41
129.05097579956055,39.55
130.4702968597412,39.38
131.88172793388367,39.45
133.29696345329285,39.24
134.63318467140198,39.41
136.04241490364075,39.31
137.39539003372192,39.17
138.80323576927185,39.31
140.21911239624023,39.28
141.5621829032898,39.48
142.9616813659668,39.52
144.31119656562805,39.52
145.6588339805603,39.59
147.0713164806366,39.55
148.4849874973297,39.69
149.81618452072144,39.79
151.22801661491394,39.83
152.63926792144775,40.03
154.0498230457306,39.97
155.4611475467682,40.1
156.87424564361572,40.07
158.2858009338379,40.1
159.70880031585693,40.21
161.1222860813141,40.17
162.45753240585327,40.03
163.8088870048523,40.14
165.21358466148376,40.14
166.5635404586792,40.17
167.9028103351593,40.21
169.23895931243896,40.07
170.5864987373352,40.03
171.9328305721283,40.1
173.2795181274414,39.93
174.61085653305054,39.86
175.96333384513855,39.86
177.37339401245117,40.07
178.71850848197937,40.0
180.05037569999695,39.83
181.4015760421753,39.86
182.73537349700928,39.86
184.0832347869873,39.86
185.4306583404541,39.83
186.76384615898132,39.79
188.11367678642273,39.86
189.52071022987366,39.97
190.87277960777283,40.1
192.2104196548462,40.1
193.56093072891235,40.17
200.8563516139984,7.45
202.17267036437988,7.45
203.47354173660278,7.55
204.8208465576172,7.52
206.10774278640747,7.55
207.40883207321167,7.48
208.71022009849548,7.52
210.01300978660583,7.59
214.5947093963623,4.34
215.94448518753052,4.17
217.2802391052246,15.66
218.69271564483643,23.93
220.0429766178131,29.72
221.3799068927765,33.83
222.72923231124878,34.59
224.07715678215027,36.69
225.48249340057373,37.28
226.83164620399475,37.17
228.24734807014465,38.76
229.6442391872406,39.52
230.99238514900208,38.86
232.4032964706421,39.34
233.746399641037,39.17
235.09837818145752,38.21
236.43267846107483,37.66
237.842702627182,40.76
239.19517397880554,42.03
240.6077437400818,41.59
241.94087052345276,37.21
243.29057717323303,40.97
244.63467121124268,36.59
246.04812264442444,37.86
247.38265347480774,37.14
248.8022961616516,36.86
250.13873386383057,37.07
251.55116510391235,39.9
252.96640968322754,38.41
254.378675699234,38.0
255.72346568107605,38.14
257.1346786022186,38.28
258.5482568740845,38.45
259.88179421424866,40.66
261.23433661460876,40.86
262.64407539367676,41.07
263.97718930244446,41.07
265.39657640457153,41.41
266.8063533306122,38.9
268.2183334827423,38.38
269.6322376728058,38.24
271.0440442562103,40.83
272.377051115036,38.72
273.72523617744446,40.83
275.0763385295868,41.07
276.48517060279846,41.45
277.8185713291168,41.59
279.24067544937134,39.07
280.64542508125305,38.72
281.9956386089325,38.83
283.3286077976227,40.86
284.74282598495483,41.34
286.15577721595764,41.55
287.56925320625305,41.79
288.9819095134735,41.48
290.3892605304718,39.41
291.7267770767212,40.93
293.1394248008728,41.55
294.5556581020355,39.17
295.96483302116394,40.83
297.37891030311584,41.52
298.7918620109558,41.69
300.2085852622986,39.0
301.60688519477844,41.21
303.022319316864,39.24
304.4346363544464,38.38
305.8500945568085,40.86
307.2655110359192,39.28
308.677570104599,40.66
310.08865880966187,41.14
311.50141072273254,39.55
312.89865589141846,38.55
314.2504074573517,38.38
315.6568148136139,38.03
317.0081079006195,40.62
318.40862369537354,39.31
319.7641189098358,40.76
321.17490887641907,41.45
322.5834436416626,39.31
323.9928469657898,40.52
325.32874751091003,41.48
326.6768958568573,41.52
328.02579402923584,41.41
329.36153197288513,41.52
330.715824842453,41.45
332.1267430782318,38.93
333.46054792404175,40.79
334.807918548584,39.14
336.1555233001709,40.66
337.49036049842834,38.59
338.8390169143677,40.45
340.1733374595642,41.14
341.5223207473755,41.21
342.8733148574829,38.52
344.2860164642334,40.9
345.6275706291199,38.76
346.96248865127563,38.17
348.3132710456848,40.28
349.6546468734741,38.59
351.0688638687134,40.59
352.40357995033264,41.48
353.7538540363312,41.45
355.1635718345642,39.07
356.4976484775543,40.79
357.8470416069031,40.9
359.18484568595886,41.28
360.5322811603546,38.66
361.87958002090454,40.79
363.2228169441223,40.97
364.5676872730255,38.72
365.9011082649231,41.14
367.31857657432556,38.66
368.66753602027893,38.52
370.00067114830017,40.83
371.35027050971985,41.14
372.6873097419739,39.31
374.0395658016205,40.45
375.3778352737427,40.86
376.72686195373535,41.24
378.1410789489746,41.28
379.5414571762085,41.17
380.89476680755615,39.14
382.2403094768524,38.59
383.63692903518677,38.17
384.9899435043335,40.79
386.33591985702515,39.28
387.6668906211853,39.0
389.0148470401764,38.41
390.42798829078674,40.69
391.76362466812134,41.0
393.11151695251465,39.07
394.5268771648407,40.72
395.86104369163513,39.52
397.2767581939697,41.14
398.626412153244,41.55
405.93158650398254,3.72
407.26485204696655,4.07
408.58181142807007,3.93
409.8781363964081,3.83
411.1793682575226,3.93
412.48255157470703,3.9
413.7983696460724,3.97
415.08343839645386,4.07
419.71228790283203,326.28
421.060848236084,409.52
422.47320079803467,415.14
423.82015562057495,345.72
425.1520311832428,280.24
426.5004210472107,228.79
427.83518719673157,185.66
429.18445777893066,149.69
430.5983166694641,118.9
431.94651103019714,99.17
433.27702283859253,84.52
434.6258137226105,73.41
435.97243428230286,64.52
437.30635809898376,58.24
438.65748476982117,54.41
440.07218384742737,49.41
441.48496770858765,46.17
442.8319420814514,45.03
444.1677505970001,42.76
445.50386691093445,41.28
446.8502388000488,46.34
448.20140862464905,51.24
449.5363516807556,45.14
450.9598045349121,43.07
452.2970995903015,42.97
453.6311004161835,41.9
454.98093843460083,41.59
456.3973138332367,41.0
