1.1102368831634521,-2.1,0
2.361604928970337,-2.0,0
3.5704472064971924,-2.07,0
4.773507356643677,-2.14,0
5.982413291931152,-2.1,0
7.1855809688568115,-2.07,0
8.400624990463257,-2.07,0
9.617666244506836,-2.07,0
10.831187725067139,-2.1,0
12.082978963851929,-2.03,0
13.294220447540283,-2.14,0
14.502278804779053,-2.07,0
15.716567277908325,-2.03,0
17.079020738601685,-2.03,0
18.32708716392517,-1.93,0
19.548290967941284,-1.97,0
21.056528091430664,-2.03,0
22.297634840011597,-2.03,0
23.50187587738037,-2.07,0
24.72214651107788,-1.97,0
25.924378871917725,-2.0,0
30.51373028755188,-8.38,1
31.932610034942627,69.41,1
33.345765829086304,29.48,1
34.68953847885132,6.1,1
36.10277223587036,1.28,1
37.50327825546265,-0.1,1
38.92189645767212,-0.62,1
40.335065841674805,-0.93,1
41.75518560409546,-1.1,1
43.157716512680054,-1.21,1
44.576915979385376,-1.34,1
45.97739815711975,-3.17,1
47.40405225753784,-18.97,1
48.80220890045166,217.07,1
50.22568345069885,23.72,1
51.63544297218323,3.59,1
53.051286458969116,-0.14,1
54.46749997138977,-0.14,1
55.87640929222107,-0.69,1
57.28298211097717,-0.9,1
58.69563889503479,-0.83,1
60.11882567405701,-1.34,1
61.52303385734558,-1.28,1
62.93914532661438,-1.17,1
64.35856628417969,-2.31,1
65.6876757144928,-1.38,1
67.04147171974182,-0.52,1
68.44611144065857,-1.76,1
69.79771590232849,-1.86,1
71.14819765090942,5.79,1
72.48898935317993,-2.48,1
73.82904505729675,-1.72,1
75.23531150817871,1.34,1
76.59238529205322,-1.69,1
78.00181436538696,-1.83,1
79.4072744846344,-1.76,1
80.76377820968628,-1.66,1
82.10201573371887,-1.1,1
83.4413514137268,-2.03,1
84.7970540523529,-1.1,1
86.20195746421814,-1.72,1
87.6090567111969,-1.72,1
89.02651405334473,-1.69,1
90.43664765357971,-1.9,1
91.79107856750488,-1.76,1
93.19275546073914,-1.9,1
94.53254818916321,-1.17,1
95.8780767917633,-1.69,1
97.3042585849762,-1.83,1
98.7069320678711,-1.83,1
100.12873983383179,-1.83,1
101.52859139442444,-1.83,1
102.94959998130798,-1.93,1
104.35619473457336,-1.76,1
105.77216100692749,-1.86,1
107.1907434463501,-1.86,1
108.59517431259155,-1.79,1
110.01334691047668,-1.86,1
111.42018914222717,-1.93,1
112.83689737319946,-1.97,1
114.2556414604187,-1.83,1
115.60016894340515,-1.86,1
117.00836443901062,-1.86,1
118.41164255142212,-1.86,1
119.83000183105469,-1.86,1
121.24695253372192,-1.9,1
122.65060043334961,-1.86,1
124.07064294815063,-1.83,1
125.47618985176086,-1.79,1
126.8974437713623,-1.76,1
128.31399488449097,-1.79,1
129.6451849937439,-1.79,1
131.06126427650452,-1.76,1
132.40746974945068,-1.79,1
133.82470083236694,-1.83,1
135.22928476333618,-1.9,1
136.65182304382324,-1.9,1
138.0638816356659,-1.79,1
139.47079801559448,-1.79,1
140.87471842765808,-1.83,1
142.29208612442017,-1.9,1
143.71320247650146,-1.86,1
145.11705470085144,-1.83,1
146.5312168598175,-1.86,1
147.94748187065125,-1.83,1
149.36187076568604,-1.79,1
150.77404737472534,-1.79,1
152.17948579788208,-1.76,1
153.59078121185303,-1.83,1
155.01447701454163,-1.83,1
156.41567611694336,-1.76,1
157.8382384777069,-1.86,1
159.24555492401123,-1.79,1
160.60038781166077,-1.76,1
161.93909287452698,-1.79,1
163.2886779308319,-1.86,1
164.69199991226196,-1.76,1
166.0438687801361,-1.83,1
167.4494059085846,-1.86,1
168.78901958465576,-1.86,1
170.20819878578186,-1.79,1
171.5514554977417,-1.83,1
172.96954536437988,-1.79,1
174.3072862625122,-1.83,1
175.72464799880981,-1.83,1
177.13426804542542,-1.86,1
178.55521726608276,-1.76,1
179.95241975784302,-2.0,1
181.29980659484863,-1.59,1
182.71953964233398,342.31,1
184.12236309051514,105.69,1
185.5472183227539,516.45,1
186.89069199562073,727.97,1
188.30266857147217,864.41,1
189.6312940120697,947.83,1
191.05654215812683,978.1,1
192.46217513084412,985.38,1
193.8728747367859,994.41,1
195.29093074798584,994.28,1
196.70184707641602,993.93,1
198.10554146766663,992.03,1
199.5235562324524,990.79,1
200.8692615032196,995.59,1
202.27123999595642,1002.34,1
203.61266899108887,1006.21,1
205.03129959106445,995.41,1
206.3742311000824,999.9,1
207.77633118629456,996.38,1
209.19853687286377,994.62,1
210.61452174186707,1002.0,1
217.97344303131104,-1.55,0
219.28276228904724,-1.69,0
220.59259939193726,-1.66,0
221.90008759498596,-1.69,0
223.22307777404785,-1.55,0
224.5317997932434,-1.72,0
225.84584498405457,-1.66,0
227.16067051887512,-1.66,0
231.7851800918579,57.55,1
233.18880891799927,33.17,1
234.53252792358398,26.17,1
235.9550497531891,16.62,1
237.29462265968323,6.62,1
238.6977846622467,7.38,1
240.1179268360138,4.86,1
241.52260422706604,-108.1,1
242.94021821022034,-14.66,1
244.35885739326477,-98.14,1
245.76228594779968,-7.76,1
247.18136835098267,-3.28,1
248.52481079101562,-1.62,1
249.9382038116455,-1.07,1
251.34426164627075,-1.62,1
252.76311111450195,0.9,1
254.16815543174744,-0.52,1
255.58840107917786,-1.24,1
256.93215441703796,-0.97,1
258.3504309654236,-0.66,1
259.7522475719452,-0.69,1
261.1730754375458,-1.24,1
262.591685295105,-1.1,1
263.99426460266113,-0.62,1
265.40391659736633,-1.41,1
266.8297052383423,-0.9,1
268.22850012779236,-0.66,1
269.6464731693268,-0.52,1
270.98919010162354,-1.34,1
272.4083709716797,-0.93,1
273.81521463394165,-1.41,1
275.22293615341187,-1.03,1
276.5789227485657,-0.72,1
277.9835674762726,-1.34,1
279.3305764198303,-0.9,1
280.74856305122375,-0.52,1
282.1584527492523,-1.24,1
283.57166290283203,-0.86,1
284.9792697429657,-0.69,1
286.3895061016083,-0.55,1
287.8121449947357,-1.34,1
289.220458984375,-0.97,1
290.6365764141083,-0.62,1
292.043226480484,-1.31,1
293.46209740638733,-0.97,1
294.8646287918091,-0.76,1
296.2894284725189,-1.34,1
297.68786096572876,-2.97,1
299.10358905792236,-0.97,1
300.52536702156067,4.07,1
301.94368386268616,1.55,1
303.346871137619,0.66,1
304.7654445171356,1.62,1
306.1776201725006,1.76,1
307.59201741218567,1.79,1
308.9938495159149,161.93,1
310.4112992286682,412.76,1
311.82793831825256,134.14,1
313.2329387664795,209.55,1
320.5414273738861,-3.07,0
321.8496298789978,-0.83,0
323.1629457473755,-40.93,0
324.500364780426,-5.86,0
325.7997581958771,-1.48,0
327.1083948612213,-2.24,0
328.416912317276,-4.41,0
329.71501541137695,-2.21,0
334.3041994571686,-8.34,1
335.64758372306824,-2.24,1
336.98983216285706,-1.0,1
338.41328859329224,-0.45,1
339.75486850738525,0.07,1
341.0907452106476,0.31,1
342.5128815174103,0.34,1
343.84952545166016,0.45,1
345.19148898124695,0.31,1
346.61239552497864,0.52,1
348.0251634120941,0.24,1
349.3643522262573,0.38,1
350.7847671508789,0.72,1
352.1966645717621,0.38,1
353.5999310016632,0.66,1
354.9478645324707,0.48,1
356.2992968559265,0.45,1
357.6410286426544,0.62,1
359.057599067688,0.31,1
360.465562582016,0.28,1
361.88358306884766,0.38,1
363.28686571121216,-3.86,1
364.63231325149536,-0.66,1
365.98614859580994,-2.52,1
367.3905110359192,-49.59,1
368.7314066886902,-5.9,1
370.07996702194214,-2.97,1
371.4217383861542,-1.9,1
372.7714612483978,-2.48,1
374.1738827228546,-2.24,1
375.59193086624146,-2.59,1
376.9321768283844,-3.24,1
378.3578987121582,33.38,1
379.6948959827423,5.1,1
381.03785967826843,-1.07,1
382.45597195625305,0.66,1
383.87094736099243,5.28,1
385.2019274234772,-108.59,1
386.627073764801,1.41,1
388.0332133769989,5.14,1
389.45229172706604,0.1,1
390.85740208625793,0.17,1
392.19774079322815,0.0,1
393.617445230484,-0.07,1
395.03494238853455,-0.31,1
396.44337606430054,-0.17,1
397.86050057411194,-0.34,1
399.2032868862152,-0.34,1
400.6167335510254,-0.55,1
402.0291018486023,-0.48,1
403.43856501579285,-6.55,1
404.77960205078125,-28.45,1
406.19185519218445,-58.72,1
407.6161479949951,-17.21,1
409.0178942680359,-0.55,1
410.4446225166321,22.24,1
411.85452342033386,27.62,1
413.19149351119995,9.31,1
414.6087489128113,-44.52,1
415.9491539001465,49.34,1
417.3642978668213,26.03,1
418.77839064598083,-67.14,1
420.1823949813843,81.86,1
421.5278310775757,16.72,1
422.94704031944275,-19.28,1
424.287193775177,-78.1,1
425.69769263267517,17.41,1
427.11655020713806,21.38,1
428.53626799583435,3.59,1
429.9419836997986,0.83,1
431.3584933280945,-2.07,1
432.7045695781708,-0.38,1
434.113849401474,-49.07,1
435.5262608528137,-43.59,1
436.87141489982605,-15.14,1
438.2179231643677,13.03,1
439.62925028800964,3.28,1
441.0329670906067,1.48,1
442.451602935791,1.62,1
443.8537895679474,-3.1,1
445.2770166397095,0.97,1
446.6800847053528,5.76,1
448.1035075187683,5.45,1
449.5088219642639,5.79,1
450.9206368923187,55.59,1
452.337543964386,43.03,1
453.75871205329895,17.9,1
455.09678530693054,8.66,1
456.5154311656952,-2.07,1
457.93046474456787,8.38,1
459.27091813087463,-4.66,1
460.6851215362549,-5.24,1
462.0874254703522,-3.52,1
463.50855112075806,-2.9,1
464.91282868385315,-1.69,1
466.25900888442993,-9.72,1
467.67742919921875,-4.76,1
469.09328293800354,-2.03,1
470.49903321266174,-968.45,1
471.90771985054016,5.72,1
473.32579469680786,194.0,1
474.73353266716003,-2.93,1
476.15639448165894,-1.9,1
477.5625102519989,-1.66,1
478.97650933265686,-8.72,1
480.3934693336487,-76.66,1
481.7989010810852,-168.24,1
483.2134222984314,-13.86,1
484.6179852485657,-3.38,1
486.0485088825226,-2.62,1
487.4563248157501,-2.31,1
488.8600273132324,-2.24,1
490.2737798690796,-2.1,1
491.6831109523773,-2.17,1
493.1033203601837,-2.17,1
494.52115988731384,-2.1,1
495.92041754722595,-2.14,1
497.34941053390503,-2.21,1
498.8282799720764,-2.21,1
500.24130725860596,-2.07,1
