1.1189374923706055,-1.93,0
2.3607614040374756,-2.38,0
3.5635077953338623,-1.97,0
4.766108274459839,-1.79,0
9.354440450668335,-2.79,1
10.68538784980774,-2.34,1
12.103232622146606,-2.41,1
13.513846397399902,-2.34,1
14.93428659439087,-1.93,1
16.339276552200317,-1.97,1
17.696288108825684,-1.97,1
19.033323526382446,-2.0,1
20.450249910354614,-1.55,1
21.852301597595215,-1.76,1
23.272090673446655,-1.79,1
24.68813943862915,-1.72,1
26.090608596801758,-1.76,1
27.50215244293213,-1.86,1
28.926381587982178,-1.76,1
30.327861309051514,-1.69,1
31.743953227996826,-1.9,1
33.16079616546631,-1.79,1
34.51077222824097,-1.72,1
35.85141396522522,-1.76,1
37.257439613342285,-1.83,1
38.66573476791382,-1.83,1
40.02155089378357,-1.83,1
41.430479764938354,-1.55,1
42.83488059043884,-1.83,1
44.25074744224548,-1.86,1
