1.10801100730896,-2.0,0
2.3425610065460205,-1.93,0
3.5505735874176025,-1.97,0
4.752848386764526,-1.9,0
9.325475454330444,-2.03,1
10.72849416732788,-2.03,1
12.138718843460083,-2.0,1
13.56010890007019,-1.9,1
14.97759199142456,-1.83,1
16.38426113128662,-2.0,1
17.789076566696167,30.59,1
19.144001007080078,53.38,1
20.48421001434326,-59.83,1
21.901094436645508,-27.07,1
23.2404465675354,-14.07,1
24.653473377227783,-6.1,1
26.070467710494995,-3.66,1
27.408742427825928,-2.83,1
28.826616764068604,-2.55,1
30.243274211883545,29.0,1
31.65269637107849,-30.62,1
33.0578179359436,-15.38,1
34.413559436798096,-7.55,1
35.7519428730011,-5.21,1
37.15807342529297,-3.17,1
38.51182961463928,-2.72,1
39.856340646743774,-2.48,1
41.1979546546936,-2.34,1
42.53856325149536,-10.83,1
43.94498109817505,-12.93,1
45.30020594596863,-1.83,1
46.70425295829773,-1.83,1
48.130491495132446,34.07,1
49.53288769721985,51.28,1
50.88182592391968,64.07,1
52.29890322685242,11.9,1
53.63749957084656,0.14,1
55.0421576499939,6.9,1
56.39461302757263,-0.24,1
57.81312012672424,-1.76,1
59.22467756271362,20.17,1
60.625826358795166,-0.9,1
61.96692395210266,-1.28,1
63.39059019088745,-1.52,1
64.79595518112183,-1.55,1
66.15249061584473,-1.55,1
67.48117899894714,-1.62,1
68.89770841598511,-0.97,1
70.2535092830658,-0.83,1
71.59205532073975,-0.41,1
72.93342280387878,-0.07,1
74.35073280334473,0.1,1
75.69322609901428,0.28,1
77.11267828941345,0.1,1
78.51202535629272,0.24,1
79.93601393699646,0.21,1
81.34911441802979,0.24,1
