1.1026647090911865,-1.97,0
2.344974994659424,-1.93,0
3.5568480491638184,-2.07,0
4.759015321731567,-1.93,0
9.345710754394531,50.28,1
10.758007764816284,48.93,1
12.160162687301636,47.79,1
13.57742691040039,46.97,1
14.991719245910645,46.38,1
16.40935206413269,46.38,1
17.75257182121277,46.34,1
19.096588611602783,46.48,1
20.49845290184021,46.41,1
21.924569129943848,46.48,1
23.26864528656006,46.48,1
24.68158721923828,46.38,1
26.096533060073853,46.03,1
27.501179456710815,45.41,1
28.918105363845825,45.83,1
30.330361366271973,45.97,1
31.74180841445923,46.14,1
