1.1150989532470703,-1.38
2.326460838317871,-1.48
3.5625131130218506,-1.41
4.765359878540039,-1.41
9.349719762802124,640.48
10.760783433914185,186.62
12.172804594039917,43.17
13.584200382232666,11.79
14.996919631958008,2.38
16.33129572868347,1.17
17.74258279800415,0.48
19.08410382270813,-0.07
20.434109687805176,-0.24
21.76817750930786,-0.31
23.116238355636597,-3.28
24.465113162994385,5.0
25.875928163528442,-1.17
27.20814824104309,-0.17
28.6352059841156,-0.62
30.04400062561035,-0.79
31.450099229812622,-1.21
32.860511302948,-1.07
34.209779262542725,-1.38
35.54733228683472,-0.59
36.89762759208679,2.0
38.2445433139801,-6.48
39.6488561630249,94.59
40.9981427192688,50.93
42.408018827438354,52.97
43.75713038444519,-33.31
45.16786479949951,-4.14
46.51771020889282,-1.24
47.851999044418335,-3.21
49.26200985908508,1.45
50.6746666431427,-1.0
52.086281061172485,-0.62
53.51072454452515,-1.03
54.921223878860474,-2.93
56.33489179611206,-3.86
57.74782085418701,1.76
59.155301094055176,2.59
60.56599712371826,1.9
61.98387098312378,-2.38
63.39484238624573,-1.31
64.80175709724426,-2.52
66.15029859542847,1.97
67.56346416473389,-3.24
68.9118721485138,0.1
70.24691200256348,-2.14
71.66440916061401,2.31
73.01494121551514,21.9
74.3539490699768,1.93
75.76439881324768,-293.48
77.11498236656189,-73.55
78.44946908950806,-27.62
79.79953527450562,-9.0
81.13389015197754,36.03
82.55959391593933,14.72
83.89315462112427,18.9
85.24465656280518,10.03
86.65933513641357,16.34
87.9910717010498,9.97
89.34116744995117,9.62
90.68767380714417,12.34
92.09798550605774,10.59
93.44700455665588,9.07
94.78094005584717,9.34
96.1298668384552,7.21
97.54121685028076,8.93
98.88888812065125,8.45
100.3066463470459,10.1
101.63656330108643,8.93
103.06432104110718,10.97
104.40827178955078,9.14
105.74152421951294,7.52
107.0883436203003,14.31
108.49888777732849,10.24
109.91032290458679,33.62
111.3228645324707,12.48
112.73580646514893,14.34
114.14546298980713,5.17
115.49448943138123,8.21
116.904470205307,12.83
118.31519603729248,11.07
119.72754836082458,11.34
121.15403032302856,9.34
122.4870593547821,12.52
123.89981436729431,12.1
125.31206750869751,5.17
126.7273461818695,3.31
128.14052820205688,2.38
129.4911665916443,1.79
130.9035701751709,1.14
132.2402708530426,0.72
133.65147066116333,0.34
135.0618679523468,-0.24
136.47526288032532,-309.76
137.88686895370483,-43.86
139.29836750030518,-2.62
140.6471586227417,-2.45
142.0568127632141,-1.86
143.4062442779541,-1.79
144.81552624702454,-1.69
146.23057007789612,-1.72
147.64308404922485,-1.62
149.05499792099,-1.55
150.46548581123352,-1.62
151.87676787376404,-1.72
153.28543138504028,-1.52
154.63703155517578,-1.59
156.05050992965698,-1.55
157.4689610004425,-1.55
158.8794801235199,-1.55
160.2921848297119,-1.48
161.62631487846375,-1.52
162.9753222465515,-1.48
164.32594847679138,-1.62
165.65974068641663,-1.52
167.0745711326599,-1.52
168.42336559295654,-1.48
169.76842975616455,-1.59
171.10313487052917,-2.14
172.45150637626648,-1.31
173.79461097717285,-1.48
175.14692521095276,-1.55
176.47854685783386,-1.79
177.90568590164185,-1.72
179.23405194282532,-1.45
180.58580088615417,-1.52
181.93589091300964,-1.45
183.34670639038086,-1.41
184.69141221046448,-1.41
186.02331829071045,-1.34
187.37457251548767,-1.55
188.71679162979126,-1.34
190.1316454410553,-1.17
191.4815673828125,-1.69
192.82660031318665,-1.14
194.158109664917,-1.48
195.58351373672485,0.45
196.99548363685608,-1.93
198.32943868637085,-1.55
199.6834592819214,-1.41
201.09262228012085,-1.45
202.50625944137573,-1.48
203.84023332595825,-1.55
205.18926858901978,-1.59
206.5375599861145,-1.34
207.87271213531494,-1.31
209.21882796287537,-1.07
210.63081097602844,-1.41
211.97722721099854,-1.38
213.31539678573608,-1.28
214.741717338562,-1.41
