1.1177749633789062,-1.34,0
2.3527345657348633,-1.38,0
3.5606305599212646,-1.38,0
4.767386436462402,-1.41,0
9.368327140808105,241.17,1
10.77777624130249,138.55,1
12.18967866897583,127.52,1
13.596758365631104,124.79,1
15.001287460327148,124.34,1
16.422950267791748,123.83,1
17.834277868270874,123.55,1
19.175506591796875,123.48,1
20.578399896621704,123.86,1
21.928313970565796,117.76,1
23.334794998168945,112.03,1
24.6872878074646,107.1,1
26.10308861732483,102.48,1
27.50155735015869,97.79,1
28.921512365341187,92.55,1
30.2679603099823,90.72,1
31.66960120201111,86.62,1
33.077396392822266,82.86,1
34.43104887008667,81.24,1
35.7746901512146,78.0,1
37.114895820617676,76.41,1
38.53376340866089,72.52,1
39.93719744682312,71.07,1
41.35660696029663,68.66,1
42.76625943183899,66.24,1
44.164390563964844,63.93,1
45.5855278968811,63.17,1
46.93296575546265,61.55,1
48.27550268173218,60.17,1
49.68203115463257,58.86,1
51.0899395942688,56.83,1
52.50052785873413,55.41,1
53.91303896903992,55.55,1
55.333641052246094,53.45,1
56.744823694229126,53.31,1
58.15322303771973,51.17,1
59.55615162849426,51.28,1
60.981385469436646,50.21,1
62.382967472076416,49.69,1
63.799922466278076,48.86,1
65.21147584915161,48.21,1
66.61517024040222,47.34,1
68.03715300559998,46.52,1
75.34778714179993,-1.69,0
76.69289565086365,-1.69,0
77.99622559547424,-1.59,0
79.30519318580627,-1.55,0
80.61708235740662,-1.59,0
81.92811870574951,-1.62,0
83.23882818222046,-1.55,0
84.54549765586853,-1.62,0
89.13530707359314,31.59,1
90.54172253608704,36.0,1
91.95542597770691,40.9,1
93.36181926727295,45.52,1
94.71068167686462,49.28,1
96.05569171905518,53.24,1
97.45969438552856,56.83,1
98.88217186927795,60.31,1
100.29355835914612,63.72,1
101.70404243469238,67.45,1
103.10972690582275,70.62,1
104.52830600738525,73.79,1
105.93086123466492,76.72,1
107.34954380989075,79.52,1
108.76776027679443,81.93,1
110.17740201950073,84.86,1
111.58239245414734,88.1,1
112.99429869651794,89.17,1
114.4104859828949,91.34,1
115.82200336456299,93.62,1
117.22419118881226,95.41,1
118.64515542984009,97.48,1
120.04914617538452,99.14,1
121.47054076194763,100.0,1
122.87551832199097,100.21,1
124.29294753074646,99.86,1
125.6948184967041,99.55,1
127.10316729545593,98.66,1
128.52221751213074,97.38,1
129.9252426624298,96.17,1
131.34242701530457,94.62,1
132.7494032382965,92.62,1
134.17183136940002,90.9,1
135.57953786849976,89.03,1
136.99012780189514,86.52,1
138.4072141647339,84.55,1
139.81524515151978,82.0,1
141.23027563095093,79.48,1
142.6351580619812,77.24,1
144.05504894256592,74.9,1
145.4586477279663,72.59,1
146.8771893978119,70.1,1
148.27793073654175,67.66,1
149.69654655456543,65.24,1
151.10815930366516,62.93,1
152.51634883880615,60.66,1
153.9291672706604,58.34,1
155.3490002155304,56.28,1
156.76181268692017,54.1,1
158.1727089881897,52.07,1
159.58501410484314,50.21,1
160.98730492591858,48.24,1
162.32788467407227,46.69,1
163.75142741203308,45.07,1
165.15395665168762,43.31,1
166.49433493614197,41.9,1
167.91434288024902,40.48,1
169.32102346420288,38.76,1
170.73866295814514,38.14,1
172.14307951927185,37.14,1
173.490375995636,36.17,1
174.90323090553284,35.38,1
176.31505942344666,34.38,1
177.650887966156,33.76,1
179.06831979751587,33.24,1
180.4091637134552,32.76,1
181.81281304359436,32.38,1
183.2329967021942,31.9,1
184.64825916290283,31.55,1
186.05566596984863,31.31,1
187.4638864994049,31.17,1
188.88575100898743,31.0,1
190.216246843338,31.0,1
191.63303637504578,31.07,1
192.98169565200806,31.0,1
194.39190816879272,31.0,1
195.79357743263245,31.07,1
197.2163233757019,31.34,1
198.61998677253723,31.48,1
200.03895545005798,31.69,1
201.4525830745697,31.93,1
202.8630452156067,32.17,1
204.26720905303955,32.34,1
205.67211318016052,32.69,1
207.09065127372742,33.07,1
208.51112604141235,33.38,1
209.91380786895752,33.62,1
211.3206808567047,34.07,1
212.67665696144104,34.34,1
219.96674966812134,-1.52,0
221.2888855934143,-1.48,0
222.59354901313782,-1.55,0
223.90241646766663,-1.38,0
225.23838019371033,-1.48,0
226.54663038253784,-1.41,0
227.85990023612976,-1.41,0
229.16979575157166,-1.38,0
230.36558985710144,-1.41,0
231.57923030853271,-1.38,0
232.79294085502625,-1.41,0
233.9914059638977,-1.45,0
235.23703742027283,-1.34,0
236.4404420852661,-1.45,0
237.65870761871338,-1.41,0
238.8701047897339,-1.48,0
240.06603074073792,-1.41,0
241.27879667282104,-1.48,0
242.48789525032043,-1.48,0
243.69857811927795,-1.45,0
244.94805097579956,-1.45,0
246.1524395942688,-1.38,0
247.36234879493713,-1.38,0
248.57456755638123,-1.45,0
249.79223656654358,-1.48,0
251.00609302520752,-1.48,0
