1.107253074645996,-1.52,0
2.320547103881836,-1.48,0
3.574337959289551,-1.48,0
4.77795934677124,-1.45,0
9.363807201385498,-1.48,1
10.776188850402832,-1.55,1
12.120762586593628,-1.52,1
13.519615173339844,-1.52,1
14.937458515167236,-1.48,1
16.343366861343384,-1.48,1
17.760913848876953,-1.52,1
19.17976713180542,-1.48,1
20.58320188522339,-1.55,1
22.003955602645874,-1.55,1
23.412097692489624,-1.55,1
24.824679374694824,-1.52,1
26.165723085403442,-1.59,1
27.58755350112915,-1.48,1
28.99072289466858,-1.52,1
30.41067600250244,-1.48,1
31.82577133178711,-1.48,1
33.239813566207886,-1.48,1
34.64442825317383,-1.48,1
36.06120681762695,-1.52,1
37.46597075462341,-1.55,1
38.886008739471436,-1.55,1
40.30240273475647,-1.55,1
41.70603585243225,-1.45,1
43.12433052062988,-1.52,1
44.54249286651611,-1.52,1
45.95225238800049,-1.52,1
47.35930395126343,-1.48,1
48.77896189689636,-1.48,1
50.182111740112305,-1.48,1
51.60184574127197,-1.52,1
53.01975345611572,-1.52,1
54.427778244018555,-1.45,1
55.84591746330261,-1.48,1
57.252959966659546,-1.52,1
58.67044687271118,-1.48,1
60.07221531867981,-1.48,1
61.48857283592224,-1.52,1
62.91084814071655,-1.55,1
64.31249761581421,-1.55,1
65.73067021369934,-1.55,1
67.07061886787415,-1.45,1
68.42257809638977,-1.52,1
69.82622957229614,-1.48,1
71.23880171775818,-1.48,1
72.6610198020935,-1.45,1
73.99147391319275,-1.52,1
75.41001105308533,-1.48,1
76.81964302062988,-1.55,1
78.23136281967163,-1.52,1
79.64203476905823,-1.45,1
