1.1106159687042236,-1.48,0
2.350450038909912,-1.52,0
3.562479019165039,-1.59,0
4.765507698059082,-1.52,0
9.334619045257568,-1.38,1
10.67870569229126,-1.48,1
12.09068512916565,-1.48,1
13.502325534820557,-1.52,1
14.836830854415894,-1.48,1
16.25626230239868,-1.59,1
17.603853464126587,-1.52,1
18.935505151748657,-1.52,1
20.291318655014038,-1.52,1
21.63379454612732,-1.48,1
22.97451424598694,-1.52,1
24.310651063919067,-1.48,1
25.72801375389099,-1.52,1
27.135905981063843,-1.48,1
28.547366619110107,-1.45,1
29.900978565216064,-1.55,1
31.318586587905884,-1.48,1
32.733195066452026,-1.59,1
34.074978828430176,-1.52,1
35.41536593437195,-1.52,1
36.76356482505798,-1.48,1
38.17773747444153,-1.52,1
39.52138590812683,-1.52,1
40.866636991500854,-1.52,1
42.19622182846069,-1.48,1
43.55444002151489,-1.59,1
44.891125440597534,-1.48,1
46.23010873794556,-1.59,1
47.58553600311279,-1.55,1
48.98912787437439,-1.48,1
50.40599799156189,-1.52,1
51.81642484664917,-1.48,1
53.22938013076782,-1.52,1
54.57304620742798,-1.55,1
55.97601890563965,-1.55,1
57.398194313049316,-1.45,1
58.80938267707825,-1.52,1
