3.1269149780273438,-1.48
6.377597332000732,-1.48
9.587199687957764,-1.48
12.800388813018799,-1.48
19.399356842041016,-1.52
22.950459241867065,-1.48
26.500547409057617,-1.55
30.048911809921265,-1.52
33.59682083129883,-1.55
37.14673733711243,-1.55
40.69800066947937,-1.52
44.2488272190094,-1.52
47.78709316253662,-1.45
51.34074544906616,-1.55
54.889466762542725,-1.48
58.437803745269775,-1.52
61.988783836364746,-1.48
65.54087090492249,-1.48
69.02375316619873,-1.45
72.50486755371094,-1.52
76.05327582359314,-1.55
79.53259801864624,-1.52
83.0791220664978,-1.41
86.6372447013855,-1.59
90.18847179412842,-1.48
93.73508095741272,-1.48
97.22256684303284,-1.48
100.75950384140015,-1.48
104.31444883346558,-1.45
107.87045168876648,-1.55
111.42101287841797,-1.52
114.97061157226562,-1.52
118.51819491386414,-1.48
122.07256031036377,-1.48
125.61696577072144,-1.45
129.1653275489807,-1.52
132.71993565559387,-1.45
136.26638460159302,-1.52
139.8210587501526,-1.48
143.35888981819153,-1.52
146.91054964065552,-1.41
150.47103238105774,-1.55
154.0226366519928,-1.48
157.55930399894714,-1.48
161.11138343811035,-1.41
164.66091537475586,-1.55
168.20931959152222,-1.48
171.7586224079132,-1.45
175.32206320762634,-1.48
178.79618525505066,-1.52
182.3564703464508,-1.48
185.83576893806458,-1.52
189.31504917144775,-1.55
192.8001925945282,-1.52
196.34505605697632,-1.48
199.8890995979309,-1.45
203.44684624671936,-1.48
206.9940710067749,-1.55
210.5433337688446,-1.48
214.09424209594727,622.79
217.63937401771545,720.72
221.18680095672607,853.14
224.7361443042755,967.14
228.28925728797913,1055.62
235.7727918624878,29.59
239.3164496421814,46.07
242.87989783287048,98.41
246.34488916397095,193.83
249.89888620376587,334.21
253.38559222221375,492.66
