1.0942935943603516,-1.83,0
2.3410818576812744,-1.83,0
3.543808698654175,-1.86,0
4.740517854690552,-1.83,0
5.947220802307129,-1.83,0
7.15996527671814,-1.76,0
8.350651264190674,-1.86,0
12.94706916809082,-4.14,1
14.359275341033936,-2.62,1
15.772944688796997,-1.59,1
17.185612678527832,-1.41,1
18.51807928085327,-1.38,1
19.866284608840942,-1.41,1
21.217652559280396,-1.45,1
22.549028635025024,-1.41,1
23.96265697479248,-1.24,1
25.37795114517212,-0.97,1
26.78261375427246,-1.1,1
28.195114850997925,-0.55,1
29.610631704330444,-0.34,1
31.032158851623535,0.03,1
32.4385290145874,0.69,1
33.790732622146606,0.79,1
35.19343686103821,0.93,1
36.5999231338501,1.86,1
38.02670955657959,1.76,1
39.36634397506714,1.93,1
40.78242516517639,0.55,1
42.11522126197815,1.69,1
43.536736726760864,7.55,1
44.95085620880127,8.59,1
46.35710334777832,9.83,1
47.77450633049011,10.28,1
49.184266805648804,12.17,1
50.58796572685242,10.31,1
52.00104761123657,10.97,1
53.41244626045227,11.66,1
54.826996088027954,11.14,1
56.1715612411499,10.41,1
57.578827142715454,10.48,1
59.00337028503418,10.07,1
60.40675163269043,10.55,1
61.81788206100464,10.76,1
63.23094415664673,10.86,1
64.6530830860138,10.55,1
66.06617498397827,12.0,1
67.46402382850647,12.24,1
68.88576102256775,11.24,1
70.22816157341003,10.24,1
71.64781951904297,11.38,1
72.98073983192444,10.83,1
74.32385516166687,9.76,1
75.73282074928284,8.21,1
77.0823655128479,8.69,1
78.49360179901123,7.83,1
79.91194725036621,9.17,1
81.24404716491699,10.24,1
82.59597563743591,9.79,1
84.01088213920593,9.38,1
85.41311383247375,10.45,1
86.76825404167175,11.07,1
88.18159246444702,8.9,1
89.59461379051208,11.97,1
91.00032663345337,10.55,1
92.34858846664429,12.07,1
93.68130421638489,10.03,1
95.10129857063293,8.86,1
96.518883228302,9.34,1
97.92689752578735,15.48,1
99.32949638366699,16.83,1
100.67291116714478,17.41,1
102.09531688690186,26.52,1
103.50978326797485,6.93,1
104.91929602622986,6.31,1
106.32586646080017,1.83,1
107.74442958831787,6.79,1
109.15362048149109,10.55,1
110.56509852409363,9.24,1
111.97372364997864,9.66,1
113.31302189826965,4.45,1
114.73016285896301,3.93,1
116.13352251052856,9.07,1
117.54924249649048,11.55,1
118.96506476402283,0.38,1
120.37351036071777,3.59,1
121.78375720977783,10.93,1
123.20473599433899,1.93,1
124.60732197761536,0.72,1
126.02805972099304,0.1,1
127.43659496307373,0.28,1
128.84807085990906,1.24,1
130.26431465148926,3.21,1
131.60823249816895,3.76,1
133.0182113647461,32.83,1
134.42247653007507,29.55,1
135.84375643730164,7.17,1
137.24694967269897,16.97,1
138.66578221321106,8.86,1
140.06583523750305,9.45,1
141.4749174118042,10.48,1
142.88859844207764,11.41,1
144.3030173778534,12.41,1
145.70859265327454,8.14,1
147.11957716941833,11.83,1
148.53480768203735,11.17,1
149.94674348831177,10.24,1
151.35464334487915,7.03,1
152.7688524723053,6.45,1
154.17822742462158,9.83,1
155.5971314907074,7.48,1
157.01025557518005,9.59,1
158.42443823814392,11.21,1
159.82530856132507,117.66,1
161.23514008522034,10.14,1
162.5838279724121,9.83,1
163.99909329414368,6.52,1
165.4096291065216,10.21,1
166.81744003295898,9.69,1
168.16649413108826,9.31,1
169.57044434547424,29.14,1
170.97833609580994,9.79,1
172.33183097839355,9.48,1
173.7381947040558,7.21,1
175.15361070632935,5.79,1
176.55729389190674,6.72,1
177.90287804603577,-1.17,1
179.25058484077454,-1.41,1
180.5791094303131,0.41,1
181.9318323135376,-1.07,1
183.27454924583435,1.1,1
184.690288066864,1.1,1
186.02407598495483,0.31,1
187.43647718429565,-2.9,1
188.77571821212769,-0.59,1
190.12577390670776,-0.14,1
191.52982449531555,1.52,1
192.87357330322266,12.03,1
194.2822699546814,0.28,1
195.70515370368958,52.34,1
197.1030080318451,59.9,1
198.52524995803833,30.69,1
199.92749881744385,9.17,1
201.338805437088,4.9,1
202.75447845458984,5.03,1
204.10033917427063,4.07,1
205.50784277915955,5.1,1
