1.11083984375,-1.9,0
2.3490493297576904,-1.79,0
3.5515034198760986,-1.76,0
4.756099700927734,-1.79,0
9.34546971321106,272.34,1
10.689217805862427,272.69,1
12.096630573272705,277.03,1
19.415006160736084,-1.97,0
20.717626333236694,-1.86,0
22.0619637966156,-1.9,0
23.372718572616577,-2.0,0
24.678550481796265,-2.0,0
25.987606287002563,-1.97,0
27.29862093925476,-1.93,0
28.61265206336975,-2.0,0
33.20774984359741,296.24,1
34.54638743400574,285.41,1
35.963804960250854,285.93,1
43.269938707351685,-1.9,0
44.56422257423401,-1.86,0
45.88036608695984,-1.97,0
47.17965078353882,-1.9,0
48.50505471229553,-1.86,0
49.81771779060364,-1.93,0
51.12814474105835,-1.97,0
52.47800898551941,-2.0,0
57.06400752067566,298.76,1
58.47955942153931,287.24,1
59.89961624145508,288.48,1
61.31379294395447,288.28,1
68.64168620109558,-1.93,0
69.96254372596741,-1.9,0
