1.1190366744995117,8.59
2.352428674697876,8.59
3.562559127807617,8.52
4.766567230224609,8.55
5.971693277359009,8.55
10.572965383529663,3.31
11.989967823028564,3.31
13.401426792144775,15.03
14.746833324432373,30.86
16.156901359558105,44.93
17.493934392929077,57.07
18.837605953216553,71.31
20.188595294952393,87.45
21.603036403656006,101.1
22.938405513763428,108.48
24.352757930755615,113.38
25.760191440582275,118.97
27.176454067230225,121.03
28.58883309364319,117.41
29.998993635177612,121.17
31.40494418144226,118.1
32.8182852268219,120.72
34.16833305358887,121.21
35.56973624229431,121.24
36.976903438568115,121.41
38.396965980529785,117.83
39.73485994338989,120.86
41.07784676551819,121.48
42.4330267906189,118.17
43.84475135803223,121.0
45.243621826171875,122.1
46.659728050231934,122.45
48.07176423072815,121.66
49.48490285873413,122.79
50.89528679847717,118.52
52.30995535850525,121.69
53.71149158477783,122.0
55.12534236907959,122.97
56.54016470909119,122.66
57.951441049575806,122.72
59.366379499435425,119.31
60.785231828689575,122.14
62.19704461097717,118.66
63.601712703704834,117.93
65.01190400123596,117.45
66.35388374328613,117.38
67.70228481292725,121.1
69.03769159317017,122.48
70.45768666267395,122.97
71.87258076667786,122.59
73.20801067352295,122.66
74.55987882614136,118.76
75.96075892448425,121.45
77.37198686599731,118.69
78.78414344787598,121.97
86.08773350715637,2.45
87.4398934841156,2.55
88.75942397117615,2.41
90.07780742645264,2.55
91.382737159729,2.45
92.70197200775146,2.45
94.01739883422852,2.48
95.31901669502258,2.45
99.96627449989319,2.45
101.37097644805908,2.41
102.78682947158813,2.41
104.20266723632812,2.52
105.61716556549072,15.03
107.02723860740662,23.86
108.4363648891449,27.41
109.86062741279602,32.34
111.2715437412262,38.03
112.67785429954529,39.66
114.09119868278503,39.93
115.50842928886414,39.83
116.91948509216309,39.41
118.33565521240234,39.14
119.74521136283875,38.76
121.16080069541931,38.45
122.55910587310791,38.31
123.98760056495667,38.07
125.39314365386963,38.31
126.80664372444153,38.59
128.22106432914734,38.52
129.62021565437317,41.72
131.03280305862427,42.72
132.44608092308044,42.72
133.85174584388733,39.21
135.2667145729065,38.38
136.6778838634491,38.28
138.10183882713318,38.21
139.5073902606964,38.14
140.8498089313507,37.97
142.26344966888428,38.1
143.67647504806519,38.14
145.08919429779053,38.0
146.4949643611908,37.79
147.90961122512817,37.59
149.32430696487427,40.9
150.7259430885315,41.79
152.1540150642395,38.66
153.56307315826416,41.07
154.9629933834076,41.9
156.37245440483093,42.1
157.78845167160034,38.66
159.2054581642151,38.38
160.61783623695374,40.86
162.02892994880676,41.45
163.43912029266357,41.62
164.77455163002014,41.76
166.1155309677124,41.59
167.53614377975464,38.14
168.95367169380188,40.76
176.24749565124512,2.62
177.5681586265564,2.52
178.8730800151825,2.48
180.22349333763123,2.52
181.52599668502808,2.52
182.83123469352722,2.45
184.14879989624023,2.41
185.45041680335999,2.52
186.6561987400055,2.52
187.86495280265808,2.41
189.07191944122314,2.41
190.28227138519287,2.48
191.5248203277588,2.38
192.73490834236145,2.45
193.9432032108307,2.72
195.15687465667725,2.38
196.36646676063538,2.41
197.57954049110413,2.48
198.7851104736328,2.41
200.03746914863586,2.34
201.24850177764893,2.45
202.4553201198578,2.34
203.66187834739685,2.31
204.8733184337616,2.41
206.08642625808716,2.34
207.2985143661499,2.34
208.53448057174683,2.38
209.7527232170105,2.41
