1.1227374076843262,-1.86
2.3630008697509766,-1.72
3.578953266143799,-1.9
4.782068252563477,-1.93
5.993084669113159,-1.97
7.195613145828247,-1.93
8.404608249664307,-1.97
11.410561800003052,1.83
12.824294090270996,3.48
14.23634672164917,9.24
15.650371551513672,10.45
17.054183959960938,9.31
18.40512180328369,10.34
19.81494116783142,9.83
21.226510047912598,8.69
22.638975143432617,12.69
24.049155712127686,12.69
25.463021516799927,9.38
26.877440929412842,8.0
28.29572629928589,11.72
29.708601713180542,8.93
31.120790243148804,10.48
