1.092714548110962,-1.93,0
2.3381805419921875,-1.79,0
3.5482177734375,-1.86,0
4.7481348514556885,-1.93,0
9.322396278381348,1053.0,1
10.733891725540161,1035.59,1
12.145269870758057,448.31,1
19.43477988243103,8.17,0
20.735495567321777,8.17,0
22.080811977386475,8.07,0
23.371230602264404,6.55,0
24.679312705993652,7.14,0
25.996848583221436,7.59,0
27.30712914466858,7.97,0
28.597456693649292,7.52,0
29.91703963279724,8.93,0
31.22448229789734,9.28,0
32.56622934341431,8.9,0
33.87294793128967,7.34,0
35.171048641204834,7.24,0
36.464110136032104,7.48,0
37.759944677352905,6.48,0
39.06832528114319,5.31,0
43.65736150741577,10.52,1
45.06602954864502,44.03,1
46.47987461090088,60.66,1
47.823585748672485,63.45,1
49.22273325920105,65.38,1
50.573848485946655,64.86,1
51.99017810821533,58.17,1
53.39406180381775,60.52,1
54.807883977890015,57.72,1
56.22597813606262,56.52,1
57.628809452056885,57.1,1
59.048731565475464,56.93,1
60.459758281707764,63.41,1
61.86466431617737,64.93,1
63.28301000595093,65.21,1
64.68873643875122,58.31,1
66.03304290771484,57.76,1
67.38215065002441,56.66,1
68.7935004234314,56.24,1
70.1983962059021,56.0,1
71.54829716682434,60.55,1
72.87653374671936,62.31,1
74.23157620429993,59.17,1
75.56559181213379,61.59,1
76.92102694511414,57.45,1
78.32435035705566,59.97,1
79.74234557151794,61.45,1
81.14979481697083,64.38,1
82.49058032035828,58.14,1
83.90716314315796,58.34,1
85.24863362312317,60.31,1
86.66558790206909,61.62,1
88.00415658950806,62.17,1
89.40719556808472,55.41,1
90.75792741775513,59.31,1
92.09821248054504,59.97,1
93.51676177978516,60.1,1
94.92068266868591,60.21,1
96.2628755569458,59.83,1
97.68380951881409,61.45,1
99.02821564674377,56.76,1
100.42819857597351,59.86,1
101.85131788253784,59.52,1
103.19092726707458,59.86,1
104.52831435203552,61.03,1
105.94776701927185,60.72,1
113.25703954696655,2.76,0
114.5735023021698,2.17,0
115.91510272026062,1.97,0
117.23832058906555,1.9,0
118.55675601959229,1.83,0
119.86541795730591,1.93,0
121.17157793045044,2.0,0
122.48154067993164,2.1,0
127.08134174346924,14.69,1
128.50112676620483,76.0,1
129.84074568748474,96.45,1
131.25853323936462,106.9,1
132.59493279457092,101.38,1
134.01460766792297,106.0,1
135.41565561294556,100.69,1
136.83751368522644,105.07,1
138.23863291740417,98.72,1
139.65442395210266,103.83,1
141.06840753555298,100.66,1
142.47223782539368,102.34,1
143.88944554328918,95.52,1
145.3063395023346,95.17,1
146.7139492034912,103.07,1
148.11970472335815,95.62,1
149.53989577293396,93.72,1
150.95625114440918,93.79,1
152.36061429977417,104.79,1
153.77886033058167,93.72,1
155.18827748298645,88.24,1
156.59714078903198,96.52,1
158.01209449768066,94.52,1
159.4173288345337,102.31,1
160.83516907691956,62.93,1
162.1756308078766,63.03,1
163.5211946964264,68.07,1
164.92156720161438,54.24,1
166.26516270637512,84.72,1
167.67951893806458,113.72,1
169.02507495880127,91.48,1
170.36828207969666,72.66,1
171.7029037475586,-1.9,1
173.11949920654297,-1.38,1
174.4733555316925,6.1,1
175.81353330612183,5.55,1
177.1528549194336,5.97,1
178.57024216651917,6.86,1
179.90898156166077,7.1,1
181.26264786720276,7.72,1
182.60403394699097,8.1,1
184.01447796821594,8.17,1
185.3576099872589,8.48,1
186.7755036354065,8.52,1
188.11687660217285,8.62,1
189.45394945144653,8.76,1
190.80048441886902,8.62,1
192.21300506591797,8.62,1
