1.1059155464172363,-2.07,0
2.348947763442993,-2.03,0
3.552744150161743,-2.0,0
4.7537901401519775,-2.0,0
9.33690619468689,4.86,1
10.681277990341187,7.21,1
12.0939781665802,5.0,1
13.494958877563477,4.66,1
14.85115909576416,4.07,1
16.25562071800232,3.55,1
17.592666149139404,3.48,1
18.950758457183838,4.1,1
20.289075136184692,2.72,1
21.633130073547363,2.83,1
22.972572565078735,2.31,1
24.31602907180786,2.03,1
25.65565800666809,1.72,1
27.0751531124115,1.38,1
28.49232244491577,1.66,1
29.83912205696106,1.41,1
31.178455114364624,1.21,1
32.51824235916138,1.79,1
33.8559730052948,0.69,1
35.209373474121094,1.14,1
36.54684925079346,0.28,1
37.96619176864624,0.48,1
39.381789445877075,1.52,1
40.71965146064758,1.69,1
42.05945062637329,1.69,1
43.41549849510193,2.48,1
44.82203936576843,1.62,1
46.16309094429016,1.34,1
47.5051007270813,1.31,1
48.92494058609009,1.14,1
50.33362531661987,0.62,1
51.748148679733276,0.86,1
53.16373872756958,0.62,1
54.56811165809631,0.72,1
55.985536336898804,0.34,1
57.32663631439209,1.0,1
58.73596715927124,1.55,1
60.157304525375366,1.03,1
61.561797857284546,0.83,1
62.91105103492737,0.72,1
64.24726700782776,-0.83,1
65.60234427452087,0.28,1
67.0043432712555,0.34,1
68.35939407348633,0.14,1
69.76328492164612,1.86,1
71.11657810211182,-1.14,1
72.45674848556519,-1.21,1
73.79995322227478,-0.9,1
75.1364643573761,-0.17,1
76.48930048942566,-0.62,1
77.90703201293945,-0.93,1
79.24769163131714,0.14,1
80.65156030654907,-0.76,1
82.00961971282959,-0.93,1
83.3507285118103,-0.93,1
84.75270342826843,-48.1,1
86.17067956924438,-1.14,1
87.51105904579163,-1.62,1
88.86401724815369,-8.07,1
90.27762961387634,0.0,1
91.62023782730103,13.45,1
93.0340850353241,-1.07,1
94.36793661117554,-1.31,1
95.78643321990967,-1.14,1
97.1994092464447,-1.24,1
98.60290837287903,-1.38,1
100.02284598350525,-1.31,1
101.4404718875885,-1.28,1
102.84662866592407,-1.41,1
104.26524925231934,-1.45,1
105.59470009803772,-1.62,1
107.01174640655518,-1.24,1
108.43463110923767,-0.93,1
109.83236122131348,-0.72,1
111.25806093215942,-0.48,1
112.65884613990784,-0.62,1
114.08072924613953,-0.52,1
115.4951319694519,-0.52,1
116.90647172927856,-0.48,1
118.31276845932007,-0.59,1
119.72631406784058,-0.66,1
121.14518785476685,-0.83,1
122.55484223365784,-0.72,1
123.97103095054626,-0.83,1
125.37443017959595,-0.9,1
126.78316736221313,-0.97,1
128.20118284225464,-0.97,1
129.60980224609375,-0.9,1
131.02830934524536,-1.03,1
132.44648957252502,-1.31,1
133.8524911403656,-1.41,1
135.26748895645142,0.72,1
136.67193150520325,-1.69,1
138.08834290504456,-1.59,1
139.50702142715454,-1.79,1
140.92176747322083,-1.45,1
142.33144807815552,-1.41,1
143.7367343902588,-1.59,1
145.15935945510864,-1.45,1
146.56252717971802,-1.59,1
147.98316717147827,-1.34,1
149.38512778282166,-1.24,1
150.79653024673462,-1.48,1
152.21389961242676,-1.41,1
153.6290373802185,-1.45,1
155.04754614830017,-1.48,1
156.45156955718994,-1.52,1
157.86751794815063,-1.66,1
159.28568053245544,-1.55,1
160.6874029636383,-1.59,1
162.03006982803345,-1.59,1
163.4477653503418,-1.62,1
164.79467296600342,-1.59,1
166.2023148536682,-1.55,1
