1.1061275005340576,-1.0
2.3584883213043213,-0.9
3.563709259033203,-1.07
4.759718656539917,-1.28
9.340876817703247,2.62
10.68425726890564,2.62
12.095931768417358,2.76
13.504630088806152,2.62
14.92026686668396,2.62
16.320069313049316,2.72
17.67023730278015,13.03
19.012371063232422,19.93
20.36637854576111,23.76
21.704275608062744,25.0
23.03985095024109,27.34
24.39789915084839,28.31
25.802902221679688,28.34
27.219966888427734,28.52
28.63291645050049,28.41
30.03815484046936,29.72
31.458770513534546,29.97
32.872467279434204,30.0
34.20665264129639,30.03
35.629730224609375,29.83
36.96299457550049,29.97
38.37727618217468,30.07
39.79433298110962,29.9
41.13334059715271,29.72
42.55435609817505,29.69
43.95575141906738,29.79
45.377402544021606,29.69
46.71883201599121,29.76
48.126322746276855,29.62
49.5412974357605,29.66
