1.1013755798339844,8.38
2.3159804344177246,8.28
3.548276424407959,8.31
4.759192228317261,8.31
5.968141317367554,8.24
10.55446743965149,8.31
11.968161582946777,8.28
13.382863283157349,9.41
14.794166326522827,11.97
16.20075011253357,16.93
17.54762864112854,23.9
18.957905530929565,33.97
20.30182647705078,45.66
21.716542959213257,59.45
23.126636505126953,73.62
24.53027868270874,88.03
25.94934391975403,102.48
27.350557327270508,116.48
28.76797866821289,129.34
30.182724952697754,140.07
31.600440979003906,149.14
33.01331567764282,156.03
34.3550500869751,161.28
35.70016026496887,164.28
37.097941160202026,165.03
38.51540207862854,164.03
39.92973828315735,161.1
41.34323263168335,156.62
42.75674891471863,151.17
44.16091704368591,144.97
45.57900667190552,138.52
46.97828555107117,131.86
48.39149856567383,125.14
49.80498242378235,119.45
51.213611364364624,114.24
52.625535011291504,109.69
54.04417848587036,105.72
55.455604553222656,103.14
56.85834217071533,101.38
58.27014636993408,100.83
59.687827348709106,100.72
61.097949743270874,101.79
62.51816391944885,103.79
63.920079708099365,106.17
65.33168911933899,108.72
66.74390149116516,111.21
68.09650087356567,114.17
69.50785279273987,116.83
70.91711044311523,120.24
72.32672882080078,122.14
73.73427271842957,124.66
75.1468608379364,125.97
76.5682327747345,127.24
77.97098183631897,127.93
79.37853479385376,128.34
86.76572942733765,8.07
88.06934475898743,8.17
89.39630842208862,8.24
