1.1154921054840088,8.31
2.3556315898895264,8.31
3.5660691261291504,8.28
4.7730324268341064,8.21
9.364259004592896,8.28
10.70630431175232,13.14
12.119341850280762,22.97
13.527185201644897,36.79
14.941054821014404,53.66
16.34310746192932,69.86
17.750110626220703,85.83
19.163123846054077,101.48
20.57720422744751,116.41
21.989231824874878,130.45
23.406044006347656,142.55
24.824634790420532,152.41
26.22306752204895,159.41
27.64087986946106,165.45
29.048429489135742,168.0
30.463478565216064,168.55
31.88127112388611,167.24
33.291362047195435,163.83
34.70407271385193,158.76
36.11617064476013,152.86
37.528148889541626,146.03
38.927608251571655,138.86
40.34115791320801,130.97
41.75671458244324,123.62
43.17101526260376,116.62
44.581488370895386,111.38
45.99342489242554,107.0
47.40394425392151,103.1
48.81610107421875,100.62
50.22917866706848,99.0
51.62873935699463,98.52
53.04195690155029,98.93
54.45366811752319,100.38
55.86733961105347,102.17
57.28427028656006,104.9
58.69662857055664,108.24
60.107245206832886,111.62
61.52096629142761,115.1
62.93195581436157,118.28
64.3444972038269,121.38
65.75624704360962,123.93
67.16795253753662,126.14
68.5170316696167,127.86
69.92443895339966,128.66
71.33525228500366,129.59
72.74518585205078,129.72
80.05159258842468,8.07
81.3621175289154,8.17
82.67167019844055,8.17
84.00254273414612,8.14
85.35475182533264,8.21
86.67281103134155,8.24
89.99392080307007,8.21
94.58027529716492,8.38
98.13745093345642,12.86
101.6844642162323,20.97
103.09650254249573,24.72
104.50901818275452,28.93
105.92103385925293,33.24
107.33376264572144,37.21
108.74481511116028,40.79
110.15413045883179,44.07
111.5696349143982,46.69
112.96760129928589,48.66
114.37896823883057,50.31
117.92811512947083,52.17
121.4861798286438,51.93
125.0373752117157,50.21
126.44903135299683,49.0
127.86061406135559,47.66
129.27319860458374,45.41
132.81620573997498,40.41
136.36427187919617,36.45
137.7799801826477,35.1
139.1915454864502,34.83
142.74066543579102,34.07
144.15264105796814,34.1
145.56473183631897,34.62
146.9767713546753,35.07
148.38753604888916,36.21
149.78822088241577,37.17
151.20437574386597,38.17
152.61183953285217,39.38
154.02530932426453,40.21
155.43668818473816,40.76
156.85008645057678,41.48
158.25839829444885,42.1
163.680828332901,76.14
165.0873579978943,138.48
166.5004050731659,193.52
167.9029619693756,244.52
169.25049924850464,287.72
170.59697914123535,328.55
171.93259048461914,366.45
173.34608340263367,405.03
174.7557990550995,440.9
176.1130313873291,472.45
177.4550437927246,501.07
178.79805755615234,528.83
180.20948147773743,554.07
181.54782366752625,575.93
182.96013498306274,598.38
190.25497317314148,7.83
191.62058472633362,7.79
192.92959332466125,7.86
194.2325563430786,7.9
195.55050706863403,7.9
196.85323023796082,7.86
198.1731309890747,8.0
199.49469256401062,7.9
204.069885969162,7.93
205.48509311676025,9.76
206.89365911483765,13.17
208.31080865859985,17.93
209.63919138908386,23.17
211.05485463142395,28.97
212.48045325279236,34.62
213.88316130638123,40.31
215.2980296611786,45.31
216.70999193191528,49.55
218.1152126789093,52.66
219.53090262413025,54.83
220.9459662437439,56.17
222.35913825035095,56.97
223.77234649658203,57.0
225.18292713165283,56.24
226.5910608768463,54.38
228.0039417743683,51.52
229.41993808746338,48.72
230.83158469200134,46.17
232.24289870262146,43.93
233.64521193504333,41.66
235.0645887851715,39.79
236.4737410545349,37.86
237.87339878082275,36.1
239.29552221298218,34.41
240.69940757751465,32.79
242.11246180534363,31.48
243.5909504890442,31.72
244.9999737739563,32.24
