1.0976223945617676,4.24
2.313241481781006,4.24
3.5615904331207275,4.24
4.770097732543945,4.24
5.976440191268921,4.14
10.563730716705322,0.72
11.97701907157898,0.72
13.389636278152466,0.66
14.797566175460815,0.66
16.201015949249268,0.69
17.62686777114868,0.55
18.97186255455017,0.72
20.304600715637207,0.62
21.727944374084473,0.66
23.129448890686035,10.1
24.478877544403076,4.24
25.8970365524292,2.38
27.306216716766357,2.45
28.70821499824524,2.48
30.130293130874634,2.48
31.54497218132019,2.52
32.94480657577515,10.69
34.297537088394165,12.83
35.6462185382843,5.34
37.045676946640015,2.97
38.464693546295166,2.21
39.88237261772156,2.1
41.21840238571167,2.1
42.634705543518066,10.55
43.98538565635681,12.79
45.39140510559082,5.0
46.804786920547485,3.34
48.14940071105957,11.03
49.562817096710205,13.17
50.967106103897095,13.83
52.39556574821472,13.97
53.7951934337616,14.17
55.21960711479187,14.21
56.561182498931885,5.62
57.97731900215149,5.03
59.38250517845154,11.52
60.79245686531067,4.76
62.14675855636597,2.79
63.553011417388916,1.69
64.96585464477539,0.76
66.38682746887207,1.0
67.72288632392883,8.97
69.13556575775146,4.41
70.47349262237549,3.45
71.89995384216309,2.83
73.24396419525146,3.41
74.58370232582092,5.9
75.93087673187256,5.48
77.27605819702148,12.03
78.68803644180298,13.24
80.02837133407593,13.72
81.44105792045593,6.14
82.84438252449036,4.07
84.26121282577515,2.93
85.68321514129639,3.03
87.0952398777008,2.55
88.49349617958069,3.41
89.91594958305359,2.83
91.32624387741089,4.69
92.73264980316162,11.21
94.0863606929779,4.9
95.43275141716003,12.66
96.84821820259094,13.38
98.2488329410553,13.9
99.67203640937805,14.03
101.07262253761292,14.07
102.49195432662964,6.69
103.89647459983826,4.07
105.31992506980896,11.14
106.73463606834412,5.38
108.13521480560303,4.03
109.55675053596497,3.14
110.97341752052307,3.86
112.38273024559021,3.03
113.7945442199707,4.24
