1.1103227138519287,-1.9,0
2.349675178527832,-1.76,0
3.5628902912139893,-1.79,0
4.771925926208496,-1.83,0
5.981932640075684,-1.76,0
10.571800708770752,-2.66,1
11.983247995376587,-2.55,1
13.396477699279785,-2.31,1
14.79714322090149,-2.14,1
16.218786478042603,-0.34,1
17.55866265296936,-0.59,1
18.906967401504517,0.21,1
20.250003337860107,0.17,1
21.661808490753174,0.93,1
23.001017808914185,0.83,1
24.35664129257202,1.45,1
25.698261260986328,1.31,1
27.101983070373535,1.69,1
28.52186679840088,1.69,1
29.938143491744995,1.72,1
31.35101008415222,1.9,1
32.754329442977905,1.9,1
34.097296714782715,2.41,1
35.45197677612305,2.38,1
36.796082973480225,2.34,1
38.19451093673706,2.28,1
39.54230308532715,3.28,1
40.96225380897522,3.17,1
42.37263369560242,3.14,1
43.78934931755066,3.14,1
45.13375782966614,4.0,1
46.47373962402344,3.86,1
47.81872868537903,3.72,1
49.223538875579834,3.79,1
50.64628839492798,3.86,1
52.05440902709961,3.86,1
53.47365379333496,4.72,1
54.882012367248535,4.66,1
56.28812789916992,4.66,1
57.710694551467896,4.66,1
59.11470317840576,4.52,1
60.52768874168396,4.48,1
61.94933724403381,4.41,1
63.35363841056824,4.38,1
64.77271485328674,4.52,1
66.18187093734741,4.41,1
67.52248430252075,4.41,1
68.94043254852295,4.55,1
70.34934043884277,4.45,1
71.77305865287781,4.41,1
73.1134901046753,4.52,1
74.51906609535217,4.55,1
75.86542177200317,4.59,1
77.20679306983948,5.55,1
78.62192153930664,5.45,1
80.03882145881653,5.24,1
81.44925928115845,5.34,1
82.78904700279236,5.31,1
84.14546799659729,5.24,1
85.5448317527771,5.34,1
86.90037178993225,5.28,1
88.30405950546265,5.14,1
89.64651584625244,5.07,1
91.00093364715576,5.03,1
92.40483713150024,5.1,1
93.76010823249817,5.03,1
95.09094023704529,5.17,1
96.51269721984863,5.07,1
97.85108590126038,4.97,1
99.2686140537262,5.07,1
100.68853831291199,5.03,1
102.09399390220642,5.07,1
103.50979924201965,5.07,1
104.92930316925049,5.03,1
106.26928448677063,5.07,1
107.67128396034241,5.0,1
109.02605891227722,5.07,1
110.43442058563232,5.14,1
111.77491855621338,5.0,1
113.19534158706665,5.14,1
114.60417103767395,5.03,1
116.01505327224731,4.97,1
117.43498277664185,4.79,1
118.83817887306213,4.76,1
120.19488859176636,4.79,1
121.60741710662842,4.79,1
123.00920295715332,4.83,1
124.4183943271637,4.83,1
125.83789682388306,4.83,1
127.25394105911255,4.76,1
128.65586733818054,5.48,1
130.07235670089722,5.17,1
131.48843550682068,5.14,1
132.9017882347107,5.14,1
134.30639815330505,5.17,1
135.72757077217102,5.24,1
137.07114267349243,5.21,1
138.48558163642883,5.24,1
139.82930517196655,5.14,1
141.2457835674286,5.17,1
142.58295273780823,5.28,1
143.9231173992157,5.14,1
145.34455585479736,5.03,1
146.75908255577087,4.97,1
148.17275094985962,4.86,1
149.57738399505615,4.72,1
150.996479511261,4.93,1
152.3302457332611,4.93,1
153.74719953536987,4.86,1
155.16345810890198,4.86,1
156.57658290863037,4.86,1
157.99469423294067,4.83,1
159.39863634109497,4.83,1
160.74122977256775,4.9,1
162.08160161972046,4.83,1
163.43963766098022,5.03,1
164.78106546401978,5.07,1
166.1228151321411,5.0,1
167.4677004814148,4.97,1
168.81683468818665,4.97,1
170.22172665596008,5.55,1
171.56348729133606,5.24,1
172.90431118011475,5.24,1
174.25956439971924,5.21,1
175.6003222465515,5.07,1
176.94685173034668,5.0,1
178.28378462791443,5.07,1
179.6319329738617,4.97,1
180.96835780143738,4.93,1
182.38697004318237,5.0,1
183.7281506061554,5.0,1
185.1480689048767,4.93,1
186.48539876937866,4.97,1
187.8950695991516,5.03,1
189.2408561706543,5.0,1
190.66061067581177,5.0,1
192.06782817840576,5.07,1
193.48197984695435,5.07,1
194.8960382938385,5.07,1
196.30941557884216,4.97,1
197.6437213420868,5.03,1
199.059894323349,4.97,1
200.4785933494568,5.07,1
201.81760430335999,5.03,1
203.23646426200867,5.1,1
204.64164686203003,4.93,1
205.99491119384766,4.97,1
207.40918731689453,4.93,1
208.81206488609314,4.93,1
210.23061895370483,4.9,1
211.56583952903748,4.79,1
212.9213674068451,4.9,1
214.33084273338318,4.86,1
215.73820543289185,4.83,1
217.08483004570007,4.97,1
218.5025544166565,4.9,1
219.84948754310608,4.93,1
221.2520022392273,5.0,1
222.5961880683899,5.0,1
224.01292252540588,4.97,1
225.43078088760376,4.97,1
226.83538460731506,4.93,1
228.2531988620758,5.0,1
229.6588532924652,4.9,1
231.0015025138855,5.03,1
232.41631984710693,5.0,1
233.83586406707764,5.03,1
235.2392933368683,4.86,1
236.65629076957703,4.83,1
238.0605845451355,4.72,1
239.4731628894806,5.48,1
240.89431929588318,5.1,1
242.2401623725891,5.21,1
243.65590691566467,5.17,1
245.0561718940735,5.14,1
246.47544622421265,5.24,1
247.87930750846863,5.21,1
249.23765921592712,5.28,1
250.63911867141724,5.21,1
252.0580291748047,5.31,1
253.47405767440796,5.31,1
254.8802146911621,5.31,1
256.2988119125366,5.28,1
257.7032196521759,5.17,1
259.12143111228943,5.28,1
260.5382499694824,5.17,1
261.94612526893616,5.28,1
263.349089384079,5.24,1
264.77163910865784,5.07,1
266.1893298625946,5.0,1
267.6006135940552,5.0,1
269.00713300704956,5.07,1
270.4269788265228,4.93,1
271.84024381637573,5.03,1
273.2456955909729,4.93,1
274.6583516597748,4.97,1
276.070604801178,5.0,1
277.4766495227814,4.97,1
278.8943908214569,4.97,1
280.316064119339,5.03,1
281.71409249305725,4.97,1
283.1343867778778,5.03,1
284.5495355129242,5.03,1
285.8983886241913,5.0,1
287.29844856262207,5.03,1
288.7155771255493,4.97,1
290.13248324394226,5.0,1
291.5346448421478,5.0,1
292.9605333805084,4.93,1
294.37365889549255,4.93,1
295.7842814922333,4.93,1
297.1893513202667,4.93,1
298.5996243953705,4.76,1
300.01795506477356,4.72,1
301.43642926216125,4.69,1
302.8390779495239,4.72,1
304.25645637512207,4.69,1
305.675820350647,4.72,1
307.088454246521,4.72,1
308.4932804107666,4.72,1
309.84667110443115,4.72,1
311.257027387619,4.72,1
312.67333149909973,5.03,1
314.07542610168457,5.03,1
315.49410939216614,5.07,1
316.90934801101685,5.0,1
318.31412076950073,5.0,1
319.67213010787964,5.0,1
321.0127308368683,5.0,1
322.35983967781067,4.97,1
323.6986970901489,5.03,1
325.1148953437805,5.07,1
326.4535319805145,5.1,1
327.79231095314026,5.1,1
329.1446883678436,5.03,1
330.4862813949585,4.9,1
331.82446932792664,4.86,1
333.17996072769165,4.79,1
334.5102860927582,4.83,1
335.92607736587524,4.83,1
337.2675700187683,4.79,1
338.68604826927185,4.69,1
340.02423667907715,4.76,1
341.4382543563843,4.83,1
342.7925326824188,4.72,1
344.13203740119934,4.72,1
345.4797558784485,4.76,1
346.88697504997253,4.79,1
348.306259393692,4.83,1
349.64950609207153,4.69,1
350.99032711982727,4.72,1
352.3302834033966,5.0,1
353.6718215942383,4.93,1
355.0153970718384,5.03,1
356.3705885410309,4.97,1
357.715945482254,4.93,1
359.0566477775574,4.97,1
360.4717547893524,4.93,1
361.8180477619171,4.93,1
363.16206312179565,4.97,1
364.50081491470337,4.83,1
365.84210085868835,4.66,1
367.1977159976959,4.72,1
368.6031017303467,4.62,1
369.94517183303833,4.69,1
371.2999746799469,4.59,1
372.71202182769775,4.97,1
374.04691886901855,4.97,1
375.39243149757385,4.97,1
376.8102297782898,4.9,1
378.14978885650635,4.93,1
379.49656891822815,4.9,1
380.83491802215576,4.93,1
382.1775403022766,4.93,1
383.59544587135315,5.0,1
384.9478039741516,4.93,1
386.28738260269165,4.93,1
387.6896622180939,5.0,1
389.03603887557983,4.97,1
390.4605243206024,5.1,1
391.79557037353516,5.17,1
393.1512382030487,5.03,1
394.5513651371002,5.21,1
395.97153329849243,5.07,1
397.3074402809143,5.03,1
398.7238962650299,4.9,1
400.07798767089844,4.86,1
401.48517203330994,4.86,1
402.82158756256104,4.93,1
404.1755540370941,5.41,1
405.5811629295349,5.14,1
407.0000431537628,5.1,1
408.3364579677582,5.14,1
409.6804325580597,5.21,1
411.02131724357605,5.17,1
412.3755564689636,5.17,1
413.720805644989,5.14,1
415.12391662597656,5.14,1
416.5492823123932,5.1,1
417.8842899799347,5.03,1
419.2356286048889,5.03,1
420.6464524269104,5.03,1
422.0564901828766,4.97,1
423.40090107917786,5.03,1
424.75110054016113,5.03,1
426.15999960899353,4.9,1
427.49973797798157,5.0,1
428.8429980278015,5.03,1
430.18812108039856,4.93,1
431.6079406738281,4.97,1
432.94605231285095,4.86,1
434.36374831199646,4.69,1
435.7053310871124,4.69,1
437.1140673160553,5.45,1
438.5304846763611,5.14,1
439.93401765823364,5.28,1
441.286824464798,5.14,1
442.62618613243103,5.14,1
443.96606636047363,5.03,1
445.39193320274353,5.1,1
446.8039638996124,5.07,1
448.21574664115906,5.07,1
449.627769947052,5.1,1
451.03994822502136,5.03,1
452.4538290500641,5.03,1
453.8661448955536,5.03,1
455.2103941440582,5.14,1
456.55318117141724,5.1,1
457.96471428871155,5.1,1
459.371976852417,5.03,1
460.7149577140808,5.03,1
462.06359815597534,5.1,1
463.40572714805603,4.93,1
464.8240044116974,4.93,1
466.2279303073883,5.03,1
467.64567160606384,4.93,1
469.06573009490967,4.72,1
470.4712424278259,4.83,1
471.8112108707428,4.66,1
473.1641547679901,4.55,1
474.51018166542053,4.72,1
475.9257113933563,5.34,1
477.25703978538513,5.07,1
478.67594504356384,5.1,1
480.0938951969147,5.03,1
481.5037250518799,4.97,1
482.8447513580322,5.0,1
484.251309633255,5.1,1
485.67508029937744,5.07,1
487.0770194530487,4.97,1
488.48794507980347,5.0,1
489.91073346138,4.97,1
491.3245770931244,5.03,1
492.7331666946411,4.93,1
494.1408064365387,5.03,1
495.56246304512024,5.45,1
496.978896856308,5.31,1
498.3803753852844,5.34,1
499.72301292419434,5.24,1
501.1411600112915,5.24,1
502.559198141098,5.31,1
503.9612684249878,5.17,1
505.382600069046,4.97,1
506.79696702957153,4.9,1
508.1991295814514,5.07,1
509.61469435691833,5.03,1
511.0364000797272,4.93,1
512.4433047771454,4.86,1
513.8599376678467,4.97,1
515.2732162475586,5.34,1
516.6892755031586,5.21,1
518.0972428321838,5.17,1
519.5016996860504,5.31,1
520.9118583202362,5.21,1
522.3239989280701,5.28,1
523.6805415153503,5.14,1
525.0858619213104,5.17,1
526.5101125240326,5.1,1
527.9069395065308,5.21,1
529.329018831253,5.14,1
530.7378149032593,5.24,1
532.1528344154358,5.17,1
533.5720593929291,5.14,1
534.9770295619965,5.1,1
536.3949823379517,5.1,1
537.8035933971405,5.1,1
539.2220005989075,5.07,1
540.6239500045776,4.97,1
541.9791150093079,4.9,1
543.3811573982239,4.79,1
544.8035950660706,4.76,1
546.142261505127,4.79,1
547.4955143928528,4.83,1
548.8245050907135,4.79,1
550.1786351203918,4.79,1
551.593132019043,4.79,1
552.9416763782501,4.69,1
554.3451743125916,4.69,1
555.7659204006195,4.79,1
557.1731712818146,4.79,1
558.5889480113983,4.79,1
559.993173122406,4.66,1
561.3476972579956,5.41,1
562.7546603679657,5.07,1
564.1065666675568,5.03,1
565.506153345108,5.03,1
566.9265110492706,5.1,1
568.3318176269531,5.07,1
569.7547752857208,5.1,1
571.1600277423859,4.93,1
572.503392457962,5.07,1
573.918107509613,5.0,1
575.3349146842957,4.93,1
576.7477583885193,4.97,1
578.1678102016449,4.79,1
579.5685374736786,4.76,1
580.9930560588837,4.59,1
582.4066972732544,4.79,1
583.809814453125,4.93,1
585.2292380332947,5.1,1
586.5723598003387,5.28,1
587.9754636287689,5.1,1
589.3999719619751,5.21,1
590.8066256046295,5.17,1
592.2256293296814,5.14,1
593.6384897232056,5.1,1
594.9815363883972,5.1,1
596.3835682868958,5.1,1
597.8033607006073,5.14,1
599.2196004390717,5.07,1
600.6232001781464,5.07,1
602.0456874370575,5.07,1
603.456686258316,5.14,1
604.8673357963562,5.03,1
606.2832479476929,5.14,1
607.6936593055725,5.07,1
609.0974094867706,5.1,1
610.5204474925995,5.07,1
611.9357271194458,5.0,1
613.3398239612579,5.07,1
614.7584774494171,4.97,1
616.161360502243,5.24,1
617.5814833641052,5.07,1
618.9949758052826,4.93,1
620.407096862793,5.14,1
621.8223142623901,5.14,1
623.2251210212708,5.17,1
624.5813801288605,5.21,1
625.9823362827301,5.14,1
627.4086203575134,5.14,1
628.8097348213196,5.1,1
630.2346198558807,5.31,1
631.6374578475952,5.14,1
633.054416179657,5.17,1
634.4575824737549,5.14,1
635.8751435279846,5.21,1
637.2828099727631,5.24,1
638.6367585659027,5.24,1
639.9734990596771,5.21,1
641.3914649486542,5.17,1
642.7442073822021,5.17,1
650.0548362731934,-1.79,0
651.4016969203949,-1.83,0
652.7121512889862,-1.86,0
654.0074439048767,-1.86,0
655.3029615879059,-1.9,0
656.6104118824005,-1.83,0
657.9074892997742,-1.97,0
659.2158534526825,-1.97,0
663.7892127037048,-2.52,1
665.1282098293304,-2.45,1
666.5456335544586,-2.14,1
667.8880798816681,-0.34,1
669.3054559230804,0.38,1
670.6465725898743,1.0,1
671.9878172874451,1.48,1
673.344377040863,1.79,1
674.6749088764191,1.97,1
676.0297877788544,2.52,1
677.4350821971893,3.38,1
678.8562757968903,3.28,1
680.1996932029724,3.97,1
681.5386307239532,4.69,1
682.8841826915741,4.59,1
684.2346136569977,5.34,1
685.6454727649689,5.28,1
686.9901790618896,5.93,1
688.3371307849884,5.9,1
689.6700291633606,6.41,1
691.0829448699951,6.45,1
692.4337413311005,6.48,1
693.8438003063202,7.24,1
695.1815543174744,7.07,1
696.6011357307434,7.17,1
697.952733039856,8.03,1
699.2923605442047,7.9,1
700.6362462043762,7.93,1
702.0388956069946,7.9,1
703.3844134807587,8.76,1
704.8006286621094,8.76,1
706.1425204277039,8.69,1
707.4849557876587,8.69,1
708.8410561084747,8.79,1
710.1838855743408,8.72,1
711.5170612335205,8.72,1
712.9399292469025,9.38,1
714.3404104709625,9.31,1
715.7565586566925,9.07,1
717.0974225997925,8.97,1
718.4532179832458,9.14,1
719.793847322464,9.07,1
721.1351566314697,9.07,1
722.4877243041992,9.0,1
723.8997955322266,9.14,1
725.3021004199982,9.14,1
726.7229464054108,9.17,1
728.065155506134,9.93,1
729.4095170497894,9.93,1
730.7531147003174,9.83,1
732.1532826423645,9.93,1
733.5055155754089,9.83,1
734.9207556247711,9.86,1
736.2584452629089,9.97,1
737.6800203323364,9.86,1
739.0924336910248,9.93,1
740.5010051727295,9.72,1
741.8429019451141,9.66,1
743.2625184059143,9.97,1
744.6009275913239,9.93,1
745.943122625351,9.86,1
747.287567615509,9.83,1
748.704886674881,9.86,1
750.0460910797119,9.9,1
751.4489448070526,9.93,1
752.8017194271088,9.83,1
754.220773935318,9.97,1
755.5499186515808,10.0,1
756.9710354804993,10.0,1
758.3885481357574,9.9,1
759.7939789295197,9.97,1
761.1440796852112,9.93,1
762.4852170944214,10.03,1
763.9017786979675,9.83,1
765.3136560916901,9.76,1
766.7251343727112,9.76,1
768.1345844268799,9.83,1
769.481228351593,9.79,1
770.8987104892731,9.76,1
772.3040235042572,9.9,1
773.7118084430695,9.9,1
775.0669937133789,10.0,1
776.4706790447235,10.0,1
777.8932604789734,10.03,1
779.2957499027252,9.97,1
780.7105567455292,9.79,1
782.1189429759979,10.03,1
783.5342841148376,9.97,1
784.8748700618744,10.1,1
786.2311789989471,9.93,1
787.630298614502,9.76,1
789.0567274093628,9.72,1
790.4680578708649,9.66,1
791.8752086162567,10.0,1
793.2890784740448,9.86,1
794.630341053009,9.83,1
796.0398027896881,9.9,1
797.4538445472717,9.83,1
798.8679769039154,9.9,1
800.213348865509,9.9,1
801.6221253871918,10.03,1
803.0426442623138,10.21,1
804.4497921466827,10.28,1
805.8679168224335,10.17,1
807.2852864265442,10.14,1
808.6861531734467,10.17,1
810.1080055236816,10.1,1
811.5099098682404,9.9,1
812.9272582530975,9.86,1
820.2368416786194,-2.0,0
821.5442564487457,-2.0,0
822.8542244434357,-2.17,0
824.1634633541107,-2.14,0
825.4815654754639,-2.03,0
826.7988767623901,-2.03,0
828.147483587265,-2.14,0
829.4716694355011,-2.1,0
834.0583474636078,-2.59,1
835.475688457489,-2.55,1
836.8913850784302,0.07,1
838.2930152416229,0.79,1
839.7129204273224,1.69,1
841.1240491867065,2.55,1
842.5412318706512,3.1,1
843.9430456161499,4.45,1
845.3645005226135,5.14,1
846.7700011730194,5.83,1
848.1246354579926,6.45,1
849.5373032093048,7.21,1
850.9496092796326,7.9,1
852.3621792793274,8.69,1
853.7018458843231,8.52,1
855.1189959049225,9.14,1
856.4640643596649,9.9,1
857.8769881725311,9.72,1
859.2861230373383,10.55,1
860.694872379303,10.55,1
862.1143486499786,11.31,1
863.5192992687225,11.17,1
864.9358339309692,12.03,1
866.3420848846436,11.93,1
867.7586846351624,12.55,1
869.1656653881073,12.41,1
870.5810630321503,12.31,1
871.9993469715118,13.14,1
873.4121701717377,13.07,1
874.8252389431,12.97,1
876.2331466674805,13.1,1
877.6403028964996,13.07,1
879.0570254325867,13.79,1
880.462388753891,13.72,1
881.8893704414368,13.79,1
883.2951774597168,13.66,1
884.7032454013824,13.79,1
886.1215424537659,13.72,1
887.5411033630371,13.52,1
888.9422118663788,13.76,1
890.3611240386963,13.9,1
891.7645587921143,14.03,1
893.1877179145813,14.38,1
894.6030550003052,14.45,1
896.008243560791,14.34,1
897.4214153289795,14.52,1
898.8405921459198,14.41,1
900.2439086437225,14.48,1
901.6623740196228,14.38,1
903.0646786689758,14.45,1
904.4877715110779,14.34,1
905.890665769577,14.21,1
907.3068954944611,14.34,1
908.7143805027008,14.24,1
910.1303088665009,14.55,1
911.5368020534515,15.03,1
912.8791947364807,14.97,1
914.2966611385345,15.0,1
915.716073513031,15.0,1
917.1205475330353,15.03,1
918.5419669151306,15.03,1
919.9472606182098,15.03,1
921.287894487381,15.17,1
922.6959941387177,14.83,1
924.1156601905823,14.79,1
925.5315976142883,14.79,1
926.8709418773651,14.97,1
928.2793917655945,14.86,1
929.699214220047,14.97,1
931.1034495830536,14.93,1
932.5267019271851,15.0,1
933.9322724342346,15.1,1
935.3478915691376,15.03,1
936.7559473514557,15.03,1
938.0992612838745,15.14,1
945.4308738708496,-1.83,0
946.7395443916321,-1.86,0
948.0493490695953,-1.86,0
949.3731048107147,-1.79,0
950.6892516613007,-1.86,0
951.9984781742096,-1.79,0
953.3440473079681,-1.9,0
954.6649031639099,-1.83,0
959.2601273059845,-2.38,1
960.6724038124084,-2.41,1
962.0883464813232,0.14,1
963.4286286830902,1.55,1
964.8434829711914,2.03,1
966.2624146938324,4.07,1
967.6755480766296,4.52,1
969.087589263916,6.07,1
970.4985811710358,7.34,1
971.9166522026062,8.0,1
973.3231856822968,9.24,1
974.7392344474792,9.83,1
976.1436307430267,10.72,1
977.5673878192902,11.41,1
978.9775595664978,12.1,1
980.395281791687,12.79,1
981.7983138561249,13.52,1
983.2173907756805,14.14,1
984.6293931007385,14.03,1
986.0380198955536,14.86,1
987.4445102214813,15.48,1
988.8603236675262,15.45,1
990.2791323661804,16.07,1
991.6842784881592,15.9,1
993.1069836616516,16.52,1
994.5161271095276,16.52,1
995.932080745697,17.31,1
997.3385462760925,17.1,1
998.748788356781,17.17,1
1000.1694350242615,17.97,1
1001.5830202102661,17.9,1
1002.9940900802612,17.9,1
1004.3972499370575,17.72,1
1005.8144633769989,18.62,1
1007.2248802185059,18.31,1
1008.5766274929047,18.31,1
1009.9758293628693,18.34,1
1011.4001295566559,18.28,1
1012.8134293556213,19.17,1
1014.2135841846466,19.1,1
1015.6378235816956,18.93,1
1017.0490009784698,19.1,1
1018.4614310264587,19.03,1
1019.8730976581573,19.03,1
1021.2826566696167,18.83,1
1022.6892592906952,18.9,1
1024.1093175411224,19.03,1
1025.515380859375,19.17,1
1026.9308607578278,19.21,1
1028.3458688259125,19.31,1
1029.759608745575,19.59,1
1031.1652374267578,19.55,1
1032.5704364776611,19.55,1
1033.9879686832428,19.55,1
1035.406688451767,19.41,1
1036.8087582588196,19.52,1
1038.2259621620178,19.45,1
1039.6451816558838,19.45,1
1041.0597145557404,19.52,1
1042.3971407413483,19.66,1
1049.6887457370758,-1.83,0
1051.043826341629,-1.93,0
1052.352843284607,-1.97,0
1053.6608488559723,-1.93,0
1054.983183145523,-2.0,0
1056.288779258728,-1.93,0
1057.6099383831024,-2.03,0
1058.920500278473,-2.07,0
1063.5331437587738,-2.45,1
1064.9378814697266,-0.31,1
1066.3482615947723,1.55,1
1067.6937189102173,2.07,1
1069.1147515773773,4.1,1
1070.4616739749908,5.48,1
1071.8650362491608,6.76,1
1073.2875373363495,8.21,1
1074.6916432380676,9.52,1
1076.1090364456177,11.0,1
1077.5186586380005,12.34,1
1078.9365785121918,13.03,1
1080.344613313675,14.1,1
1081.7648811340332,14.83,1
1083.1735048294067,15.38,1
1084.5869374275208,16.0,1
1085.9967947006226,16.69,1
1087.3997526168823,17.41,1
1088.821918964386,18.1,1
1090.2334785461426,18.69,1
1091.6520144939423,19.41,1
1093.053550004959,19.21,1
1094.4706375598907,19.83,1
1095.8904023170471,20.41,1
1097.2955729961395,20.17,1
1098.6380932331085,21.03,1
1100.0574314594269,20.83,1
1101.4748060703278,21.59,1
1102.8782622814178,21.66,1
1104.2968327999115,22.14,1
1105.6987750530243,22.24,1
1107.1159689426422,22.1,1
1108.5352296829224,22.79,1
1109.9375488758087,22.48,1
1111.3600454330444,22.34,1
1112.7639050483704,23.24,1
1114.170535326004,23.14,1
1115.523634672165,23.14,1
1116.9387917518616,23.17,1
1118.34010887146,23.24,1
1119.7627193927765,23.97,1
1121.165491104126,23.83,1
1122.574879169464,23.62,1
1123.9974961280823,23.66,1
1125.4042582511902,23.76,1
1126.8127918243408,23.83,1
1128.2306380271912,23.86,1
1129.6424732208252,24.62,1
1131.0542118549347,24.52,1
1132.4614663124084,24.41,1
1133.8829326629639,24.28,1
1141.1781404018402,-2.14,0
1142.5286943912506,-2.03,0
1143.8389596939087,-2.21,0
1145.177613735199,-2.07,0
1146.4980244636536,-2.17,0
1147.8129019737244,-2.21,0
1149.122760295868,-2.24,0
1150.4607753753662,-2.21,0
1155.058888912201,-2.55,1
1156.4732220172882,-0.62,1
1157.8855469226837,1.72,1
1159.3097968101501,3.21,1
1160.7136087417603,6.24,1
1162.136250257492,7.17,1
1163.548226594925,9.34,1
1164.951383113861,10.66,1
1166.3707158565521,12.83,1
1167.777204990387,14.03,1
1169.1941113471985,15.31,1
1170.613513469696,15.9,1
1172.019211769104,17.1,1
1173.434282541275,18.59,1
1174.8390011787415,19.24,1
1176.2567920684814,19.72,1
1177.6757099628448,20.07,1
1179.0866763591766,20.69,1
1180.4914855957031,21.31,1
1181.9039783477783,21.83,1
1183.3209881782532,22.38,1
1184.7406742572784,23.0,1
1186.1455416679382,23.83,1
1187.5565898418427,24.34,1
1188.9741733074188,24.21,1
1190.390257358551,24.48,1
1191.7929828166962,25.03,1
1193.2138588428497,24.97,1
1194.6177170276642,25.79,1
1196.0385236740112,25.69,1
1197.4538028240204,26.48,1
1198.8569538593292,26.31,1
1200.272780418396,26.9,1
1201.684632062912,26.55,1
1203.0893425941467,26.48,1
1204.4991028308868,27.21,1
1205.9080076217651,27.24,1
1207.3289251327515,26.97,1
1208.729684829712,27.79,1
1210.1565654277802,27.79,1
1211.5625693798065,27.62,1
1212.9839646816254,28.24,1
1214.3940229415894,28.17,1
1215.7956855297089,28.17,1
1217.2147023677826,28.07,1
1224.5904026031494,-2.0,0
1225.9008257389069,-1.93,0
1227.2259240150452,-2.1,0
1228.5473639965057,-2.03,0
1229.8785820007324,-2.03,0
1231.202627658844,-2.0,0
1232.5138375759125,-2.0,0
1233.8620738983154,-2.03,0
