1.117673635482788,-1.93,0
2.3622076511383057,-1.86,0
3.5775704383850098,-1.83,0
4.782153129577637,-1.79,0
9.365453004837036,267.86,1
10.788275957107544,260.24,1
12.199558734893799,241.28,1
13.606411218643188,238.38,1
15.026355743408203,236.59,1
16.435749292373657,236.17,1
17.837915658950806,235.59,1
19.178760051727295,235.45,1
20.596494436264038,235.52,1
22.017950773239136,235.24,1
23.353128671646118,235.0,1
24.70154356956482,235.0,1
26.103858947753906,234.83,1
27.520245790481567,234.79,1
28.93045163154602,235.17,1
30.337334632873535,235.03,1
31.75460958480835,235.07,1
33.17350959777832,234.45,1
34.5157413482666,234.41,1
35.85769438743591,234.52,1
37.20233392715454,234.31,1
38.60594916343689,234.21,1
40.01805520057678,233.83,1
41.438626766204834,234.28,1
42.85067820549011,234.24,1
44.261088132858276,234.41,1
45.597137212753296,233.76,1
47.013423681259155,234.21,1
48.42645001411438,234.28,1
49.83617687225342,234.14,1
51.243584632873535,234.24,1
52.65488123893738,234.48,1
54.06397271156311,234.48,1
55.47470307350159,234.24,1
56.88904881477356,234.07,1
58.29929161071777,234.0,1
59.72043991088867,234.62,1
61.13397145271301,234.28,1
62.5373694896698,234.28,1
63.94330906867981,233.97,1
65.29051041603088,234.17,1
66.7013738155365,234.17,1
68.05281066894531,234.17,1
69.38443970680237,234.34,1
70.79573774337769,233.93,1
72.21821427345276,233.66,1
73.56239557266235,233.72,1
74.96699118614197,234.24,1
76.31517958641052,233.79,1
77.72770857810974,233.86,1
79.05876326560974,234.14,1
80.41209173202515,234.52,1
81.81997919082642,234.21,1
83.23168349266052,234.31,1
84.64130544662476,234.1,1
86.05227828025818,234.55,1
87.40028953552246,234.34,1
88.81443762779236,234.24,1
90.22266578674316,234.52,1
91.63559460639954,234.45,1
93.04548621177673,234.62,1
94.45822143554688,234.48,1
95.86806273460388,234.38,1
97.28082776069641,234.03,1
98.69135665893555,233.86,1
100.10238718986511,234.48,1
101.51566338539124,234.0,1
102.92429995536804,234.0,1
104.33892607688904,234.07,1
105.74715185165405,234.21,1
107.15778398513794,233.93,1
108.56799292564392,234.45,1
109.91592049598694,234.41,1
111.33031845092773,234.14,1
112.7422604560852,234.45,1
120.11277461051941,-2.48,0
121.42555236816406,-2.41,0
122.7450544834137,-2.28,0
124.060964345932,-2.24,0
125.37690496444702,-2.28,0
126.69488668441772,-2.24,0
128.00023412704468,-2.17,0
129.34536623954773,-2.14,0
133.94483041763306,121.97,1
135.35183715820312,74.0,1
136.762797832489,62.07,1
138.11284470558167,55.24,1
139.52169942855835,51.79,1
140.9336075782776,48.24,1
142.34658336639404,44.97,1
143.7559530735016,41.1,1
145.16622948646545,40.28,1
146.57942843437195,38.69,1
147.99157285690308,37.1,1
149.40062308311462,35.45,1
150.81454348564148,36.62,1
152.2239305973053,34.14,1
153.63385033607483,35.17,1
155.05119919776917,34.93,1
156.45621705055237,34.38,1
157.86666893959045,32.79,1
159.28202557563782,33.55,1
160.62816071510315,33.48,1
161.96133375167847,30.59,1
163.30729842185974,31.62,1
164.65734338760376,31.72,1
166.07181477546692,31.83,1
167.47901797294617,31.66,1
168.81507754325867,31.69,1
170.16019940376282,31.45,1
171.5775601863861,31.45,1
172.98602676391602,31.07,1
174.33180022239685,30.93,1
175.74408984184265,29.62,1
177.15645813941956,29.9,1
178.56595945358276,30.0,1
179.91483330726624,30.07,1
181.2467999458313,29.93,1
182.65992617607117,30.0,1
184.0075831413269,29.79,1
185.3572998046875,29.86,1
186.6868541240692,29.66,1
188.04375982284546,29.62,1
189.3849492073059,29.55,1
190.79605722427368,29.52,1
192.20862984657288,29.83,1
193.62163615226746,29.72,1
195.03346276283264,29.48,1
196.37904000282288,29.48,1
197.78933715820312,29.45,1
199.1231508255005,29.38,1
200.53585171699524,29.34,1
201.94576215744019,29.66,1
209.25040769577026,-1.9,0
210.55208277702332,-1.97,0
211.87662935256958,-1.97,0
213.1726508140564,-1.97,0
214.48933243751526,-2.0,0
215.78927397727966,-1.9,0
217.1062195301056,-2.0,0
218.44122767448425,-2.0,0
223.04372549057007,0.62,1
224.44764590263367,0.69,1
225.87498569488525,3.31,1
227.20818662643433,2.76,1
228.61869621276855,2.83,1
230.02837014198303,2.72,1
231.4458441734314,6.07,1
232.78996872901917,5.31,1
234.20060563087463,5.34,1
235.61183762550354,5.17,1
237.021808385849,5.07,1
238.38054060935974,4.97,1
239.7839331626892,5.03,1
241.20240664482117,4.97,1
242.61654448509216,4.93,1
244.01732301712036,5.03,1
245.44204473495483,5.24,1
246.84651923179626,4.97,1
248.26924014091492,5.03,1
249.68128967285156,5.03,1
251.09395122528076,5.1,1
252.50311160087585,4.9,1
253.91612148284912,5.03,1
255.32722187042236,4.97,1
256.7382609844208,5.14,1
258.15647196769714,4.93,1
259.5587134361267,4.86,1
260.97831749916077,4.86,1
262.38067984580994,5.0,1
263.7981872558594,4.93,1
265.2177138328552,5.0,1
266.55810475349426,5.0,1
267.96350049972534,5.03,1
269.3829743862152,4.9,1
270.7253451347351,4.83,1
272.1315746307373,5.38,1
273.4901514053345,5.34,1
274.8891317844391,5.07,1
276.3059334754944,5.14,1
277.6598403453827,5.17,1
278.99770188331604,5.17,1
280.4169502258301,5.0,1
281.8195586204529,5.07,1
283.24090576171875,5.1,1
284.64397740364075,5.0,1
286.06103348731995,4.93,1
287.4683632850647,5.0,1
288.8915305137634,5.0,1
290.29804372787476,4.93,1
291.7124481201172,4.86,1
293.12226700782776,4.97,1
294.5396604537964,4.93,1
295.9463346004486,5.17,1
297.36504316329956,4.93,1
298.769189119339,4.97,1
300.1887905597687,5.03,1
301.5918619632721,4.86,1
303.00934648513794,4.79,1
304.3539671897888,4.9,1
305.7742121219635,5.1,1
307.1751163005829,4.9,1
308.593186378479,4.86,1
310.0109474658966,5.0,1
311.41382789611816,4.97,1
312.8246486186981,4.79,1
314.2401053905487,5.03,1
321.54247856140137,-1.93,0
322.85030126571655,-2.0,0
324.1897234916687,-1.97,0
325.49647998809814,-1.97,0
326.80193734169006,-1.93,0
328.10119891166687,-2.03,0
329.4046993255615,-2.03,0
330.70984745025635,-2.0,0
335.30394101142883,189.28,1
336.70905470848083,108.17,1
338.05411863327026,86.52,1
339.4718568325043,71.41,1
340.812837600708,63.07,1
342.15378046035767,53.52,1
343.4959509372711,47.21,1
344.9142818450928,39.97,1
346.2556986808777,35.69,1
347.6569495201111,33.34,1
348.9996294975281,30.17,1
350.3534243106842,26.97,1
351.76205587387085,23.52,1
353.174852848053,22.86,1
354.50747513771057,21.38,1
355.9286117553711,19.9,1
357.2752001285553,18.07,1
358.61488246917725,16.17,1
359.9508409500122,17.34,1
361.30905318260193,14.38,1
362.6456413269043,15.38,1
364.06411051750183,12.83,1
365.4733259677887,13.72,1
372.79071855545044,-1.79,0
374.0855176448822,-1.79,0
375.397842168808,-1.72,0
376.6962642669678,-1.72,0
377.9896640777588,-1.9,0
379.3018102645874,-1.9,0
380.59662222862244,-1.83,0
381.9334046840668,-1.9,0
386.51698207855225,343.0,1
387.8661632537842,250.28,1
389.28257751464844,240.28,1
390.69366979599,238.59,1
392.03405714035034,223.0,1
393.3741159439087,189.83,1
394.79243183135986,164.52,1
402.0878596305847,-2.48,0
403.3807599544525,-2.31,0
404.69113993644714,-2.31,0
406.01176381111145,-2.24,0
407.31039667129517,-2.17,0
408.630597114563,-2.14,0
409.94927072525024,-2.14,0
411.30411076545715,-2.1,0
415.88343620300293,0.69,1
417.2401249408722,4.55,1
418.6421639919281,8.48,1
420.06449341773987,10.86,1
