1.1103065013885498,-1.93,0
2.3439648151397705,-1.93,0
3.5465333461761475,-1.97,0
4.74160361289978,-1.97,0
9.315841436386108,66.66,1
10.727813959121704,41.14,1
12.140100240707397,29.31,1
13.55318808555603,28.86,1
14.96519136428833,29.83,1
16.379723072052002,28.69,1
17.72278618812561,28.66,1
19.067532300949097,28.59,1
20.411221265792847,28.52,1
21.755680322647095,28.52,1
23.099250316619873,28.34,1
24.443562030792236,28.34,1
25.78663730621338,28.48,1
27.198830604553223,28.66,1
28.54298734664917,28.72,1
29.88677167892456,28.45,1
31.29886746406555,28.48,1
32.7127525806427,28.52,1
34.057438373565674,28.52,1
35.400365591049194,28.48,1
36.744343519210815,28.52,1
38.156737327575684,28.59,1
39.50158977508545,28.41,1
40.91424608230591,28.48,1
42.32724189758301,28.41,1
43.73917317390442,28.52,1
45.08317470550537,28.41,1
46.497151136398315,28.41,1
47.91047239303589,28.45,1
49.32304763793945,28.45,1
50.73366022109985,28.31,1
52.1461660861969,27.59,1
53.49266767501831,27.28,1
54.905412912368774,27.03,1
56.24791479110718,26.59,1
57.65944218635559,25.9,1
59.07185363769531,25.62,1
60.48638963699341,25.1,1
61.89888858795166,24.69,1
63.31226897239685,24.17,1
64.72481775283813,24.07,1
66.06716847419739,23.9,1
67.41277289390564,23.79,1
68.7557442188263,23.48,1
70.1693229675293,22.97,1
71.51166653633118,22.97,1
72.85643219947815,22.86,1
74.19823265075684,22.69,1
75.54182243347168,22.1,1
82.86421036720276,-2.62,0
84.18046689033508,-2.55,0
