1.1051390171051025,5.86
2.312030553817749,5.97
3.5456645488739014,5.9
4.748728036880493,5.93
9.326541900634766,150.03
10.733671426773071,203.83
12.14606785774231,220.34
13.494263648986816,225.0
14.909664869308472,212.48
16.324422597885132,183.69
23.62764263153076,-1.0
24.930272817611694,-0.97
26.231695413589478,-1.1
27.546523809432983,-1.17
28.866267204284668,-1.07
30.167296648025513,-1.1
31.484257698059082,-1.0
32.84053707122803,-1.1
37.41336178779602,149.0
38.76134538650513,201.62
40.1731743812561,219.52
41.725306272506714,224.76
43.136499643325806,203.83
