1.1185007095336914,-2.0
2.336678981781006,-1.9
3.5507214069366455,-1.97
4.751728296279907,-1.9
9.334834575653076,-2.03
10.74884581565857,-1.97
12.161853790283203,-2.14
13.57016634941101,236.1
14.976564645767212,300.45
16.389188051223755,324.41
17.7364399433136,279.69
19.146714448928833,224.86
20.56239342689514,128.31
27.93894362449646,-1.93
29.263178825378418,-1.86
30.57292914390564,-1.79
31.896218299865723,-1.9
33.20268988609314,-1.72
34.512518882751465,-1.86
35.81544017791748,-1.76
37.141687631607056,-1.83
38.37639403343201,-1.72
39.574509620666504,-1.83
40.79745292663574,-1.76
41.98845958709717,-1.79
43.20946931838989,-1.9
44.4327929019928,-1.83
