1.114548921585083,5.62
2.373185634613037,5.59
3.5846664905548096,5.41
4.795223712921143,5.41
6.000270366668701,5.48
7.3631510734558105,5.34
8.602043628692627,5.45
9.825298070907593,5.48
11.377989530563354,5.52
12.617074489593506,5.48
13.84156584739685,5.55
1.110436201095581,5.52
2.3246147632598877,5.59
3.5450854301452637,5.52
4.741103887557983,5.62
5.948072671890259,5.52
10.559720277786255,137.83
11.97334098815918,192.45
13.386183738708496,210.31
14.785809755325317,214.69
16.19554591178894,202.34
