1.1101391315460205,-1.93,0
2.3545563220977783,-1.83,0
3.5695838928222656,-1.76,0
4.775306224822998,-1.9,0
9.359885454177856,68.0,1
10.772957801818848,61.97,1
12.18603253364563,60.55,1
13.589189052581787,59.62,1
15.001024007797241,59.28,1
16.421192169189453,58.76,1
17.766218185424805,58.45,1
19.10481882095337,58.66,1
20.45394253730774,58.48,1
21.793368577957153,58.52,1
23.19576621055603,58.52,1
24.613851070404053,58.48,1
26.031962156295776,58.1,1
27.44282627105713,58.31,1
28.845882654190063,57.59,1
30.267853498458862,54.83,1
37.553988218307495,-2.21,0
38.850301027297974,-2.28,0
40.17290735244751,-2.28,0
41.48154616355896,-2.28,0
42.788787603378296,-2.28,0
44.13094902038574,-2.24,0
45.436776876449585,-2.24,0
46.74700427055359,-2.31,0
51.33565378189087,-2.28,1
52.75047540664673,-2.45,1
54.16755247116089,-2.41,1
55.57907772064209,-2.31,1
56.99634552001953,-1.76,1
58.40660619735718,-0.41,1
59.808279037475586,0.52,1
61.22869873046875,1.03,1
62.64539980888367,1.28,1
64.05974054336548,1.66,1
65.46751856803894,1.76,1
66.81089973449707,1.9,1
68.2211503982544,2.1,1
69.6413779258728,2.52,1
70.98010349273682,2.86,1
72.39340996742249,3.52,1
73.73839497566223,3.48,1
75.07939100265503,3.93,1
76.48931097984314,4.52,1
77.83940505981445,4.45,1
79.24837303161621,4.79,1
80.66898989677429,5.48,1
82.07969522476196,5.52,1
83.49584126472473,5.86,1
84.90759181976318,5.83,1
86.24063682556152,6.38,1
87.66614961624146,6.31,1
89.08053660392761,6.66,1
90.48036456108093,6.72,1
91.90605449676514,6.48,1
93.30766749382019,6.93,1
94.66084051132202,6.86,1
96.06230401992798,6.83,1
97.47469806671143,7.21,1
98.89379835128784,7.28,1
100.31110620498657,7.28,1
101.71714663505554,7.76,1
103.12713313102722,7.83,1
104.54257583618164,7.86,1
105.95983791351318,7.76,1
107.36664080619812,8.17,1
108.79012751579285,8.24,1
110.19817543029785,8.1,1
111.61007857322693,8.17,1
113.02751541137695,8.21,1
114.42787671089172,9.07,1
115.8538863658905,8.79,1
117.25784158706665,8.72,1
118.67735958099365,8.72,1
120.07987356185913,8.76,1
121.49520468711853,8.72,1
122.91599035263062,9.34,1
124.31998896598816,9.17,1
125.74468851089478,9.28,1
127.14911961555481,9.21,1
128.56409740447998,9.17,1
129.9699399471283,9.38,1
131.3232560157776,9.24,1
132.74056243896484,9.28,1
134.13711428642273,9.17,1
135.5620174407959,9.24,1
136.97125053405762,9.34,1
138.380930185318,9.52,1
139.79487895965576,9.86,1
141.21317410469055,9.76,1
142.61627531051636,9.83,1
144.03719902038574,9.72,1
145.45336532592773,9.76,1
146.86236810684204,9.76,1
148.2675142288208,9.66,1
149.6860167980194,9.45,1
151.09416794776917,9.41,1
152.51163530349731,9.34,1
153.919043302536,9.41,1
155.33842873573303,9.41,1
156.75190591812134,9.41,1
158.15828442573547,9.38,1
159.5680549144745,9.38,1
160.9858512878418,9.59,1
162.3992738723755,9.48,1
163.80436396598816,9.97,1
165.16245937347412,10.0,1
166.5698790550232,9.9,1
167.91188716888428,9.9,1
169.32674837112427,9.86,1
170.74458956718445,9.97,1
172.08563017845154,9.93,1
173.42404198646545,9.93,1
174.77341389656067,9.93,1
176.18561601638794,9.97,1
177.59443759918213,9.97,1
178.9355010986328,9.97,1
180.35335302352905,9.97,1
181.7025010585785,9.93,1
183.10550665855408,10.0,1
184.4473738670349,9.93,1
185.80170893669128,10.0,1
187.13906979560852,10.0,1
188.55707597732544,9.97,1
189.89841198921204,10.07,1
191.236079454422,9.97,1
192.58166575431824,9.97,1
193.93747997283936,10.0,1
195.28063225746155,10.07,1
196.68808150291443,10.14,1
198.0380425453186,10.0,1
199.4445858001709,9.72,1
200.78894972801208,9.76,1
202.2078161239624,9.76,1
203.55112218856812,9.62,1
204.88684153556824,9.72,1
206.2985074520111,9.72,1
207.6416563987732,9.83,1
208.99562549591064,9.79,1
210.4040367603302,9.93,1
211.73934078216553,9.83,1
219.06678938865662,-2.38,0
220.36251997947693,-2.31,0
221.66999793052673,-2.34,0
222.9807059764862,-2.45,0
224.30007529258728,-2.31,0
225.6089117527008,-2.45,0
226.9487566947937,-2.31,0
228.2567014694214,-2.48,0
232.8384494781494,68.07,1
234.193443775177,62.41,1
235.52296948432922,60.97,1
236.94093918800354,59.9,1
238.35715413093567,59.52,1
239.70499539375305,59.17,1
241.1104781627655,58.66,1
242.52350306510925,58.66,1
243.94316363334656,58.69,1
245.34817838668823,58.48,1
246.75747323036194,58.76,1
248.17618107795715,58.69,1
249.58686876296997,58.38,1
250.92253947257996,58.38,1
252.34262490272522,58.45,1
253.76151061058044,58.38,1
255.16718792915344,58.41,1
256.56922483444214,57.41,1
257.9849863052368,55.48,1
259.4021050930023,53.17,1
260.8209798336029,51.48,1
262.2325870990753,50.28,1
263.6410479545593,48.72,1
265.0484023094177,47.1,1
272.371435880661,-2.45,0
273.68006896972656,-2.34,0
275.0065186023712,-2.31,0
276.31276965141296,-2.38,0
277.6253111362457,-2.34,0
278.9685137271881,-2.38,0
280.2842347621918,-2.31,0
281.5909101963043,-2.45,0
286.18240094184875,-2.34,1
287.59396147727966,-2.41,1
289.0099346637726,-1.79,1
290.4130699634552,0.14,1
291.8317041397095,1.28,1
293.25303649902344,1.76,1
294.656325340271,2.07,1
296.07689213752747,2.83,1
297.47815012931824,3.79,1
298.8962733745575,4.72,1
300.31391286849976,5.66,1
301.7251636981964,6.48,1
303.129412651062,7.03,1
304.54941034317017,7.9,1
305.9655718803406,8.86,1
307.36719846725464,9.24,1
308.7902204990387,9.62,1
310.2053282260895,9.97,1
311.61325430870056,11.07,1
313.02975249290466,11.41,1
314.43144249916077,11.55,1
315.8522696495056,11.83,1
317.25447177886963,12.28,1
318.6719298362732,12.93,1
320.0107922554016,13.14,1
321.3655586242676,13.28,1
322.7826635837555,13.69,1
324.1216359138489,14.1,1
325.5399429798126,14.07,1
326.9492897987366,14.62,1
328.28931641578674,15.14,1
329.6299877166748,15.0,1
331.05110263824463,15.34,1
332.3863115310669,15.48,1
333.73220896720886,15.86,1
335.0718972682953,15.76,1
336.4312856197357,15.79,1
337.8418297767639,16.45,1
339.2546100616455,16.24,1
340.5917270183563,16.86,1
342.01029872894287,17.03,1
343.3522081375122,16.86,1
344.69096851348877,17.21,1
346.04266262054443,17.21,1
347.44511222839355,17.1,1
348.8602833747864,17.66,1
350.21318888664246,17.24,1
351.55815958976746,17.24,1
352.8925075531006,17.66,1
354.23189091682434,17.66,1
355.5775001049042,17.69,1
356.9953422546387,17.59,1
358.33551120758057,17.59,1
359.68176436424255,18.17,1
361.10495233535767,18.14,1
362.44524002075195,18.17,1
363.8614420890808,18.17,1
365.2023391723633,18.76,1
366.6087877750397,18.55,1
367.96146512031555,18.62,1
369.36415338516235,18.59,1
370.7206885814667,18.66,1
372.1184585094452,18.66,1
373.4733386039734,18.66,1
374.87901759147644,18.72,1
376.2221214771271,19.07,1
377.64176869392395,19.21,1
378.9805462360382,18.9,1
380.39935660362244,18.66,1
381.74815917015076,18.66,1
383.1568157672882,18.72,1
384.49488973617554,18.79,1
385.9179148674011,19.24,1
387.3227324485779,19.31,1
388.661527633667,19.24,1
390.01687955856323,19.17,1
391.4194145202637,19.31,1
392.83325839042664,19.28,1
394.2486324310303,19.28,1
395.600665807724,19.31,1
397.0079333782196,19.34,1
398.34855031967163,19.38,1
399.76722621917725,19.38,1
401.169664144516,19.45,1
402.59428906440735,19.34,1
403.99985432624817,19.52,1
405.4203908443451,20.0,1
406.8261830806732,19.69,1
408.2456212043762,19.62,1
409.65883779525757,19.55,1
411.0740487575531,19.69,1
418.3849482536316,-2.41,0
419.6968352794647,-2.48,0
421.00398683547974,-2.45,0
422.35387539863586,-2.55,0
423.6664068698883,-2.52,0
424.9782361984253,-2.62,0
426.2891924381256,-2.59,0
427.6071949005127,-2.55,0
432.2004075050354,67.38,1
433.60457706451416,62.07,1
435.02975273132324,60.52,1
436.44408082962036,59.55,1
437.8567395210266,59.21,1
439.2581241130829,59.0,1
440.6151945590973,58.55,1
442.0249297618866,58.31,1
443.42609548568726,58.41,1
444.8513469696045,58.55,1
446.26239585876465,58.41,1
447.5977282524109,58.45,1
449.01513504981995,58.52,1
450.43368220329285,58.41,1
451.77080821990967,58.21,1
453.1832432746887,58.07,1
454.5917613506317,58.38,1
456.0111346244812,58.31,1
457.4177567958832,58.41,1
458.82315969467163,58.21,1
460.1759750843048,58.07,1
461.5203309059143,58.17,1
462.8643534183502,57.86,1
464.2739622592926,56.0,1
465.6829524040222,55.14,1
467.09105801582336,53.66,1
468.43355989456177,52.14,1
469.84955954551697,51.28,1
471.27121472358704,50.28,1
472.61306977272034,49.31,1
474.0185673236847,48.72,1
475.4361116886139,47.28,1
482.8058092594147,-2.48,0
484.11609721183777,-2.48,0
485.4288535118103,-2.48,0
486.73836851119995,-2.52,0
488.0538296699524,-2.48,0
489.37179040908813,-2.45,0
490.6802966594696,-2.45,0
492.0007197856903,-2.45,0
496.61907982826233,67.69,1
498.0245130062103,62.21,1
499.38141226768494,60.28,1
500.78459787368774,59.45,1
502.2010450363159,58.9,1
503.6197636127472,58.59,1
505.0345838069916,58.69,1
506.4470579624176,58.45,1
507.8560519218445,58.45,1
509.27049803733826,58.07,1
510.668740272522,58.21,1
512.0915081501007,58.1,1
513.5099728107452,58.24,1
514.9115767478943,58.03,1
516.3288202285767,58.14,1
517.7443795204163,57.69,1
519.1479110717773,57.52,1
520.5664985179901,57.86,1
521.9733483791351,57.72,1
523.3872334957123,57.79,1
524.7938497066498,57.76,1
526.2136826515198,57.83,1
527.5536618232727,57.41,1
528.9723219871521,57.48,1
530.373783826828,57.34,1
531.793140411377,57.07,1
533.2059042453766,55.83,1
534.6209723949432,54.97,1
536.0252528190613,52.69,1
537.4398920536041,52.52,1
538.8614029884338,51.48,1
546.1592206954956,-3.52,0
547.473735332489,-3.59,0
548.7862672805786,-3.41,0
550.0923407077789,-3.41,0
551.4138526916504,-3.66,0
552.7182211875916,-3.48,0
554.0410165786743,-3.55,0
555.3806202411652,-3.48,0
