3.1120846271514893,-1.86
6.3568336963653564,-1.72
9.579442739486694,-1.9
12.80001187324524,-1.83
17.578982830047607,1.41
21.063512086868286,1.45
24.541178464889526,5.79
28.09237289428711,1.48
31.641555547714233,1.14
35.18940997123718,3.03
38.66528129577637,3.28
42.21838688850403,6.97
45.75666284561157,5.45
49.23744225502014,6.34
52.79929780960083,6.62
56.34431219100952,9.52
59.896726846694946,8.52
63.43827962875366,8.79
66.98631978034973,9.31
70.54142141342163,10.24
74.02249050140381,10.79
77.51109886169434,11.17
81.05704283714294,9.07
84.60286283493042,10.97
88.15248203277588,11.17
91.70352077484131,11.17
95.25076985359192,11.07
98.734206199646,11.03
102.28498411178589,10.69
105.83688545227051,8.41
109.38327169418335,8.93
112.93262720108032,9.45
116.4833836555481,10.14
120.02757024765015,10.41
123.58126711845398,9.38
127.1377809047699,10.62
130.67490005493164,8.59
134.22470021247864,8.38
137.79113793373108,9.86
141.33982944488525,9.28
144.88402581214905,11.03
148.4371042251587,11.69
151.98743438720703,9.31
155.5368776321411,8.9
159.08315420150757,9.86
162.63123965263367,11.38
166.18604636192322,8.55
169.73227763175964,9.38
173.28524494171143,10.03
176.8255660533905,10.38
180.31168603897095,10.97
183.85854959487915,11.0
187.41645884513855,11.41
190.89767813682556,8.38
194.4490146636963,9.0
197.9948763847351,9.38
201.54730796813965,9.14
205.0181155204773,9.41
208.56768012046814,9.83
212.13103079795837,10.45
215.66775751113892,10.34
219.14776158332825,10.76
222.7008035182953,11.0
226.25337958335876,11.34
229.79531049728394,10.76
233.3448543548584,10.17
236.8947582244873,10.72
240.4537308216095,10.0
243.9982705116272,9.41
247.5513699054718,8.97
251.10101580619812,9.1
254.64857602119446,9.62
258.2044095993042,9.45
261.7521719932556,9.17
265.30124831199646,9.34
268.8508822917938,8.52
272.3986382484436,9.03
275.9528810977936,9.07
279.502295255661,8.66
283.05230736732483,8.76
286.600323677063,8.52
290.153963804245,8.48
293.7063729763031,8.59
297.1874477863312,9.34
300.7314956188202,8.34
304.28910207748413,8.72
307.83234119415283,10.07
311.37459921836853,8.34
314.9358870983124,8.31
318.47936487197876,8.72
322.0380017757416,8.21
325.58317732810974,8.83
329.1255910396576,8.38
332.6769640445709,9.34
336.22737669944763,8.48
339.71691250801086,8.66
343.2694661617279,8.93
346.81322979927063,9.41
350.36372804641724,9.62
353.84758138656616,10.38
357.39830923080444,10.45
363.2302188873291,0.9
366.586110830307,0.66
369.89849162101746,0.72
373.2230212688446,0.69
376.538950920105,0.55
379.8513648509979,0.72
383.1651203632355,0.52
387.9507749080658,0.52
