1.1169676780700684,-1.21,0
2.3530969619750977,-1.0,0
3.560122013092041,-1.14,0
4.762237071990967,-1.1,0
5.9570841789245605,-1.17,0
10.559818983078003,-0.79,1
11.97501826286316,11.1,1
13.387581825256348,19.38,1
14.799782752990723,23.59,1
16.20304584503174,28.0,1
17.556214570999146,29.34,1
18.969223499298096,31.34,1
20.30488896369934,33.45,1
21.722960710525513,35.38,1
23.13374400138855,34.45,1
24.538800716400146,37.21,1
25.89741277694702,36.17,1
27.2968487739563,35.79,1
28.71957778930664,36.48,1
30.123655319213867,36.24,1
31.541400909423828,36.52,1
32.946274518966675,38.55,1
34.362224102020264,38.1,1
35.781514406204224,38.0,1
37.18384099006653,38.21,1
38.6038863658905,38.0,1
40.014955043792725,40.52,1
41.41738271713257,40.34,1
42.838173151016235,40.31,1
44.24242901802063,39.86,1
45.591437101364136,39.66,1
46.991817474365234,39.76,1
48.41345763206482,39.9,1
49.815805435180664,40.21,1
51.231077671051025,40.55,1
52.63842272758484,39.86,1
53.97885990142822,39.93,1
55.39470863342285,40.28,1
56.81319618225098,40.34,1
58.22890639305115,40.31,1
59.63329744338989,39.93,1
61.043057918548584,40.17,1
62.46190333366394,40.21,1
63.868647813797,38.31,1
65.20742177963257,38.76,1
66.56204605102539,38.76,1
67.90334606170654,38.83,1
69.30683207511902,38.72,1
70.72447061538696,40.79,1
72.12776637077332,40.55,1
73.55276656150818,40.31,1
74.8945825099945,40.48,1
76.29898691177368,40.86,1
77.71903395652771,40.14,1
85.01779699325562,-1.59,0
86.32581996917725,-1.66,0
87.6631829738617,-1.66,0
88.9710340499878,-1.69,0
90.28142762184143,-1.59,0
91.59162259101868,-1.62,0
92.90061354637146,-1.66,0
94.21084427833557,-1.62,0
98.80980777740479,28.48,1
100.22207570075989,41.76,1
101.64491987228394,53.93,1
103.05507969856262,64.17,1
104.39423084259033,72.76,1
105.81723308563232,81.66,1
107.22083783149719,89.83,1
108.6288423538208,97.66,1
109.97363829612732,105.52,1
111.39167284965515,112.86,1
112.80639457702637,120.0,1
114.20723509788513,126.79,1
115.62130928039551,133.28,1
117.03980827331543,139.45,1
118.45320749282837,145.52,1
119.85835146903992,151.03,1
121.27354145050049,156.14,1
122.68962788581848,160.62,1
124.09415197372437,160.9,1
125.51477646827698,159.93,1
126.91556572914124,157.28,1
128.33397436141968,152.52,1
129.73748970031738,146.45,1
131.15779757499695,139.86,1
132.56232929229736,132.07,1
133.98368906974792,124.24,1
135.39440083503723,117.24,1
136.8065791130066,110.66,1
138.21592164039612,105.0,1
139.61883926391602,99.24,1
141.03948831558228,93.86,1
148.34770941734314,-1.41,0
149.7025270462036,-1.45,0
151.02752542495728,-1.24,0
152.34512162208557,-1.28,0
153.6576406955719,-1.28,0
154.97213673591614,-1.21,0
156.29852509498596,-1.17,0
157.60715651512146,-1.28,0
158.8723452091217,-1.24,0
160.08256316184998,-1.21,0
161.29127740859985,-1.21,0
162.49578142166138,-1.21,0
163.71837186813354,-1.21,0
