1.1065711975097656,-1.9,0
2.348055601119995,-2.0,0
3.5570671558380127,-1.93,0
4.761401653289795,-1.9,0
9.349716901779175,271.14,1
10.762986421585083,305.59,1
12.1752290725708,315.14,1
19.466116666793823,-2.83,0
20.776642322540283,-2.76,0
22.11409044265747,-2.72,0
23.43333339691162,-2.72,0
24.73818325996399,-2.76,0
26.058403491973877,-2.76,0
27.352191925048828,-2.66,0
28.675927877426147,-2.72,0
33.285932779312134,286.72,1
34.69050145149231,313.93,1
36.10748076438904,327.14,1
43.41860747337341,-3.14,0
44.727551221847534,-3.17,0
46.03562641143799,-3.21,0
47.346128702163696,-3.17,0
48.65590238571167,-3.1,0
49.96579551696777,-3.14,0
51.28662061691284,-3.1,0
52.635913372039795,-3.1,0
57.20860457420349,89.03,1
58.622315645217896,79.38,1
60.03396248817444,481.28,1
61.44605374336243,309.14,1
