1.1097865104675293,0.79
2.3435888290405273,1.0
3.552659273147583,1.0
4.759605169296265,0.97
9.313363313674927,1.72
10.72592282295227,8.28
12.13891887664795,21.17
13.550235271453857,39.07
14.963136196136475,59.69
16.37063765525818,78.9
17.77582550048828,96.41
19.12507724761963,112.24
20.537133932113647,126.66
21.880247354507446,138.66
23.22585105895996,146.9
24.63235592842102,152.97
26.043789386749268,155.34
27.45735263824463,154.55
28.868869304656982,150.24
36.161590337753296,1.17
37.470319986343384,1.07
38.77789235115051,1.07
40.095442056655884,1.03
41.40920925140381,0.83
42.76273012161255,0.9
44.08462429046631,0.9
