1.1011037826538086,-1.86,0
2.354207754135132,-1.86,0
3.5660133361816406,-1.86,0
4.7731945514678955,-1.9,0
9.35182523727417,56.17,1
10.770457983016968,13.86,1
12.187755346298218,4.1,1
13.58949089050293,1.55,1
15.016210794448853,-0.24,1
16.42765712738037,-0.69,1
17.77261781692505,-1.03,1
19.104504823684692,-1.1,1
20.459147930145264,-1.21,1
21.873692989349365,-1.38,1
23.276181936264038,-1.41,1
24.626938581466675,-1.45,1
26.035064458847046,-1.48,1
27.388248205184937,-1.52,1
28.72808337211609,-1.62,1
30.135779857635498,-1.48,1
31.552281618118286,-1.55,1
32.959197759628296,-1.55,1
34.37688755989075,-1.59,1
35.7944438457489,-1.48,1
37.198195934295654,-1.66,1
38.54815864562988,-1.59,1
39.9563102722168,-1.66,1
41.29845666885376,-1.59,1
42.7158682346344,-1.59,1
44.132477045059204,-1.66,1
45.54936623573303,-1.59,1
