1.1160874366760254,-1.79,0
2.3596153259277344,-1.83,0
3.571835517883301,-1.93,0
4.776558876037598,-1.83,0
5.986889600753784,-1.83,0
10.584781885147095,-6.66,1
11.997923851013184,-1.24,1
13.410945177078247,1.31,1
14.819559574127197,1.79,1
16.237773418426514,2.1,1
17.577089548110962,2.66,1
18.915287733078003,3.1,1
20.269627332687378,3.31,1
21.673869609832764,3.52,1
23.087964296340942,3.59,1
24.50710439682007,3.69,1
25.845409631729126,4.14,1
27.254403591156006,4.48,1
28.671515941619873,2.03,1
30.088504552841187,3.41,1
31.50353741645813,4.31,1
32.90611910820007,4.79,1
34.259516954422,5.38,1
35.600945711135864,3.21,1
37.018163442611694,4.79,1
38.43050003051758,5.59,1
39.83587431907654,3.69,1
41.24906134605408,5.07,1
42.66296076774597,3.52,1
44.07698369026184,5.1,1
45.49091458320618,3.79,1
46.8922598361969,5.38,1
48.308664083480835,4.21,1
49.731667041778564,5.66,1
51.13217806816101,4.38,1
52.556114196777344,5.9,1
53.96432638168335,4.69,1
55.37835359573364,6.55,1
56.78040385246277,5.03,1
58.206878423690796,6.52,1
59.606008529663086,5.17,1
61.027498722076416,7.0,1
62.431817054748535,5.72,1
63.847392320632935,7.45,1
65.20491623878479,6.1,1
66.53367114067078,7.83,1
67.89340209960938,6.41,1
69.2310643196106,5.97,1
70.6361780166626,7.76,1
71.99046874046326,6.31,1
73.40666460990906,6.28,1
74.74511003494263,8.03,1
76.08251166343689,6.83,1
77.43489217758179,6.41,1
78.77538871765137,8.34,1
80.195068359375,7.0,1
81.59687399864197,6.72,1
82.95201635360718,6.83,1
84.29112935066223,8.14,1
85.70988774299622,7.07,1
87.1114251613617,7.28,1
88.52313899993896,8.83,1
89.87575817108154,7.52,1
91.28154850006104,7.31,1
92.6253604888916,7.17,1
94.03926849365234,7.24,1
95.45712351799011,8.48,1
96.86237263679504,7.79,1
98.27925324440002,7.55,1
99.6980152130127,9.66,1
101.115309715271,8.38,1
102.52474355697632,7.76,1
103.92564368247986,7.83,1
105.34476852416992,7.79,1
106.76320767402649,8.0,1
108.16913962364197,7.72,1
109.58646607398987,7.86,1
111.00224709510803,7.72,1
112.41585540771484,7.66,1
113.81764054298401,7.76,1
115.23418354988098,7.72,1
116.65301060676575,7.72,1
118.06315350532532,7.76,1
119.46422624588013,7.48,1
120.88316702842712,7.48,1
122.30048990249634,8.9,1
123.70387721061707,8.17,1
125.1202187538147,8.1,1
126.5367603302002,8.07,1
127.9552710056305,10.14,1
129.35818910598755,8.79,1
130.77416372299194,8.38,1
132.19049263000488,8.72,1
133.59998202323914,8.31,1
140.95649456977844,-2.31,0
142.262797832489,-2.31,0
143.57466769218445,-2.17,0
144.89344716072083,-2.24,0
146.2074887752533,-2.24,0
147.5175802707672,-2.17,0
148.8351969718933,-2.17,0
150.19040656089783,-2.1,0
154.7968716621399,-7.21,1
156.21307587623596,-1.59,1
