1.1149961948394775,-1.59,0
2.346795082092285,-1.66,0
3.554537773132324,-1.69,0
4.747299432754517,-1.66,0
5.932287693023682,-1.69,0
7.144277334213257,-1.59,0
8.344560623168945,-1.59,0
9.54181957244873,-1.69,0
10.754543542861938,-1.66,0
11.985214710235596,-1.66,0
16.575115442276,177.38,1
17.91916823387146,115.79,1
19.261167764663696,107.79,1
20.66262459754944,106.21,1
22.080846309661865,105.1,1
23.48363161087036,104.52,1
24.824661254882812,104.28,1
26.246414184570312,103.62,1
27.6497483253479,103.48,1
29.065768003463745,103.45,1
30.481614351272583,102.97,1
31.81867551803589,103.24,1
33.23738694190979,103.17,1
34.575103759765625,103.03,1
35.911449909210205,103.0,1
37.326680421829224,102.97,1
38.746256589889526,102.93,1
40.14621186256409,103.17,1
41.563523054122925,102.83,1
42.906110525131226,103.03,1
44.32240629196167,103.14,1
45.727431535720825,102.97,1
47.14575147628784,102.93,1
48.48313307762146,103.0,1
49.836304903030396,102.97,1
51.24356245994568,102.66,1
52.649255990982056,102.9,1
54.06286406517029,103.0,1
55.46817493438721,103.03,1
56.81359362602234,102.93,1
58.23168706893921,102.76,1
59.6490261554718,102.9,1
61.05510759353638,102.72,1
62.47093081474304,102.93,1
63.87221550941467,102.69,1
65.22601318359375,102.59,1
66.56746888160706,102.72,1
67.89801144599915,102.93,1
69.31543922424316,102.93,1
70.65874338150024,102.93,1
71.99739027023315,102.62,1
73.41781091690063,102.69,1
74.82128405570984,102.79,1
76.17491936683655,102.72,1
77.51323390007019,102.93,1
78.92854905128479,102.66,1
80.3454658985138,102.59,1
81.67869210243225,102.52,1
83.02885818481445,102.66,1
84.43816256523132,102.97,1
85.84165787696838,102.83,1
87.18375825881958,102.55,1
94.48716855049133,-2.17,0
95.82424855232239,-2.14,0
97.15119576454163,-2.1,0
98.46104598045349,-1.93,0
99.77149558067322,-1.97,0
101.09775853157043,-1.86,0
102.40460300445557,-1.93,0
103.71459197998047,-1.9,0
105.02372860908508,-1.86,0
106.37623190879822,-1.9,0
107.68502759933472,-1.83,0
108.99951457977295,-1.83,0
110.30658221244812,-1.79,0
111.61592149734497,-1.86,0
112.92792296409607,-1.83,0
114.2367422580719,-1.79,0
118.86052298545837,180.86,1
120.2669005393982,117.0,1
121.68651580810547,108.69,1
123.08742833137512,106.1,1
124.49745440483093,104.62,1
125.91872715950012,103.66,1
127.32530665397644,103.31,1
128.73572993278503,102.9,1
130.1406855583191,102.31,1
131.5601692199707,102.45,1
132.97816109657288,102.24,1
134.38173270225525,102.55,1
135.78914380073547,99.83,1
137.20864748954773,99.14,1
138.62658214569092,104.55,1
140.03083992004395,102.34,1
141.44862508773804,102.14,1
142.85247707366943,102.0,1
144.27177834510803,87.31,1
145.682719707489,90.17,1
147.08820605278015,90.38,1
148.50581693649292,86.14,1
149.91334772109985,85.83,1
151.31490683555603,85.24,1
152.73743844032288,84.52,1
154.1400203704834,83.24,1
155.5587363243103,80.31,1
162.86364102363586,-2.07,0
164.1633472442627,-2.07,0
165.45273399353027,-2.0,0
166.81052255630493,-2.0,0
168.10311484336853,-2.03,0
169.41066193580627,-1.9,0
170.71860313415527,-1.93,0
172.02577233314514,-1.86,0
176.60820984840393,159.17,1
177.96082258224487,103.07,1
179.2998812198639,95.17,1
180.71827173233032,93.0,1
182.06200456619263,92.28,1
183.4037618637085,91.79,1
184.74422931671143,91.9,1
186.16131615638733,91.41,1
187.50115132331848,91.28,1
188.83860611915588,91.07,1
190.19086170196533,91.0,1
191.5910873413086,91.03,1
192.94439315795898,109.52,1
194.28411507606506,104.52,1
195.7000949382782,103.76,1
197.0399398803711,103.38,1
198.38659596443176,103.38,1
199.72932720184326,103.62,1
201.06638288497925,103.34,1
202.48411750793457,103.28,1
203.82732105255127,103.21,1
205.16536808013916,103.41,1
206.58229327201843,103.59,1
207.98619294166565,103.59,1
209.32598996162415,103.55,1
210.6811785697937,103.79,1
212.0187861919403,103.52,1
213.42986822128296,103.93,1
214.83341550827026,1003.48,1
216.2538948059082,948.59,1
217.59250378608704,546.9,1
224.89785981178284,19.55,0
226.20319366455078,20.45,0
227.51263642311096,21.52,0
228.85519099235535,20.93,0
230.17722129821777,20.9,0
231.47517323493958,20.97,0
232.79671144485474,20.9,0
234.10174918174744,20.79,0
235.2997841835022,20.93,0
236.5117528438568,20.79,0
237.71476244926453,21.07,0
238.96777749061584,20.97,0
240.18190956115723,20.97,0
