1.0980048179626465,-1.79,0
2.3470284938812256,-1.9,0
3.547402858734131,-1.86,0
4.744475364685059,-1.97,0
5.95258355140686,-1.93,0
7.157686233520508,-1.83,0
11.708362579345703,257.45,1
13.041166543960571,236.83,1
14.348211288452148,236.55,1
15.70029616355896,236.03,1
17.011799335479736,236.0,1
18.32260489463806,235.66,1
19.632397413253784,234.93,1
20.92582678794861,234.55,1
22.236767530441284,234.38,1
28.79995846748352,-2.0,0
30.130369901657104,-1.93,0
31.48621678352356,-1.93,0
32.800715923309326,-1.9,0
34.08747172355652,-1.86,0
35.40642428398132,-2.0,0
36.70943641662598,-1.93,0
38.02832627296448,-1.86,0
42.556281328201294,254.48,1
43.87693166732788,234.72,1
45.20079207420349,234.72,1
46.52486753463745,234.59,1
47.831512689590454,234.9,1
49.145642042160034,234.28,1
50.48576283454895,234.07,1
