3.1109402179718018,-1.86
6.363587379455566,-1.83
9.587661027908325,-1.79
12.803710222244263,-1.79
17.797022104263306,2.0
21.36021852493286,2.0
24.91013813018799,3.1
28.46000838279724,6.17
32.006535053253174,9.21
35.55624032020569,9.34
39.10904288291931,12.07
42.65919589996338,10.93
46.20528841018677,10.72
49.74841666221619,10.86
53.29560589790344,7.72
56.85011029243469,8.9
60.39907479286194,11.45
63.95689082145691,9.59
67.50553822517395,7.86
71.04585075378418,7.86
74.52483820915222,11.41
78.0885751247406,9.59
81.56128120422363,7.41
85.10936856269836,7.24
88.6584644317627,3.86
92.2126693725586,2.17
95.76277232170105,4.14
99.31295967102051,6.28
102.85550332069397,6.1
106.41649651527405,6.21
109.95664381980896,6.59
113.5110764503479,9.24
117.060542345047,8.03
120.6175103187561,10.14
124.15312266349792,7.21
127.70451092720032,8.52
131.25594544410706,9.07
134.8088595867157,8.93
138.35915231704712,11.45
141.91173648834229,10.59
145.45485091209412,9.66
149.01388096809387,8.45
152.55959177017212,11.52
156.11605072021484,10.0
159.65616083145142,8.55
163.21274089813232,11.41
166.76257181167603,9.41
170.30795121192932,11.38
173.85291528701782,9.79
177.41298842430115,12.34
180.95559358596802,9.59
184.5149805545807,11.86
188.05581068992615,8.97
191.61392521858215,4.72
195.1643795967102,5.45
198.71215963363647,8.79
202.25507855415344,7.14
205.8020510673523,8.9
209.35066533088684,9.24
212.90435147285461,9.07
216.45895791053772,8.14
220.0133032798767,11.0
223.5623664855957,9.45
227.11458539962769,11.17
230.66246342658997,9.24
234.21237444877625,11.28
237.7607545852661,8.41
241.2966341972351,10.55
244.85168933868408,10.07
248.40421748161316,8.93
251.957528591156,10.59
255.5054190158844,11.86
259.05865263938904,8.62
262.61008381843567,10.34
266.1551170349121,11.52
269.6998510360718,8.38
273.24878001213074,10.24
276.80919194221497,11.34
280.35632705688477,9.17
283.90664935112,9.48
287.46015191078186,11.34
291.00659561157227,9.03
294.54526448249817,9.41
298.10708689689636,11.0
301.6544682979584,11.62
305.20549488067627,8.34
308.7541265487671,9.79
312.29877066612244,11.24
315.8528380393982,11.86
319.3988666534424,8.97
322.9462466239929,9.14
326.4268021583557,10.79
329.98372626304626,11.48
333.5313148498535,11.38
337.084210395813,8.17
340.6289014816284,6.66
344.1780118942261,4.24
347.727166891098,4.97
351.2877571582794,8.62
354.8404312133789,6.97
358.38039684295654,9.24
361.93429732322693,6.69
365.48341941833496,6.9
369.03076124191284,7.86
372.57764959335327,10.24
376.0684220790863,9.62
379.6133348941803,8.52
383.1020905971527,9.14
386.64598870277405,9.72
390.2048659324646,7.93
393.7497863769531,10.79
397.2978367805481,8.86
400.83940601348877,11.21
404.4044964313507,8.76
407.94118452072144,11.07
