1.1042613983154297,-1.86,0
2.3475804328918457,-1.93,0
3.5538454055786133,-1.86,0
4.756785869598389,-1.86,0
5.967931509017944,-1.9,0
7.18255352973938,-1.9,0
8.39751935005188,-1.9,0
9.606513500213623,-1.86,0
10.81961178779602,-1.86,0
12.07365083694458,-1.97,0
13.294939517974854,-1.9,0
14.509108066558838,-1.83,0
15.724006175994873,-1.83,0
16.94510269165039,-1.93,0
18.150771141052246,-1.93,0
19.356356859207153,-1.9,0
20.569108247756958,-1.86,0
21.81416893005371,-1.86,0
23.024652242660522,-1.93,0
24.239540100097656,-1.9,0
25.449111938476562,-1.83,0
26.663679361343384,-1.93,0
27.879449367523193,-1.83,0
29.092076301574707,-1.86,0
30.34117031097412,-1.86,0
31.5536367893219,-1.93,0
32.77042484283447,-1.9,0
33.97346615791321,-1.86,0
35.17512655258179,-1.93,0
36.37611770629883,-1.79,0
37.58040928840637,-1.9,0
38.78740572929382,-1.83,0
40.03232669830322,-1.76,0
41.23981595039368,-1.86,0
42.44007325172424,-1.93,0
43.64525890350342,-1.79,0
44.85545635223389,-1.83,0
46.061490297317505,-1.86,0
47.26493740081787,-1.9,0
48.47169208526611,-1.86,0
49.71917986869812,-1.83,0
50.935790061950684,-1.9,0
52.154706716537476,-1.9,0
53.37028479576111,-1.93,0
54.57738947868347,-1.83,0
55.78921365737915,-1.86,0
57.006282329559326,-1.93,0
58.25741457939148,-1.86,0
59.47293710708618,-1.86,0
60.68975806236267,-1.83,0
61.905121088027954,-1.9,0
63.121417760849,-1.86,0
64.34390020370483,-1.83,0
65.54868483543396,-1.86,0
66.88785886764526,-2.1,0
68.13200235366821,-1.97,0
69.33704209327698,-1.83,0
70.54348492622375,-1.83,0
71.74898052215576,-1.79,0
72.95602130889893,-1.93,0
74.16671895980835,-1.83,0
75.37188529968262,-1.83,0
76.57493782043457,-1.86,0
77.82503819465637,-1.9,0
79.03330707550049,-1.79,0
80.248379945755,-1.76,0
81.4547324180603,-1.79,0
82.66300964355469,-1.83,0
83.99437880516052,-1.62,0
85.20446014404297,-1.79,0
86.41066884994507,-1.76,0
87.65455484390259,-1.86,0
88.87001085281372,-1.79,0
