1.0997092723846436,8.45
2.353271245956421,8.41
3.5622665882110596,8.41
4.772303819656372,8.34
5.9829206466674805,8.38
7.1961829662323,8.28
11.773286819458008,776.17
13.18739938735962,673.86
14.598404169082642,411.9
15.99777626991272,259.38
17.41062045097351,176.93
18.829714059829712,133.0
20.243049144744873,116.14
21.643415927886963,113.69
23.05531668663025,116.9
24.40690851211548,116.76
25.819554328918457,116.17
27.219974279403687,117.21
28.640950202941895,116.0
30.053030252456665,116.86
31.45327353477478,121.07
32.86664652824402,117.38
34.28728747367859,121.45
35.62601017951965,117.72
37.02924585342407,121.38
38.38669800758362,122.07
39.790245056152344,118.14
41.126588106155396,122.66
42.541953563690186,122.83
43.95346808433533,123.17
45.369699239730835,118.41
46.77337884902954,117.52
48.19193935394287,121.28
49.60698986053467,117.28
51.01486611366272,116.86
52.43217182159424,122.9
53.84006309509277,125.07
61.13156461715698,3.03
62.47122573852539,2.86
63.77647352218628,2.45
65.1259171962738,2.1
66.44281840324402,2.0
67.75555372238159,1.97
69.06139898300171,2.14
70.38272833824158,2.1
74.96947526931763,2.59
76.3820686340332,2.76
77.78535389900208,3.1
79.19950318336487,3.38
80.61392617225647,15.34
82.02755880355835,22.97
83.44496464729309,24.86
84.85777974128723,31.79
86.26905179023743,38.28
87.68009734153748,39.66
89.09364342689514,39.21
90.50520730018616,38.48
91.92113423347473,38.17
93.32874131202698,41.31
94.73083972930908,41.59
96.14869332313538,37.55
97.56304860115051,36.31
98.97799181938171,35.83
100.39024019241333,39.21
101.80231428146362,37.83
