1.1059889793395996,-1.83
2.319732189178467,-1.83
3.552704095840454,-1.83
4.752678632736206,-1.83
5.962651252746582,-1.86
7.1854376792907715,-1.9
8.39052700996399,-1.83
9.59742522239685,-1.79
10.793087005615234,-1.83
12.250686883926392,-1.79
13.50686264038086,-1.83
14.718058824539185,-1.86
15.944921731948853,-1.79
17.448482275009155,-1.86
18.654048681259155,-1.93
19.844138383865356,-1.83
21.054100513458252,-1.86
23.855878829956055,22.72
25.2093722820282,34.76
26.622171878814697,39.03
27.9661545753479,40.24
29.310276746749878,34.72
30.723126888275146,29.41
32.12455201148987,25.07
33.46494388580322,21.28
34.879098653793335,17.83
36.2301664352417,15.1
37.56491756439209,12.93
38.91131114959717,10.93
40.25761604309082,9.34
41.66865825653076,7.86
43.0844144821167,7.1
44.500197649002075,7.55
45.907573223114014,8.38
47.24678301811218,9.31
48.67232918739319,9.59
50.07919979095459,9.69
51.492019176483154,9.59
52.906466245651245,9.97
54.32313013076782,10.14
55.73068141937256,9.93
57.13604807853699,9.86
58.54784035682678,9.69
59.959357023239136,9.79
61.382620334625244,10.21
62.79172968864441,10.07
64.20058941841125,10.03
65.54230332374573,9.83
66.96169114112854,9.83
68.36394715309143,10.0
69.71378469467163,9.83
71.05920815467834,9.9
72.47590041160583,10.07
73.88311791419983,9.93
75.21836066246033,10.1
76.56487441062927,10.14
77.91519570350647,9.86
79.32728576660156,10.14
80.74193334579468,9.97
82.08278155326843,10.14
83.4984622001648,9.9
84.90714883804321,9.76
86.32255792617798,10.03
87.73798608779907,10.03
89.13688659667969,9.97
90.54821705818176,10.24
91.89300227165222,10.34
93.31642174720764,10.21
94.66097378730774,10.17
96.06143808364868,10.03
97.47653388977051,9.93
98.89153838157654,10.0
100.29955983161926,10.21
101.71581149101257,10.28
103.13238406181335,10.1
104.54780268669128,9.93
105.96382522583008,9.9
107.36088752746582,9.62
108.77590227127075,10.28
110.1926817893982,10.1
111.61111497879028,9.93
113.02871680259705,9.93
114.43262767791748,9.97
115.85222721099854,10.03
117.25175952911377,9.86
118.66524958610535,10.17
120.07453227043152,10.14
121.48618960380554,9.79
122.90899276733398,9.9
124.32516717910767,9.76
125.7311909198761,9.97
127.14366960525513,9.97
128.54943871498108,10.07
129.9615604877472,9.86
131.3794059753418,10.0
132.7914137840271,9.69
134.1377408504486,10.31
135.54921674728394,10.03
136.96082520484924,10.28
138.374205827713,10.0
139.71976327896118,10.21
141.13355588912964,10.1
142.54525685310364,9.93
143.95173692703247,10.03
145.29653692245483,9.9
146.71587347984314,9.93
148.11667776107788,9.97
149.5438289642334,9.97
150.9518518447876,9.9
152.37023544311523,9.69
153.77797484397888,10.0
155.19328927993774,10.14
156.6024842262268,10.07
158.01715850830078,10.0
159.4275484085083,9.79
160.76074242591858,9.83
162.10826635360718,9.93
163.518981218338,10.21
164.86896324157715,10.14
166.2788372039795,10.0
167.6184742450714,9.93
168.96510887145996,9.93
170.30367231369019,9.79
171.65573954582214,10.14
172.9978210926056,10.48
174.4030361175537,10.1
175.82623887062073,9.93
177.16683387756348,10.0
178.50994181632996,10.07
179.84248733520508,10.14
181.1976079940796,10.03
182.52857303619385,10.0
183.86949253082275,10.1
185.2854254245758,10.31
186.64048290252686,10.45
188.03894901275635,10.55
189.39421606063843,10.17
190.73144626617432,10.14
192.0845992565155,10.31
193.48710346221924,10.17
194.83570313453674,10.1
196.24361562728882,10.07
197.6646511554718,9.9
199.06355094909668,10.07
200.41620874404907,10.24
201.82530903816223,10.14
203.2289855480194,9.93
204.6497220993042,10.03
206.05326771736145,9.93
207.4757330417633,9.66
208.89110231399536,9.93
210.3069362640381,10.21
211.71590423583984,10.24
213.12625980377197,9.97
214.4738416671753,9.79
215.88488507270813,9.97
217.21902704238892,9.97
218.62457489967346,10.0
220.0360164642334,9.69
221.4599485397339,9.62
222.85923051834106,10.1
224.28495740890503,9.93
225.61730337142944,9.9
227.0374734401703,10.03
228.4404227733612,10.14
229.8618938922882,10.1
231.26297783851624,10.07
232.6872022151947,10.21
234.02643179893494,10.0
235.4422905445099,9.9
236.78649854660034,9.66
238.18730187416077,9.93
239.60215497016907,10.24
241.01540637016296,10.66
242.43569254875183,10.76
243.8396954536438,10.45
245.2505111694336,10.17
246.66659903526306,10.03
248.01080203056335,10.31
249.42160153388977,9.93
250.83173990249634,8.66
252.2453534603119,7.62
253.6544783115387,7.31
255.06818437576294,8.59
256.47568106651306,10.28
257.8823266029358,10.62
259.2382035255432,10.48
260.6517312526703,10.21
262.06316447257996,10.0
263.4688277244568,9.31
264.82020592689514,8.34
266.2189881801605,8.86
267.56419825553894,11.14
268.919584274292,10.28
270.25045132637024,9.28
271.66974425315857,8.1
273.01505398750305,7.86
274.41392040252686,12.14
275.82844614982605,11.86
277.2380967140198,10.72
278.6518166065216,9.69
280.0610158443451,8.45
281.48687529563904,7.9
282.8961033821106,12.14
284.3044970035553,11.76
285.72092175483704,11.14
287.1309175491333,10.14
288.53709053993225,9.1
289.95115303993225,7.9
291.3693506717682,7.55
292.78043031692505,12.52
294.1812617778778,12.24
295.6038224697113,11.1
297.01294207572937,9.97
298.42509841918945,8.55
299.82464694976807,7.69
301.25083899497986,9.03
302.65540981292725,12.03
306.4174735546112,1.86
307.73849630355835,1.66
309.05465364456177,1.48
310.3638095855713,1.1
311.6856815814972,0.79
313.0009276866913,0.41
314.3141071796417,0.17
315.62575364112854,0.0
316.9915087223053,-0.28
318.3016793727875,-0.55
319.60512495040894,-0.38
320.92000460624695,6.48
322.2320785522461,13.59
323.52696442604065,15.1
324.82224464416504,13.24
326.1423890590668,1.72
328.9522032737732,21.9
330.35995626449585,31.45
331.69896388053894,36.76
333.03939938545227,35.31
334.39278268814087,51.93
335.8040566444397,46.07
337.21011209487915,43.07
338.62463569641113,20.1
340.02912521362305,4.55
341.4414002895355,3.34
342.79109597206116,2.83
344.20484948158264,4.07
345.54881978034973,6.14
346.9593069553375,7.66
348.29237723350525,8.38
349.6456255912781,8.45
351.0503764152527,7.69
352.4677276611328,7.34
353.8685517311096,11.72
355.2112720012665,11.45
356.567839384079,10.48
357.91271567344666,9.28
359.2555019855499,8.24
360.5980134010315,7.86
362.0102114677429,8.69
363.3397979736328,12.1
367.03961634635925,1.83
368.33850288391113,1.69
369.66149520874023,1.55
370.9615058898926,1.28
372.2705783843994,1.14
373.5831410884857,0.66
374.8938970565796,0.34
376.19790959358215,0.21
377.5316960811615,-0.07
378.83513927459717,-0.21
380.15141916275024,-0.38
381.4610962867737,-0.59
382.7820317745209,-0.62
384.0939292907715,-0.79
385.38854813575745,-0.9
386.70860481262207,-0.97
389.5071849822998,21.03
390.9275915622711,33.41
392.3437397480011,38.28
393.7573490142822,34.69
395.155987739563,29.21
396.58095026016235,22.83
397.9906301498413,16.41
399.4032189846039,12.31
400.81556129455566,9.66
402.22451424598694,6.07
403.62446999549866,4.17
405.0483732223511,3.52
406.4493341445923,2.86
407.8707730770111,3.14
409.27823853492737,3.48
410.6932535171509,3.52
412.2385814189911,4.24
413.64968705177307,4.83
415.06078577041626,4.97
416.4735767841339,4.86
417.88077783584595,5.03
419.3031349182129,4.93
420.70423412323,4.97
422.1146593093872,4.76
423.5286853313446,4.72
424.9392168521881,4.34
426.28614807128906,3.76
427.70199608802795,3.24
429.1085469722748,2.9
430.51702642440796,3.62
431.9350609779358,7.59
433.3477602005005,7.17
434.75857424736023,6.38
436.17187309265137,5.66
437.58966588974,4.72
438.999098777771,4.03
440.41036796569824,3.48
441.8215444087982,3.34
443.23285460472107,4.28
444.64661693573,8.31
446.06210589408875,7.69
447.47131085395813,6.62
448.8913502693176,5.83
450.30563020706177,5.0
451.7056016921997,4.45
453.12001395225525,3.83
454.47125601768494,3.07
455.8759870529175,2.72
457.2947041988373,3.03
458.7036247253418,4.0
460.11771726608276,7.45
461.53337001800537,6.45
462.93817257881165,5.52
464.3473799228668,5.07
465.76598596572876,4.55
469.4591658115387,1.28
470.76754879951477,0.97
472.06964468955994,0.76
473.3892557621002,0.45
474.75180673599243,0.21
476.05989956855774,0.07
477.3792905807495,-0.14
478.6957137584686,-0.28
481.4726095199585,22.9
482.8893229961395,38.14
484.3091118335724,35.9
485.70901346206665,40.07
487.13536310195923,35.83
488.5446283817291,38.55
489.95006465911865,34.72
491.35983872413635,37.66
492.7725758552551,34.59
494.1875069141388,37.79
495.5946686267853,34.69
497.01197957992554,37.9
498.4295666217804,34.9
499.83055877685547,37.66
501.24015259742737,34.28
502.65736865997314,37.72
504.0633201599121,34.45
505.47934198379517,37.52
506.8894290924072,34.62
508.3032867908478,37.86
509.7107398509979,34.76
511.1211757659912,37.62
512.5334074497223,34.24
513.9559054374695,37.62
515.3567535877228,34.62
516.7664449214935,37.66
518.1767430305481,34.76
519.5889167785645,38.14
521.0042169094086,35.24
522.4188129901886,38.14
523.8360784053802,35.34
525.2368466854095,38.28
526.6485469341278,35.31
528.0603878498077,38.52
529.4755878448486,35.55
530.8898558616638,38.45
532.3071322441101,36.07
535.9890944957733,5.45
537.3024632930756,4.66
538.6243100166321,3.93
539.9451539516449,3.28
541.245311498642,2.69
542.613810300827,2.21
543.9322483539581,1.93
545.2410023212433,1.83
