1.1178796291351318,-2.0,0
2.3574392795562744,-1.97,0
3.5642669200897217,-2.07,0
4.7727861404418945,-2.0,0
9.360666751861572,97.52,1
10.77278733253479,88.24,1
12.185734748840332,85.55,1
13.596973180770874,84.72,1
15.009848833084106,84.24,1
16.41767120361328,84.21,1
17.755650758743286,84.24,1
19.107367038726807,83.97,1
20.444648027420044,83.21,1
21.788806915283203,83.72,1
23.205026149749756,83.52,1
24.606321811676025,83.72,1
25.960673809051514,83.9,1
27.364927291870117,82.76,1
28.7724506855011,79.41,1
30.18949007987976,75.52,1
31.59190583229065,72.69,1
33.01814389228821,69.93,1
34.354135274887085,67.17,1
41.66493248939514,-1.21,0
42.972899198532104,-1.21,0
44.314393281936646,-1.28,0
45.62280035018921,-1.28,0
46.93255352973938,-1.41,0
48.23394155502319,-1.55,0
49.54055190086365,-1.48,0
50.84978628158569,-1.59,0
55.4393994808197,-1.45,1
56.78339219093323,-1.52,1
58.19633889198303,0.69,1
59.61165428161621,2.38,1
61.01383566856384,4.48,1
62.43512320518494,6.38,1
63.835668325424194,7.93,1
65.18008327484131,9.45,1
66.53428435325623,10.62,1
67.87790179252625,11.9,1
69.28035998344421,13.31,1
70.69924449920654,14.59,1
