1.1109368801116943,-1.31,0
2.3464601039886475,-1.31,0
3.5484914779663086,-1.34,0
4.7485740184783936,-1.45,0
9.322800159454346,-0.59,1
10.666898727416992,-0.55,1
12.080973625183105,-0.55,1
13.492408037185669,2.97,1
14.89231276512146,-4.21,1
16.31620717048645,-2.0,1
17.66227674484253,-1.72,1
19.06703281402588,-0.45,1
20.480852842330933,-0.62,1
21.831491231918335,-0.86,1
23.2401020526886,9.03,1
24.65826439857483,-2.59,1
26.00285315513611,-7.86,1
27.41267156600952,-1.69,1
28.813732862472534,0.79,1
30.227740049362183,-2.31,1
31.640068292617798,-2.28,1
33.06222987174988,-3.21,1
34.479182958602905,2.9,1
35.81587290763855,-16.79,1
37.159581899642944,404.45,1
38.569557905197144,-3.1,1
39.9234778881073,353.28,1
41.324763774871826,-1.55,1
42.73619532585144,-1.93,1
44.093220472335815,-1.93,1
45.50020790100098,-1.97,1
46.84877252578735,-1.97,1
48.263901233673096,-1.93,1
49.675490856170654,-2.07,1
51.07580256462097,-2.1,1
52.48809337615967,-2.03,1
53.901697397232056,-2.07,1
55.32390522956848,-2.1,1
56.73838567733765,-2.07,1
58.145840883255005,-2.1,1
59.565539598464966,-2.07,1
60.96436524391174,-2.1,1
62.38816452026367,-2.07,1
63.789644956588745,-2.14,1
65.14958930015564,-2.0,1
66.48393869400024,-2.14,1
67.83032846450806,-2.07,1
69.25006461143494,-2.1,1
70.66315603256226,-2.1,1
72.00622868537903,-2.07,1
73.416508436203,-2.1,1
74.82189416885376,-2.03,1
76.16812658309937,-2.14,1
77.5175564289093,-2.1,1
78.93057298660278,-2.07,1
80.33499550819397,-2.07,1
81.76072216033936,-2.14,1
83.17367625236511,-2.07,1
84.51797652244568,-2.1,1
85.86200976371765,-2.07,1
87.26254057884216,-2.14,1
88.60481643676758,-2.17,1
89.94740343093872,3.1,1
91.37069344520569,2.07,1
92.77244997024536,1.79,1
94.18832492828369,-33.62,1
95.53082537651062,-1.52,1
96.95195388793945,-1.66,1
98.35853695869446,-1.69,1
99.76680135726929,-1.9,1
101.18951749801636,-1.79,1
102.60132384300232,-1.72,1
104.01757788658142,-1.79,1
105.42722940444946,-1.83,1
106.8362329006195,-1.97,1
108.25547456741333,-1.86,1
109.66365790367126,-1.79,1
111.08276414871216,-1.9,1
112.49112439155579,-1.93,1
113.90479683876038,-2.0,1
115.31424570083618,-1.93,1
116.72478246688843,-2.83,1
118.14303612709045,-10.17,1
119.5544285774231,114.79,1
120.95918941497803,47.86,1
122.38127899169922,-237.93,1
123.7883050441742,26.97,1
125.21165657043457,4.0,1
126.61095952987671,-0.69,1
128.0332305431366,-0.72,1
129.44894075393677,-0.76,1
130.86092448234558,-0.79,1
132.26147270202637,-0.24,1
133.67382764816284,-0.69,1
135.01940393447876,-0.76,1
136.43939661979675,-1.03,1
137.84665083885193,-0.66,1
139.1872193813324,-0.76,1
140.6104657649994,-0.72,1
142.02003288269043,-0.79,1
143.4253134727478,-7.0,1
144.8481147289276,-55.24,1
146.26423954963684,-0.66,1
147.66637563705444,-0.72,1
149.08155822753906,-0.66,1
150.5040111541748,-0.72,1
151.91521573066711,-0.66,1
153.32040882110596,-0.72,1
154.7399914264679,-0.66,1
156.141987323761,-0.86,1
157.56052589416504,-0.69,1
158.97599911689758,-0.76,1
160.3901937007904,-0.76,1
161.72442293167114,-0.69,1
163.1467571258545,-0.66,1
164.5458378791809,0.9,1
165.95909976959229,-2.83,1
167.38054943084717,-7.45,1
168.72500729560852,-1.97,1
170.06010842323303,-2.76,1
171.41241693496704,-3.28,1
172.75229048728943,-2.62,1
174.09355306625366,-3.45,1
175.45081973075867,-3.97,1
176.86320662498474,-3.72,1
178.26419162750244,-3.86,1
179.60869550704956,-2.07,1
180.96495485305786,-2.03,1
182.30761671066284,-3.07,1
