1.108248233795166,-1.93,0
2.3417563438415527,-1.9,0
3.5516297817230225,-1.93,0
4.748506307601929,-1.86,0
5.949381113052368,-1.83,0
7.156268835067749,-1.9,0
10.35690450668335,-1.93,0
11.556966066360474,-1.93,0
12.778749465942383,-1.93,0
14.017667055130005,-1.86,0
15.223043441772461,-1.93,0
16.436474800109863,-1.86,0
17.637683391571045,-1.93,0
18.841668367385864,-1.86,0
20.036139965057373,-1.93,0
21.248562574386597,16.45,0
22.464664697647095,38.66,0
23.707359790802002,59.38,0
24.911587476730347,77.17,0
26.11138153076172,93.45,0
27.31058430671692,108.76,0
28.515570878982544,122.9,0
29.739044189453125,137.03,0
30.958421230316162,150.97,0
32.16136169433594,163.62,0
33.402230978012085,176.48,0
34.61009192466736,186.52,0
35.79730415344238,199.41,0
37.01772356033325,209.55,0
38.2156822681427,219.14,0
39.42586898803711,234.03,0
40.617257595062256,241.76,0
41.85384011268616,250.76,0
43.06774830818176,258.24,0
44.27706503868103,266.14,0
45.479426860809326,272.17,0
46.681488275527954,277.66,0
47.896645307540894,284.66,0
49.104968309402466,292.24,0
50.316970348358154,297.55,0
51.5665967464447,302.9,0
52.768391847610474,309.17,0
53.974262714385986,319.0,0
55.18639612197876,323.55,0
56.395838499069214,327.66,0
57.60596680641174,330.69,0
58.821280002593994,336.38,0
60.025537967681885,340.24,0
61.279906272888184,36.17,0
62.49492383003235,-2.76,0
63.718159914016724,-2.34,0
64.92624688148499,-2.1,0
66.13524794578552,-1.9,0
67.33731722831726,-1.93,0
68.5473256111145,-1.9,0
69.78858685493469,-1.93,0
71.00550103187561,-1.93,0
72.2221269607544,-1.86,0
73.44138288497925,-1.86,0
74.65223336219788,-1.86,0
75.85729670524597,-1.93,0
77.06598162651062,-1.83,0
78.27098608016968,-1.86,0
81.6495943069458,-1.9,0
82.84553742408752,-1.86,0
84.07725262641907,-1.93,0
85.29012799263,-1.86,0
88.50978946685791,-1.83,0
91.7214572429657,-1.86,0
92.92935013771057,-1.9,0
94.16687560081482,-1.9,0
95.3755395412445,-1.83,0
96.57721519470215,-1.79,0
97.79447865486145,-1.86,0
99.00921416282654,-1.83,0
102.22447466850281,-1.83,0
103.439368724823,-1.97,0
104.64800119400024,-1.86,0
105.90918397903442,-1.83,0
107.10894775390625,-1.86,0
108.32959651947021,-1.9,0
109.52592062950134,-1.83,0
110.73811936378479,-1.83,0
111.94026756286621,297.97,0
113.16257429122925,323.59,0
114.40888357162476,340.97,0
115.6193220615387,350.79,0
116.83315825462341,56.76,0
118.04723191261292,7.52,0
119.255939245224,90.0,0
120.46487522125244,-6.14,0
121.68460607528687,-1.69,0
122.89147281646729,79.79,0
124.13489937782288,75.72,0
125.35194683074951,42.03,0
126.57160186767578,75.93,0
127.78548741340637,78.38,0
129.0042803287506,38.34,0
130.2233440876007,37.72,0
131.42692255973816,187.9,0
132.6703507900238,81.59,0
133.87969374656677,113.14,0
135.08745980262756,85.97,0
136.29570937156677,82.9,0
137.5130033493042,74.41,0
138.72193598747253,-6.55,0
139.93151664733887,1048.17,0
141.1768560409546,70.62,0
