1.1075115203857422,0.62
2.345078706741333,0.76
3.552436113357544,0.72
4.763551712036133,0.72
5.975367546081543,0.72
7.18633770942688,0.79
8.395233631134033,0.72
12.962208986282349,0.72
14.374767780303955,1.69
15.78692078590393,3.17
17.185598850250244,6.45
18.54152750968933,10.21
19.87832021713257,14.45
21.29828953742981,19.24
22.70846390724182,24.72
24.110260486602783,30.17
25.533411026000977,35.86
26.95076560974121,41.24
28.352964639663696,46.28
29.76987862586975,51.03
31.173487186431885,55.41
32.58670973777771,59.41
33.941282510757446,62.97
35.28420615196228,66.0
36.623326539993286,68.69
38.0393648147583,71.28
39.38108944892883,73.24
40.7899866104126,74.86
42.20250463485718,75.72
43.61524820327759,75.79
44.95304226875305,75.86
46.3010094165802,75.76
47.704660177230835,74.83
49.117429971694946,73.59
50.530245780944824,71.97
51.94078993797302,69.66
53.35338354110718,67.17
54.762529373168945,64.79
56.17196202278137,62.72
57.58655285835266,60.79
58.99900937080383,58.86
60.41148328781128,57.0
61.82331037521362,55.21
63.23993468284607,53.45
64.64974331855774,51.55
65.99294662475586,50.07
67.32954216003418,48.55
68.67891836166382,47.0
70.08914566040039,45.52
71.43054389953613,44.21
72.77937293052673,42.79
74.1212227344513,41.41
75.45984435081482,40.83
76.87069821357727,40.59
78.21912407875061,40.41
79.6220600605011,40.45
81.03635215759277,40.38
82.45373153686523,40.55
83.86477994918823,40.66
85.26796174049377,41.31
86.68449234962463,42.14
88.1008951663971,42.83
