1.11342191696167,6.34
2.3517537117004395,6.45
3.5562539100646973,6.38
4.76298189163208,6.41
5.966870307922363,6.41
7.173840522766113,6.41
8.373959302902222,6.34
12.962106466293335,22.34
14.37447190284729,73.79
15.787610292434692,78.41
17.198243618011475,87.79
18.533292055130005,89.34
19.87544298171997,89.34
21.227739572525024,89.59
22.55696725845337,89.55
23.913456678390503,89.24
25.323789358139038,89.72
26.734484910964966,89.28
28.080167770385742,89.41
29.491639614105225,89.14
30.828852653503418,89.14
32.24672555923462,88.97
33.58675169944763,89.07
34.922343730926514,89.31
36.26878881454468,89.31
37.68522500991821,90.48
39.01932430267334,89.41
40.36194181442261,89.34
41.71658372879028,89.31
43.12704133987427,89.69
44.46547603607178,89.24
45.80764722824097,89.24
47.14974236488342,89.17
48.55697512626648,89.38
49.91223096847534,89.38
51.24916219711304,89.28
52.597076416015625,89.03
54.01042151451111,90.45
55.344388484954834,89.14
56.76503109931946,89.31
58.09481763839722,88.79
59.507317304611206,89.31
60.93100047111511,89.55
62.33532500267029,88.79
63.74089813232422,89.79
65.08764505386353,89.48
66.4290759563446,89.03
67.77336263656616,88.86
69.1248710155487,89.93
70.45624279975891,89.14
71.87248849868774,89.07
73.20835041999817,90.59
74.5636465549469,89.24
75.89780187606812,89.17
77.2391095161438,88.79
78.5925886631012,89.03
79.92839527130127,89.03
81.2726457118988,89.93
82.68394088745117,88.83
89.99178838729858,0.34
91.29855012893677,0.31
92.6019971370697,0.45
93.8984067440033,0.31
95.21707439422607,0.48
96.52011466026306,0.41
97.80812478065491,0.31
99.15301203727722,0.31
103.75530433654785,13.07
105.09243083000183,58.52
106.50957870483398,72.41
107.90986967086792,66.59
109.26557779312134,65.31
110.59961581230164,72.9
111.95326733589172,67.48
113.36153173446655,65.34
114.76655697822571,64.62
116.17717909812927,64.62
117.59624409675598,64.62
118.99838209152222,64.48
120.41545915603638,64.14
121.83242964744568,63.83
123.24496388435364,72.66
124.6569173336029,67.17
126.0560691356659,65.24
127.48078036308289,64.38
128.81992101669312,64.1
130.23384952545166,64.17
131.6473159790039,64.0
133.05894088745117,63.62
134.40099382400513,63.9
135.72999835014343,63.9
137.0775339603424,63.59
138.4931104183197,63.48
139.8970992565155,63.59
141.31750392913818,63.59
142.7230978012085,72.28
144.14231944084167,68.1
145.55365538597107,66.0
146.95677089691162,64.86
148.3710653781891,72.45
149.79032588005066,74.14
151.13453149795532,68.66
152.54435348510742,66.41
153.94663524627686,64.93
155.3563747406006,64.1
156.77762722969055,71.9
158.18732690811157,67.59
159.60150456428528,65.45
160.94529366493225,64.48
162.2802495956421,72.28
163.6313726902008,74.1
165.04659056663513,69.07
166.45267176628113,66.62
167.79763674736023,65.24
169.12902665138245,64.79
170.48615169525146,63.9
171.82950067520142,71.9
173.16594552993774,74.14
174.50994610786438,74.69
175.85734677314758,69.1
177.26465010643005,66.55
178.5983431339264,65.31
180.02442002296448,64.97
181.3565034866333,64.1
182.77148842811584,72.17
184.11946630477905,67.34
185.45477390289307,65.72
186.80685114860535,64.69
188.21423816680908,63.83
189.55499386787415,71.83
190.9013466835022,67.0
192.24777102470398,65.97
193.58637809753418,64.83
194.9217562675476,64.28
196.3444950580597,72.17
203.63864707946777,-0.21
204.97748184204102,-0.21
206.2753438949585,-0.14
207.58181071281433,-0.17
208.88020658493042,-0.21
210.18821740150452,-0.17
211.50184082984924,-0.14
212.81250596046448,-0.14
217.3835804462433,984.79
218.80126023292542,933.76
220.14325833320618,501.72
221.54684591293335,199.21
222.95923447608948,85.07
224.3672034740448,54.34
225.79390859603882,51.9
227.20199155807495,49.31
228.60938596725464,48.69
230.01822972297668,48.38
231.35890221595764,48.38
232.78213047981262,56.93
234.1186511516571,52.66
235.53620409965515,50.14
236.87926030158997,48.93
238.29230523109436,48.66
239.70506501197815,48.52
241.10657691955566,49.1
242.45657324790955,48.66
243.86949014663696,57.03
245.28200912475586,52.55
246.68091654777527,49.52
248.10137701034546,48.83
249.5186803340912,57.69
250.92449855804443,51.21
252.32811212539673,49.21
253.75180459022522,48.52
255.14924216270447,57.83
256.56000113487244,52.59
257.9113748073578,50.03
259.32296657562256,48.83
260.73732900619507,48.48
262.1489715576172,48.41
263.5568971633911,49.34
264.9650721549988,48.72
266.37141704559326,48.59
267.7963774204254,58.34
269.20831203460693,51.45
270.6204776763916,49.34
277.90901041030884,-0.69
279.2155590057373,-0.72
280.529305934906,-0.72
281.84466767311096,-0.76
283.1441915035248,-0.72
284.46878361701965,-0.69
285.7690715789795,-0.69
287.1199703216553,-0.79
291.7033619880676,967.97
293.11337399482727,921.17
294.5285658836365,417.52
295.94913268089294,164.62
297.35834670066833,73.83
298.76905584335327,41.93
300.17930340766907,30.72
301.59078454971313,26.34
303.0075969696045,22.55
304.41175365448,23.07
305.81843876838684,24.0
307.2432096004486,30.79
308.65516781806946,32.48
310.0549781322479,33.0
311.4776496887207,33.14
312.88474440574646,33.79
314.28561663627625,33.21
315.7095568180084,28.34
317.11320781707764,25.9
318.52229619026184,24.9
319.86491537094116,30.59
321.28473448753357,32.52
322.69208812713623,28.14
324.0973436832428,25.55
325.5178453922272,25.03
326.86141443252563,30.86
328.20316672325134,32.9
329.6199314594269,28.24
331.02632761001587,25.9
332.4303193092346,24.48
333.786363363266,30.72
335.1277666091919,32.62
336.46857237815857,28.07
337.807088136673,26.07
339.15225291252136,25.1
340.49551129341125,31.14
341.8391888141632,32.79
343.25199699401855,28.21
344.65979623794556,25.83
346.00946617126465,31.45
347.35256576538086,32.93
348.69984197616577,33.07
350.04288721084595,33.0
351.4498689174652,28.38
352.85209679603577,25.66
354.1970660686493,30.9
355.61561131477356,32.59
357.0337634086609,33.38
358.4407124519348,28.48
359.85141587257385,25.69
