1.1056830883026123,5.93
2.320232391357422,5.97
3.5519497394561768,5.97
4.75728178024292,5.93
9.348301649093628,0.83
10.692601442337036,0.72
12.0918128490448,0.86
13.502648830413818,0.86
14.916922330856323,0.9
16.332444667816162,0.9
17.74620771408081,0.86
19.086308479309082,0.9
20.506054639816284,0.86
21.854101181030273,0.79
23.26491618156433,0.83
24.673899173736572,0.79
26.09187340736389,0.83
27.492027044296265,0.76
28.907633066177368,0.69
30.328646183013916,0.69
31.7414493560791,0.76
33.155861377716064,0.69
34.55835151672363,0.72
35.90693163871765,0.79
37.256962299346924,0.72
38.668731451034546,0.83
40.06876492500305,0.79
41.48599457740784,0.72
42.90646147727966,0.76
44.24142026901245,0.66
45.654683113098145,0.76
47.07435846328735,0.76
48.48376441001892,0.69
49.90199255943298,0.76
51.316609382629395,0.79
52.72363543510437,0.69
54.13169288635254,0.72
55.420594930648804,0.69
56.044448375701904,0.69
56.66865587234497,0.62
57.31540608406067,0.62
