1.097822666168213,4.55
2.320664167404175,4.59
3.5551061630249023,4.66
4.75562310218811,4.59
9.336807489395142,5.83
10.739497423171997,5.93
12.153924465179443,5.86
15.713971853256226,5.86
17.113646984100342,5.72
18.538131952285767,5.76
19.88280415534973,5.66
23.4342782497406,19.03
24.846946477890015,20.93
26.258363723754883,23.76
27.6710262298584,25.17
29.003227472305298,25.31
30.41792392730713,25.97
31.83543586730957,26.28
33.17987370491028,26.41
34.518590450286865,27.76
35.93376016616821,28.0
37.283878803253174,27.9
38.68449306488037,27.66
40.03577637672424,29.07
41.37403440475464,29.03
42.72552418708801,29.1
44.13735866546631,28.93
45.48712205886841,28.9
46.82573914527893,28.79
48.16471457481384,28.59
49.586631774902344,29.69
50.92359447479248,30.48
52.33279061317444,32.59
53.74860429763794,27.55
55.08966779708862,27.52
56.5073184967041,27.76
57.911625146865845,29.17
59.33895444869995,28.9
60.74064493179321,30.07
62.164676666259766,29.24
63.56961727142334,28.48
64.98402118682861,25.62
66.33597826957703,21.17
67.67210364341736,26.38
69.02197003364563,26.66
70.36722135543823,30.76
71.70938348770142,27.48
73.05567455291748,31.59
74.39194321632385,31.9
75.74484634399414,32.07
77.1451473236084,31.66
78.50191569328308,32.79
79.83462738990784,35.07
81.18569540977478,34.38
82.60101532936096,33.1
83.93692016601562,23.52
85.35545444488525,24.52
86.75356006622314,26.24
88.16786360740662,16.69
89.58555436134338,18.66
90.99311542510986,12.79
92.34175658226013,16.55
93.7580246925354,19.72
95.1057710647583,22.62
96.45043420791626,15.9
97.85033011436462,18.52
99.26807117462158,16.0
100.68331527709961,17.62
102.10268378257751,21.72
103.51526618003845,20.34
104.92875838279724,20.45
106.32944941520691,14.76
107.75278353691101,17.0
109.16021299362183,20.97
110.57489919662476,26.31
111.98590016365051,27.59
113.39850425720215,39.14
114.81022691726685,39.38
116.22034215927124,38.55
117.63690996170044,59.07
119.05413365364075,52.1
120.45906972885132,45.72
121.87602591514587,45.72
123.2866849899292,49.52
124.69233751296997,48.55
126.11046981811523,44.72
127.5129964351654,41.34
128.92661905288696,38.62
130.33676528930664,37.07
131.69000458717346,14.45
133.09443950653076,55.83
134.5111813545227,-3.86
135.91521406173706,-1.86
137.3328094482422,-1.45
138.75068259239197,-1.28
140.1544849872589,-1.28
141.57637405395508,-1.34
145.12534546852112,-1.38
146.53622388839722,-1.38
147.95198011398315,-1.31
149.3638722896576,-1.28
150.77682733535767,0.45
