1.1159965991973877,8.1
2.3548591136932373,8.07
3.5648696422576904,8.03
4.771891355514526,8.07
9.358048915863037,8.07
10.770077466964722,11.24
12.183803796768188,16.9
13.584295749664307,24.86
14.996649742126465,34.34
16.408735275268555,44.66
17.823732376098633,54.21
19.171579122543335,62.38
20.58114266395569,70.28
21.993303537368774,77.41
23.341671466827393,83.41
24.74787449836731,88.48
26.160218000411987,92.79
27.57192063331604,95.31
28.91623544692993,97.17
30.329678773880005,97.38
31.74216938018799,96.62
33.149531841278076,94.59
34.566203594207764,91.79
35.90355134010315,88.52
37.242953062057495,85.31
38.66657042503357,81.97
40.0772922039032,77.79
41.4902765750885,73.72
42.88902401924133,69.9
44.245246171951294,66.52
45.657174587249756,63.41
