1.1070160865783691,-1.86,0
2.3528311252593994,-1.83,0
3.558090925216675,-1.79,0
4.758147954940796,-1.79,0
5.97318434715271,-1.83,0
7.179362535476685,-1.83,0
11.76331639289856,65.31,1
13.18906855583191,60.28,1
14.601969003677368,59.17,1
16.014331340789795,58.38,1
17.418993711471558,57.79,1
18.767545461654663,57.76,1
20.110934019088745,57.55,1
21.457433700561523,57.79,1
22.860551357269287,57.83,1
24.206629514694214,57.79,1
25.612998485565186,58.1,1
27.033199548721313,57.69,1
28.43845534324646,58.07,1
29.852423906326294,58.21,1
31.25469994544983,58.07,1
32.67578601837158,55.97,1
39.989468812942505,-1.55,0
41.311352014541626,-1.52,0
42.606388568878174,-1.55,0
43.9483916759491,-1.69,0
45.272775411605835,-1.66,0
46.56792759895325,-1.76,0
47.87908101081848,-1.69,0
49.18469214439392,-1.69,0
53.77857685089111,-1.79,1
55.179023027420044,-1.93,1
56.599754333496094,-1.9,1
58.016292095184326,-1.69,1
59.4202344417572,-1.72,1
60.842724084854126,-0.1,1
62.246657371520996,0.41,1
63.6679847240448,1.31,1
65.01328682899475,1.28,1
66.34296917915344,1.55,1
67.69271397590637,1.76,1
69.11191534996033,1.86,1
70.4560296535492,2.07,1
71.80338788032532,2.38,1
73.21425938606262,2.93,1
74.55515909194946,3.24,1
75.89541912078857,3.24,1
77.24365305900574,3.93,1
78.64993500709534,4.24,1
79.99054455757141,4.03,1
81.40657877922058,4.59,1
82.83138608932495,4.9,1
84.23479342460632,4.86,1
85.65783596038818,5.66,1
86.99682378768921,5.55,1
88.40154695510864,5.97,1
89.75792908668518,5.9,1
91.16155886650085,6.48,1
92.58172702789307,6.34,1
93.98767924308777,6.9,1
95.40493702888489,6.86,1
96.82175636291504,6.93,1
98.22461795806885,7.48,1
99.63330602645874,7.55,1
101.04976224899292,7.45,1
102.45725750923157,8.03,1
103.8782467842102,8.0,1
105.29560375213623,8.03,1
106.70315909385681,8.14,1
108.12299537658691,8.59,1
109.52735352516174,8.55,1
110.94552445411682,8.55,1
112.35120892524719,8.69,1
113.77140069007874,8.59,1
115.17511177062988,9.0,1
116.51806545257568,9.03,1
117.93887591362,8.97,1
119.35391092300415,8.97,1
120.7669529914856,9.07,1
122.18203663825989,9.0,1
123.58902549743652,9.0,1
124.99338054656982,9.1,1
126.41865682601929,9.76,1
127.82662439346313,9.86,1
129.24191808700562,9.83,1
130.65880012512207,9.76,1
132.0702109336853,9.79,1
133.4812457561493,9.97,1
134.89571070671082,9.9,1
136.23629546165466,9.93,1
137.64092206954956,9.79,1
139.06212663650513,9.62,1
140.4651379585266,9.52,1
141.89038181304932,9.69,1
143.29375314712524,9.55,1
144.7026083469391,9.66,1
146.12183141708374,9.79,1
147.53531408309937,9.86,1
148.94350957870483,9.76,1
150.36791443824768,9.83,1
151.76672768592834,9.76,1
153.1820511817932,9.83,1
154.60315108299255,9.93,1
156.0066568851471,9.9,1
157.4301884174347,9.83,1
158.83292698860168,9.9,1
160.249192237854,9.86,1
161.58751010894775,10.03,1
162.94032740592957,10.1,1
164.28859519958496,10.03,1
165.62196564674377,10.1,1
167.03206491470337,10.14,1
168.45520091056824,10.1,1
169.7933487892151,10.17,1
171.21515202522278,10.21,1
172.55789637565613,10.28,1
173.90303683280945,10.28,1
175.23717761039734,10.24,1
176.59088349342346,10.31,1
178.00004863739014,10.28,1
179.33922743797302,10.31,1
180.6790952682495,10.34,1
182.0367419719696,10.45,1
183.37809658050537,10.31,1
184.71700930595398,10.34,1
186.06113362312317,10.21,1
187.41509342193604,10.34,1
188.8187119960785,10.07,1
190.17118406295776,10.07,1
191.511150598526,10.17,1
192.930100440979,10.1,1
194.26842761039734,10.14,1
195.6856164932251,10.21,1
197.02678394317627,10.24,1
198.4338879585266,10.31,1
199.85103821754456,10.38,1
201.25879764556885,10.31,1
202.60221481323242,10.38,1
204.019770860672,10.45,1
205.36460614204407,10.45,1
206.77965307235718,10.41,1
208.1196892261505,10.34,1
209.5394196510315,10.38,1
216.9040389060974,-0.38,0
218.21317958831787,-0.48,0
219.52389478683472,-0.52,0
220.81784749031067,-0.52,0
222.1226315498352,-0.52,0
223.4480264186859,-0.45,0
224.7492971420288,-0.48,0
226.05227327346802,-0.45,0
230.6744556427002,-0.34,1
232.07653856277466,-0.76,1
233.43386936187744,-0.52,1
234.77754712104797,-0.62,1
236.11363649368286,1.24,1
237.53463339805603,1.66,1
238.87312483787537,1.86,1
240.29043006896973,2.03,1
241.70172882080078,2.83,1
243.11186718940735,3.52,1
244.52855491638184,4.41,1
245.93237233161926,4.93,1
247.35653376579285,5.38,1
248.76085424423218,5.62,1
250.11198258399963,6.24,1
251.518456697464,6.45,1
252.93976712226868,7.21,1
254.2776243686676,7.62,1
255.68487930297852,8.17,1
257.1009647846222,8.38,1
258.518226146698,9.14,1
259.9232711791992,8.93,1
261.34242725372314,9.38,1
262.7601857185364,9.9,1
264.1615517139435,9.97,1
265.58206582069397,10.28,1
266.9983685016632,10.66,1
268.3970584869385,10.45,1
269.8153223991394,10.93,1
271.2192952632904,11.0,1
272.6399767398834,11.38,1
274.05706000328064,11.48,1
275.4625356197357,11.93,1
276.8846094608307,11.86,1
278.22461009025574,11.83,1
279.6419413089752,12.41,1
281.04316997528076,12.28,1
282.46252727508545,12.41,1
283.8779239654541,12.97,1
285.2972798347473,13.07,1
286.70438170433044,13.03,1
288.1152410507202,13.03,1
289.5286614894867,13.52,1
290.9448220729828,13.48,1
292.3569383621216,13.55,1
293.7613089084625,13.62,1
295.1827344894409,13.66,1
296.58736395835876,13.66,1
297.99762892723083,14.07,1
299.41441464424133,14.0,1
300.82490825653076,13.97,1
302.2418603897095,14.03,1
303.65688276290894,14.1,1
305.0597755908966,14.0,1
306.4832212924957,13.76,1
307.8844664096832,14.28,1
309.30774188041687,14.24,1
310.72593235969543,14.24,1
312.1322386264801,14.28,1
313.53644943237305,14.34,1
314.95783519744873,14.34,1
316.36273288726807,14.24,1
317.78155183792114,14.38,1
319.20141983032227,14.55,1
320.53250098228455,14.41,1
321.9569478034973,14.52,1
323.29663467407227,14.79,1
324.71481680870056,14.93,1
326.04487586021423,14.97,1
327.396639585495,14.93,1
328.738977432251,14.93,1
330.1488275527954,15.0,1
331.4974694252014,14.9,1
332.8410744667053,15.03,1
334.1795971393585,14.93,1
335.5972321033478,15.03,1
336.94850063323975,15.07,1
338.27928352355957,15.14,1
339.70244240760803,14.93,1
341.11445713043213,14.66,1
342.4621207714081,14.79,1
343.87091875076294,14.79,1
345.28602504730225,14.79,1
346.68791794776917,14.9,1
348.0340414047241,14.79,1
349.45571660995483,14.93,1
350.79376673698425,14.9,1
352.210333108902,15.1,1
353.5489749908447,14.86,1
354.9588100910187,14.93,1
356.31412172317505,14.9,1
357.71972846984863,14.97,1
359.0599136352539,15.21,1
360.41706252098083,15.07,1
361.75972056388855,15.07,1
363.1680660247803,15.03,1
364.51141381263733,15.1,1
365.86095333099365,15.17,1
367.20001888275146,15.07,1
368.6159837245941,15.14,1
370.0193235874176,15.07,1
371.4378094673157,15.28,1
372.77945733070374,15.0,1
374.1936206817627,14.83,1
375.53482723236084,14.79,1
376.94487404823303,14.83,1
378.29819917678833,14.83,1
379.71528458595276,14.9,1
381.05094718933105,14.86,1
382.46366572380066,14.93,1
389.7738742828369,0.45,0
391.1185381412506,0.34,0
392.4265959262848,0.45,0
393.74109983444214,0.41,0
395.03930926322937,0.31,0
396.3601145744324,0.38,0
397.66880321502686,0.38,0
398.9795708656311,0.28,0
403.5946958065033,69.59,1
405.0127787590027,64.48,1
406.43136405944824,62.79,1
407.77576756477356,62.03,1
409.1793704032898,61.45,1
410.59852957725525,60.52,1
411.94036388397217,59.97,1
413.34941840171814,58.0,1
414.7677218914032,56.21,1
416.18366861343384,54.83,1
417.52464294433594,53.28,1
418.86318945884705,51.79,1
420.2786011695862,50.48,1
421.6922311782837,49.38,1
423.10829281806946,47.52,1
424.58244919776917,46.1,1
426.06148648262024,45.31,1
427.541143655777,43.41,1
429.0365221500397,42.24,1
430.512717962265,41.45,1
431.99127078056335,40.17,1
433.4717450141907,39.28,1
434.9558844566345,38.0,1
436.43844771385193,37.17,1
437.91810059547424,36.1,1
439.33359932899475,35.41,1
446.7813699245453,-0.31,0
448.1946246623993,-0.31,0
449.57163286209106,-0.34,0
450.97064304351807,-0.24,0
452.3858332633972,-0.28,0
453.86462688446045,-0.28,0
455.27821612358093,-0.31,0
456.617210149765,-0.31,0
461.226145029068,-0.03,1
462.7058870792389,-0.34,1
464.1904010772705,1.72,1
465.66576981544495,2.38,1
467.1510670185089,3.86,1
468.62876653671265,4.93,1
470.1718599796295,6.83,1
471.66673374176025,7.79,1
473.21018862724304,9.1,1
474.69542050361633,9.93,1
476.09944248199463,10.93,1
477.51676893234253,11.86,1
478.9356439113617,12.03,1
480.338445186615,13.1,1
481.75389885902405,13.55,1
483.1731560230255,14.34,1
484.58556723594666,14.76,1
485.99050855636597,15.34,1
487.39901638031006,15.62,1
488.82004570961,16.41,1
490.2243826389313,16.83,1
491.64454436302185,17.38,1
493.0514397621155,17.76,1
494.4717786312103,18.1,1
495.87617659568787,18.03,1
497.2964897155762,18.55,1
498.7138526439667,18.93,1
500.1230413913727,19.07,1
501.52641558647156,19.34,1
502.94122099876404,19.24,1
504.36016869544983,19.72,1
505.77659940719604,20.1,1
507.1744840145111,20.28,1
508.60000133514404,20.48,1
509.9364731311798,20.34,1
511.35641264915466,20.97,1
512.7713222503662,20.93,1
514.18141746521,21.24,1
515.587729215622,21.24,1
517.0038959980011,21.76,1
518.4104912281036,21.59,1
519.8295495510101,22.14,1
521.2395942211151,22.07,1
522.6606559753418,22.03,1
524.0623917579651,22.31,1
525.4806590080261,22.07,1
526.892406463623,22.07,1
528.3084986209869,22.38,1
529.7087788581848,22.41,1
531.1248898506165,22.41,1
532.5470042228699,22.83,1
533.9532091617584,22.86,1
535.2915844917297,23.07,1
536.7186365127563,22.9,1
538.1255619525909,23.34,1
539.5392074584961,23.34,1
540.9562375545502,23.38,1
542.35910820961,23.38,1
543.7769639492035,23.34,1
545.1855194568634,23.83,1
546.5967609882355,23.34,1
547.9501328468323,23.41,1
549.3668811321259,23.45,1
550.7691204547882,23.41,1
552.1867063045502,23.55,1
553.6031653881073,23.83,1
555.0058989524841,23.79,1
556.4144356250763,23.69,1
557.8352966308594,23.72,1
559.2527379989624,23.76,1
560.6569225788116,23.79,1
562.0792467594147,24.34,1
563.4914026260376,24.21,1
564.9051158428192,24.31,1
566.3126015663147,24.03,1
567.725213766098,23.79,1
569.1310594081879,24.03,1
570.5464127063751,23.83,1
571.9686810970306,23.9,1
573.3723258972168,24.21,1
574.7895355224609,24.24,1
576.1946744918823,24.21,1
577.615044593811,24.28,1
579.024311542511,24.31,1
580.4457731246948,24.34,1
581.8512544631958,24.21,1
583.2695190906525,24.21,1
584.6688232421875,24.1,1
586.0858016014099,24.14,1
587.5025510787964,24.41,1
594.8028855323792,-1.34,0
596.1288728713989,-1.41,0
597.4547092914581,-1.34,0
598.7708058357239,-1.41,0
600.0927700996399,-1.38,0
601.4364902973175,-1.41,0
602.7573997974396,-1.34,0
604.0833311080933,-1.45,0
608.6901082992554,66.66,1
610.1049861907959,61.79,1
611.5122728347778,60.31,1
612.9217064380646,59.69,1
614.3406717777252,59.14,1
615.7577457427979,58.28,1
617.1685137748718,59.0,1
618.5781927108765,59.0,1
619.9938957691193,57.72,1
621.3965439796448,58.45,1
622.8220329284668,58.45,1
624.2311375141144,58.28,1
625.6393890380859,57.52,1
627.0474901199341,58.0,1
628.4541199207306,57.69,1
629.8828012943268,58.24,1
631.290675163269,58.24,1
632.7062826156616,58.9,1
634.110634803772,58.69,1
635.5158631801605,54.45,1
636.9336340427399,56.28,1
638.3405478000641,55.41,1
639.6825032234192,56.62,1
641.023443698883,60.28,1
642.3786754608154,50.0,1
643.7838981151581,50.41,1
645.2027328014374,49.17,1
646.6102466583252,49.69,1
647.9524345397949,43.93,1
649.370658159256,47.9,1
650.7740194797516,46.9,1
652.1896555423737,44.9,1
659.4991221427917,-1.48,0
660.8087067604065,-1.59,0
662.1172852516174,-1.66,0
663.4700379371643,-1.72,0
664.7754290103912,-1.72,0
666.0781991481781,-1.79,0
667.3887760639191,-1.83,0
668.6947708129883,-1.86,0
