1.109053134918213,-1.93,0
2.3548290729522705,-2.0,0
3.5656838417053223,-1.9,0
4.767312526702881,-1.97,0
9.3519926071167,5.0,1
10.753532648086548,1.59,1
12.167849779129028,1.52,1
13.583017110824585,2.14,1
14.998074769973755,2.34,1
16.41464400291443,2.21,1
17.814200401306152,3.07,1
19.168513774871826,5.59,1
20.56944251060486,5.76,1
21.92326521873474,5.9,1
23.33775043487549,5.86,1
24.753321170806885,5.76,1
26.15386390686035,5.45,1
27.572073698043823,5.21,1
28.982810974121094,5.24,1
30.396930694580078,5.28,1
31.81005096435547,5.21,1
33.22304892539978,3.62,1
34.636449098587036,3.55,1
36.05100917816162,3.45,1
37.46636605262756,3.52,1
38.86593437194824,3.45,1
40.279412269592285,3.38,1
41.696367263793945,3.41,1
43.04855155944824,3.41,1
44.38610363006592,5.07,1
45.801711320877075,5.28,1
47.20550489425659,5.34,1
48.617589473724365,3.59,1
50.04014277458191,3.45,1
51.45291304588318,3.38,1
52.86868071556091,3.52,1
54.270039081573486,3.41,1
55.68500280380249,5.31,1
57.10119342803955,5.17,1
58.51682376861572,5.41,1
59.917458057403564,5.45,1
61.32986068725586,5.38,1
62.74621057510376,5.55,1
64.16107082366943,5.86,1
65.57969784736633,5.66,1
66.91528463363647,5.62,1
68.26736688613892,5.52,1
69.68351745605469,5.55,1
71.01914119720459,5.55,1
72.37308049201965,5.59,1
73.77812099456787,3.72,1
75.12188792228699,3.66,1
76.4718611240387,5.24,1
77.80848336219788,5.34,1
79.22403383255005,3.66,1
80.57476210594177,3.62,1
81.98875594139099,3.62,1
83.32640743255615,5.28,1
84.74510788917542,5.48,1
86.08317708969116,5.34,1
87.49843835830688,3.83,1
88.91330122947693,5.34,1
90.32742524147034,5.31,1
91.74251461029053,5.31,1
93.14136695861816,5.28,1
94.55423355102539,5.41,1
95.96943783760071,3.76,1
97.38224124908447,3.66,1
98.79510569572449,3.66,1
100.2169816493988,3.55,1
101.61727619171143,5.31,1
103.03105640411377,5.48,1
104.44783926010132,5.28,1
105.8642008304596,5.34,1
107.2788336277008,3.83,1
108.69448399543762,3.69,1
110.0966362953186,5.24,1
111.51327157020569,3.66,1
112.93021941184998,3.59,1
114.34272980690002,3.66,1
115.74545741081238,5.38,1
117.16735410690308,5.48,1
118.57780575752258,5.34,1
119.99283123016357,5.52,1
121.40699768066406,3.79,1
122.80597615242004,3.66,1
124.22099924087524,5.24,1
125.63565635681152,3.79,1
127.0495216846466,3.62,1
128.4630377292633,5.28,1
129.8801200389862,5.48,1
131.29417657852173,5.41,1
132.70822596549988,5.07,1
134.12013268470764,4.38,1
135.527503490448,4.62,1
136.94321966171265,4.66,1
138.35888862609863,4.72,1
139.7599241733551,4.72,1
141.17435264587402,4.69,1
142.58676600456238,5.0,1
144.00334215164185,4.97,1
145.42225003242493,5.0,1
146.82351565361023,4.97,1
148.23946523666382,4.93,1
149.6555197238922,4.86,1
151.0741786956787,5.03,1
152.47842860221863,5.17,1
153.89137244224548,5.03,1
155.30104112625122,5.03,1
156.71783018112183,5.21,1
158.13255548477173,5.07,1
159.54848837852478,5.1,1
160.9504165649414,5.07,1
162.30755734443665,5.03,1
163.72084879875183,5.1,1
165.0587227344513,5.03,1
166.47131514549255,5.24,1
167.82263112068176,4.9,1
169.229585647583,4.79,1
170.5793640613556,4.72,1
171.91564226150513,4.72,1
173.26757621765137,4.93,1
174.66668343544006,5.07,1
176.01749897003174,5.0,1
177.4339418411255,5.03,1
178.77114009857178,5.0,1
180.1883819103241,5.0,1
181.60449838638306,5.03,1
183.00477576255798,5.1,1
184.35475516319275,5.03,1
185.77393913269043,4.93,1
187.11017775535583,5.0,1
188.52721571922302,5.14,1
189.93843984603882,5.1,1
191.35466766357422,5.0,1
192.76899814605713,5.1,1
194.17003560066223,5.14,1
195.52538800239563,5.14,1
196.92691731452942,5.1,1
198.3413028717041,5.1,1
199.75697016716003,5.14,1
201.09476590156555,5.07,1
202.51014614105225,5.1,1
203.93476629257202,5.21,1
205.34215021133423,5.14,1
206.7558627128601,5.14,1
208.16942739486694,5.17,1
209.5732958316803,5.1,1
210.98884654045105,5.14,1
212.4029517173767,5.24,1
213.81656312942505,5.21,1
215.2296106815338,5.31,1
216.64547562599182,5.31,1
218.0608730316162,5.24,1
219.4612443447113,5.28,1
220.87724924087524,5.24,1
222.229430437088,5.21,1
223.63934326171875,5.28,1
225.04338383674622,5.34,1
226.45840620994568,3.69,1
227.87295150756836,5.24,1
229.2880916595459,5.34,1
230.70615220069885,5.38,1
232.1057367324829,5.24,1
233.52566504478455,5.34,1
234.93733549118042,5.38,1
236.3511769771576,5.41,1
237.7658760547638,3.76,1
239.17975187301636,5.28,1
240.584965467453,5.41,1
242.00058722496033,5.45,1
243.4172511100769,5.55,1
244.83105611801147,3.83,1
246.2466218471527,3.72,1
247.64586091041565,5.34,1
249.05977725982666,5.14,1
250.48017501831055,4.9,1
251.89213109016418,4.79,1
253.30579447746277,5.0,1
254.72200345993042,5.1,1
256.12284302711487,5.1,1
257.53846549987793,5.21,1
258.9516763687134,5.21,1
260.3668837547302,5.21,1
261.78401017189026,5.21,1
263.1986665725708,5.14,1
264.5981271266937,5.17,1
266.01245522499084,5.17,1
267.4367003440857,5.21,1
268.7773628234863,5.38,1
270.19221806526184,5.1,1
271.59139227867126,5.24,1
273.0041160583496,5.17,1
274.41693019866943,5.24,1
275.8380424976349,5.21,1
277.2536413669586,5.21,1
278.670236825943,5.34,1
280.0097589492798,5.31,1
281.42537236213684,3.72,1
282.8237609863281,3.72,1
284.23980951309204,3.62,1
285.65454387664795,3.59,1
287.0688862800598,5.24,1
288.4844882488251,3.66,1
289.9035527706146,5.28,1
291.3085844516754,5.28,1
292.72058033943176,3.76,1
294.1349091529846,3.66,1
295.54775404930115,5.21,1
296.9638159275055,5.45,1
298.37982273101807,5.38,1
299.7780063152313,5.52,1
301.19274616241455,5.48,1
302.60784673690796,5.45,1
304.02360582351685,5.62,1
305.42905735969543,3.9,1
306.84400248527527,3.83,1
308.2612979412079,5.28,1
309.6747076511383,3.86,1
311.0921411514282,3.83,1
312.4925558567047,5.34,1
313.9081449508667,5.59,1
315.322065114975,5.52,1
316.73505330085754,5.66,1
318.14866375923157,5.48,1
319.5674076080322,5.55,1
