1.1080632209777832,-0.07,0
2.3559727668762207,-0.03,0
3.5696065425872803,0.0,0
4.776715517044067,0.1,0
9.353692293167114,22.69,1
10.682295799255371,33.45,1
12.109595775604248,44.1,1
13.454746723175049,46.76,1
14.854677677154541,47.76,1
16.278262615203857,55.59,1
17.609744787216187,50.52,1
18.96086096763611,48.34,1
20.303892850875854,49.69,1
21.646071672439575,48.59,1
22.99988341331482,47.93,1
24.32849431037903,48.0,1
25.745752334594727,48.83,1
27.156485080718994,50.1,1
28.58127522468567,50.21,1
29.981855154037476,50.21,1
31.40372896194458,49.83,1
32.812514305114746,49.93,1
34.228814125061035,49.9,1
35.56528282165527,48.38,1
42.884071350097656,-4.52,0
44.22114419937134,-4.38,0
45.54288601875305,-12.1,0
46.83351254463196,-1.79,0
48.15372443199158,-5.52,0
49.45645761489868,-7.93,0
50.77986240386963,-17.62,0
52.08905363082886,0.07,0
53.3875949382782,-9.48,0
54.73963952064514,2.62,0
56.06281638145447,-7.1,0
57.36384916305542,-2.76,0
58.679585695266724,-7.38,0
59.994224548339844,-3.86,0
61.31589984893799,-6.14,0
62.611124992370605,-3.07,0
63.97641706466675,-3.52,0
65.29107093811035,-4.07,0
66.59068059921265,-3.45,0
67.90734672546387,-4.0,0
69.21188139915466,-4.28,0
70.51569962501526,-4.34,0
71.83655548095703,-3.34,0
73.14001774787903,-3.69,0
74.44305968284607,-4.28,0
75.7864465713501,-4.07,0
77.09676337242126,-3.72,0
78.39770817756653,-2.34,0
79.6997447013855,-2.17,0
81.01381325721741,-21.14,0
82.3287923336029,4.93,0
83.63652849197388,-6.03,0
84.98249888420105,-3.83,0
86.29147338867188,-3.03,0
87.6120810508728,-3.59,0
92.19030976295471,26.79,1
93.6152822971344,37.0,1
94.94896388053894,40.93,1
96.36614394187927,44.03,1
97.7815101146698,50.17,1
99.1837592124939,49.62,1
100.52648258209229,49.66,1
101.9417417049408,49.07,1
103.35936498641968,49.48,1
104.77603268623352,50.38,1
106.18687009811401,50.72,1
107.5895004272461,48.24,1
109.00613260269165,49.21,1
110.4271183013916,49.76,1
111.83015537261963,50.14,1
113.24965333938599,49.14,1
114.65600275993347,50.14,1
116.06598806381226,49.28,1
117.47622060775757,50.1,1
118.89667201042175,49.72,1
120.29957461357117,55.31,1
121.71280121803284,50.97,1
123.13331437110901,50.38,1
124.53490471839905,50.28,1
125.961186170578,50.14,1
127.37413573265076,49.83,1
128.78263330459595,50.31,1
130.1919445991516,50.93,1
131.60915565490723,50.21,1
133.00538229942322,49.14,1
134.43117475509644,49.72,1
135.8293764591217,50.34,1
137.2474582195282,50.21,1
138.65402054786682,50.0,1
140.07696771621704,50.55,1
141.48295974731445,48.69,1
142.89056015014648,49.03,1
144.31034779548645,49.83,1
145.71510362625122,50.59,1
147.1261487007141,50.76,1
148.54206466674805,50.48,1
149.9519190788269,50.41,1
151.36987709999084,50.34,1
152.78233909606934,50.31,1
154.1925437450409,49.72,1
155.5968713760376,49.52,1
157.01207733154297,49.79,1
158.4313998222351,49.72,1
159.8416976928711,50.0,1
161.2544984817505,49.34,1
162.66252207756042,50.03,1
164.0633509159088,49.34,1
165.41628623008728,50.03,1
166.82829642295837,50.0,1
168.1746687889099,50.21,1
169.58224153518677,50.45,1
170.92961168289185,50.52,1
172.27062320709229,50.38,1
173.67807912826538,50.62,1
175.01443481445312,50.72,1
176.3666980266571,50.97,1
177.7070860862732,50.93,1
179.04909825325012,45.97,1
180.46116089820862,45.14,1
181.79830861091614,50.41,1
183.21424961090088,45.69,1
184.56259655952454,50.24,1
185.96662497520447,46.48,1
187.31600713729858,44.86,1
188.65193390846252,50.31,1
190.0691478252411,50.93,1
191.482164144516,46.45,1
192.8967592716217,50.62,1
194.29910731315613,50.28,1
195.71024894714355,50.83,1
197.13280320167542,45.45,1
198.5427074432373,49.79,1
199.95237755775452,45.14,1
201.3578131198883,49.41,1
202.77037405967712,50.45,1
204.12253737449646,50.52,1
205.5239977836609,45.0,1
206.9335114955902,50.03,1
208.35712575912476,45.21,1
209.6922960281372,44.31,1
211.10982203483582,43.72,1
212.5251019001007,49.34,1
213.93355059623718,50.41,1
215.33744931221008,45.28,1
222.6448016166687,-3.72,0
223.97843217849731,-3.66,0
225.3065230846405,-7.9,0
226.61375880241394,-9.07,0
227.9296646118164,-6.03,0
229.2390480041504,1.21,0
230.55815529823303,-5.76,0
231.87064576148987,-2.14,0
233.205246925354,-7.41,0
234.50661826133728,-14.59,0
235.82009768486023,-8.55,0
237.13043880462646,-9.1,0
238.43228793144226,-5.86,0
239.75212144851685,-2.69,0
241.0572829246521,0.14,0
242.37840342521667,5.62,0
243.72382926940918,-5.69,0
245.02968215942383,-15.55,0
246.35835027694702,-136.1,0
247.67538380622864,14.31,0
248.99536108970642,8.03,0
250.2997808456421,10.21,0
251.60946369171143,12.41,0
252.96765041351318,4.48,0
254.27364993095398,1.83,0
255.59523701667786,-2.9,0
256.9106628894806,3.48,0
258.2225639820099,2.31,0
259.53083634376526,-0.48,0
260.8518445491791,-0.69,0
262.20185232162476,-0.21,0
263.5135781764984,0.17,0
264.8353157043457,0.17,0
266.1421251296997,0.07,0
267.4634585380554,0.07,0
272.0659599304199,30.86,1
273.483749628067,40.0,1
274.8872799873352,46.0,1
276.2949376106262,54.31,1
277.7226505279541,52.14,1
279.13540530204773,39.9,1
280.5366747379303,46.86,1
281.94590306282043,50.34,1
283.3687090873718,51.03,1
284.772714138031,51.41,1
286.183146238327,50.83,1
287.6097660064697,50.69,1
289.02277064323425,45.31,1
290.42796874046326,50.03,1
291.84879636764526,39.03,1
293.2559881210327,54.45,1
294.66645884513855,52.24,1
296.08728671073914,50.03,1
297.4900896549225,50.38,1
298.90339159965515,50.55,1
300.320832490921,50.14,1
301.72585916519165,50.69,1
303.1471028327942,50.52,1
304.54995822906494,45.14,1
305.9611098766327,49.76,1
307.3861997127533,50.38,1
308.78610944747925,50.9,1
310.20867109298706,45.9,1
311.60643124580383,49.86,1
313.03243470191956,50.69,1
314.430908203125,44.76,1
315.8583822250366,49.72,1
317.2655348777771,50.14,1
318.6803605556488,50.24,1
320.0967082977295,50.34,1
321.50198101997375,50.97,1
322.8521218299866,47.86,1
324.2610385417938,81.97,1
325.6066641807556,93.03,1
326.94606709480286,84.52,1
328.35338854789734,69.76,1
329.77342319488525,57.76,1
331.11889266967773,51.93,1
332.5191881656647,50.76,1
333.93356943130493,50.69,1
335.2838532924652,50.62,1
336.62526655197144,50.55,1
338.0360941886902,45.28,1
339.37896728515625,44.38,1
340.78535413742065,49.66,1
342.1322114467621,45.41,1
343.4691274166107,49.9,1
344.8192081451416,51.0,1
346.16637992858887,50.97,1
347.5090379714966,53.72,1
348.91541290283203,66.24,1
350.32419300079346,99.79,1
351.735604763031,90.24,1
353.0794429779053,88.72,1
354.41618299484253,76.86,1
355.76099729537964,65.17,1
357.10533332824707,55.59,1
358.5221953392029,51.17,1
359.94252347946167,50.72,1
361.26946449279785,50.62,1
362.6816294193268,50.62,1
364.0262928009033,50.52,1
365.36747694015503,50.48,1
366.7241086959839,50.52,1
368.1366536617279,50.9,1
369.46645069122314,50.62,1
370.82293486595154,51.03,1
372.158415555954,51.34,1
373.50966572761536,51.17,1
374.9176390171051,51.38,1
376.26398396492004,51.0,1
377.60437059402466,51.21,1
379.01141929626465,45.86,1
380.348778963089,44.1,1
381.7044551372528,44.03,1
383.039674282074,44.38,1
384.45576333999634,44.24,1
385.85632371902466,44.0,1
387.27161169052124,44.17,1
388.618301153183,49.86,1
389.971825838089,45.07,1
391.37689685821533,44.1,1
392.78899574279785,43.9,1
394.12531304359436,49.72,1
395.53727293014526,45.28,1
396.95991134643555,43.21,1
398.3709135055542,48.55,1
399.7149257659912,49.52,1
401.0504949092865,49.83,1
402.39405965805054,49.83,1
403.80091977119446,49.62,1
405.14446902275085,49.62,1
406.48779463768005,49.86,1
407.9133777618408,49.69,1
409.24310970306396,50.0,1
410.5852282047272,49.97,1
411.9398741722107,49.72,1
413.2860391139984,50.0,1
414.6980850696564,49.83,1
416.1077182292938,50.24,1
417.51457929611206,50.1,1
418.9347803592682,50.17,1
420.331237077713,49.97,1
421.6757230758667,49.9,1
423.09486174583435,49.86,1
424.44048023223877,50.24,1
425.856214761734,49.9,1
427.2668218612671,50.07,1
428.6785638332367,50.38,1
430.0861654281616,49.86,1
431.4932177066803,50.14,1
432.84827303886414,50.24,1
434.2592017650604,49.9,1
435.6616961956024,73.07,1
437.07618832588196,61.55,1
438.42434310913086,88.69,1
439.7607579231262,89.24,1
441.1756010055542,73.0,1
442.5170934200287,67.97,1
443.85620951652527,55.41,1
445.27716851234436,47.48,1
446.6871283054352,44.79,1
448.03100204467773,49.45,1
449.3785662651062,50.14,1
450.71764516830444,50.34,1
452.12663316726685,50.0,1
453.47309136390686,50.28,1
454.8157012462616,49.79,1
456.16151785850525,50.31,1
457.4939155578613,50.0,1
458.8395080566406,49.86,1
460.18442964553833,48.93,1
461.6009666919708,49.72,1
462.936954498291,49.97,1
464.34215235710144,49.93,1
465.75791788101196,49.9,1
467.11363434791565,49.79,1
468.52491641044617,50.14,1
469.86340403556824,49.93,1
471.27045226097107,49.79,1
472.69417929649353,49.9,1
474.0969400405884,49.86,1
475.5101811885834,49.97,1
476.8590943813324,50.17,1
478.2714762687683,50.1,1
479.67349338531494,49.97,1
481.08562779426575,49.76,1
482.49808168411255,50.1,1
483.9047043323517,50.0,1
485.25299310684204,50.1,1
486.6596932411194,50.14,1
488.0726339817047,50.38,1
489.4978539943695,50.28,1
490.82624316215515,50.24,1
492.249329328537,50.38,1
493.5953903198242,50.34,1
495.0059881210327,50.41,1
496.33856868743896,49.59,1
497.7610523700714,48.9,1
499.1759822368622,49.03,1
500.5860996246338,49.21,1
501.99604988098145,48.93,1
503.40414476394653,49.41,1
504.8060266971588,49.55,1
506.22955870628357,49.45,1
507.5702826976776,49.28,1
508.97697734832764,54.69,1
510.3170254230499,50.34,1
511.73558139801025,49.28,1
513.1504738330841,49.17,1
514.5668423175812,49.03,1
515.910712480545,49.03,1
517.3211381435394,48.93,1
518.732174873352,49.1,1
520.138335943222,54.72,1
521.4815287590027,49.97,1
522.885977268219,54.86,1
524.3112335205078,48.69,1
525.7222468852997,45.86,1
527.1290900707245,42.79,1
528.5458133220673,48.14,1
529.9493217468262,49.0,1
531.3563497066498,49.41,1
532.7697033882141,49.14,1
534.1913385391235,49.03,1
535.5324428081512,49.28,1
536.93244099617,48.86,1
538.3560702800751,49.03,1
539.7548575401306,49.24,1
541.1002550125122,48.48,1
542.5226984024048,49.62,1
543.9244511127472,49.31,1
545.3383276462555,49.45,1
546.7475025653839,49.62,1
548.1704952716827,49.31,1
549.5038194656372,49.55,1
550.9193799495697,49.34,1
552.3345627784729,54.79,1
553.7369797229767,50.34,1
555.154625415802,49.66,1
556.5712897777557,49.41,1
557.9124014377594,49.38,1
559.3216717243195,48.24,1
560.6631329059601,48.86,1
562.0707108974457,49.48,1
563.4797835350037,48.93,1
564.9066739082336,49.1,1
566.3190064430237,54.79,1
567.730708360672,50.31,1
569.063982963562,49.34,1
570.4766707420349,48.86,1
571.8921871185303,49.38,1
573.3028781414032,49.0,1
574.7073242664337,47.83,1
576.1249408721924,48.9,1
577.5318059921265,48.97,1
578.9402737617493,48.9,1
580.358934879303,49.1,1
581.7691841125488,48.45,1
583.1798226833344,48.17,1
584.5986292362213,48.59,1
585.9970841407776,47.86,1
587.4109799861908,49.17,1
588.8315243721008,49.24,1
590.239424943924,49.1,1
591.6575586795807,54.52,1
593.0645127296448,50.17,1
594.4741532802582,49.17,1
595.8822178840637,48.86,1
597.2928476333618,49.31,1
598.712560415268,48.21,1
600.115398645401,47.45,1
601.5371599197388,48.86,1
602.9421510696411,48.48,1
604.3599653244019,48.72,1
605.7653512954712,48.66,1
607.1750271320343,48.83,1
608.5819532871246,48.76,1
610.0046274662018,49.03,1
611.4096190929413,48.48,1
612.8214659690857,48.97,1
614.2421023845673,48.66,1
615.6527650356293,49.14,1
617.0571444034576,48.38,1
618.4772436618805,53.62,1
619.8902101516724,49.55,1
621.3010737895966,48.76,1
622.7089943885803,48.38,1
624.1127023696899,48.48,1
625.5274703502655,48.31,1
626.9397225379944,53.48,1
628.3549325466156,49.45,1
629.7689049243927,49.03,1
631.1785111427307,48.59,1
632.5809035301208,48.34,1
634.0051879882812,53.86,1
635.4129762649536,48.79,1
636.824266910553,49.21,1
638.160924911499,48.93,1
639.5122861862183,53.69,1
640.9179565906525,48.72,1
642.2565350532532,49.34,1
643.6051435470581,48.79,1
644.9558153152466,48.9,1
646.2908658981323,49.0,1
647.642523765564,48.86,1
648.9852702617645,49.07,1
650.3248569965363,48.97,1
651.7334432601929,48.76,1
653.0692913532257,48.83,1
654.4129068851471,48.83,1
655.7624263763428,49.1,1
657.1010293960571,48.93,1
658.4495625495911,48.86,1
659.7951509952545,48.66,1
661.1391313076019,48.69,1
662.4837577342987,48.28,1
663.8927843570709,53.62,1
665.2376356124878,49.55,1
666.5773117542267,53.69,1
667.9845757484436,49.55,1
669.3305995464325,48.21,1
670.6771523952484,53.14,1
672.0238742828369,48.69,1
673.4258115291595,48.28,1
674.7713723182678,48.1,1
676.1921651363373,53.45,1
677.5224688053131,49.24,1
678.8680708408356,53.72,1
680.2126700878143,49.34,1
681.6318793296814,48.66,1
682.9609413146973,48.14,1
684.3103775978088,53.45,1
685.6543533802032,49.14,1
687.0643680095673,48.41,1
688.4033977985382,52.9,1
689.8122346401215,49.03,1
691.1616156101227,48.34,1
692.5721399784088,48.28,1
693.9213645458221,47.66,1
695.3236396312714,52.86,1
696.6764795780182,48.28,1
698.0840423107147,47.86,1
699.5030672550201,48.03,1
700.8367192745209,46.66,1
702.1772744655609,51.69,1
703.5321128368378,53.1,1
704.8655860424042,47.86,1
706.2176151275635,47.21,1
707.5533158779144,47.21,1
708.9062821865082,51.62,1
710.2362861633301,47.55,1
711.6526691913605,46.93,1
713.0007090568542,47.34,1
714.3343350887299,52.28,1
715.6841597557068,48.48,1
717.0276472568512,47.52,1
718.3671505451202,51.97,1
719.7113122940063,52.79,1
721.0578269958496,47.97,1
722.4669377803802,47.14,1
723.810497045517,47.07,1
725.1600110530853,46.9,1
726.4932458400726,47.0,1
727.8466928005219,46.72,1
729.1872336864471,46.9,1
730.596018075943,47.21,1
731.9380617141724,47.69,1
733.355893611908,47.52,1
734.7698414325714,47.69,1
736.110965013504,52.21,1
737.448399066925,47.59,1
738.7890017032623,51.97,1
740.1302464008331,48.62,1
741.4865074157715,52.52,1
742.8156793117523,48.79,1
744.2399206161499,52.52,1
745.5769255161285,53.21,1
746.9878206253052,47.62,1
748.3323147296906,47.45,1
749.7514939308167,47.21,1
751.0825431346893,47.0,1
752.4255304336548,46.93,1
753.770238161087,46.66,1
755.1788647174835,47.76,1
756.5234560966492,47.62,1
757.9455144405365,47.48,1
759.2740802764893,51.79,1
760.6251101493835,48.1,1
761.9707391262054,52.28,1
763.3719530105591,48.24,1
764.7192528247833,47.31,1
766.1324446201324,52.41,1
767.5463056564331,48.38,1
768.9531645774841,47.79,1
770.299923658371,52.17,1
771.7207987308502,48.48,1
773.0508687496185,46.97,1
774.4720442295074,46.86,1
775.8184480667114,51.79,1
777.2160034179688,48.34,1
778.5719866752625,47.59,1
779.9778001308441,47.17,1
781.3928632736206,46.93,1
782.7302219867706,47.62,1
784.1397523880005,47.38,1
785.55149102211,47.41,1
786.8942537307739,45.79,1
788.3179974555969,52.34,1
789.660010099411,48.38,1
791.0573377609253,47.48,1
792.4085729122162,52.31,1
793.8200078010559,53.52,1
795.2347588539124,53.86,1
796.6448903083801,48.83,1
797.9912650585175,52.83,1
799.3922820091248,53.83,1
800.7388844490051,48.76,1
802.1531097888947,47.83,1
803.5048072338104,51.14,1
804.9065721035004,52.76,1
806.3281888961792,47.52,1
807.7266261577606,46.28,1
809.1507802009583,46.03,1
810.5533654689789,51.14,1
811.9762442111969,52.66,1
813.3059687614441,47.97,1
814.657915353775,46.72,1
816.064929485321,46.34,1
817.4155559539795,45.76,1
818.8207199573517,51.9,1
820.2367780208588,52.72,1
821.6446669101715,47.59,1
823.0511662960052,46.21,1
824.4692947864532,46.86,1
825.8056268692017,51.76,1
827.227986574173,48.0,1
828.5627591609955,46.03,1
829.9791197776794,51.62,1
831.3198792934418,52.9,1
832.7352938652039,53.24,1
834.0792932510376,48.21,1
835.4948740005493,46.9,1
836.9049861431122,46.83,1
838.3125896453857,45.9,1
839.6601643562317,46.97,1
841.0707628726959,47.1,1
842.40958070755,46.66,1
843.8134200572968,46.72,1
845.1637649536133,51.66,1
846.572060585022,52.66,1
847.9113569259644,47.97,1
849.2652373313904,47.07,1
850.6072845458984,46.66,1
852.0214288234711,52.07,1
853.431804895401,52.55,1
854.8456590175629,53.17,1
856.2481005191803,48.1,1
857.5912623405457,46.97,1
858.9365792274475,47.1,1
860.3449563980103,47.07,1
861.700877904892,46.66,1
863.1127853393555,47.45,1
864.5239999294281,47.38,1
865.9295971393585,52.45,1
867.2689566612244,47.72,1
868.685084104538,47.79,1
870.0205097198486,52.55,1
871.446869134903,53.9,1
878.7302067279816,-6.52,0
880.0849831104279,-6.55,0
881.3833742141724,-6.97,0
882.7028770446777,-5.48,0
884.0034508705139,-10.0,0
885.3143563270569,20.24,0
886.6158883571625,-10.66,0
887.9312536716461,-34.07,0
889.2716226577759,-52.86,0
890.59423995018,-59.62,0
891.8966083526611,-49.14,0
893.2122819423676,-65.97,0
894.5201091766357,-58.52,0
895.8268918991089,-62.97,0
897.1253755092621,-55.97,0
898.4387533664703,-59.38,0
899.7852509021759,-55.83,0
901.0957856178284,-59.21,0
902.3950638771057,-33.52,0
903.7002193927765,-42.07,0
905.0015709400177,-40.0,0
906.3212320804596,-55.34,0
907.6267738342285,-61.0,0
908.9698979854584,-61.69,0
910.2696480751038,-31.69,0
911.5897731781006,-20.83,0
912.8940024375916,-23.45,0
914.2069792747498,-28.83,0
915.5263283252716,-26.45,0
916.8294186592102,-41.93,0
918.1433701515198,-28.48,0
919.4883856773376,-30.31,0
920.7864384651184,-14.86,0
922.1080191135406,-17.62,0
923.4020946025848,-12.14,0
924.6094508171082,-14.48,0
925.8184814453125,-46.69,0
927.0364527702332,9.28,0
928.2787804603577,-3.86,0
929.4834775924683,-1.07,0
930.6884815692902,0.24,0
931.8988218307495,0.0,0
933.1036536693573,2.69,0
934.323539018631,-0.24,0
