1.1151180267333984,-4.41
2.322465181350708,-4.72
3.5575051307678223,-4.83
4.760998010635376,-4.83
7.524587154388428,-4.03
8.93733286857605,-3.17
10.343845129013062,-2.48
11.755820512771606,-2.07
13.166960716247559,-1.76
14.584778308868408,-1.66
15.998124361038208,-1.62
17.331724405288696,-1.66
18.682029962539673,-1.62
20.028855085372925,-1.62
21.370041370391846,-1.59
22.784563064575195,-1.66
24.12035846710205,-1.52
25.54064106941223,-1.45
26.939826488494873,-1.21
28.35879635810852,-1.03
29.777607440948486,-0.97
31.175821542739868,-0.62
32.60292935371399,-0.21
33.94328999519348,-0.03
35.28928589820862,0.52
36.68725228309631,0.69
38.04586410522461,1.07
39.44415736198425,1.62
40.8565993309021,1.76
42.274922132492065,1.86
43.68485450744629,2.79
45.09006357192993,3.07
46.51000642776489,4.31
47.92693901062012,4.79
49.263882875442505,5.07
50.67403244972229,5.21
52.02195429801941,5.59
53.43607783317566,5.83
54.84549403190613,6.03
56.25422286987305,6.21
57.6700074672699,6.41
59.06799912452698,6.62
60.48247003555298,6.86
61.89554786682129,7.03
63.314894676208496,7.21
64.78753781318665,7.34
66.27449822425842,7.62
67.74236130714417,7.72
69.22913217544556,7.86
70.64497590065002,8.1
72.75701785087585,8.17
73.42259788513184,8.24
74.15391707420349,8.38
