1.1170759201049805,-2.14,0
2.3463761806488037,-2.14,0
3.546151876449585,-2.1,0
4.748605728149414,-2.1,0
9.343838691711426,1.59,1
10.686911821365356,-1.0,1
12.099997758865356,-1.86,1
13.504453420639038,-1.86,1
14.924378156661987,-2.0,1
16.329041719436646,-1.97,1
17.68003487586975,-2.03,1
19.02586078643799,-1.93,1
20.441673755645752,-2.1,1
21.848299026489258,-2.17,1
23.254951238632202,-2.07,1
24.609673261642456,-2.1,1
26.009900331497192,-2.03,1
27.43226957321167,-2.1,1
28.836491107940674,-2.03,1
30.24848985671997,-2.07,1
31.672991514205933,-2.1,1
33.01636242866516,-2.21,1
34.42289638519287,-2.07,1
35.770570039749146,-2.1,1
37.18160843849182,-2.14,1
38.51806116104126,-2.03,1
39.93939423561096,-2.03,1
41.27618908882141,-2.07,1
42.68818163871765,-2.1,1
44.104607820510864,-2.0,1
45.52494502067566,-2.0,1
46.93298864364624,-2.07,1
48.34922647476196,-2.07,1
49.76479172706604,-2.1,1
51.16538596153259,-2.14,1
52.58731508255005,-2.03,1
53.98918056488037,-2.14,1
55.40966296195984,-2.1,1
56.82471013069153,-1.86,1
58.232128381729126,-2.07,1
59.65547800064087,-2.17,1
61.066813230514526,-2.0,1
62.469552993774414,-2.07,1
63.88833427429199,-2.14,1
65.29989409446716,-2.14,1
66.7172703742981,-2.1,1
68.04839038848877,-2.14,1
69.46836853027344,-2.1,1
70.8789610862732,-2.1,1
72.29689431190491,-2.17,1
73.7104024887085,-2.14,1
75.0537359714508,-2.14,1
76.45363450050354,-2.07,1
77.8745276927948,-2.1,1
79.27903771400452,19.03,1
80.70177221298218,5.69,1
82.11097502708435,-1.41,1
83.45176720619202,14.69,1
84.79953122138977,0.69,1
86.14114689826965,-1.0,1
87.48982977867126,-1.79,1
88.82477617263794,-1.97,1
90.24239897727966,-1.97,1
91.65246510505676,-0.07,1
93.0666868686676,-6.97,1
94.41221475601196,-2.34,1
95.75528836250305,-2.24,1
97.10364937782288,-2.17,1
98.5176043510437,-2.31,1
99.92924547195435,-2.03,1
101.26390838623047,-2.21,1
102.69019412994385,-1.83,1
104.09401440620422,-2.03,1
105.50747203826904,-2.14,1
106.92123174667358,-2.1,1
108.3430986404419,-2.1,1
109.74487590789795,-2.03,1
111.08976531028748,-2.17,1
112.50056385993958,-1.97,1
113.84857034683228,-1.97,1
115.2692859172821,-2.17,1
116.68095660209656,-2.0,1
118.09481859207153,-2.07,1
119.50567531585693,-2.45,1
120.90825772285461,-2.14,1
122.32258296012878,-2.07,1
123.73616337776184,-2.07,1
125.15883827209473,-2.1,1
126.56158661842346,-2.1,1
127.9703106880188,-2.17,1
129.38615679740906,1100.0,1
130.79818511009216,1100.0,1
132.20416474342346,1100.0,1
133.61816549301147,1100.0,1
135.03723192214966,1100.0,1
136.4418830871582,1100.0,1
137.86591911315918,1100.0,1
139.2769956588745,1100.0,1
140.68703699111938,1100.0,1
142.0863902568817,1100.0,1
143.50722932815552,1100.0,1
144.90411758422852,1100.0,1
146.32072162628174,1100.0,1
147.73654985427856,1100.0,1
149.147390127182,1100.0,1
150.55147886276245,1100.0,1
151.95664262771606,1100.0,1
153.36669182777405,1100.0,1
154.77875447273254,1100.0,1
162.08809852600098,26.21,0
163.4124252796173,26.55,0
