1.1143038272857666,-2.24,0
2.350341558456421,-2.31,0
3.5543746948242188,-2.34,0
4.7584240436553955,-2.24,0
5.964985609054565,-2.17,0
10.563246726989746,-3.66,1
11.977180480957031,-2.41,1
13.389663934707642,-1.48,1
14.802704334259033,-1.52,1
16.20012640953064,-0.83,1
17.55251955986023,6.62,1
18.965415239334106,27.24,1
20.31176471710205,49.41,1
21.71744155883789,45.59,1
23.134361505508423,39.48,1
24.475313186645508,34.28,1
25.897119283676147,29.21,1
27.298168659210205,30.72,1
28.70944833755493,29.28,1
30.12289309501648,25.62,1
31.534891843795776,31.31,1
32.947436571121216,34.03,1
34.29199695587158,31.52,1
35.64003109931946,32.9,1
36.98558950424194,33.31,1
38.39923453330994,35.76,1
39.74903225898743,32.86,1
41.15978384017944,33.41,1
42.50551462173462,28.52,1
43.91753554344177,27.69,1
45.26260423660278,29.1,1
46.675859451293945,29.31,1
48.074514389038086,29.76,1
49.49452590942383,27.79,1
50.90874361991882,28.83,1
52.32079720497131,28.79,1
53.72857999801636,28.83,1
55.14011287689209,24.59,1
56.48004198074341,27.9,1
57.900073528289795,28.69,1
59.30660057067871,22.31,1
60.73113989830017,26.83,1
62.1441011428833,21.93,1
63.5481903553009,28.38,1
64.95554184913635,24.69,1
66.38215851783752,30.41,1
67.71992087364197,25.14,1
69.07163953781128,29.28,1
70.47669291496277,25.48,1
71.81648969650269,30.45,1
73.16806483268738,25.66,1
74.51758003234863,30.31,1
75.84914755821228,31.45,1
77.20541095733643,31.76,1
78.54900026321411,33.28,1
79.9530827999115,31.72,1
81.3725802898407,30.48,1
82.70949172973633,29.14,1
84.13232898712158,21.03,1
85.54476881027222,26.69,1
86.88846015930176,20.41,1
88.2887921333313,26.0,1
89.63379502296448,22.9,1
90.97885298728943,31.55,1
92.39174318313599,33.62,1
93.73249840736389,35.0,1
95.14525842666626,36.97,1
96.49914646148682,32.24,1
97.91472315788269,34.0,1
99.31378436088562,32.41,1
106.62786889076233,-1.83,0
107.9772686958313,-1.97,0
109.29433822631836,-2.03,0
110.5939154624939,-1.9,0
111.91005945205688,-2.07,0
113.2166736125946,-2.1,0
114.53316831588745,-2.1,0
115.84886407852173,-2.14,0
120.44072651863098,-2.14,1
121.84828901290894,-2.14,1
123.2664783000946,-2.07,1
124.67863512039185,-2.17,1
126.0879979133606,-2.1,1
127.49582099914551,-2.07,1
128.84301233291626,-2.28,1
130.1872160434723,-2.1,1
131.59666919708252,-2.21,1
133.00401759147644,-2.21,1
134.4301176071167,-2.24,1
135.7658977508545,-2.17,1
137.18483233451843,-2.28,1
138.5983464717865,-2.14,1
139.94227957725525,-2.21,1
141.27999544143677,-2.24,1
142.69834232330322,-2.21,1
144.10516595840454,-2.21,1
145.5202498435974,-2.21,1
146.9240276813507,-2.21,1
148.34589791297913,-2.24,1
149.7615683078766,-2.21,1
151.17480945587158,-2.28,1
152.57593607902527,-2.21,1
153.98667740821838,-2.21,1
155.39945530891418,-2.28,1
156.8169503211975,-2.21,1
158.22945356369019,-2.21,1
159.65209770202637,-2.21,1
160.98543453216553,-2.21,1
162.32946872711182,-2.28,1
163.67307353019714,-2.14,1
165.0835828781128,-2.28,1
166.49682354927063,-2.17,1
167.84766721725464,-2.17,1
169.1863398551941,-2.24,1
170.59874486923218,-2.34,1
171.9482090473175,-2.28,1
173.2992467880249,-2.17,1
174.71519589424133,-2.17,1
176.11348009109497,-2.24,1
177.4650456905365,-2.24,1
178.87173342704773,-2.21,1
180.2155613899231,-2.1,1
181.6395719051361,-2.24,1
182.98013925552368,-2.24,1
184.32540225982666,-2.21,1
185.65712523460388,-2.21,1
187.08089423179626,-2.17,1
188.4168312549591,-2.21,1
189.7672016620636,-2.24,1
191.18432474136353,-2.21,1
192.52853274345398,-2.17,1
193.86409258842468,-2.31,1
195.27920866012573,-2.31,1
