1.1085963249206543,-2.14,0
2.3503928184509277,-2.21,0
3.558135509490967,-2.24,0
4.7564778327941895,-2.17,0
9.345272064208984,0.48,1
10.750753164291382,-5.17,1
12.172698259353638,4.83,1
13.583994150161743,13.17,1
14.997440338134766,19.31,1
16.409480571746826,17.38,1
17.754521131515503,26.79,1
19.088262796401978,29.21,1
20.507285833358765,27.83,1
21.85462522506714,29.79,1
23.187528133392334,27.41,1
24.542729377746582,29.66,1
25.94836688041687,27.72,1
27.36917209625244,29.55,1
28.769118070602417,27.34,1
30.186554193496704,29.41,1
31.591628313064575,30.34,1
33.01548433303833,27.28,1
34.4200873374939,29.34,1
35.76167178153992,29.0,1
37.110512018203735,29.03,1
38.52256727218628,30.69,1
39.93011736869812,29.17,1
41.27780723571777,30.0,1
42.68522047996521,29.07,1
44.101319789886475,28.03,1
45.51091265678406,26.59,1
46.852481842041016,27.41,1
48.27602529525757,28.9,1
49.67375707626343,33.97,1
51.08994936943054,30.59,1
52.505977392196655,32.34,1
53.91563367843628,32.69,1
55.323007583618164,31.45,1
56.74398851394653,30.03,1
58.152764558792114,28.48,1
59.570425033569336,27.48,1
60.982526779174805,26.1,1
62.39697027206421,27.45,1
63.79800724983215,27.9,1
65.13982582092285,31.34,1
66.49491620063782,32.45,1
67.90389633178711,26.52,1
69.31834578514099,29.28,1
70.6537594795227,27.69,1
72.0018413066864,30.24,1
73.33579230308533,29.41,1
74.68939232826233,29.66,1
76.02672839164734,29.55,1
77.37626099586487,28.79,1
78.78567099571228,27.83,1
80.18937516212463,26.48,1
81.54071021080017,32.69,1
82.95193576812744,28.31,1
84.36745500564575,32.97,1
85.76575493812561,29.48,1
87.1925437450409,31.55,1
88.59976816177368,31.24,1
90.0062084197998,26.31,1
91.41494297981262,28.83,1
92.76917362213135,29.72,1
94.17321944236755,29.97,1
95.59504723548889,29.14,1
96.9927270412445,25.1,1
98.40844249725342,27.9,1
105.72513937950134,-4.93,0
107.05712723731995,-5.17,0
108.37238645553589,-5.45,0
109.69145011901855,-5.69,0
110.99781250953674,-5.97,0
112.29949593544006,-6.41,0
113.6109459400177,-7.0,0
114.9169533252716,-7.69,0
119.51181221008301,28.03,1
120.93550181388855,19.41,1
122.34839296340942,36.07,1
123.750173330307,40.24,1
125.09339547157288,42.76,1
126.5192015171051,51.24,1
127.92039442062378,43.9,1
129.3455855846405,56.45,1
130.7497262954712,44.62,1
132.16537165641785,38.28,1
133.57702708244324,47.62,1
134.98123121261597,50.03,1
136.33299279212952,48.31,1
137.73988842964172,49.97,1
139.15069150924683,34.28,1
140.56034874916077,36.1,1
141.97328305244446,44.79,1
143.38659977912903,55.72,1
144.79487681388855,27.55,1
146.2075650691986,34.21,1
147.61993265151978,81.14,1
149.0328447818756,85.0,1
150.4450466632843,61.38,1
151.8510706424713,95.34,1
153.25860285758972,126.69,1
154.68523693084717,1.59,1
156.0839285850525,-1.66,1
157.5094437599182,-1.31,1
158.9176971912384,-1.31,1
160.32049894332886,-1.41,1
161.73377180099487,-1.34,1
163.15742206573486,587.93,1
164.56869626045227,-4.55,1
165.98274898529053,0.86,1
167.39481282234192,2.31,1
