1.110933780670166,-1.93,0
2.324918270111084,-1.93,0
3.5386886596679688,-1.93,0
4.789760112762451,-1.9,0
6.1485631465911865,-1.79,0
7.361875295639038,-1.9,0
8.574566125869751,-1.97,0
9.771014213562012,-1.9,0
11.00093960762024,-1.9,0
12.346251726150513,-1.86,0
13.63651704788208,-1.97,0
14.84931492805481,-1.9,0
16.396397829055786,-1.86,0
17.593835830688477,-2.0,0
18.801397800445557,-2.03,0
20.01426911354065,-1.9,0
21.220741748809814,-1.9,0
1.109004020690918,-1.9,0
2.3618814945220947,-1.9,0
3.5752289295196533,-2.0,0
4.774017095565796,-1.93,0
5.981115818023682,-1.93,0
7.186456203460693,-1.93,0
8.402931928634644,-1.86,0
9.609507322311401,-2.0,0
10.82288384437561,-1.93,0
12.072017669677734,-1.83,0
13.283775568008423,-1.93,0
14.511714458465576,-1.9,0
15.730479001998901,-1.86,0
16.956968545913696,-1.86,0
18.171805381774902,-1.86,0
19.383404970169067,-1.93,0
20.59464168548584,-1.93,0
21.851141691207886,-1.86,0
23.062825679779053,-1.97,0
24.27586817741394,-1.97,0
25.50137233734131,-1.93,0
26.722405195236206,-2.0,0
27.929744958877563,-1.97,0
29.150266885757446,-1.93,0
30.557398080825806,-1.93,0
31.799115419387817,-1.97,0
33.02854251861572,-2.0,0
34.5709753036499,-1.93,0
39.14386200904846,45.86,1
40.56053280830383,37.59,1
41.97751045227051,33.28,1
43.385258197784424,31.66,1
44.80332589149475,30.97,1
46.21594476699829,31.1,1
47.62736392021179,30.79,1
49.039113998413086,31.1,1
50.447893381118774,30.79,1
51.855032205581665,30.83,1
53.2650032043457,30.79,1
54.683029651641846,30.86,1
56.03525495529175,30.62,1
57.44772481918335,30.62,1
58.86090970039368,30.69,1
60.27249836921692,30.76,1
61.6871383190155,30.52,1
63.099679708480835,30.62,1
64.51082158088684,30.72,1
65.91181349754333,30.72,1
67.26205587387085,30.62,1
68.68274641036987,30.62,1
70.0841760635376,30.48,1
71.50115084648132,30.48,1
72.92082905769348,30.59,1
74.25141382217407,30.59,1
75.60938739776611,30.55,1
77.01300764083862,30.69,1
78.43072152137756,30.62,1
79.83876299858093,30.59,1
81.24822521209717,30.48,1
82.66141033172607,30.79,1
84.01032781600952,30.72,1
85.41450095176697,30.52,1
86.83327007293701,30.79,1
88.23899865150452,30.62,1
89.58139204978943,30.69,1
91.00351619720459,30.66,1
92.41978359222412,30.66,1
93.74960160255432,30.72,1
95.16603779792786,30.76,1
96.5890691280365,30.55,1
98.00313925743103,30.59,1
99.41142392158508,30.48,1
100.8280873298645,30.48,1
102.22840023040771,30.62,1
103.65124702453613,30.66,1
105.06170177459717,30.62,1
106.46360445022583,30.48,1
107.88938093185425,30.45,1
109.28968286514282,30.52,1
110.70630025863647,30.48,1
112.12926506996155,30.59,1
113.537109375,30.59,1
114.94487380981445,30.55,1
116.35044121742249,30.55,1
117.76555156707764,30.55,1
125.14898538589478,-1.9,0
126.4737286567688,-1.9,0
127.79711580276489,-1.93,0
129.10460591316223,-1.83,0
130.42146348953247,-1.9,0
131.73409247398376,-1.9,0
133.05290269851685,-1.86,0
134.36126160621643,-1.86,0
139.0026843547821,45.52,1
140.4126217365265,37.72,1
141.74957728385925,33.1,1
143.15896701812744,31.59,1
144.582848072052,31.1,1
145.9990713596344,30.83,1
147.39975261688232,30.76,1
148.80960392951965,30.59,1
150.23636960983276,30.55,1
151.6408393383026,30.62,1
153.05331945419312,30.45,1
160.36115336418152,-2.66,0
161.66827511787415,-2.48,0
162.97483134269714,-2.45,0
164.28298616409302,-2.45,0
165.59463167190552,-2.34,0
166.93411874771118,-2.28,0
168.24378442764282,-2.17,0
169.55139803886414,-2.03,0
174.12532424926758,45.48,1
175.52182269096375,37.66,1
176.93741178512573,33.07,1
178.2919955253601,31.31,1
179.69997596740723,30.66,1
181.1110110282898,30.41,1
182.52746987342834,30.34,1
183.92920017242432,30.24,1
185.35479402542114,30.17,1
