1.1038436889648438,-1.9,0
2.3507583141326904,-1.93,0
3.5628159046173096,-1.86,0
4.761061906814575,-1.86,0
5.974188327789307,-1.86,0
7.184930801391602,-1.79,0
8.38827133178711,-1.83,0
9.744631290435791,-1.86,0
10.988902807235718,-1.86,0
12.247981071472168,-1.93,0
13.485674619674683,-1.9,0
14.703184127807617,-1.79,0
16.2139573097229,-1.86,0
17.42505431175232,-1.83,0
1.1095054149627686,-1.83,0
2.325904607772827,-1.9,0
3.5302178859710693,-1.9,0
4.765474319458008,-1.9,0
9.344509363174438,64.28,1
10.75683045387268,59.21,1
12.171769380569458,57.97,1
