1.102485179901123,-1.9,0
2.334195852279663,-1.97,0
3.549362897872925,-1.9,0
4.751025676727295,-1.97,0
9.332375764846802,279.93,1
10.744794607162476,336.07,1
12.155074834823608,338.93,1
13.56653118133545,275.1,1
14.97868537902832,218.72,1
16.390984058380127,157.55,1
23.708660125732422,-2.03,0
25.010369777679443,-2.0,0
26.315795421600342,-2.45,0
27.61836552619934,13.34,0
28.932357788085938,-1.69,0
30.242680549621582,-2.0,0
31.55323100090027,-1.86,0
32.90034461021423,-1.93,0
34.20274376869202,-1.86,0
35.49757218360901,-2.1,0
36.80036187171936,-2.0,0
38.11377811431885,-1.97,0
39.41634392738342,-1.97,0
40.72914528846741,-2.03,0
42.03053092956543,-1.9,0
43.33195209503174,-2.0,0
47.947280168533325,273.14,1
49.35915398597717,330.66,1
50.770421743392944,339.38,1
52.18114757537842,297.14,1
53.592740535736084,251.24,1
54.935335636138916,213.1,1
56.34761834144592,178.69,1
57.69033598899841,157.62,1
59.102609395980835,136.1,1
60.51462984085083,117.14,1
61.926329374313354,105.0,1
63.338295698165894,95.93,1
64.7500147819519,88.17,1
66.09297299385071,82.97,1
67.43631410598755,78.76,1
74.74472570419312,1.97,0
76.08520364761353,-2.59,0
77.3837149143219,-1.07,0
78.69935464859009,-1.55,0
80.01426887512207,-1.38,0
81.32132601737976,-1.28,0
82.63107824325562,-1.31,0
83.9353175163269,-1.59,0
88.52901911735535,275.55,1
89.93989634513855,331.52,1
91.28431272506714,339.38,1
92.694744348526,334.34,1
94.037672996521,294.93,1
95.3812575340271,254.41,1
96.7928638458252,224.52,1
98.20589256286621,196.59,1
99.61782908439636,174.24,1
101.02785396575928,161.93,1
102.37133073806763,143.34,1
103.78332281112671,129.45,1
111.08307695388794,-7.86,0
112.39431810379028,-9.9,0
113.70445799827576,-2.9,0
115.01559376716614,-4.97,0
116.3555543422699,-9.97,0
117.6732223033905,-4.1,0
118.98021411895752,-9.55,0
120.289306640625,-10.52,0
121.50219964981079,-10.17,0
122.71465921401978,-10.59,0
123.92231392860413,2.86,0
125.13724136352539,1.07,0
126.38157677650452,1.41,0
127.5948383808136,1.52,0
128.80224704742432,1.62,0
130.00636839866638,1.59,0
131.21120309829712,1.69,0
132.42429375648499,1.66,0
133.63129448890686,1.69,0
134.84493613243103,1.66,0
