1.1073741912841797,7.03,0
2.3416271209716797,7.14,0
3.5450174808502197,6.97,0
4.748854160308838,7.0,0
5.950290203094482,7.1,0
7.155555725097656,7.0,0
8.357317924499512,7.1,0
12.931245803833008,2.48,1
14.277416944503784,15.41,1
15.69078779220581,29.14,1
17.10378670692444,34.21,1
18.44471836090088,36.07,1
19.791013717651367,39.41,1
21.129220485687256,40.59,1
22.468345165252686,37.38,1
23.889880418777466,39.48,1
25.30024743080139,40.07,1
26.715373516082764,40.1,1
28.118080139160156,40.24,1
29.52714991569519,40.03,1
30.948687076568604,40.21,1
32.35190176963806,40.0,1
33.69097566604614,39.97,1
35.106679916381836,36.83,1
36.44779372215271,38.93,1
37.8656587600708,39.62,1
39.2051465511322,39.79,1
40.61788463592529,39.86,1
41.95811724662781,40.31,1
43.31254553794861,40.52,1
44.71941637992859,40.45,1
46.12994050979614,40.45,1
47.546441316604614,40.41,1
48.888782024383545,40.76,1
50.29092764854431,40.52,1
51.71539258956909,40.34,1
53.11815071105957,40.21,1
54.53832125663757,40.07,1
55.94788455963135,40.17,1
57.36244463920593,40.28,1
58.764256954193115,40.55,1
60.18333959579468,40.52,1
61.588419675827026,40.55,1
63.006340742111206,40.66,1
64.40699410438538,40.45,1
65.82784581184387,40.52,1
67.24322247505188,36.97,1
68.64725160598755,39.9,1
70.06554365158081,40.38,1
71.40454196929932,37.14,1
72.74247646331787,39.38,1
74.1627368927002,40.41,1
75.50398349761963,40.38,1
76.9197883605957,39.86,1
78.25874876976013,39.97,1
79.59429287910461,39.83,1
81.01858067512512,39.76,1
82.42283582687378,39.83,1
83.84056091308594,40.0,1
85.2437732219696,39.86,1
86.66455745697021,39.72,1
88.07381892204285,39.66,1
89.41346764564514,39.59,1
90.82876992225647,39.69,1
92.23315000534058,39.79,1
93.65795493125916,39.83,1
95.057302236557,40.1,1
96.39972829818726,40.55,1
97.7572329044342,40.66,1
99.16762137413025,40.72,1
100.49906992912292,40.69,1
101.91654372215271,40.86,1
103.26175928115845,40.76,1
104.67693042755127,40.76,1
106.0871148109436,40.62,1
107.42334365844727,37.03,1
108.84565329551697,39.69,1
110.24485349655151,40.48,1
111.66053199768066,36.86,1
113.07069826126099,39.34,1
114.489910364151,40.28,1
115.89412784576416,40.48,1
117.31063914299011,40.34,1
118.72227931022644,40.48,1
120.13083505630493,40.52,1
121.54629397392273,40.28,1
122.95714950561523,40.55,1
124.3604462146759,40.72,1
125.78042483329773,37.14,1
127.18716502189636,39.17,1
128.6061713695526,39.9,1
130.0081136226654,39.93,1
131.43075561523438,39.86,1
132.8342626094818,39.86,1
134.25319528579712,39.72,1
135.65951347351074,39.72,1
136.99669313430786,39.72,1
138.419011592865,39.76,1
139.74997544288635,39.79,1
141.17437410354614,39.55,1
142.58319520950317,39.69,1
144.00010919570923,39.9,1
145.405615568161,39.83,1
146.74669075012207,39.79,1
148.15583992004395,39.76,1
149.5646493434906,39.66,1
150.98390531539917,39.79,1
152.3916027545929,39.86,1
153.81191277503967,39.76,1
155.2162721157074,39.59,1
156.62165713310242,39.62,1
158.04173970222473,42.52,1
159.46073007583618,40.72,1
160.86339473724365,40.14,1
162.20558953285217,39.9,1
163.62166714668274,39.72,1
164.97003984451294,39.72,1
166.3713037967682,39.97,1
167.71577501296997,39.62,1
169.0563395023346,39.59,1
170.40882229804993,39.83,1
171.81231355667114,40.0,1
173.1656060218811,40.21,1
174.5748655796051,40.21,1
175.9157223701477,40.24,1
177.3184952735901,40.34,1
178.67206168174744,40.38,1
180.0843267440796,40.24,1
181.41904306411743,40.31,1
182.83731698989868,40.17,1
184.17736506462097,40.38,1
185.51719880104065,40.55,1
186.85702323913574,40.59,1
188.28113460540771,40.59,1
189.62069416046143,40.38,1
191.0262622833252,40.41,1
192.37911367416382,40.34,1
193.79274988174438,40.41,1
195.194007396698,40.38,1
202.51176595687866,1.86,0
203.8352530002594,1.86,0
205.1787793636322,1.83,0
206.49017715454102,1.83,0
207.7968864440918,1.83,0
209.10686373710632,1.83,0
210.41570234298706,1.83,0
211.72331619262695,1.83,0
216.29588747024536,1.79,1
217.70556569099426,18.86,1
219.1232509613037,30.45,1
220.46954536437988,37.93,1
221.87401628494263,40.38,1
223.28950762748718,40.97,1
224.70969581604004,40.48,1
226.04771089553833,40.55,1
227.456383228302,40.17,1
228.87699556350708,36.79,1
230.28206205368042,39.21,1
231.70140862464905,39.59,1
233.10640335083008,39.76,1
234.52375268936157,39.79,1
235.93380522727966,39.69,1
237.33735513687134,39.69,1
238.75551676750183,39.59,1
240.1570975780487,39.62,1
241.57452607154846,39.72,1
242.9831085205078,39.59,1
244.39282417297363,39.52,1
245.8046338558197,39.45,1
247.22183632850647,39.52,1
248.6402554512024,39.41,1
250.0430040359497,39.52,1
251.4617645740509,39.66,1
252.87138032913208,39.31,1
254.27308011054993,39.28,1
255.69225311279297,39.28,1
257.1092700958252,42.48,1
258.52047634124756,40.17,1
259.8532872200012,42.79,1
261.27231431007385,40.38,1
262.6777694225311,39.86,1
264.01737117767334,39.76,1
265.42724227905273,39.97,1
266.845654964447,39.83,1
268.26021933555603,39.86,1
269.6625394821167,40.1,1
271.0793914794922,40.1,1
272.4930148124695,39.93,1
273.8971140384674,39.59,1
275.3142614364624,39.45,1
276.6576609611511,42.72,1
278.07504868507385,40.14,1
279.48276114463806,42.28,1
280.88618516921997,40.21,1
282.30724263191223,39.83,1
283.7080600261688,39.45,1
285.06325244903564,39.31,1
286.47394323349,39.34,1
287.8786916732788,42.55,1
289.29382276535034,40.48,1
290.70011806488037,39.86,1
292.11528158187866,39.66,1
293.4547176361084,39.72,1
294.8757975101471,39.66,1
296.2924282550812,40.0,1
297.6943233013153,39.97,1
299.1164767742157,40.17,1
300.51690888404846,40.24,1
301.9353332519531,40.28,1
303.2820200920105,40.17,1
304.685204744339,40.17,1
306.03767466545105,40.17,1
307.4466369152069,40.17,1
308.84783458709717,40.17,1
310.2700662612915,40.17,1
311.67255210876465,40.03,1
313.0948941707611,39.9,1
314.5074143409729,39.83,1
315.8468689918518,39.76,1
317.2488067150116,39.9,1
318.6716351509094,40.03,1
320.0136227607727,40.07,1
321.41549921035767,39.79,1
322.7599980831146,39.79,1
324.10474038124084,39.76,1
325.44684386253357,39.59,1
326.79463815689087,39.59,1
328.19917011260986,39.62,1
329.55320405960083,42.55,1
330.89273715019226,40.52,1
332.3092234134674,39.79,1
333.65116691589355,39.38,1
334.991717338562,42.17,1
336.33490657806396,40.24,1
337.6723897457123,39.79,1
339.0937285423279,39.79,1
340.4317126274109,39.45,1
341.76716351509094,42.45,1
343.1831216812134,40.31,1
344.53540229797363,39.59,1
345.8781089782715,39.45,1
347.2086384296417,39.41,1
348.5657093524933,39.38,1
349.96783471107483,39.38,1
351.3092782497406,39.17,1
352.6647880077362,38.69,1
354.0045630931854,42.07,1
355.41550374031067,39.52,1
356.75281405448914,38.97,1
358.1012156009674,41.83,1
359.43933391571045,43.14,1
360.78072333335876,40.17,1
362.13131523132324,39.52,1
363.4707007408142,39.28,1
364.81388568878174,41.93,1
366.1571526527405,39.9,1
367.5760841369629,39.48,1
368.9896774291992,39.24,1
370.329327583313,42.17,1
371.66850066185,40.17,1
373.01892018318176,39.55,1
374.35943937301636,42.31,1
375.70542073249817,40.41,1
377.04583859443665,39.72,1
378.4479522705078,42.41,1
379.7991018295288,40.62,1
381.1397953033447,39.97,1
382.5497033596039,39.62,1
383.8901982307434,39.83,1
385.24603629112244,39.76,1
386.5754475593567,39.83,1
387.9299499988556,39.62,1
389.33333587646484,39.86,1
390.6874752044678,40.1,1
392.0295407772064,39.97,1
393.3736665248871,40.14,1
394.71067237854004,40.1,1
396.0495865345001,40.03,1
397.3957462310791,40.0,1
398.7374358177185,40.03,1
400.15690565109253,39.97,1
407.4433434009552,1.76,0
408.74368238449097,1.76,0
410.05245089530945,1.76,0
411.3601293563843,1.76,0
412.66738057136536,1.72,0
413.965478181839,1.72,0
415.2719554901123,1.72,0
416.6107087135315,1.72,0
417.8073298931122,1.72,0
419.0218768119812,1.72,0
420.21872305870056,1.72,0
421.4158527851105,1.72,0
422.63057923316956,1.72,0
423.82603430747986,1.76,0
425.03982424736023,1.76,0
426.28576946258545,1.76,0
427.49806022644043,1.76,0
428.69368863105774,1.72,0
429.90757060050964,1.69,0
431.11569595336914,1.76,0
432.3218216896057,1.72,0
433.51309061050415,1.69,0
434.726895570755,1.72,0
435.9541687965393,1.72,0
437.16598558425903,1.76,0
438.3627419471741,1.72,0
439.5783543586731,1.76,0
