1.102597713470459,7.0,0
2.334437131881714,7.0,0
3.542584180831909,7.03,0
4.7426536083221436,7.03,0
9.328442096710205,546.52,1
10.671544551849365,723.45,1
12.08237624168396,585.38,1
13.49429178237915,414.62,1
14.904638767242432,286.41,1
16.315712928771973,208.17,1
17.659706592559814,164.66,1
18.99856948852539,141.03,1
20.337294578552246,132.21,1
21.756405115127563,125.17,1
23.160621881484985,122.86,1
24.56643271446228,121.9,1
25.986878156661987,118.38,1
27.391151189804077,117.52,1
28.799590587615967,119.55,1
30.217638731002808,120.76,1
31.567400693893433,120.34,1
32.98004102706909,120.31,1
34.38213515281677,120.55,1
35.72880291938782,119.93,1
37.14836287498474,120.24,1
38.48509359359741,120.24,1
39.88877463340759,119.9,1
41.24195575714111,120.03,1
42.58147621154785,119.55,1
43.92781472206116,119.45,1
45.33036470413208,119.24,1
46.676246643066406,118.9,1
54.06512451171875,-3.45,0
55.3785502910614,-3.45,0
56.690672159194946,-3.41,0
58.015536308288574,-3.45,0
59.33606839179993,-3.41,0
60.65505409240723,-3.48,0
61.96006989479065,-3.48,0
63.283833026885986,-3.45,0
67.89928531646729,538.41,1
69.32614135742188,721.79,1
70.66376566886902,599.93,1
72.0736472606659,423.31,1
73.4092161655426,303.14,1
74.75143837928772,227.07,1
76.10514450073242,180.0,1
77.44423198699951,151.31,1
78.86250972747803,132.69,1
80.26663494110107,125.62,1
81.684650182724,122.69,1
83.08674764633179,121.41,1
84.50733947753906,120.97,1
