1.1086022853851318,-1.9
2.321885585784912,-1.83
3.5645382404327393,-1.9
4.775907039642334,-2.0
6.005326986312866,-1.9
10.578083038330078,37.1
11.99381709098816,70.0
13.40682053565979,97.72
14.819839239120483,120.55
16.228031396865845,141.86
17.570186614990234,160.93
18.91469693183899,179.34
20.328771352767944,195.24
21.73671579360962,209.1
23.146073579788208,218.17
24.553997039794922,223.28
25.965121269226074,223.21
27.382773637771606,219.24
28.79087996482849,212.48
30.20261240005493,202.52
31.61470603942871,190.03
33.02339696884155,174.93
34.376173973083496,162.86
35.787612199783325,150.34
37.18496608734131,138.62
38.59722352027893,128.24
39.95168876647949,119.03
41.35601305961609,110.62
42.704326152801514,102.69
44.04578185081482,95.62
45.38992643356323,89.45
46.73531436920166,83.21
48.07379961013794,77.79
49.47892093658447,72.24
50.82857871055603,67.62
52.238967180252075,62.93
53.58475995063782,58.9
60.87699484825134,8.31
62.19860625267029,8.38
63.51469039916992,8.41
64.86141991615295,8.41
66.17285704612732,8.41
67.47677946090698,8.45
68.78172636032104,8.45
70.08849859237671,8.45
71.38949608802795,8.52
72.69921278953552,8.48
74.00131678581238,8.48
75.30508279800415,8.55
76.64410305023193,8.55
77.94926738739014,8.52
79.26165509223938,8.52
80.57481527328491,8.52
85.14121341705322,1.55
86.4787917137146,1.55
87.82615184783936,12.14
89.16745400428772,20.59
90.57275772094727,26.93
91.99563932418823,30.48
93.33572840690613,32.9
94.67781376838684,36.1
96.08370304107666,36.9
97.49670600891113,37.1
98.9050452709198,37.17
100.32795262336731,37.24
101.72998690605164,37.1
103.14049220085144,39.45
104.5626630783081,39.93
105.9763491153717,39.83
107.37344479560852,40.1
108.79803323745728,41.07
110.20677900314331,40.72
111.61828112602234,39.97
113.0183367729187,39.31
114.44055986404419,40.07
115.85123491287231,40.72
117.26172018051147,40.9
118.67081332206726,40.07
120.08091473579407,39.34
121.4903347492218,39.97
122.90333414077759,40.55
124.32057452201843,39.79
125.73326277732849,39.34
127.13584661483765,40.45
128.54550194740295,40.21
129.9691014289856,39.38
131.3701388835907,39.79
132.78061175346375,39.55
134.1979537010193,40.83
135.6170961856842,40.21
137.02760577201843,41.24
138.43307042121887,40.66
139.84699869155884,39.83
141.26055812835693,39.31
142.664564371109,39.83
144.07444953918457,39.17
145.48520421981812,40.55
146.91047286987305,40.17
148.31644248962402,41.0
149.72157645225525,40.59
151.14577746391296,39.83
152.55654788017273,39.17
153.95808935165405,40.79
155.3750865459442,40.28
156.79099440574646,39.72
158.2023696899414,40.07
159.60491132736206,40.93
160.9533839225769,40.72
162.30082488059998,39.93
163.7011067867279,40.31
165.11182618141174,39.66
172.42231798171997,1.17
173.7212414741516,1.14
175.03563141822815,1.28
176.33966255187988,1.14
177.64799666404724,1.24
178.95265293121338,1.24
180.25925207138062,1.24
181.59394526481628,1.21
182.90086364746094,1.24
184.20422053337097,1.21
185.50695371627808,1.24
186.81140065193176,1.31
188.11830878257751,1.21
189.41904473304749,1.24
190.72853660583496,1.31
192.04440212249756,1.24
196.63913559913635,278.14
198.04674291610718,355.03
199.46594738960266,361.1
200.88113713264465,294.52
202.29400753974915,233.72
203.70665073394775,181.45
205.1049621105194,141.28
212.46889734268188,-1.45
213.7827591896057,-1.41
215.09421682357788,-1.41
216.40981698036194,-1.52
217.71414613723755,-1.52
219.01979875564575,-1.52
220.325443983078,-1.41
221.63931345939636,-1.45
226.242840051651,1.9
227.65568017959595,24.0
229.07450366020203,46.14
230.49095630645752,61.45
231.8326005935669,69.28
233.24090266227722,76.24
234.5894627571106,80.86
235.98816895484924,85.1
237.40137839317322,89.66
238.81586527824402,91.69
240.22685289382935,94.1
241.64850568771362,95.03
243.04710459709167,97.0
244.4604847431183,97.28
245.87320280075073,98.69
247.2813229560852,99.03
248.69920873641968,98.97
250.10307574272156,99.1
251.52817010879517,98.93
252.93943452835083,98.93
254.33756852149963,98.83
255.76227045059204,98.79
257.1642622947693,100.76
258.57908177375793,99.24
259.9944884777069,99.03
261.4087460041046,99.17
262.80832862854004,100.93
264.23540210723877,99.14
265.63863801956177,99.83
267.0561032295227,99.62
268.45805835723877,98.76
275.8322570323944,1.72
277.144238948822,1.76
278.4641659259796,1.76
279.77600860595703,1.72
281.09051728248596,1.69
282.4027352333069,1.72
283.72411155700684,1.76
285.07570815086365,1.72
