1.1103260517120361,-1.86,0
2.3551502227783203,-1.9,0
3.5710129737854004,-1.86,0
4.777022123336792,-1.83,0
9.371337890625,6.52,1
10.782179117202759,84.14,1
12.195044755935669,132.03,1
13.608710527420044,167.9,1
15.020081043243408,201.48,1
16.432109117507935,231.93,1
17.84499502182007,260.41,1
19.187713861465454,279.93,1
20.59868812561035,291.45,1
22.010998010635376,294.41,1
23.422545671463013,290.69,1
24.834479570388794,281.38,1
26.246045351028442,265.86,1
27.658231019973755,251.97,1
29.070804834365845,238.83,1
30.482882976531982,227.24,1
31.8929386138916,215.93,1
33.30419063568115,204.62,1
34.71560215950012,194.38,1
36.05856657028198,184.72,1
37.47143077850342,175.41,1
38.88204526901245,166.59,1
40.29421329498291,157.48,1
41.70503234863281,149.59,1
43.116312742233276,141.76,1
44.52732825279236,134.41,1
45.93910050392151,127.52,1
53.2428617477417,1.21,0
54.60040330886841,1.0,0
55.917410135269165,0.97,0
57.23719930648804,1.14,0
58.55888605117798,1.07,0
59.88044357299805,1.07,0
61.20044922828674,1.07,0
62.5211923122406,1.1,0
67.11710405349731,18.24,1
68.53017950057983,20.83,1
69.94360446929932,36.14,1
71.3554379940033,48.52,1
72.76814723014832,54.41,1
74.17806768417358,55.31,1
75.58954572677612,59.17,1
77.00058150291443,59.52,1
78.41122651100159,59.62,1
79.82359457015991,59.69,1
81.23516583442688,59.34,1
82.6476058959961,60.52,1
84.060626745224,60.38,1
85.47212767601013,60.59,1
86.88471627235413,60.97,1
88.2956473827362,60.93,1
89.70713233947754,60.41,1
91.11696529388428,60.24,1
92.52854418754578,60.31,1
93.9396960735321,59.83,1
95.35107445716858,58.93,1
96.76266050338745,58.79,1
98.17487096786499,57.45,1
99.58773732185364,58.76,1
100.99993968009949,60.52,1
102.4116907119751,60.0,1
103.8237738609314,59.41,1
105.23493242263794,59.45,1
106.64573574066162,60.21,1
108.05682396888733,59.48,1
109.46843814849854,58.52,1
110.87943363189697,58.86,1
112.29023957252502,58.0,1
113.70310473442078,60.24,1
115.11586093902588,57.34,1
116.52846264839172,59.07,1
117.93988037109375,61.03,1
119.35202097892761,60.24,1
120.76333594322205,59.66,1
122.17401194572449,58.83,1
123.58450698852539,58.03,1
124.99538469314575,61.07,1
126.40696358680725,60.21,1
127.81828761100769,61.55,1
129.22996735572815,61.07,1
130.64339971542358,62.03,1
132.05529880523682,61.59,1
133.4670968055725,61.34,1
134.8793773651123,61.0,1
136.29152297973633,61.79,1
137.7026903629303,61.21,1
139.11304330825806,61.62,1
140.5239758491516,60.14,1
141.93566155433655,57.79,1
143.34607553482056,59.34,1
144.75681471824646,58.21,1
146.17104363441467,60.17,1
147.58276391029358,61.0,1
148.9941544532776,60.79,1
150.4066560268402,61.0,1
151.8187096118927,59.28,1
153.23058557510376,60.55,1
154.64114236831665,60.28,1
156.05205273628235,60.41,1
157.46383357048035,60.17,1
158.87462782859802,60.38,1
160.28509402275085,59.86,1
161.69721484184265,59.45,1
163.1092255115509,58.24,1
164.5219247341156,58.59,1
165.93330550193787,60.03,1
167.3458743095398,60.28,1
168.68712162971497,60.41,1
170.0992248058319,59.69,1
171.51075839996338,59.0,1
172.92262721061707,60.14,1
174.33431124687195,59.41,1
175.74632120132446,60.31,1
177.1578984260559,59.48,1
178.57024836540222,59.48,1
179.98235321044922,59.52,1
181.39348697662354,60.17,1
182.7370240688324,60.52,1
184.1494014263153,59.66,1
185.56132292747498,58.79,1
186.97375798225403,59.31,1
188.38591742515564,59.0,1
189.72844052314758,59.14,1
191.13980913162231,58.97,1
198.44449663162231,-1.38,0
199.74907779693604,-1.52,0
201.06251764297485,-1.52,0
202.40662956237793,-1.59,0
203.72421145439148,-1.79,0
205.0301706790924,-1.86,0
206.3430531024933,-1.86,0
207.65584111213684,-1.83,0
212.24123167991638,19.72,1
213.58661246299744,17.55,1
215.00018501281738,36.17,1
216.41255450248718,46.83,1
217.82606554031372,51.41,1
219.23817372322083,56.66,1
220.6495921611786,57.21,1
222.06067395210266,56.69,1
223.47102761268616,57.72,1
224.88262391090393,58.41,1
226.29370713233948,60.69,1
227.70392870903015,60.72,1
229.1163456439972,60.97,1
230.52842712402344,59.9,1
231.9407479763031,59.0,1
233.3527593612671,60.69,1
234.76592421531677,61.0,1
236.17778205871582,60.97,1
237.5889093875885,61.03,1
238.9998722076416,60.93,1
240.41043519973755,59.83,1
241.82241582870483,58.76,1
243.2328372001648,58.97,1
244.64486050605774,58.41,1
246.0568597316742,57.48,1
247.46924018859863,58.45,1
248.8808786869049,60.41,1
250.2938883304596,60.34,1
251.70631885528564,60.9,1
253.11739873886108,60.97,1
254.52844762802124,60.72,1
255.93986821174622,61.03,1
257.3498709201813,63.38,1
258.76096296310425,62.34,1
260.1724486351013,61.93,1
261.5844852924347,62.24,1
262.9963676929474,61.34,1
264.4081840515137,60.66,1
265.8212375640869,59.69,1
267.23304200172424,58.86,1
268.6450319290161,58.59,1
270.0565619468689,60.28,1
271.4676764011383,60.55,1
272.8780405521393,60.9,1
274.28910732269287,60.52,1
275.700345993042,60.69,1
277.1110944747925,60.9,1
278.52381587028503,60.9,1
279.93493723869324,61.17,1
281.3485817909241,60.93,1
282.7600767612457,60.76,1
284.1723415851593,59.97,1
285.58464455604553,60.79,1
286.9950635433197,60.62,1
288.40612292289734,60.07,1
289.8172986507416,59.66,1
291.2283236980438,59.03,1
292.6400001049042,60.97,1
294.0507709980011,61.0,1
295.4620990753174,60.62,1
296.87511944770813,60.72,1
298.28822922706604,60.79,1
299.6992754936218,61.0,1
301.11128997802734,60.41,1
302.52340030670166,60.48,1
303.93451046943665,60.55,1
305.345308303833,61.1,1
306.757071018219,59.69,1
308.16733598709106,57.83,1
309.5783829689026,59.38,1
310.98934388160706,58.76,1
312.40249967575073,58.31,1
313.81506633758545,60.62,1
315.22694540023804,61.1,1
316.63814759254456,61.52,1
318.0503304004669,61.45,1
319.4624834060669,61.45,1
320.80680227279663,61.72,1
322.2184491157532,61.83,1
323.63033509254456,61.17,1
325.04257464408875,60.1,1
326.3844680786133,59.41,1
327.7953243255615,59.31,1
329.20701479911804,60.79,1
330.61850094795227,60.03,1
331.9615087509155,59.72,1
333.3738934993744,59.31,1
334.7850024700165,58.76,1
336.1962640285492,61.17,1
343.4947557449341,-0.52,0
344.808607339859,-0.52,0
346.1193196773529,-0.59,0
347.42562103271484,-0.69,0
348.76519227027893,-0.66,0
350.0746343135834,-0.45,0
351.3816418647766,-0.62,0
352.6971218585968,-0.59,0
357.27273511886597,3.14,1
358.68624210357666,4.86,1
360.02971744537354,7.79,1
361.44273710250854,12.55,1
362.85711908340454,18.48,1
364.26845145225525,25.62,1
365.6130087375641,32.83,1
367.02578139305115,40.69,1
368.4382565021515,46.52,1
369.84966826438904,54.52,1
371.2620360851288,60.97,1
372.673930644989,66.41,1
374.0850739479065,71.34,1
375.49552369117737,75.55,1
376.9072160720825,79.24,1
378.3181667327881,80.55,1
379.7298605442047,83.86,1
381.1424603462219,84.55,1
382.5543701648712,85.03,1
383.96664667129517,84.52,1
385.377916097641,83.52,1
386.78995513916016,81.83,1
388.20116090774536,79.48,1
389.613076210022,77.41,1
391.0244233608246,74.03,1
392.43480134010315,71.17,1
393.8457181453705,67.28,1
395.25742268562317,64.14,1
396.6692259311676,60.97,1
398.0814399719238,57.83,1
399.49300241470337,55.48,1
400.90560245513916,53.03,1
402.3174772262573,51.07,1
403.73024559020996,49.79,1
405.1416509151459,48.83,1
406.5520167350769,48.28,1
407.96308398246765,48.03,1
409.37458968162537,48.38,1
410.78521275520325,48.72,1
412.19673681259155,49.59,1
413.60783410072327,50.66,1
415.0203266143799,52.21,1
416.4318926334381,53.55,1
417.84405755996704,55.21,1
419.2571041584015,56.72,1
420.66939783096313,58.14,1
422.07981634140015,59.59,1
423.49147295951843,60.83,1
424.9022011756897,62.52,1
426.3137352466583,63.48,1
427.7244713306427,64.34,1
429.13522815704346,65.48,1
430.5473473072052,65.83,1
431.9591073989868,66.17,1
433.37146162986755,66.21,1
434.78439950942993,65.72,1
436.19603300094604,66.34,1
437.60887360572815,66.1,1
439.0194399356842,66.14,1
440.4309079647064,65.31,1
441.84165954589844,64.79,1
443.2526605129242,63.76,1
444.6640431880951,63.24,1
446.07398891448975,62.34,1
447.4863471984863,61.86,1
448.8984053134918,61.07,1
450.3114182949066,60.48,1
451.7233967781067,60.28,1
453.1354351043701,59.52,1
454.54771542549133,58.93,1
455.9582681655884,58.72,1
457.36988282203674,58.1,1
458.7812042236328,57.48,1
460.19213819503784,57.69,1
461.60242223739624,57.38,1
463.0139708518982,57.62,1
464.42622923851013,57.52,1
465.83852529525757,57.48,1
467.25064635276794,55.93,1
468.6625518798828,57.97,1
470.0752274990082,58.07,1
471.48657155036926,58.24,1
472.8982484340668,58.52,1
474.30980157852173,59.38,1
475.7196042537689,59.24,1
477.1306400299072,59.59,1
478.54170536994934,58.86,1
479.9526364803314,60.31,1
481.36594247817993,60.66,1
488.730712890625,1.66,0
490.0477135181427,1.69,0
491.3698761463165,1.66,0
492.68679690361023,1.72,0
494.008935213089,1.69,0
495.32855463027954,1.72,0
496.6487784385681,1.69,0
497.9637711048126,1.69,0
499.218945980072,1.69,0
500.430721282959,1.55,0
501.65256094932556,-1.38,0
502.8595142364502,-1.45,0
504.07843112945557,-1.55,0
505.29269433021545,-1.69,0
506.5128183364868,-1.72,0
507.7288885116577,-1.62,0
508.97700333595276,-1.66,0
510.19093322753906,-1.66,0
511.72393822669983,-1.76,0
512.0510251522064,-1.72,0
512.3674156665802,-1.72,0
512.6905045509338,-1.76,0
513.0061283111572,-1.79,0
513.4439542293549,-1.72,0
513.9351449012756,-1.72,0
