1.1183767318725586,-1.31,0
2.3464701175689697,-1.31,0
3.5575084686279297,-1.31,0
4.76167893409729,-1.38,0
9.348649740219116,18.07,1
10.761658668518066,41.72,1
12.174712419509888,31.59,1
13.586653232574463,40.62,1
14.929192781448364,38.0,1
16.329888582229614,41.28,1
17.75073504447937,42.86,1
19.10016441345215,31.14,1
20.504950523376465,39.45,1
21.8454327583313,42.59,1
23.26436758041382,32.79,1
24.59584879875183,40.21,1
26.022446155548096,42.38,1
27.426719665527344,43.41,1
28.833510875701904,44.72,1
30.252939462661743,32.24,1
31.66224455833435,40.03,1
33.06686878204346,29.59,1
34.41936469078064,38.03,1
35.76063370704651,42.31,1
37.098002433776855,34.38,1
38.50507950782776,40.79,1
39.916908979415894,30.66,1
41.272273540496826,38.79,1
42.67681813240051,42.45,1
44.094427824020386,42.83,1
45.496912479400635,43.72,1
46.85271954536438,42.9,1
48.19674515724182,31.17,1
49.6083300113678,38.9,1
51.006388425827026,42.28,1
52.34837007522583,31.34,1
53.769983768463135,38.83,1
55.17621397972107,42.07,1
56.59824848175049,42.14,1
58.00318431854248,31.9,1
59.42240357398987,38.9,1
60.82616424560547,41.79,1
62.233115673065186,42.9,1
63.649232149124146,42.0,1
64.99922943115234,42.62,1
66.41123461723328,31.86,1
67.74961495399475,38.21,1
69.16405963897705,41.31,1
70.57540154457092,42.34,1
77.8902177810669,12.62,0
79.19109845161438,12.66,0
80.48213720321655,12.52,0
81.78987622261047,12.55,0
83.09884786605835,12.41,0
84.4033317565918,12.48,0
85.71306991577148,12.38,0
87.0610945224762,12.34,0
88.37211465835571,12.34,0
89.67672944068909,12.31,0
90.98299169540405,12.24,0
92.28817892074585,12.34,0
93.60653400421143,12.28,0
94.90976333618164,12.21,0
96.22310757637024,12.17,0
97.55999803543091,11.97,0
102.17396688461304,11.9,1
103.57713484764099,37.21,1
104.98683714866638,41.93,1
106.4036955833435,29.97,1
107.80564594268799,37.28,1
109.21808242797852,40.24,1
110.63531422615051,41.66,1
112.05489444732666,42.21,1
113.4636218547821,42.0,1
114.8717360496521,28.28,1
116.2848870754242,36.97,1
117.68943762779236,39.76,1
119.11323809623718,40.93,1
120.5148515701294,35.52,1
121.9315812587738,31.83,1
123.33443689346313,32.1,1
124.75595927238464,36.55,1
126.16284012794495,39.1,1
127.58180785179138,40.21,1
128.91672658920288,40.28,1
130.33572793006897,40.28,1
131.74071288108826,40.52,1
133.14871096611023,40.34,1
134.5544946193695,40.14,1
135.97511219978333,39.93,1
137.39296913146973,39.59,1
138.79484915733337,39.86,1
140.1332712173462,39.79,1
141.55479550361633,39.59,1
142.96954584121704,39.52,1
144.3740348815918,39.45,1
145.77836871147156,39.31,1
147.19272780418396,39.21,1
148.6017518043518,38.97,1
150.01377391815186,39.0,1
151.439350605011,42.21,1
152.8435504436493,42.1,1
154.26352262496948,41.52,1
155.6748287677765,40.86,1
157.0776345729828,40.14,1
158.42674684524536,39.34,1
159.82934165000916,38.93,1
161.18477082252502,38.28,1
162.51644492149353,37.93,1
163.87066173553467,37.79,1
171.17047667503357,7.9,0
172.46794891357422,7.79,0
173.7745499610901,7.55,0
175.0778820514679,7.17,0
176.38567423820496,6.38,0
177.69634699821472,5.38,0
178.99587082862854,5.0,0
180.29853892326355,5.52,0
181.49473357200623,6.9,0
182.74170207977295,8.41,0
183.93702220916748,11.48,0
185.13867282867432,12.34,0
186.32665848731995,13.03,0
187.5387086868286,13.62,0
188.73450565338135,14.07,0
189.93973970413208,14.48,0
191.16595101356506,14.83,0
