1.106619119644165,-0.62
2.312619686126709,-0.72
3.5406434535980225,-0.72
4.735440731048584,-0.72
7.495525121688843,11.14
8.89810562133789,26.1
10.3070969581604,40.17
11.729898691177368,53.14
13.14203929901123,64.1
14.552411794662476,73.93
15.963197469711304,83.07
17.299906969070435,91.79
18.644136905670166,100.31
22.330607414245605,0.86
23.626738786697388,0.17
24.94538950920105,-0.21
26.250857830047607,-0.45
27.551220178604126,-0.48
28.89021921157837,-0.55
30.21213936805725,-0.62
31.517451763153076,-0.72
32.8326690196991,-0.62
34.13512349128723,-0.55
35.42422032356262,-0.62
36.73337364196777,-0.69
38.03492546081543,-0.69
39.37350392341614,-0.69
40.68199324607849,-0.69
41.97565031051636,-0.69
44.729344606399536,223.83
46.068968296051025,304.41
47.41931629180908,335.48
51.108898639678955,11.83
52.42230176925659,12.07
53.758095502853394,12.31
55.061575412750244,12.52
56.36646342277527,12.59
57.67390775680542,12.69
58.99694228172302,12.83
60.315035820007324,12.79
61.62367057800293,12.86
62.976367235183716,12.9
64.28638958930969,12.93
65.59072232246399,13.03
66.89267420768738,13.07
68.19422268867493,13.0
69.51088666915894,13.1
70.81626629829407,13.07
73.57021141052246,223.1
74.92223811149597,302.24
76.32280707359314,333.52
80.01730680465698,11.93
81.34319519996643,12.21
82.64411878585815,12.52
83.94648122787476,12.48
85.25599932670593,12.41
86.5606791973114,12.55
87.90198683738708,12.59
89.20127487182617,12.45
91.96445965766907,221.48
93.2986273765564,300.38
94.6491367816925,330.83
95.98681426048279,339.48
97.40808176994324,342.07
98.75016903877258,341.93
102.51888179779053,3.41
103.82193946838379,3.62
105.1460349559784,3.72
106.44418239593506,3.59
107.75496315956116,3.79
109.07474851608276,3.72
110.39044761657715,3.66
111.7045967578888,3.79
