1.1069691181182861,0.83
2.309232473373413,0.9
3.546715497970581,0.9
4.750770568847656,0.86
9.312002182006836,0.83
10.724810361862183,2.38
12.138583183288574,7.17
13.552648544311523,13.69
14.953277587890625,21.83
16.364578247070312,31.14
17.71993923187256,41.07
19.065131902694702,50.9
20.40730309486389,60.14
21.81166410446167,69.9
23.23576807975769,79.55
24.578947067260742,88.72
25.981099128723145,98.1
27.395575523376465,107.31
28.80663299560547,115.9
30.223408937454224,123.76
31.623807430267334,131.03
33.044615030288696,137.34
34.45251679420471,142.41
35.80318784713745,146.38
43.097692012786865,1.24
44.446284532547,1.07
45.76067090034485,0.9
47.07244277000427,0.97
48.38966464996338,0.9
49.70663237571716,0.86
51.02831411361694,0.93
