1.110154151916504,-2.17,0
2.3505682945251465,-2.24,0
3.5566413402557373,-2.21,0
4.765130281448364,-2.28,0
9.344218015670776,-3.55,1
10.756701469421387,-2.0,1
12.16827654838562,-1.45,1
13.56922459602356,-1.21,1
14.919929027557373,-1.1,1
16.3274188041687,-1.1,1
17.67752504348755,-1.03,1
19.01395845413208,-1.0,1
20.36466383934021,-1.0,1
21.710055828094482,-0.93,1
23.055654287338257,-0.69,1
24.393043756484985,-0.97,1
25.743964910507202,-0.83,1
27.151964902877808,-0.48,1
28.56094741821289,-0.69,1
29.979864835739136,-0.17,1
31.391578435897827,-0.34,1
32.812246561050415,-0.14,1
34.14726495742798,-0.17,1
35.49184513092041,-0.41,1
36.9114944934845,-0.03,1
38.3169219493866,0.28,1
39.735475301742554,1.03,1
41.148784160614014,-0.03,1
42.54888939857483,0.69,1
43.96142601966858,0.24,1
45.3830201625824,1.0,1
46.72026085853577,0.66,1
48.14283037185669,0.31,1
49.47731351852417,0.38,1
50.82404160499573,-1.14,1
52.163106203079224,-1.28,1
53.513360023498535,-1.66,1
54.85866904258728,-1.79,1
56.20512676239014,-1.83,1
57.606870889663696,-1.83,1
59.02279543876648,-1.86,1
60.433188915252686,-1.97,1
61.778441190719604,-1.93,1
63.20131254196167,-1.97,1
64.6082055568695,-2.0,1
65.9525716304779,-2.0,1
67.2950689792633,-2.07,1
68.64023685455322,-2.0,1
70.04843306541443,-2.03,1
71.39294743537903,-1.97,1
72.74320006370544,-2.14,1
