1.117887258529663,-2.48,0
2.3550291061401367,-2.93,0
3.5542356967926025,-1.03,0
4.767286539077759,-1.24,0
5.977510213851929,-1.21,0
7.1930108070373535,-1.52,0
8.39155387878418,-1.55,0
9.603331565856934,-1.55,0
14.200453042984009,379.41,1
15.612510442733765,168.69,1
17.02420473098755,132.34,1
18.361525774002075,138.07,1
19.698403120040894,126.34,1
21.119699954986572,131.17,1
22.532636404037476,123.86,1
23.941638231277466,129.69,1
25.35293412208557,127.79,1
26.76521944999695,116.69,1
28.172380685806274,123.34,1
29.586677312850952,108.24,1
31.002068042755127,102.62,1
32.414294719696045,103.97,1
33.81784987449646,90.31,1
35.161131620407104,87.55,1
36.501559019088745,84.66,1
37.92292046546936,81.28,1
39.3246328830719,78.76,1
40.74612736701965,76.83,1
42.152960777282715,67.97,1
43.570130348205566,71.03,1
44.97281622886658,68.66,1
46.391441106796265,66.17,1
