1.102140188217163,-1.93,0
2.35725736618042,-2.0,0
3.5713295936584473,-1.97,0
4.794341325759888,-1.86,0
6.016611337661743,-2.0,0
7.241456747055054,-1.9,0
11.821609020233154,156.79,1
13.234046697616577,254.45,1
14.576993703842163,263.76,1
15.988714218139648,64.86,1
17.399752140045166,38.55,1
18.811200618743896,29.41,1
20.154882669448853,23.28,1
21.49729013442993,23.69,1
22.841229915618896,23.31,1
24.18370747566223,23.31,1
25.595731735229492,23.55,1
27.008533239364624,22.72,1
28.351718187332153,22.59,1
29.69482135772705,22.34,1
31.10682511329651,22.28,1
32.51904630661011,22.1,1
33.93255257606506,22.0,1
35.344563007354736,21.31,1
36.75843572616577,21.17,1
38.171430349349976,21.59,1
39.58407425880432,21.07,1
40.99569129943848,20.69,1
42.34109973907471,20.24,1
43.753480672836304,21.45,1
45.16654920578003,20.79,1
46.57957577705383,20.34,1
47.9917995929718,20.03,1
49.40538191795349,19.59,1
50.817381143569946,18.97,1
52.229896545410156,18.07,1
53.641913175582886,17.83,1
60.951188802719116,-1.9,0
62.2788302898407,-1.86,0
63.603206396102905,-1.9,0
64.95638346672058,-1.93,0
66.26348614692688,-2.0,0
67.56799221038818,-1.9,0
68.87825965881348,-1.9,0
70.17920279502869,-2.0,0
71.49681544303894,-1.93,0
72.81654810905457,-1.93,0
74.12490749359131,-1.97,0
75.47195196151733,-1.9,0
76.78226590156555,-1.86,0
78.08525848388672,-1.93,0
79.39475893974304,-1.97,0
80.70492720603943,-2.0,0
85.29389882087708,42.59,1
86.63700890541077,31.97,1
88.04963803291321,29.59,1
89.39412331581116,29.45,1
90.80720162391663,28.97,1
92.15239667892456,28.55,1
93.56509280204773,28.48,1
94.90825819969177,28.45,1
96.25286412239075,28.69,1
97.66426849365234,28.41,1
99.07624173164368,28.28,1
100.48920679092407,28.38,1
101.90153646469116,28.79,1
103.24635767936707,27.76,1
104.65826678276062,28.59,1
106.06958198547363,28.83,1
107.48211002349854,28.59,1
108.89418935775757,28.62,1
110.30774641036987,28.21,1
111.651127576828,28.66,1
112.99449491500854,28.38,1
114.33925771713257,28.76,1
115.75133776664734,28.48,1
117.16322159767151,28.03,1
118.57541584968567,29.07,1
119.98714470863342,42.17,1
121.40018367767334,38.38,1
122.74425411224365,37.59,1
124.15524697303772,38.24,1
125.5667655467987,37.97,1
126.97725105285645,37.72,1
128.31994009017944,51.41,1
129.7339358329773,46.86,1
131.1458854675293,45.59,1
132.48818159103394,46.03,1
133.89826250076294,57.52,1
135.2427954673767,55.41,1
136.65460634231567,55.14,1
138.06471610069275,55.0,1
139.47601199150085,71.72,1
140.8872435092926,70.86,1
142.23121166229248,68.69,1
143.64325046539307,68.45,1
145.05522871017456,68.48,1
146.46777653694153,68.17,1
147.87886118888855,68.14,1
149.28997135162354,68.1,1
150.70022583007812,68.1,1
152.11185121536255,68.28,1
153.52233242988586,68.21,1
154.93402552604675,68.17,1
156.34564542770386,68.24,1
157.68923354148865,68.0,1
159.10023522377014,68.03,1
160.5116457939148,68.1,1
161.85547494888306,68.1,1
163.2677767276764,68.1,1
164.60921812057495,68.14,1
171.91021966934204,-1.31,0
173.21382021903992,-1.14,0
174.52923107147217,-1.03,0
175.82989597320557,-0.72,0
177.14033484458923,-0.59,0
178.4553828239441,-0.38,0
179.7991921901703,-0.31,0
181.1061728000641,-0.24,0
185.70603680610657,0.1,1
187.0492296218872,6.83,1
188.46136260032654,12.07,1
189.80620884895325,16.86,1
191.14918971061707,19.97,1
192.56120920181274,23.28,1
193.97324872016907,27.59,1
195.38719272613525,30.9,1
196.7301983833313,32.79,1
198.07498860359192,34.86,1
199.41816401481628,37.38,1
200.76336431503296,39.45,1
202.10597968101501,42.14,1
203.452050447464,43.83,1
204.86357831954956,46.34,1
206.20724487304688,48.14,1
207.61841821670532,51.31,1
209.02920293807983,53.17,1
210.37317728996277,54.48,1
211.78487038612366,57.28,1
213.12818455696106,59.31,1
214.5391767024994,60.79,1
215.95034265518188,62.97,1
217.36381649971008,64.76,1
218.77575659751892,66.07,1
220.18719339370728,67.55,1
221.59994387626648,68.34,1
223.01057147979736,68.24,1
224.3554859161377,68.17,1
225.76758575439453,68.14,1
227.1791079044342,67.97,1
228.59105396270752,67.97,1
230.0034201145172,68.07,1
231.41573429107666,67.72,1
232.75892782211304,67.86,1
234.1704604625702,68.03,1
235.5823037624359,67.66,1
236.99502396583557,67.86,1
238.3361713886261,67.83,1
239.7484633922577,67.79,1
241.15902376174927,67.86,1
242.57008743286133,67.86,1
243.98217034339905,67.97,1
245.39458107948303,67.76,1
246.80618286132812,67.62,1
248.21740770339966,67.62,1
249.63017416000366,67.69,1
251.04236316680908,67.69,1
252.45343494415283,67.76,1
253.86449480056763,67.69,1
261.16509532928467,0.9,0
262.4791650772095,1.07,0
263.82911109924316,1.17,0
265.1443178653717,1.24,0
266.458163022995,1.07,0
267.7790901660919,1.28,0
269.09279441833496,1.34,0
270.4069547653198,1.41,0
271.610160112381,1.48,0
272.85715889930725,1.62,0
274.0690665245056,1.52,0
275.2822732925415,1.66,0
276.48938727378845,1.66,0
277.7021870613098,1.66,0
278.9128634929657,1.66,0
280.1332275867462,1.69,0
