1.1050324440002441,-1.79,0
2.3451192378997803,-1.97,0
3.5570902824401855,-2.0,0
4.760160684585571,-1.93,0
9.335480690002441,262.9,1
10.678954839706421,256.21,1
12.091406106948853,255.24,1
19.384610891342163,-1.45,0
20.693143606185913,-1.66,0
22.036694049835205,-1.79,0
23.345152616500854,-1.93,0
24.647346019744873,-1.9,0
25.966932773590088,-1.79,0
27.27851104736328,-1.9,0
28.580984354019165,-1.83,0
33.191033363342285,1.72,1
34.529170751571655,-0.52,1
35.94741344451904,-1.03,1
37.35919380187988,-0.9,1
38.70322012901306,-0.76,1
40.1172571182251,0.66,1
41.46167516708374,0.79,1
42.87433838844299,1.45,1
44.218403816223145,1.83,1
45.63109564781189,2.38,1
47.04189443588257,3.48,1
48.454325675964355,5.0,1
49.86755990982056,5.69,1
51.280791997909546,7.03,1
52.62451195716858,7.28,1
54.034340381622314,7.38,1
55.448381423950195,8.24,1
56.84810209274292,8.66,1
58.274327993392944,8.79,1
59.68266677856445,8.69,1
61.09963536262512,9.14,1
62.513570070266724,9.1,1
63.85149550437927,9.55,1
65.20198392868042,10.34,1
66.530198097229,10.41,1
67.89012908935547,9.86,1
69.30318880081177,9.93,1
70.71402859687805,10.1,1
72.04996061325073,9.69,1
73.40336799621582,10.31,1
74.74637150764465,10.41,1
76.09132957458496,10.24,1
77.43232011795044,10.14,1
78.84824585914612,9.52,1
80.19254612922668,10.0,1
81.60430335998535,10.0,1
82.94968724250793,9.93,1
84.28350067138672,10.03,1
85.70469975471497,10.0,1
87.11775159835815,10.0,1
88.45039510726929,10.31,1
89.87383317947388,10.38,1
91.28563642501831,10.45,1
92.6984395980835,10.07,1
94.0331757068634,9.93,1
95.45601534843445,9.9,1
96.86533641815186,9.93,1
98.27997159957886,10.41,1
99.62511157989502,10.14,1
101.03314733505249,10.24,1
102.45138478279114,10.41,1
103.8511974811554,10.07,1
105.20831871032715,10.14,1
106.62195038795471,10.1,1
108.03558135032654,10.0,1
109.44841027259827,9.79,1
110.85126328468323,9.76,1
112.27352833747864,9.69,1
113.68456029891968,10.1,1
115.09750628471375,10.1,1
116.50966143608093,10.03,1
117.92378902435303,10.14,1
119.33379626274109,10.14,1
120.75039577484131,9.66,1
122.16297507286072,10.03,1
123.57590937614441,9.59,1
130.95132875442505,0.07,0
132.26803064346313,0.07,0
133.58734107017517,-0.24,0
134.90426397323608,-0.41,0
136.2149670124054,-0.52,0
137.5327296257019,-0.52,0
138.835303068161,-0.69,0
140.16242241859436,-0.66,0
144.7683985233307,1.79,1
146.18875408172607,-0.48,1
147.60115122795105,-0.34,1
149.01270127296448,1.07,1
150.41864657402039,1.83,1
151.8377845287323,3.83,1
153.25131487846375,5.31,1
154.6551501750946,6.69,1
156.06924748420715,7.97,1
157.485356092453,8.76,1
158.90070843696594,9.76,1
160.31570076942444,9.79,1
161.65304684638977,10.31,1
162.9998631477356,10.52,1
164.33374953269958,11.28,1
165.75216054916382,11.31,1
167.10427260398865,12.24,1
168.43547248840332,12.38,1
169.78592109680176,12.72,1
171.13741302490234,12.79,1
172.46928215026855,12.79,1
173.82547807693481,13.59,1
175.1688313484192,13.28,1
176.5815725326538,12.76,1
177.99358940124512,12.9,1
179.40666961669922,13.69,1
180.75132703781128,13.9,1
182.0957546234131,13.24,1
183.4345736503601,13.24,1
184.78469586372375,12.31,1
186.11779928207397,13.31,1
187.47391724586487,11.45,1
188.8846094608307,11.72,1
190.22021436691284,11.31,1
191.56978607177734,12.0,1
192.9871985912323,11.9,1
194.31761002540588,10.34,1
195.67038249969482,10.79,1
197.08922910690308,10.97,1
198.50345063209534,11.38,1
199.91531920433044,12.45,1
201.31889986991882,12.52,1
202.6680827140808,12.69,1
204.08492827415466,13.76,1
205.4189031124115,13.93,1
206.76966452598572,0.21,1
208.186598777771,-0.86,1
209.59058022499084,-1.21,1
210.94258975982666,-1.41,1
212.35199165344238,-1.48,1
213.69975304603577,-1.62,1
215.11180424690247,-1.62,1
216.5238437652588,-1.66,1
217.8681173324585,5.21,1
219.21191954612732,74.97,1
220.62066960334778,40.07,1
222.03563499450684,33.72,1
223.45077848434448,30.28,1
224.79510617256165,29.34,1
226.20475363731384,29.14,1
227.55131697654724,1.76,1
228.9642310142517,-0.28,1
230.37189197540283,-1.03,1
231.78824996948242,-1.28,1
233.13236927986145,-1.34,1
234.5372235774994,60.62,1
235.88945651054382,41.03,1
237.30215978622437,33.38,1
238.6471655368805,33.52,1
240.05469369888306,29.45,1
247.35548782348633,-0.03,0
248.67984008789062,-0.14,0
249.9918930530548,-0.21,0
251.30332922935486,-0.34,0
252.60593008995056,-0.48,0
253.9280390739441,-0.52,0
255.24206972122192,-0.62,0
256.58900451660156,-0.62,0
261.18736457824707,2.07,1
262.61217427253723,-0.1,1
264.0210621356964,0.59,1
265.4393882751465,2.07,1
266.77215337753296,4.83,1
268.19447350502014,7.66,1
269.6075155735016,9.52,1
271.02008080482483,11.24,1
272.4345335960388,12.66,1
273.83905720710754,14.14,1
275.2577612400055,15.59,1
276.67283058166504,15.9,1
278.08541321754456,17.41,1
279.4965944290161,18.1,1
280.90889954566956,18.0,1
282.3216965198517,18.28,1
283.7368891239166,18.38,1
285.1489360332489,20.66,1
286.55468249320984,20.21,1
287.9750943183899,20.1,1
289.38749074935913,20.21,1
290.799192905426,20.14,1
292.21122908592224,20.24,1
293.62328028678894,19.21,1
295.03532552719116,-385.55,1
296.44936966896057,256.86,1
297.86241030693054,249.86,1
299.2744519710541,247.97,1
300.6729884147644,241.21,1
308.0657365322113,-2.0,0
309.3742299079895,-1.97,0
310.69190073013306,-1.97,0
312.00456833839417,-2.03,0
313.32306456565857,-1.86,0
314.6382188796997,-1.97,0
315.9589762687683,-1.86,0
317.30671739578247,-1.97,0
321.901095867157,-1.83,1
323.2389814853668,-2.14,1
324.58915400505066,-1.9,1
325.9341809749603,-1.41,1
327.3473274707794,0.9,1
328.6899766921997,1.79,1
330.09153938293457,4.03,1
331.5152909755707,7.76,1
332.92831230163574,10.45,1
334.33956813812256,18.83,1
335.6760609149933,20.72,1
337.0216770172119,20.1,1
338.44226002693176,21.83,1
339.78679966926575,24.45,1
341.13047456741333,23.97,1
342.5435152053833,24.93,1
343.9424829483032,25.38,1
345.3014967441559,24.69,1
346.64559745788574,23.79,1
347.9909954071045,25.21,1
349.3346519470215,24.76,1
350.74667382240295,22.1,1
352.0916061401367,22.0,1
353.434734582901,23.69,1
354.8413598537445,22.48,1
356.25979709625244,21.17,1
357.58940386772156,19.62,1
358.942498922348,20.1,1
360.3568158149719,19.86,1
361.70389771461487,19.03,1
363.04233622550964,19.66,1
364.3925292491913,1.07,1
365.79154539108276,-0.69,1
367.14187264442444,-1.1,1
368.5621955394745,-1.34,1
369.8922348022461,-1.38,1
371.24031805992126,15.38,1
372.5941421985626,111.17,1
373.93846344947815,3.69,1
375.28217673301697,1.28,1
376.69420289993286,9.14,1
378.1069450378418,69.97,1
379.43919229507446,91.38,1
380.79188418388367,72.59,1
382.2059717178345,60.41,1
383.6173450946808,47.48,1
385.02937269210815,53.41,1
386.44203996658325,44.72,1
387.84216499328613,40.86,1
389.1962163448334,39.24,1
390.60812306404114,35.9,1
392.0087115764618,34.41,1
393.4238483905792,32.72,1
394.83957076072693,-36.41,1
