1.1080081462860107,-1.93,0
2.352180242538452,-1.9,0
3.5733296871185303,-1.79,0
4.778039216995239,-1.93,0
9.355133295059204,-1.86,1
10.769067287445068,-1.79,1
12.181782722473145,-1.52,1
13.595024585723877,-1.41,1
15.008398532867432,-1.31,1
16.420530080795288,-1.24,1
17.765470504760742,-1.03,1
19.10886812210083,-0.97,1
20.453974723815918,-0.86,1
21.866900205612183,-0.66,1
23.279592275619507,-0.38,1
24.69328212738037,-0.24,1
26.104745388031006,-0.1,1
27.517243146896362,0.0,1
28.92885112762451,0.1,1
30.3407986164093,0.52,1
31.75359296798706,4.97,1
33.167524576187134,116.69,1
34.5803120136261,1.69,1
35.92326879501343,1.07,1
37.26860547065735,1.55,1
38.68297719955444,8.45,1
40.094406843185425,15.97,1
41.50766658782959,1.14,1
42.920023918151855,0.72,1
44.33177852630615,1.93,1
45.7443950176239,9.1,1
47.08863639831543,10.83,1
48.50180792808533,66.72,1
49.91361927986145,1.03,1
51.32581877708435,0.17,1
52.738075494766235,0.0,1
54.15088891983032,0.9,1
55.56400489807129,2.66,1
56.97676968574524,7.03,1
58.38913869857788,7.17,1
