1.1088252067565918,-1.93,0
2.3474972248077393,-2.0,0
3.5550968647003174,-1.41,0
4.756109952926636,-2.24,0
9.33436632156372,3.34,1
10.679231882095337,1.62,1
12.022441148757935,-3.31,1
13.365396738052368,-196.14,1
14.769788980484009,-16.38,1
16.188637733459473,-4.83,1
17.59075117111206,-3.28,1
18.943397760391235,-2.59,1
20.28565764427185,-2.31,1
21.70349097251892,-2.07,1
23.10743808746338,-2.03,1
24.457837104797363,189.79,1
25.873374462127686,34.69,1
27.27812695503235,42.31,1
28.694217920303345,35.24,1
30.0986807346344,30.48,1
31.517156839370728,21.69,1
32.93705892562866,15.28,1
34.33707857131958,13.28,1
35.6897611618042,18.72,1
37.10024333000183,14.41,1
38.50490999221802,9.48,1
39.92028522491455,6.86,1
41.33779287338257,5.76,1
42.74496245384216,6.31,1
44.08392810821533,5.79,1
45.49936270713806,5.45,1
46.91618537902832,4.62,1
48.333664894104004,4.41,1
49.74316763877869,4.28,1
51.146790504455566,4.45,1
52.56441378593445,4.34,1
53.98290753364563,4.38,1
55.38992166519165,4.31,1
56.80568051338196,4.72,1
58.222848415374756,4.62,1
59.62598752975464,4.31,1
61.04022240638733,4.86,1
62.459540128707886,4.83,1
63.871752977371216,4.59,1
71.18454360961914,-0.86,0
72.4783456325531,-0.86,0
73.78429245948792,-0.66,0
75.12413597106934,-0.66,0
76.44573044776917,-0.66,0
77.75467085838318,-0.86,0
79.0626916885376,-0.9,0
80.37234282493591,-0.83,0
84.95577049255371,9.52,1
86.3079879283905,1.79,1
87.72515344619751,-1.34,1
89.13665962219238,-1.41,1
90.54348278045654,-214.03,1
91.96442747116089,-17.17,1
93.36731910705566,-4.03,1
94.70999836921692,-2.59,1
96.12923574447632,-2.1,1
97.54958009719849,-2.0,1
98.95898008346558,-1.45,1
100.36665487289429,-0.52,1
101.78179955482483,-0.34,1
103.1982913017273,-0.03,1
104.61208868026733,-0.72,1
106.01069569587708,0.62,1
107.42715764045715,0.1,1
108.78248262405396,0.17,1
110.19066548347473,1.34,1
111.60380244255066,0.76,1
113.00514459609985,0.28,1
114.4253351688385,0.14,1
115.84228277206421,0.14,1
117.24520182609558,0.83,1
118.66537189483643,1.17,1
120.0842912197113,0.97,1
121.48421096801758,0.76,1
122.90054535865784,0.41,1
124.31201171875,0.28,1
125.73195362091064,1.86,1
127.1391429901123,0.45,1
128.5549726486206,0.07,1
129.9713671207428,0.28,1
131.37349438667297,-1.03,1
132.7877390384674,-0.66,1
134.20575666427612,0.31,1
135.62029385566711,0.45,1
137.03516387939453,1.59,1
138.43427538871765,0.97,1
139.8530237674713,0.97,1
141.27354955673218,0.48,1
142.67911219596863,0.34,1
144.09266686439514,0.28,1
145.51093411445618,0.97,1
146.91245198249817,0.79,1
148.33656811714172,0.72,1
149.73795628547668,0.59,1
151.15412211418152,0.79,1
152.5711281299591,0.24,1
153.9746253490448,1.0,1
155.3928258419037,0.83,1
156.80694961547852,0.48,1
158.2245602607727,0.41,1
159.6287431716919,0.59,1
161.03995633125305,0.76,1
162.39410758018494,0.76,1
163.80592799186707,0.55,1
165.22240543365479,-0.1,1
166.55438470840454,-1.97,1
167.9067678451538,-0.28,1
169.3221561908722,-0.28,1
170.7240607738495,-0.03,1
172.07625007629395,0.0,1
173.41416096687317,0.03,1
174.83087062835693,0.14,1
176.16816473007202,0.1,1
177.5236361026764,0.21,1
178.86471724510193,0.14,1
180.2052173614502,0.14,1
181.54598355293274,0.03,1
182.9615969657898,2.24,1
184.31142568588257,1.0,1
185.71631026268005,0.66,1
187.06840085983276,0.38,1
188.40768432617188,-0.17,1
189.75168681144714,-0.52,1
191.0872983932495,-0.31,1
192.44295716285706,-0.03,1
193.7847900390625,0.14,1
195.13273429870605,0.03,1
196.47728371620178,0.14,1
197.87888312339783,0.97,1
199.2321925163269,0.79,1
200.64629673957825,0.17,1
202.04893898963928,0.03,1
203.40441989898682,0.41,1
204.8088092803955,-0.03,1
206.1588373184204,-0.03,1
207.56734538078308,0.0,1
208.98155403137207,0.03,1
210.39587664604187,-0.48,1
211.73534536361694,-0.79,1
213.1495361328125,286.69,1
214.49280762672424,382.52,1
215.89970636367798,273.52,1
223.20821285247803,-5.79,0
224.538822889328,-2.52,0
225.8424632549286,-2.07,0
227.1522912979126,-2.17,0
228.46027779579163,-2.21,0
229.76808404922485,-2.1,0
231.05810594558716,-2.14,0
232.36863136291504,-0.93,0
236.95684480667114,-5.48,1
238.37240958213806,-2.79,1
239.7884442806244,-1.21,1
241.191547870636,-0.21,1
242.53329014778137,-0.52,1
243.8870997428894,0.1,1
245.23362469673157,-0.07,1
246.64174580574036,0.31,1
248.05710673332214,0.79,1
249.45720171928406,0.86,1
250.87324953079224,1.0,1
252.29606461524963,1.03,1
253.70380568504333,1.03,1
255.12090277671814,0.34,1
256.4624402523041,0.62,1
257.871107339859,0.79,1
259.29150319099426,1.03,1
260.69129705429077,1.07,1
262.04364943504333,0.34,1
263.4591166973114,0.79,1
264.8585350513458,0.24,1
266.27567410469055,0.83,1
267.62997245788574,0.34,1
269.032107591629,1.83,1
270.385573387146,1.1,1
271.7999632358551,1.03,1
273.137330532074,0.38,1
274.54099106788635,0.38,1
275.96735286712646,0.86,1
277.31274151802063,0.07,1
278.71300077438354,0.48,1
280.1304941177368,0.52,1
281.467809677124,-0.03,1
282.8873167037964,0.31,1
284.2963824272156,0.45,1
285.70765137672424,0.79,1
287.12753796577454,0.72,1
288.5435953140259,0.69,1
289.95685935020447,0.66,1
291.35756063461304,0.69,1
292.7771553993225,-0.1,1
294.1947612762451,0.07,1
295.59857416152954,0.52,1
297.0225200653076,0.59,1
298.43216609954834,0.72,1
299.8434636592865,0.59,1
301.2470328807831,0.66,1
302.6654574871063,0.69,1
304.0094599723816,0.0,1
305.42493295669556,0.24,1
306.8309464454651,0.34,1
308.2504994869232,0.48,1
309.6660346984863,0.55,1
311.07116055488586,0.62,1
312.48971009254456,0.76,1
313.8986144065857,0.52,1
315.3160240650177,0.59,1
316.72832322120667,-0.34,1
318.1305434703827,-0.1,1
319.54831433296204,0.17,1
320.8956649303436,-0.41,1
322.24300718307495,-0.07,1
323.65114092826843,0.03,1
324.9911162853241,-0.48,1
326.409943819046,-0.17,1
327.7441701889038,-0.45,1
329.09236669540405,0.24,1
330.50747060775757,0.0,1
331.84587693214417,-0.48,1
333.20538663864136,0.28,1
334.54465103149414,-0.62,1
335.8804199695587,-0.1,1
337.2325801849365,-0.45,1
338.65094351768494,0.24,1
339.98841094970703,0.24,1
341.4063458442688,0.24,1
342.7468960285187,-0.45,1
344.16514921188354,-0.45,1
345.4987144470215,-0.62,1
346.9195442199707,-0.34,1
348.26415252685547,-0.03,1
349.6678216457367,0.14,1
351.0862362384796,-0.93,1
352.4886260032654,-0.52,1
353.8413999080658,-0.17,1
355.2573866844177,-0.66,1
356.59814262390137,-0.38,1
358.0164234638214,-0.21,1
359.3452272415161,-0.69,1
360.68923568725586,-0.28,1
362.1132764816284,-0.03,1
363.5261845588684,-0.62,1
364.8655996322632,-0.48,1
366.282732963562,-1.17,1
367.62793588638306,-1.55,1
368.96919560432434,-1.62,1
370.3065416812897,-1.76,1
371.72245836257935,-1.66,1
373.0728974342346,-1.72,1
374.48329424858093,-1.76,1
375.8246490955353,-1.79,1
377.24079942703247,-1.72,1
378.640496969223,-1.86,1
380.06582474708557,-1.76,1
381.3997104167938,-1.83,1
382.8158345222473,-1.76,1
384.1666188240051,-1.83,1
385.5812849998474,-2.9,1
386.9258918762207,-2.34,1
388.3294050693512,296.93,1
389.7380471229553,260.9,1
391.15636253356934,117.72,1
392.5002598762512,74.72,1
393.9178578853607,43.55,1
395.31862592697144,31.34,1
396.7387433052063,24.41,1
398.07683205604553,-189.62,1
405.403039932251,-2.03,0
406.7090711593628,-7.45,0
408.033198595047,-2.52,0
409.3427314758301,1.45,0
410.65674209594727,-6.31,0
411.99144315719604,-3.21,0
413.3011374473572,-2.17,0
414.6087694168091,-2.17,0
419.19068217277527,-5.28,1
420.52839374542236,-2.72,1
421.9448256492615,-0.45,1
423.29881024360657,0.41,1
424.7020971775055,0.72,1
426.12063479423523,1.66,1
427.53851532936096,1.48,1
428.8769590854645,1.24,1
430.2886612415314,1.07,1
431.6266083717346,1.17,1
433.0465223789215,1.69,1
434.46314811706543,1.38,1
435.8643295764923,1.17,1
437.2177183628082,1.17,1
438.63330459594727,1.66,1
440.03474164009094,1.45,1
441.45382499694824,1.1,1
442.8007936477661,1.1,1
444.2177951335907,1.59,1
445.62729954719543,1.21,1
447.0390703678131,0.93,1
448.4574661254883,1.52,1
449.7926826477051,1.07,1
451.20741534233093,-33.55,1
452.628395318985,-4.76,1
453.9687418937683,55.72,1
455.3836085796356,8.9,1
456.7969882488251,9.0,1
458.2096498012543,-6.55,1
459.61702513694763,1.31,1
461.0364933013916,0.97,1
462.4429590702057,0.79,1
463.8610997200012,1.55,1
465.2666263580322,0.72,1
466.6822154521942,0.62,1
468.08566308021545,1.31,1
469.4953758716583,0.59,1
