1.1073534488677979,-2.1,0
2.341698169708252,-1.93,0
3.552654266357422,-2.03,0
4.755030632019043,-1.97,0
9.3271484375,-2.03,1
10.739965200424194,-2.07,1
12.152798175811768,-1.97,1
13.565711736679077,-5.24,1
14.97945761680603,4.24,1
16.392473697662354,-4.69,1
17.735761880874634,-2.55,1
19.148805856704712,-2.0,1
20.561609268188477,-1.72,1
21.97510051727295,-2.21,1
23.317368745803833,-2.0,1
24.66320276260376,-1.86,1
26.075486421585083,-2.24,1
27.48868155479431,-2.41,1
28.90093731880188,-2.34,1
30.31266140937805,-5.76,1
31.724676609039307,-2.62,1
33.13768196105957,-3.17,1
34.481796979904175,7.48,1
35.894755125045776,-1.83,1
37.30669021606445,-1.41,1
38.65174651145935,-0.97,1
39.9953236579895,-1.52,1
41.33980464935303,-1.69,1
42.7526638507843,-1.76,1
44.09578824043274,-1.79,1
45.44059753417969,-1.79,1
46.783653259277344,-1.69,1
48.19673228263855,-1.66,1
49.5418918132782,-1.55,1
50.954121828079224,-1.83,1
52.36706805229187,-1.97,1
53.778619050979614,-1.86,1
55.12367367744446,-1.86,1
56.46607327461243,-2.07,1
57.81187200546265,-1.86,1
59.22489380836487,-1.97,1
60.568652868270874,-1.93,1
61.98115682601929,-1.9,1
63.32532501220703,-2.0,1
64.66859102249146,-1.9,1
66.01251888275146,-1.97,1
67.35652256011963,-1.93,1
68.70065951347351,-2.28,1
70.11404299736023,-1.9,1
71.45847702026367,-1.97,1
72.80265283584595,-1.86,1
74.14803051948547,-1.83,1
75.49188184738159,-1.86,1
76.83706212043762,-2.79,1
78.24964380264282,43.55,1
79.59358096122742,35.76,1
81.00548768043518,37.21,1
82.34988045692444,38.45,1
83.69382762908936,38.86,1
85.10626292228699,38.79,1
