1.1183102130889893,-2.07,0
2.3627471923828125,-2.07,0
3.5635085105895996,-2.07,0
4.7593488693237305,-2.1,0
9.331254243850708,16.9,1
10.743301630020142,11.21,1
12.155742168426514,17.86,1
13.568806409835815,23.24,1
14.979491949081421,26.9,1
16.383697986602783,27.14,1
17.726993083953857,26.59,1
19.072208881378174,28.62,1
20.497199535369873,28.34,1
21.834219217300415,27.55,1
23.182374000549316,26.1,1
24.519367218017578,29.24,1
25.93647837638855,29.83,1
27.3389675617218,29.1,1
28.755285024642944,29.41,1
30.17539095878601,37.45,1
31.57576847076416,37.34,1
32.997397661209106,38.31,1
34.409056663513184,37.28,1
35.753345251083374,28.72,1
37.08794093132019,33.66,1
38.50270676612854,26.28,1
39.92119860649109,29.45,1
41.317782163619995,24.79,1
42.729002475738525,28.1,1
44.15356230735779,23.45,1
45.5670747756958,29.31,1
46.97838091850281,23.69,1
48.37744975090027,28.55,1
49.80370759963989,22.48,1
51.21638035774231,28.28,1
52.61303448677063,26.93,1
54.03697061538696,36.31,1
55.44405937194824,31.24,1
56.8600811958313,31.62,1
58.26719808578491,26.9,1
59.672605991363525,29.31,1
61.09287071228027,25.14,1
62.495723247528076,28.86,1
63.90792632102966,24.28,1
65.2535412311554,26.41,1
66.60534882545471,25.07,1
68.00797510147095,32.76,1
69.4292893409729,26.17,1
70.76462650299072,30.24,1
72.10449481010437,24.48,1
73.44451975822449,30.48,1
74.80023550987244,31.17,1
76.21360874176025,31.28,1
77.54621076583862,38.07,1
78.89534521102905,39.38,1
80.30466771125793,35.0,1
81.71089124679565,27.17,1
83.0622911453247,24.9,1
84.47987031936646,26.93,1
85.82148909568787,27.03,1
87.22699403762817,30.24,1
88.56762218475342,26.79,1
89.97418904304504,30.07,1
91.32743668556213,26.07,1
92.73435807228088,27.97,1
94.14034986495972,25.45,1
95.55547070503235,29.69,1
102.86707901954651,-5.1,0
104.1723382472992,-5.45,0
105.49088215827942,-5.79,0
106.83065152168274,-6.1,0
108.13986468315125,-6.55,0
109.44309687614441,-7.21,0
110.75787472724915,-8.21,0
112.06130647659302,-10.62,0
116.6486463546753,-2.45,1
118.07107353210449,-2.45,1
119.48445796966553,-2.34,1
120.89453029632568,-2.34,1
122.29788637161255,-2.31,1
123.65581512451172,-2.34,1
125.05589294433594,-2.34,1
126.47114062309265,-2.28,1
127.88576078414917,-2.34,1
129.2333629131317,-2.21,1
130.63700604438782,-2.28,1
132.06456112861633,-2.28,1
133.39978408813477,-2.24,1
134.8206069469452,-2.21,1
136.2252435684204,-2.31,1
137.57451105117798,-2.28,1
138.98938369750977,-2.21,1
140.32413840293884,-2.31,1
141.67755651474,-1.38,1
143.08059358596802,-5.41,1
144.49603033065796,-2.24,1
145.845148563385,-2.66,1
147.2459316253662,-1.97,1
148.67174553871155,-0.79,1
150.07119297981262,39.93,1
151.4967269897461,0.52,1
152.9029622077942,-1.03,1
154.31645703315735,-1.62,1
155.72815442085266,-1.79,1
157.0771644115448,-2.52,1
158.47565150260925,-2.72,1
159.8194420337677,-2.21,1
161.16788148880005,-1.14,1
162.51774859428406,-2.14,1
163.86090755462646,-2.17,1
165.27120184898376,-2.28,1
166.62245774269104,-2.14,1
167.9654083251953,-2.14,1
169.29773211479187,-2.21,1
170.6514573097229,-2.24,1
171.98657822608948,-2.21,1
173.33151245117188,-2.24,1
174.67560195922852,-2.28,1
176.08693289756775,-2.21,1
177.43572163581848,-2.21,1
178.77524375915527,-2.21,1
180.13077211380005,-2.17,1
181.4698679447174,-2.28,1
182.80563187599182,-2.24,1
184.1571226119995,-2.21,1
185.50442028045654,-2.24,1
186.85186100006104,-2.28,1
188.26437258720398,-2.24,1
189.60268425941467,-2.24,1
191.00975847244263,-2.17,1
192.3603343963623,-2.17,1
193.69713807106018,-2.21,1
195.05117654800415,-2.34,1
196.39710879325867,-2.28,1
197.74317979812622,-2.21,1
199.0759401321411,-2.28,1
200.48920845985413,-2.24,1
201.84095883369446,-2.24,1
203.1795208454132,-2.21,1
204.51865530014038,-2.31,1
205.86489629745483,-2.24,1
207.28256607055664,-2.24,1
208.62850165367126,-2.17,1
210.03948163986206,-2.28,1
211.37899518013,-2.24,1
212.72464895248413,-2.28,1
214.06661581993103,-2.28,1
215.42052912712097,-2.24,1
216.75732827186584,-2.24,1
218.16624641418457,-2.31,1
219.52276921272278,-2.31,1
220.93305778503418,-2.28,1
222.27989387512207,-2.24,1
223.62331557273865,-2.28,1
224.95893120765686,-2.24,1
226.31023693084717,-2.34,1
227.6446018218994,-2.34,1
228.9987347126007,-2.21,1
230.33793807029724,-2.28,1
231.755047082901,-2.38,1
233.0905523300171,-2.17,1
234.5108621120453,-2.14,1
235.8511130809784,-2.52,1
237.19978547096252,-1.07,1
238.54508805274963,0.1,1
239.95605778694153,-2.28,1
241.36599850654602,-2.14,1
242.77173352241516,-2.24,1
244.19909048080444,-2.17,1
245.5416579246521,-2.28,1
246.87247920036316,-2.21,1
248.2173933982849,-2.24,1
249.64113807678223,-2.14,1
251.05392813682556,-2.14,1
252.38724517822266,-2.21,1
253.79849815368652,-2.28,1
255.21411967277527,-2.1,1
256.5557475090027,-2.28,1
257.9781160354614,-2.31,1
259.38550066947937,-2.21,1
260.80699920654297,-2.03,1
262.20412158966064,-2.28,1
263.5493197441101,-2.24,1
264.9651119709015,-2.28,1
266.30915904045105,-2.24,1
267.8661024570465,-2.31,1
269.27431774139404,-2.28,1
