1.1079161167144775,-1.83,0
2.3615505695343018,-1.83,0
3.569596529006958,-1.79,0
4.780679941177368,-1.83,0
5.985806941986084,-1.79,0
10.587249994277954,185.59,1
12.00966191291809,155.14,1
13.422922611236572,132.28,1
14.836195230484009,114.48,1
16.247922897338867,100.76,1
17.64885902404785,88.59,1
19.064364671707153,78.24,1
20.47687578201294,69.93,1
21.89382314682007,63.24,1
23.29795241355896,55.83,1
24.71675205230713,52.1,1
26.124720335006714,46.9,1
27.524193286895752,43.69,1
28.94302988052368,41.62,1
30.36256766319275,39.72,1
31.763063669204712,38.1,1
33.18099308013916,36.14,1
34.58674359321594,34.69,1
36.14584755897522,32.97,1
37.56267261505127,33.38,1
