1.0955493450164795,-2.07,0
2.34036922454834,-2.14,0
3.552415609359741,-2.1,0
4.756447076797485,-2.07,0
9.338634014129639,7.41,1
10.752235412597656,13.83,1
12.164389610290527,31.79,1
13.57651162147522,40.86,1
14.989131450653076,46.59,1
16.401477098464966,47.79,1
17.81187105178833,47.76,1
19.156111240386963,47.48,1
20.568127393722534,51.66,1
21.91002893447876,52.03,1
23.316479682922363,48.69,1
24.66104793548584,47.86,1
26.07016682624817,47.97,1
27.486048460006714,47.45,1
28.894301176071167,47.62,1
30.302205324172974,51.83,1
31.711615085601807,48.97,1
33.12946367263794,44.59,1
34.4657986164093,45.97,1
35.81086444854736,46.48,1
37.22989082336426,46.52,1
38.639920711517334,46.76,1
45.93381333351135,-1.83,0
47.249072313308716,-1.93,0
48.552939891815186,-1.86,0
49.865548849105835,-1.79,0
51.18100953102112,-2.03,0
52.48457384109497,-1.97,0
53.798914432525635,-2.0,0
55.143532037734985,-1.97,0
56.462438344955444,-2.03,0
57.76732587814331,-2.14,0
59.08247232437134,-1.97,0
60.39673590660095,-2.1,0
61.71617817878723,-2.1,0
63.03383994102478,-2.07,0
64.38072466850281,-2.03,0
65.67969131469727,-2.0,0
66.98810243606567,-2.14,0
68.29650950431824,-2.07,0
69.60538792610168,-2.03,0
70.91944599151611,-2.07,0
72.21157026290894,-2.14,0
73.51580286026001,-2.0,0
74.8257520198822,-2.07,0
76.17178177833557,-2.14,0
77.48763084411621,-2.07,0
78.80142450332642,-2.14,0
80.1077892780304,-2.17,0
81.41154932975769,-2.1,0
82.72223901748657,-2.14,0
84.03735566139221,-2.1,0
85.33733940124512,-2.1,0
86.67967200279236,-2.07,0
87.98228573799133,-2.14,0
89.28016114234924,-2.07,0
90.5983030796051,-2.14,0
95.17636370658875,13.0,1
96.51125907897949,13.03,1
97.92883706092834,28.79,1
99.34649562835693,37.21,1
100.75700569152832,42.83,1
102.16043305397034,47.69,1
103.5098123550415,48.72,1
104.91252326965332,48.24,1
106.33574342727661,47.9,1
107.74207139015198,48.21,1
109.14931559562683,48.24,1
110.56682014465332,52.07,1
111.98016142845154,55.38,1
113.38151574134827,50.41,1
114.79644393920898,50.79,1
116.21748447418213,50.41,1
117.62872958183289,50.59,1
119.03689694404602,50.48,1
120.4486813545227,50.48,1
121.86526346206665,50.59,1
123.27549505233765,50.59,1
130.57773613929749,-2.14,0
131.89168238639832,-2.41,0
133.2002546787262,-5.72,0
134.5039644241333,-1.97,0
135.8221151828766,-2.55,0
137.16978788375854,-1.66,0
138.48307824134827,-1.93,0
139.78566122055054,-1.97,0
141.101318359375,-2.14,0
142.41957998275757,-2.03,0
143.7202911376953,-2.07,0
145.03466057777405,-2.07,0
146.36640167236328,-2.03,0
147.70149755477905,-2.07,0
149.01988673210144,-2.0,0
150.33767461776733,-2.07,0
151.65236282348633,-2.0,0
152.97025275230408,-2.07,0
154.2839367389679,-2.17,0
155.59680843353271,-2.03,0
156.9121859073639,-2.0,0
158.2731852531433,-2.1,0
159.58672380447388,-2.1,0
160.881765127182,-2.1,0
162.19062542915344,-2.1,0
163.53143668174744,-2.14,0
