1.1220619678497314,-1.52,0
2.3543334007263184,-1.55,0
3.5569300651550293,-1.55,0
4.751462459564209,-1.59,0
9.32957649230957,182.1,1
10.74053406715393,118.24,1
12.083971500396729,110.1,1
13.496224403381348,107.17,1
14.908297061920166,105.45,1
16.318118572235107,104.45,1
17.652954816818237,103.76,1
19.061944723129272,103.0,1
20.48509955406189,102.9,1
21.894537210464478,102.14,1
23.240461111068726,101.97,1
24.644734859466553,102.0,1
26.055059909820557,90.31,1
27.472134828567505,90.48,1
34.758947134017944,-2.07,0
36.06146693229675,-1.93,0
37.36585450172424,-1.97,0
38.68323230743408,-2.03,0
39.999993562698364,-1.97,0
41.307965993881226,-1.83,0
42.619038105010986,-1.9,0
43.960636615753174,-1.83,0
45.251837968826294,-1.9,0
46.574528217315674,-1.86,0
47.88002586364746,-1.9,0
49.20608377456665,-1.83,0
50.509385108947754,-1.86,0
51.82831335067749,-1.83,0
53.15073251724243,-1.86,0
54.45927596092224,-1.79,0
59.041993856430054,181.41,1
60.46403431892395,118.07,1
61.80767464637756,110.14,1
63.20830011367798,107.07,1
64.62813019752502,105.76,1
66.03033375740051,105.0,1
67.44545412063599,104.14,1
68.786372423172,103.41,1
70.12433409690857,103.21,1
71.47419500350952,103.14,1
72.81582403182983,102.79,1
74.23026156425476,102.59,1
75.57912230491638,102.76,1
76.91683578491211,102.34,1
78.32456421852112,102.48,1
79.67362666130066,102.45,1
81.01503992080688,102.45,1
82.41936159133911,102.24,1
83.83493065834045,102.24,1
85.25020861625671,102.55,1
86.58961629867554,102.45,1
87.93141984939575,102.31,1
89.34733200073242,102.38,1
90.75630021095276,102.76,1
92.095219373703,102.34,1
93.44121885299683,102.41,1
94.85915780067444,102.48,1
102.16625261306763,-2.0,0
103.47480869293213,-1.97,0
104.78398013114929,-1.9,0
106.12875509262085,-1.93,0
107.44869112968445,-1.86,0
108.75422024726868,-1.76,0
110.06543374061584,-1.76,0
111.3716332912445,-1.72,0
115.98504948616028,180.28,1
117.39434242248535,117.59,1
118.8026180267334,109.76,1
120.20876908302307,107.24,1
121.62193655967712,105.72,1
128.94523882865906,-2.0,0
130.26744103431702,-2.0,0
131.57948851585388,-2.03,0
132.90346574783325,-1.86,0
134.24354100227356,-1.9,0
135.55314016342163,-1.93,0
136.88078117370605,-1.86,0
138.191308259964,-1.76,0
139.40174913406372,-1.83,0
140.60753393173218,-1.79,0
141.8425841331482,-1.79,0
