1.1170005798339844,-1.83,0
2.3559682369232178,-1.83,0
3.5613045692443848,-1.79,0
4.759897708892822,-1.76,0
9.336518049240112,9.93,1
10.669874429702759,183.66,1
12.09344220161438,229.1,1
13.496519565582275,202.41,1
14.914883136749268,198.03,1
16.326377153396606,196.1,1
17.67003846168518,195.41,1
19.00516700744629,195.14,1
20.349556922912598,194.86,1
21.68544340133667,195.0,1
23.02737784385681,194.86,1
24.381354570388794,194.41,1
25.78497076034546,194.03,1
27.195475101470947,193.9,1
28.55011749267578,194.03,1
29.96201801300049,193.97,1
31.30135726928711,193.48,1
32.70830583572388,195.14,1
34.04385304450989,196.28,1
35.38952088356018,195.55,1
36.738109827041626,196.45,1
38.15484070777893,196.97,1
39.55975341796875,197.34,1
40.97992181777954,197.59,1
42.30891489982605,197.55,1
43.7267906665802,197.79,1
45.13333559036255,198.03,1
46.555063009262085,198.34,1
47.962286949157715,198.14,1
49.38407373428345,198.66,1
50.79608631134033,197.38,1
52.19696760177612,198.03,1
53.615362882614136,198.79,1
55.02301740646362,199.07,1
56.426432371139526,199.38,1
57.77014923095703,198.55,1
59.18987822532654,198.38,1
60.59897971153259,198.62,1
62.002605676651,198.86,1
63.42332744598389,199.45,1
64.82997035980225,199.24,1
66.17414927482605,199.03,1
67.58634519577026,198.9,1
69.00479793548584,200.03,1
70.34264707565308,199.79,1
71.7518036365509,199.9,1
73.17063069343567,199.62,1
74.50826358795166,199.41,1
75.91263914108276,200.03,1
77.26254534721375,200.28,1
78.68274593353271,200.97,1
80.0894410610199,200.28,1
81.50592494010925,200.45,1
82.8489727973938,200.62,1
84.24711728096008,201.1,1
85.67272567749023,201.41,1
87.01684927940369,201.21,1
88.42626976966858,200.83,1
89.76551413536072,200.31,1
91.17131567001343,200.07,1
92.52315139770508,200.69,1
93.8608193397522,202.62,1
95.27949118614197,199.97,1
96.6107759475708,199.1,1
98.03371357917786,197.97,1
99.37768959999084,197.52,1
100.78821086883545,196.97,1
102.12174534797668,196.21,1
103.4698715209961,195.79,1
104.88768553733826,195.34,1
106.29185605049133,195.31,1
107.70080232620239,194.9,1
109.05412197113037,194.41,1
110.45952725410461,-190.1,1
111.87360835075378,-14.76,1
113.28079199790955,-4.34,1
114.6200258731842,-3.21,1
116.04288411140442,-3.0,1
117.44102239608765,-2.86,1
118.86565780639648,-2.76,1
120.27916431427002,-2.69,1
121.69113206863403,-2.66,1
123.10057377815247,-2.62,1
124.51110577583313,-2.72,1
125.92154836654663,-2.52,1
127.33348345756531,-2.55,1
128.68265581130981,-2.62,1
130.0937898159027,-2.48,1
131.50583028793335,-2.45,1
132.84772491455078,-2.48,1
134.18790245056152,-2.52,1
135.6006624698639,-2.45,1
137.0116147994995,-2.52,1
138.43673539161682,-2.45,1
139.84021854400635,-2.38,1
141.2587068080902,-2.34,1
142.6698317527771,-2.41,1
144.08135604858398,-2.34,1
145.48706436157227,-2.24,1
146.90083956718445,-2.34,1
148.31500053405762,-2.34,1
149.72603845596313,-2.34,1
151.1373689174652,-2.24,1
152.54844093322754,-2.17,1
153.9608986377716,-2.24,1
155.3868865966797,-2.21,1
156.79779529571533,-2.17,1
158.20728611946106,-2.28,1
159.61876487731934,-2.14,1
160.97056245803833,-2.21,1
162.30157947540283,-2.14,1
163.64922738075256,-2.1,1
164.99698662757874,-2.07,1
166.41312956809998,-2.1,1
167.81560111045837,-2.07,1
169.23070764541626,-2.03,1
170.57916975021362,-2.03,1
171.99471163749695,-2.03,1
173.3393943309784,-2.1,1
174.67479181289673,-2.03,1
176.0212378501892,-2.03,1
177.44055795669556,-2.0,1
178.78131675720215,-2.03,1
180.19202041625977,-1.93,1
181.60528707504272,-2.07,1
182.9531922340393,-2.07,1
184.2838490009308,-2.0,1
185.69767808914185,-1.97,1
187.0546169281006,-1.93,1
188.46823382377625,-1.93,1
189.79960536956787,-2.0,1
191.21955943107605,-1.93,1
192.6284294128418,-2.0,1
193.97371315956116,-2.03,1
195.388179063797,-1.93,1
196.7969195842743,-1.93,1
198.20892310142517,-2.0,1
199.62370777130127,-2.03,1
201.0325379371643,-2.0,1
202.44349312782288,-2.07,1
203.79071712493896,-2.0,1
205.20824003219604,-2.03,1
206.61972379684448,-2.07,1
207.9588108062744,-1.93,1
209.31141066551208,-1.93,1
210.64161324501038,-1.93,1
212.05322408676147,-1.93,1
213.4784243106842,-2.03,1
214.88190841674805,-1.97,1
216.30523252487183,-1.86,1
217.7076666355133,-1.9,1
219.05377101898193,401.34,1
220.4737000465393,187.79,1
221.87456059455872,172.03,1
223.28568816184998,167.76,1
224.6960325241089,166.28,1
226.1108410358429,165.52,1
227.53063917160034,165.21,1
228.9439046382904,165.17,1
230.3530662059784,164.79,1
231.76289629936218,164.69,1
233.173898935318,164.79,1
234.5797266960144,164.55,1
235.9883849620819,165.0,1
237.4095687866211,164.48,1
238.8118875026703,164.52,1
240.23054671287537,164.72,1
241.6370644569397,164.66,1
243.0488166809082,164.62,1
244.46915102005005,164.62,1
245.8728015422821,164.62,1
247.29253101348877,164.55,1
