1.1166529655456543,-0.69
2.363391876220703,-0.79
3.5708045959472656,-0.76
4.774660587310791,-0.76
5.979809522628784,-0.97
7.1969006061553955,-0.9
8.376721858978271,-0.93
9.584655046463013,-0.97
10.806354999542236,-0.86
12.06286334991455,-0.86
13.269653558731079,-0.9
14.477513551712036,-0.93
15.70213770866394,-0.97
16.91271448135376,-0.97
21.5066978931427,1.41
22.849866151809692,1.48
24.26284670829773,1.34
25.663694620132446,2.24
27.076271533966064,11.52
28.491469144821167,15.72
29.90449833869934,20.52
31.31777834892273,25.52
32.73513889312744,28.21
34.084712743759155,28.86
35.49526834487915,29.17
36.906304121017456,28.97
38.24351453781128,28.76
39.656760931015015,28.72
41.00753951072693,28.59
42.349398612976074,28.97
43.75064539909363,28.93
45.10273361206055,28.86
46.503679037094116,28.86
47.91484618186951,31.83
49.32726740837097,32.55
50.74073123931885,29.83
52.14981818199158,29.03
53.56121873855591,28.97
54.97879695892334,28.69
56.39072370529175,28.76
57.80254769325256,28.28
59.21592450141907,31.62
60.631247997283936,32.55
62.0362274646759,29.69
63.446839332580566,28.97
64.86108541488647,28.59
66.27338171005249,28.9
67.61836409568787,31.52
69.03131365776062,32.24
70.37261581420898,29.34
71.77717185020447,31.76
73.11954164505005,32.45
74.5319561958313,29.52
75.88416838645935,28.72
77.29248976707458,28.38
78.70631217956543,28.52
80.11885070800781,28.34
81.45399594306946,31.14
82.86829328536987,29.41
84.28477311134338,28.76
85.62004089355469,31.52
86.97264957427979,29.38
88.38461899757385,28.93
89.79480695724487,31.62
91.19809627532959,29.83
98.50111985206604,1.48
99.81865501403809,1.52
101.13708877563477,1.48
102.43632817268372,1.38
103.75323534011841,1.45
105.06899237632751,1.38
106.42285442352295,1.38
107.72411608695984,1.45
112.3283519744873,1.31
113.73589944839478,1.31
115.15786981582642,1.17
116.56587433815002,9.07
117.97879672050476,16.76
119.39454913139343,20.34
120.80670070648193,25.14
122.21812748908997,31.1
123.63051962852478,36.83
125.03249621391296,38.93
126.44480419158936,39.45
127.86083698272705,39.48
129.27400398254395,39.45
130.68766713142395,39.31
132.10249638557434,39.31
133.51595187187195,39.07
134.91529655456543,39.45
136.32855224609375,39.03
137.74229788780212,39.14
139.15646862983704,39.24
140.57245135307312,41.9
141.97181963920593,39.76
143.38770747184753,42.17
144.7992787361145,42.62
146.21218824386597,40.17
147.61852717399597,39.38
149.03244042396545,41.66
150.44497227668762,42.52
151.85823249816895,39.76
153.26201224327087,39.28
154.60948634147644,38.72
156.02193093299866,38.76
157.4309458732605,38.97
158.84329104423523,41.48
160.25761127471924,39.97
161.60701084136963,39.31
163.01735711097717,39.17
164.42875123023987,39.1
165.76210474967957,39.07
173.08721828460693,1.45
174.3885543346405,1.21
175.69738030433655,1.28
177.01210641860962,1.21
178.31604409217834,1.24
179.65063953399658,1.24
180.952810049057,1.28
182.25407123565674,1.28
186.85094547271729,1.17
188.20381140708923,1.1
189.538831949234,9.07
190.89114379882812,23.76
192.3033266067505,41.0
193.71715259552002,59.69
195.12200140953064,76.76
196.46567153930664,89.21
197.87324786186218,101.41
199.22656273841858,112.83
200.63987970352173,116.45
201.97396564483643,118.17
203.39467430114746,118.55
204.72297048568726,120.79
206.1356325149536,119.45
207.56362438201904,121.9
208.95915532112122,119.86
210.3857889175415,119.41
211.7838044166565,122.28
213.136723279953,119.97
214.54745292663574,122.34
215.95749616622925,120.1
217.36514234542847,118.72
218.71718621253967,118.21
220.12988471984863,118.07
221.5338590145111,117.72
222.94737005233765,118.76
224.3603241443634,121.38
225.76003789901733,123.03
233.07645273208618,0.69
234.3964900970459,0.59
235.70048356056213,0.52
237.02449345588684,0.66
238.32366943359375,0.66
239.64356756210327,0.59
240.99390935897827,0.59
242.31966018676758,0.76
246.9248502254486,0.69
248.33777236938477,0.62
249.7499532699585,0.52
251.1624550819397,0.72
252.5068643093109,0.59
253.9212212562561,9.66
255.32095050811768,14.24
256.7381603717804,16.03
258.1564836502075,16.79
259.56843876838684,11.66
260.98146390914917,15.38
262.39630031585693,16.38
263.8093328475952,16.72
265.222633600235,9.69
266.6347186565399,14.38
268.04735708236694,16.34
269.44478940963745,9.38
270.8718104362488,13.93
272.2837972640991,16.07
273.6948997974396,9.28
275.1067407131195,13.9
276.44305205345154,15.59
277.86704421043396,16.45
279.2656955718994,16.59
280.6806426048279,16.07
282.09654903411865,9.28
283.51029658317566,13.59
284.9254672527313,15.59
286.3435273170471,16.38
287.74537086486816,16.59
289.16631531715393,16.24
290.576299905777,9.1
291.9798593521118,13.55
293.3926556110382,15.69
294.80601620674133,16.24
296.22249603271484,15.97
297.6348133087158,15.86
299.05048537254333,16.48
300.46994137763977,10.52
301.87568855285645,13.93
303.2945475578308,15.62
304.70629715919495,16.24
306.1203589439392,15.55
307.52511072158813,16.07
308.9371054172516,16.31
310.35513496398926,10.72
311.7654528617859,13.93
313.18477869033813,15.31
314.59695744514465,15.76
315.99596095085144,15.93
