1.110466718673706,0.79
2.317081928253174,0.66
3.55698299407959,0.72
4.757797002792358,0.76
5.966849088668823,0.86
10.559618949890137,0.72
11.98424482345581,2.14
13.396401643753052,6.97
14.808982849121094,13.45
16.206075191497803,21.55
17.558615922927856,30.1
18.96915340423584,40.41
20.318418979644775,50.17
21.726685523986816,60.14
23.14132046699524,69.83
24.55625057220459,79.41
25.963143825531006,89.0
27.3747341632843,98.34
28.79282236099243,107.93
30.205047607421875,116.59
31.615699291229248,124.93
33.0290412902832,131.97
34.37116360664368,137.9
35.71532917022705,143.1
37.12517952919006,147.21
38.53793978691101,150.17
39.94850206375122,152.31
41.35984396934509,152.86
42.759836196899414,152.79
44.18555212020874,151.52
45.58320617675781,149.45
46.99855661392212,146.41
48.408812522888184,142.69
49.82283806800842,138.62
51.232908964157104,133.52
52.64411664009094,128.72
54.06279134750366,124.28
55.47466969490051,120.28
56.888670206069946,115.97
58.30050182342529,112.0
59.71259689331055,108.41
61.11108040809631,104.86
62.52668523788452,101.38
63.94015908241272,98.24
65.35138297080994,94.76
66.70181560516357,91.76
68.04771327972412,88.83
69.45763182640076,86.9
70.85705137252808,85.24
72.27244830131531,83.97
73.68610882759094,82.83
75.09688353538513,82.03
76.51271772384644,81.97
77.91888427734375,81.76
