1.1056358814239502,-1.52,0
2.3479504585266113,-1.52,0
3.5580427646636963,-1.55,0
4.7580671310424805,-1.55,0
9.343225479125977,81.69,1
10.756201982498169,176.72,1
12.168048858642578,235.9,1
13.570306539535522,290.0,1
14.991993188858032,336.93,1
16.396015644073486,360.0,1
17.748281955718994,363.62,1
19.16035485267639,359.0,1
26.45553159713745,3.34,0
27.767367601394653,3.24,0
29.081817150115967,3.03,0
30.399535655975342,3.1,0
31.718501329421997,3.03,0
33.06893992424011,3.03,0
34.37953209877014,3.03,0
35.685779333114624,2.93,0
36.99206900596619,2.83,0
38.2900652885437,2.79,0
39.622512102127075,2.72,0
40.93386912345886,2.83,0
42.24493765830994,2.83,0
43.588345527648926,2.76,0
44.89779734611511,2.72,0
46.210546016693115,2.79,0
50.807732820510864,710.41,1
52.20526599884033,778.69,1
53.62123084068298,515.9,1
55.02793478965759,272.55,1
62.33496117591858,-2.03,0
63.688148021698,-1.9,0
65.00004506111145,-1.93,0
66.3093695640564,-1.76,0
67.6243748664856,-7.69,0
68.93492007255554,-9.0,0
70.24061012268066,-8.38,0
71.54668021202087,-7.52,0
72.79312586784363,-6.34,0
74.0052421092987,-2.72,0
75.20932245254517,-1.83,0
76.42278981208801,-1.69,0
77.62721085548401,-1.69,0
78.84170985221863,-1.59,0
80.07323694229126,-1.62,0
