1.0994970798492432,-1.72,0
2.3450095653533936,-1.76,0
3.549933671951294,-1.69,0
4.752318382263184,-1.79,0
5.9524781703948975,-1.69,0
7.166461944580078,-1.72,0
8.364742755889893,-1.72,0
12.950452327728271,209.62,1
14.296782970428467,94.21,1
15.707990407943726,87.62,1
17.118943691253662,78.48,1
18.451298236846924,81.93,1
19.80507493019104,80.55,1
21.216999530792236,82.1,1
22.545279502868652,80.34,1
23.96603775024414,80.97,1
25.381330966949463,79.93,1
26.79104232788086,80.72,1
28.203726768493652,81.14,1
29.61635422706604,75.38,1
30.94909954071045,78.17,1
32.36166524887085,80.41,1
33.71581721305847,84.52,1
35.05249500274658,72.55,1
36.390504360198975,87.0,1
37.815410137176514,79.83,1
39.144418239593506,77.9,1
40.564926862716675,75.07,1
41.97898316383362,75.03,1
43.3878960609436,74.07,1
44.7349488735199,19.41,1
46.149431228637695,-0.69,1
47.54943132400513,-1.83,1
48.96740984916687,-1.62,1
50.385727405548096,-1.28,1
51.798060178756714,-1.31,1
53.12909746170044,-1.34,1
54.54429650306702,-1.31,1
55.967251777648926,-1.34,1
57.31126952171326,-1.41,1
58.715784549713135,-1.34,1
60.13157033920288,-1.38,1
61.5412323474884,-1.34,1
62.962220907211304,-1.38,1
64.36586833000183,-1.48,1
65.7086615562439,129.55,1
67.05603671073914,82.45,1
68.39522814750671,82.31,1
69.74996376037598,90.31,1
71.1622052192688,82.03,1
72.50136280059814,75.83,1
73.90391659736633,80.97,1
75.25933766365051,73.14,1
76.66563510894775,75.45,1
78.07016086578369,73.97,1
79.49160885810852,73.1,1
80.89813446998596,69.59,1
82.31364703178406,63.93,1
83.7194926738739,64.34,1
85.13664865493774,67.72,1
86.53840231895447,61.83,1
87.95632100105286,70.17,1
89.37455224990845,56.72,1
90.7868230342865,52.03,1
92.19040322303772,53.48,1
93.60839748382568,51.76,1
95.02017712593079,53.38,1
96.42665958404541,46.93,1
97.8468189239502,57.59,1
99.25235915184021,53.1,1
106.5686366558075,-1.93,0
107.89507460594177,-1.72,0
109.23998641967773,-1.93,0
110.5347330570221,-1.86,0
111.84885597229004,-1.97,0
113.17396545410156,-1.97,0
114.48211598396301,-1.86,0
115.8082914352417,-1.93,0
120.40386152267456,269.55,1
121.80488777160645,221.93,1
123.22151684761047,122.83,1
124.64098882675171,79.9,1
126.04334282875061,70.17,1
127.45912075042725,66.83,1
128.86308765411377,63.83,1
130.28533053398132,63.55,1
131.68621492385864,515.34,1
133.09968495368958,334.03,1
134.52196788787842,55.14,1
135.92974734306335,14.55,1
137.33133816719055,-8.55,1
138.74922919273376,1.69,1
140.16602230072021,5.86,1
141.57008934020996,7.76,1
142.92493605613708,10.28,1
144.32539582252502,65.76,1
145.748272895813,17.41,1
147.15153288841248,57.03,1
148.57227206230164,23.28,1
149.98174858093262,19.1,1
151.31925177574158,18.76,1
152.72709822654724,20.52,1
154.15076327323914,21.41,1
155.5573399066925,20.24,1
156.97802090644836,20.52,1
158.38294053077698,19.72,1
159.78841042518616,20.62,1
161.13552498817444,18.69,1
162.4774534702301,19.07,1
163.90075159072876,21.28,1
165.30537819862366,21.9,1
166.7226164340973,22.69,1
168.05995106697083,23.76,1
169.46993494033813,24.93,1
170.89051055908203,25.69,1
172.29771256446838,25.62,1
173.63929843902588,27.31,1
175.06008744239807,27.41,1
176.40011405944824,27.76,1
177.80399584770203,29.1,1
179.14616346359253,29.45,1
180.56054735183716,29.62,1
181.9784152507782,30.17,1
183.39546251296997,30.72,1
184.79983234405518,31.07,1
186.20488357543945,31.55,1
187.62710523605347,32.07,1
189.03222489356995,34.72,1
190.3701512813568,35.48,1
191.79193902015686,34.62,1
193.20376777648926,35.38,1
194.54570937156677,35.03,1
195.9510736465454,36.14,1
197.29126167297363,35.66,1
198.7146189212799,36.34,1
200.11498975753784,36.07,1
201.47058010101318,36.83,1
202.87276363372803,36.48,1
204.2831792831421,36.1,1
205.70855402946472,37.03,1
207.1198558807373,36.59,1
208.46309804916382,36.38,1
209.87281036376953,37.34,1
211.2777636051178,36.97,1
212.6843855381012,36.79,1
214.09685969352722,37.86,1
215.4522988796234,37.48,1
216.8552234172821,37.38,1
218.27654004096985,38.41,1
219.68136620521545,38.1,1
221.10224866867065,38.03,1
222.50461983680725,37.79,1
223.9132261276245,39.07,1
225.33301162719727,38.66,1
232.64264607429504,-2.0,0
233.95111417770386,-1.83,0
235.2577657699585,-1.93,0
236.60609650611877,-1.83,0
237.91586303710938,-1.93,0
239.24088621139526,-1.86,0
240.5339117050171,-1.86,0
241.8614468574524,-1.79,0
246.45009803771973,18.86,1
247.8677225112915,23.48,1
249.27319836616516,26.66,1
250.6924328804016,31.17,1
252.09443354606628,33.17,1
253.51449537277222,36.0,1
254.85894584655762,38.38,1
256.2626051902771,40.79,1
257.68259716033936,42.69,1
259.08752608299255,44.76,1
260.50270080566406,46.9,1
261.9222285747528,48.69,1
263.32753109931946,50.24,1
264.74908328056335,51.76,1
266.1542341709137,53.0,1
267.570517539978,54.21,1
268.98017859458923,55.34,1
270.3972089290619,56.17,1
271.8064270019531,57.45,1
273.2099483013153,60.97,1
274.6236779689789,62.17,1
276.0425977706909,63.0,1
277.4445219039917,63.93,1
278.8634068965912,64.86,1
280.27930641174316,65.86,1
281.6874415874481,66.52,1
283.1002621650696,67.45,1
284.51177525520325,68.1,1
285.9225494861603,68.97,1
287.3374207019806,69.66,1
288.73694944381714,70.38,1
290.1565353870392,70.9,1
291.561505317688,71.34,1
292.9825942516327,72.03,1
294.3847963809967,72.38,1
295.7928977012634,72.9,1
297.2104482650757,73.34,1
298.62508821487427,73.55,1
300.0417754650116,73.93,1
301.4403750896454,74.03,1
302.85797595977783,74.17,1
304.27514123916626,74.1,1
305.68401861190796,73.55,1
307.0872657299042,73.07,1
308.50872921943665,72.41,1
309.91617345809937,71.9,1
311.33443093299866,71.31,1
312.744980096817,70.76,1
314.0836660861969,69.86,1
315.485347032547,69.1,1
316.9052486419678,68.0,1
318.30849385261536,67.24,1
319.6639013290405,66.34,1
321.0638563632965,65.38,1
322.41915917396545,64.52,1
323.82197761535645,63.55,1
325.16867876052856,62.52,1
326.50936579704285,61.52,1
333.80801820755005,-2.03,0
335.1185278892517,-1.9,0
336.4276204109192,-1.76,0
337.7209665775299,-1.76,0
339.03104281425476,-1.76,0
340.345577955246,-1.69,0
341.6883053779602,-1.59,0
342.9970362186432,-1.72,0
344.2017273902893,-1.62,0
345.4119107723236,-1.62,0
346.61071014404297,-1.62,0
347.82320404052734,-1.48,0
349.0292139053345,-1.59,0
