1.1127221584320068,-2.14,0
2.31142520904541,-2.21,0
3.51889705657959,-2.03,0
4.722748041152954,-2.14,0
9.342297315597534,34.07,1
10.75434422492981,6.79,1
12.167710781097412,0.59,1
13.581815958023071,-0.9,1
14.994277715682983,-1.34,1
16.407461166381836,-1.41,1
17.82022190093994,-1.24,1
19.232897758483887,-1.66,1
20.644191026687622,-1.76,1
22.056150674819946,-1.9,1
23.46816396713257,-1.83,1
24.882311820983887,-1.86,1
26.29507827758789,-1.83,1
27.70804190635681,-1.76,1
29.120943546295166,-1.14,1
30.534038066864014,1.38,1
31.946697473526,1.9,1
33.35793375968933,0.66,1
34.70294451713562,-1.55,1
36.11613059043884,-2.14,1
37.52887153625488,-1.93,1
38.872766971588135,-2.66,1
40.28567147254944,-2.07,1
41.6983277797699,-1.21,1
43.11168956756592,1.59,1
44.524667263031006,0.38,1
45.937719106674194,-0.69,1
47.34978413581848,-2.69,1
48.76166105270386,-2.93,1
50.1739296913147,-3.17,1
51.58636832237244,-3.41,1
52.99943804740906,-3.1,1
54.41256284713745,-2.69,1
55.82554221153259,-2.52,1
57.23835229873657,-2.38,1
58.651116609573364,-2.24,1
60.06344747543335,-2.17,1
61.47571134567261,-1.28,1
62.888877153396606,-1.38,1
64.30143451690674,-1.21,1
65.71390867233276,0.0,1
67.12634253501892,0.62,1
68.53973937034607,1.86,1
69.95240235328674,0.66,1
71.36559844017029,-1.86,1
72.7773585319519,-2.03,1
74.18945002555847,-1.97,1
75.60231971740723,-2.0,1
77.01388430595398,-2.0,1
78.42613530158997,-27.14,1
79.83859848976135,23.48,1
81.25245213508606,23.1,1
82.66555404663086,15.14,1
84.07865977287292,9.9,1
85.4910101890564,5.38,1
86.90362071990967,2.03,1
88.31620192527771,-4.97,1
89.72786474227905,-3.07,1
91.14063024520874,-3.14,1
92.55264401435852,48.79,1
93.96603918075562,13.24,1
95.37839031219482,1.69,1
96.79236721992493,-1.66,1
98.20541095733643,52.1,1
99.61835527420044,6.83,1
101.0298445224762,2.17,1
102.44180011749268,0.97,1
103.85332322120667,-7.41,1
105.26669239997864,-20.45,1
106.68076920509338,-9.79,1
108.09276604652405,-2.79,1
109.50596117973328,-1.79,1
110.9194860458374,-1.07,1
112.3320198059082,-16.93,1
113.7434995174408,-3.69,1
115.1554868221283,-2.41,1
116.56708931922913,-1.59,1
117.98042488098145,0.1,1
119.39376640319824,-1.55,1
120.80698466300964,-1.86,1
122.21948003768921,-1.83,1
123.63333296775818,-2.07,1
125.04530453681946,-1.97,1
126.45676875114441,-1.93,1
127.86920166015625,-1.9,1
129.2812671661377,-2.0,1
130.69420957565308,-2.07,1
132.10718321800232,-1.9,1
133.5200810432434,-2.0,1
134.9338788986206,-2.03,1
136.34783148765564,-2.17,1
137.7600507736206,-1.9,1
139.17142057418823,-1.9,1
140.5829255580902,-1.93,1
141.99472427368164,-1.86,1
143.4080364704132,-1.97,1
144.82114458084106,-1.86,1
146.23385429382324,-1.93,1
147.6479148864746,-2.07,1
149.0608036518097,-2.0,1
150.4722638130188,-1.9,1
151.88482236862183,-1.97,1
153.29671907424927,-1.93,1
154.70955061912537,-1.93,1
156.12159037590027,-2.03,1
157.53370904922485,-2.1,1
158.94824767112732,-1.9,1
160.36128330230713,-1.86,1
161.77358150482178,-1.76,1
163.18695664405823,-1.86,1
164.59865474700928,-2.1,1
166.01056814193726,-6.55,1
167.42259883880615,-3.45,1
168.83453154563904,-2.83,1
170.24752855300903,-2.59,1
171.591388463974,-2.48,1
173.00345659255981,-2.45,1
174.41578722000122,-2.31,1
175.8274049758911,-2.34,1
177.24022436141968,-2.34,1
178.58532190322876,-2.21,1
179.9971330165863,-2.28,1
181.40930724143982,-2.24,1
182.753244638443,-2.24,1
184.16725254058838,-2.24,1
185.5807387828827,-2.24,1
186.92319202423096,-2.17,1
188.33616089820862,-2.1,1
189.74940872192383,-2.14,1
191.16360521316528,-2.17,1
192.5760838985443,-2.1,1
193.99034023284912,-2.14,1
195.40163898468018,-2.14,1
196.8123550415039,-2.07,1
198.2253406047821,-2.14,1
199.637225151062,-2.1,1
201.05078029632568,-2.03,1
202.46374368667603,-2.1,1
203.8769986629486,-2.07,1
205.2905387878418,-2.14,1
206.70307421684265,-2.1,1
208.1154854297638,-2.1,1
209.52669763565063,-2.07,1
210.93875765800476,-2.0,1
212.3505256175995,-2.03,1
213.76460552215576,-2.14,1
215.17667031288147,-2.03,1
216.58998918533325,-2.03,1
218.00264620780945,-2.07,1
219.41551780700684,-2.03,1
220.82859683036804,-2.07,1
222.17358016967773,-2.0,1
223.58651566505432,-2.03,1
224.92983603477478,-2.03,1
226.27452063560486,-2.03,1
227.68759202957153,-2.07,1
229.1005415916443,-2.1,1
230.51402354240417,-2.03,1
231.92564821243286,-2.07,1
233.3373830318451,-2.03,1
234.74957823753357,-2.03,1
236.16183948516846,-2.07,1
237.5753035545349,-2.1,1
238.98827862739563,-2.03,1
240.400780916214,-2.03,1
241.81411242485046,-2.0,1
243.22736144065857,-2.1,1
244.639639377594,-2.03,1
246.05114769935608,-2.0,1
247.46484637260437,-2.07,1
248.87612795829773,-2.0,1
250.28880071640015,-2.07,1
251.7026035785675,-2.03,1
253.11519598960876,-2.03,1
254.52800369262695,-2.0,1
255.9415988922119,-2.07,1
257.3532621860504,-2.0,1
258.7649269104004,-2.1,1
260.17791199684143,-1.97,1
261.5907938480377,-1.93,1
263.0028510093689,-2.03,1
264.4159367084503,-2.03,1
265.82926297187805,-2.07,1
267.24226355552673,-2.07,1
268.65463972091675,-1.97,1
270.0662953853607,-1.97,1
271.478031873703,-2.1,1
272.89181327819824,-2.1,1
274.3036961555481,-2.14,1
275.7166373729706,-2.03,1
277.13222312927246,-2.03,1
278.54255843162537,-2.03,1
279.95553636550903,-2.03,1
281.3689932823181,-2.14,1
282.78108382225037,-1.97,1
284.1927738189697,-2.03,1
285.6054615974426,-2.03,1
287.0176057815552,-1.93,1
288.43073630332947,-1.93,1
289.84324049949646,-2.03,1
291.2562725543976,-2.1,1
292.66975712776184,-2.0,1
294.08218121528625,-2.0,1
295.49461030960083,-2.03,1
296.90778851509094,-2.0,1
298.31920766830444,-2.07,1
299.73118138313293,-2.0,1
301.14320158958435,-2.07,1
302.55606985092163,-2.0,1
303.9691231250763,-1.97,1
305.3814458847046,-2.0,1
306.79525232315063,-1.97,1
308.2080478668213,-1.97,1
309.6207790374756,-2.03,1
311.03299045562744,-2.0,1
312.44391345977783,-2.0,1
313.8559408187866,-2.0,1
315.26891446113586,-1.93,1
316.68189787864685,-2.03,1
318.09486293792725,-1.97,1
319.5078511238098,-2.03,1
320.9208083152771,-2.0,1
322.3344213962555,-1.97,1
323.7455749511719,-2.07,1
325.15802359580994,-2.0,1
326.56971549987793,-2.0,1
327.98292422294617,-2.0,1
329.39576268196106,-1.97,1
330.8081171512604,-1.97,1
332.22162103652954,-2.07,1
333.6355926990509,-2.0,1
335.04757165908813,-2.03,1
336.4606993198395,-1.97,1
337.87152123451233,-1.97,1
339.28338861465454,-1.97,1
340.62812972068787,-1.93,1
342.0416224002838,-2.03,1
343.4532356262207,-2.07,1
344.79737281799316,-2.03,1
346.2110333442688,-2.07,1
347.62311124801636,-2.0,1
348.9671905040741,-2.14,1
350.3792893886566,-2.0,1
351.79343938827515,-2.03,1
353.2052297592163,-2.0,1
354.61846923828125,-2.03,1
356.0321686267853,-2.14,1
357.4460210800171,-2.0,1
358.8571472167969,-1.97,1
360.26911425590515,-2.0,1
361.68108892440796,-2.03,1
363.0933735370636,-2.14,1
364.43805027008057,-2.07,1
365.85105657577515,-2.03,1
367.2633812427521,-2.07,1
368.67555141448975,-2.0,1
370.08623480796814,-1.97,1
371.4320123195648,-1.97,1
372.84513092041016,-2.03,1
374.25701880455017,-2.0,1
375.66872477531433,-2.03,1
377.080810546875,-1.97,1
378.42483615875244,-1.97,1
379.83953976631165,-2.03,1
381.2515594959259,-2.07,1
382.66372323036194,-1.9,1
384.0757009983063,-2.14,1
385.48712635040283,-2.03,1
386.8996605873108,-2.07,1
388.31179451942444,-2.07,1
389.7266387939453,-2.03,1
391.13857221603394,-2.03,1
392.5519893169403,-2.0,1
393.966135263443,-2.0,1
395.37692499160767,-2.0,1
396.7896068096161,-2.03,1
398.2022376060486,-2.03,1
399.61327171325684,-1.97,1
401.0267164707184,-2.0,1
402.43935561180115,-2.03,1
403.8529169559479,-2.03,1
405.19694113731384,-1.97,1
406.6088767051697,-2.0,1
408.02103662490845,-2.0,1
409.43359756469727,-2.03,1
410.8462245464325,-1.93,1
412.2603349685669,-2.0,1
413.6731734275818,-2.03,1
415.08643078804016,-2.07,1
416.49789333343506,-2.0,1
417.9098870754242,-2.03,1
419.322026014328,-2.0,1
420.7340281009674,-2.1,1
422.14700269699097,-1.97,1
423.55950832366943,-1.93,1
424.97444438934326,-2.07,1
426.3874771595001,-2.0,1
427.79954195022583,-2.0,1
429.21236777305603,-2.03,1
430.6238534450531,-2.1,1
432.0366153717041,-2.03,1
433.44781374931335,-2.03,1
434.8610165119171,-1.97,1
436.27470445632935,-2.0,1
437.68731594085693,-1.93,1
439.10070633888245,-2.03,1
440.51375436782837,-2.07,1
441.92724871635437,-2.03,1
443.3377363681793,-2.03,1
444.74954414367676,-2.07,1
446.1616961956024,-2.0,1
447.57495522499084,-2.03,1
448.9885551929474,-1.97,1
450.4016523361206,-2.0,1
451.8145387172699,-1.93,1
453.2278096675873,-2.07,1
454.63941168785095,-1.97,1
456.0511620044708,-2.07,1
457.46339440345764,-1.97,1
458.87584614753723,-1.97,1
460.2873432636261,-2.1,1
461.7018315792084,-1.93,1
463.11443567276,-2.0,1
464.52784991264343,-1.97,1
465.94024443626404,-1.97,1
467.353143453598,-2.0,1
468.76518201828003,-1.97,1
470.1783215999603,-2.0,1
471.5895953178406,-2.0,1
473.0010931491852,-2.03,1
474.4150733947754,-2.03,1
475.82843232154846,-2.03,1
477.242182970047,-2.07,1
478.65401577949524,-2.07,1
480.066837310791,-2.0,1
481.4789595603943,-2.1,1
482.8910427093506,-2.03,1
484.30290246009827,-2.0,1
485.71487164497375,-2.0,1
487.12922835350037,-1.93,1
488.5420677661896,-2.0,1
489.9548251628876,-2.0,1
491.36779165267944,-2.03,1
492.78088760375977,-2.03,1
494.19269919395447,-2.03,1
495.60506200790405,-2.07,1
497.0166697502136,-2.0,1
498.4286527633667,-2.0,1
499.8428828716278,-2.07,1
501.2554099559784,-2.0,1
502.6684374809265,-2.07,1
504.08197951316833,-2.07,1
505.49507117271423,-2.03,1
506.90630316734314,-2.07,1
508.31849193573,-2.0,1
509.73033022880554,-2.0,1
511.14254665374756,-2.03,1
512.5564744472504,-2.0,1
513.9696974754333,-2.0,1
515.382030248642,-2.03,1
516.7953338623047,-2.14,1
518.2077035903931,-2.0,1
519.620278596878,-2.03,1
521.0329098701477,-2.0,1
522.4445931911469,-2.1,1
523.8563220500946,-2.07,1
525.2701683044434,-1.97,1
526.6829416751862,-2.03,1
528.0965027809143,-2.0,1
529.5087604522705,-2.07,1
530.9216141700745,-2.0,1
532.3334679603577,-2.03,1
533.7463052272797,-2.07,1
535.1583614349365,-2.0,1
536.5719330310822,-2.03,1
537.9829621315002,-2.03,1
539.3956935405731,-2.1,1
540.8087899684906,-2.0,1
542.2218973636627,-2.0,1
543.6348676681519,-2.07,1
545.0487322807312,-2.03,1
546.4603018760681,-2.1,1
547.8717894554138,-2.07,1
549.2847580909729,-2.07,1
550.6967437267303,-2.0,1
552.109691619873,-2.0,1
553.5237305164337,-1.93,1
554.9360017776489,-2.07,1
556.348726272583,-2.07,1
557.7620842456818,-2.07,1
559.1736316680908,-2.07,1
560.5855910778046,-2.1,1
561.9991714954376,-2.0,1
563.4104917049408,-2.0,1
564.823769569397,-2.03,1
566.2364580631256,-2.07,1
567.6494398117065,-2.0,1
569.0624194145203,-2.03,1
570.475250005722,-1.97,1
571.8882355690002,-2.0,1
573.2993471622467,-2.03,1
574.7123093605042,-2.0,1
576.1249029636383,-1.97,1
577.5372574329376,-1.97,1
578.9505581855774,-2.07,1
580.3634672164917,-2.07,1
581.7759613990784,-2.1,1
583.1902718544006,-2.14,1
584.6017520427704,-2.07,1
586.0137753486633,-2.14,1
587.4263768196106,-2.07,1
588.8383097648621,-2.14,1
590.2510311603546,-2.07,1
591.6639881134033,-2.1,1
593.0764636993408,-2.0,1
594.4899730682373,-2.14,1
595.9031493663788,-2.1,1
597.3153681755066,-2.03,1
598.7281749248505,-2.0,1
600.1402111053467,-2.1,1
601.5518357753754,-2.0,1
602.964973449707,-2.07,1
604.3777737617493,-2.07,1
605.7910475730896,-2.1,1
607.2037160396576,-2.03,1
608.6167604923248,-2.03,1
610.0286602973938,-2.03,1
611.4414148330688,-2.14,1
612.8542261123657,-2.07,1
614.2656087875366,-2.07,1
615.677571773529,-2.07,1
617.0900540351868,-2.1,1
618.5042653083801,-2.1,1
619.916497707367,-2.0,1
621.3304092884064,-2.0,1
622.742921590805,-2.07,1
624.1555392742157,-2.14,1
625.5674047470093,-2.03,1
626.979024887085,-2.1,1
628.3907928466797,-2.03,1
629.8046963214874,-2.07,1
631.2175340652466,-2.07,1
632.6302046775818,-2.0,1
634.0432434082031,-2.07,1
635.4562776088715,-2.03,1
636.8691866397858,-2.03,1
638.280996799469,-2.07,1
639.693151473999,-2.07,1
641.1052989959717,-2.1,1
642.5180950164795,-2.1,1
643.9303832054138,-2.1,1
645.2748100757599,-2.07,1
646.6868765354156,-2.03,1
648.0989933013916,-2.03,1
649.5109581947327,-2.0,1
650.9240260124207,-1.97,1
652.3377919197083,-2.07,1
653.7499010562897,-2.1,1
655.1624512672424,-2.1,1
656.5774655342102,-2.1,1
657.9895479679108,-2.1,1
659.3320527076721,-2.07,1
660.7457590103149,-2.1,1
662.1587688922882,-2.14,1
663.5720028877258,-2.07,1
664.9849927425385,-2.03,1
666.3966550827026,-2.0,1
667.8086566925049,-2.1,1
669.2207219600677,-2.07,1
670.633059501648,-2.14,1
672.0465564727783,-2.1,1
673.4595327377319,-2.03,1
674.8725574016571,-2.1,1
676.2865309715271,-2.03,1
677.6990931034088,-2.03,1
679.1104459762573,-2.1,1
680.5222156047821,-2.07,1
681.934552192688,-2.14,1
683.3473715782166,-2.03,1
684.7602782249451,-2.1,1
686.1730587482452,-2.14,1
687.5862784385681,-2.1,1
689.0003926753998,-2.07,1
690.4129908084869,-2.1,1
691.8241679668427,-2.14,1
693.2361097335815,-2.07,1
694.648175239563,-2.07,1
696.0597989559174,-2.14,1
697.4730525016785,-2.17,1
698.886782169342,-2.07,1
700.2987327575684,-2.03,1
701.6434149742126,-2.03,1
703.0555412769318,-2.07,1
704.4000477790833,-2.1,1
705.7429757118225,-2.1,1
707.1563715934753,-2.03,1
708.5687761306763,-2.07,1
709.9826457500458,-2.0,1
711.3948547840118,-2.14,1
712.7385957241058,-2.17,1
714.1516447067261,-2.07,1
715.5648057460785,-2.07,1
716.977885723114,-2.1,1
718.3907175064087,-2.0,1
719.804604768753,-2.0,1
721.216696023941,-2.14,1
722.628089427948,-2.07,1
724.0408110618591,-2.1,1
725.4524083137512,-2.03,1
726.7983117103577,-2.14,1
728.2105717658997,-2.07,1
729.622430562973,-2.07,1
730.9665312767029,-2.07,1
732.3793714046478,-2.07,1
733.7929534912109,-2.1,1
735.2075707912445,-2.0,1
736.6184287071228,-2.07,1
738.030930519104,-2.1,1
739.4423720836639,-2.1,1
740.8545010089874,-2.1,1
742.2669732570648,-2.0,1
743.6793019771576,-2.21,1
745.0235085487366,-2.14,1
746.4352588653564,-2.1,1
747.8464441299438,-2.1,1
749.2586741447449,-2.0,1
750.6715669631958,-2.1,1
752.0161597728729,-2.1,1
753.429131269455,-2.1,1
754.8407912254333,-2.03,1
756.2540414333344,-2.17,1
757.6654660701752,-2.14,1
759.0772080421448,-2.1,1
760.4899938106537,-2.03,1
761.902902841568,-2.03,1
763.3173670768738,-2.03,1
764.7299189567566,-2.03,1
766.1430580615997,-2.1,1
767.5553719997406,-2.03,1
768.9667439460754,-2.07,1
770.3789041042328,-2.03,1
771.7906847000122,-2.14,1
773.2029950618744,-2.07,1
774.6167705059052,-2.1,1
776.0301496982574,-2.07,1
777.4435999393463,-2.07,1
778.8564910888672,-2.07,1
780.2685751914978,-2.1,1
781.6806275844574,-2.17,1
783.0925946235657,-2.03,1
784.504013299942,-2.21,1
785.9175329208374,-2.03,1
787.3306620121002,-2.17,1
788.7447900772095,-2.03,1
790.1574556827545,-2.07,1
791.5704281330109,-2.1,1
792.9824204444885,-2.03,1
794.3944056034088,-2.07,1
795.8063745498657,-2.14,1
797.2182741165161,-2.07,1
798.6314449310303,-2.07,1
800.044305562973,-2.07,1
801.458286523819,-2.1,1
802.871922492981,-2.03,1
804.2839546203613,-2.07,1
805.6953458786011,-2.1,1
807.108179807663,-2.03,1
808.5209379196167,-2.14,1
809.9321174621582,-2.03,1
811.3452172279358,-1.93,1
812.7580788135529,-2.1,1
814.1722280979156,-2.03,1
815.5861783027649,-2.0,1
816.9986777305603,-2.14,1
818.40989112854,-2.14,1
819.8220691680908,-1.97,1
821.233925819397,-2.03,1
822.6459038257599,-2.1,1
824.0571599006653,-2.03,1
825.4714603424072,-2.03,1
826.884822845459,-2.07,1
828.2981622219086,-2.07,1
829.710884809494,-2.07,1
831.1242234706879,-2.03,1
832.4676601886749,-2.03,1
833.8817043304443,-2.1,1
835.2947885990143,-2.1,1
836.7083160877228,-2.1,1
838.1206414699554,-2.07,1
839.5325598716736,-1.97,1
840.9447062015533,-2.14,1
842.3558087348938,-2.03,1
843.7685055732727,-2.07,1
845.1821591854095,-2.07,1
846.5954511165619,-2.07,1
848.0084421634674,-2.07,1
849.4217619895935,-2.03,1
850.8342807292938,-2.03,1
852.2464611530304,-2.0,1
853.5913484096527,-2.1,1
855.0034017562866,-2.07,1
856.4184646606445,-2.14,1
857.8301520347595,-2.07,1
859.2422449588776,-2.03,1
860.6542842388153,-2.03,1
861.9994492530823,-2.07,1
863.412766456604,-2.1,1
864.8252575397491,-2.0,1
866.2374846935272,-2.03,1
867.6489341259003,-1.93,1
869.0610735416412,-2.03,1
870.4730424880981,-2.03,1
871.885133266449,-2.07,1
873.2989792823792,-2.03,1
874.7119708061218,-2.07,1
876.1247427463531,-2.1,1
877.5377855300903,-1.97,1
878.9503569602966,-2.14,1
880.3628673553467,-2.17,1
881.7753310203552,-2.0,1
883.1867938041687,-2.03,1
884.5988409519196,-2.14,1
886.0133578777313,-2.03,1
887.4256711006165,-2.07,1
888.8387448787689,-1.97,1
890.2521386146545,-2.0,1
891.6647207736969,-2.03,1
893.0763666629791,-2.1,1
894.488960981369,-2.0,1
895.9005949497223,-2.0,1
897.3132503032684,-2.1,1
898.7265367507935,-1.97,1
900.1394217014313,-2.07,1
901.5526874065399,-2.0,1
902.9656369686127,-2.0,1
904.3784432411194,-2.1,1
905.7904126644135,-2.03,1
907.2019033432007,-2.1,1
908.6143817901611,-2.07,1
910.0263361930847,-2.0,1
911.4403245449066,-1.97,1
912.8537080287933,-1.97,1
914.266223192215,-2.03,1
915.6800184249878,-2.14,1
917.0921092033386,-2.07,1
918.5042946338654,-2.0,1
919.9162180423737,-2.03,1
921.3283200263977,-2.03,1
922.7401175498962,-2.03,1
924.1524250507355,-2.03,1
925.5666148662567,-2.03,1
926.9798278808594,-2.0,1
928.3922438621521,-2.0,1
929.8053684234619,-2.07,1
931.2181332111359,-2.07,1
932.6305372714996,-2.0,1
934.0419158935547,-2.0,1
935.4533405303955,-2.03,1
936.86741065979,-2.1,1
938.2803602218628,-1.97,1
939.692803144455,-2.03,1
941.105795621872,-2.1,1
942.5189638137817,-2.03,1
943.9312150478363,-1.97,1
945.3435685634613,-2.03,1
946.7559797763824,-2.07,1
948.1678600311279,-2.03,1
949.5127725601196,-2.0,1
950.9249429702759,-1.97,1
952.3370559215546,-1.97,1
953.7507297992706,-2.03,1
955.1621296405792,-2.0,1
956.5745460987091,-2.03,1
957.986480474472,-2.03,1
959.399002790451,-2.07,1
960.8124470710754,-2.0,1
962.2254061698914,-2.03,1
963.6383936405182,-2.03,1
965.0518450737,-2.03,1
966.4633214473724,-2.0,1
967.8753139972687,-2.07,1
969.2879672050476,-2.07,1
970.7008512020111,-1.93,1
972.1126534938812,-2.0,1
973.5261828899384,-2.03,1
974.9396314620972,-2.0,1
976.3535506725311,-2.07,1
977.7651560306549,-2.0,1
979.1771121025085,-2.14,1
980.5891916751862,-2.07,1
982.0027377605438,-2.1,1
983.4140167236328,-2.0,1
984.8276724815369,-2.0,1
986.2399878501892,-1.97,1
987.6530735492706,-2.03,1
989.0671668052673,-2.0,1
990.4792478084564,-2.07,1
991.8908126354218,-2.07,1
993.3025121688843,-2.0,1
994.71581864357,-2.03,1
996.1278159618378,-2.03,1
997.540872335434,-2.0,1
998.9533936977386,-2.17,1
1000.3672873973846,-2.07,1
1001.7797589302063,-2.1,1
1003.1925661563873,-2.03,1
1004.6046569347382,-2.03,1
1006.0173118114471,-2.07,1
1007.4301538467407,-2.07,1
1008.8413825035095,-2.14,1
1010.2545614242554,-2.0,1
1011.6680221557617,-2.0,1
1013.0805191993713,-2.03,1
1014.4934706687927,-2.0,1
1015.9064476490021,-2.07,1
1017.3184723854065,-2.1,1
1018.7304534912109,-2.0,1
1020.1433115005493,-2.07,1
1021.5554311275482,-2.07,1
1022.9676322937012,-2.0,1
1024.380047082901,-1.97,1
1025.7932653427124,-2.0,1
1027.2063779830933,-2.0,1
1028.6182925701141,-2.07,1
1030.032633781433,-2.03,1
1031.444712638855,-2.03,1
1032.8575673103333,-2.1,1
1034.2691390514374,-2.07,1
1035.6822230815887,-2.03,1
1037.094085931778,-2.07,1
1038.50706076622,-2.07,1
1039.9200348854065,-2.07,1
1041.3337914943695,-2.07,1
1042.7458333969116,-2.03,1
1044.1583504676819,-2.1,1
1045.5712449550629,-2.07,1
1046.983317375183,-2.03,1
1048.3948831558228,-1.97,1
1049.8078713417053,-2.0,1
1051.221277475357,-2.0,1
1052.6339180469513,-1.93,1
1054.0474698543549,-2.07,1
1055.459722995758,-2.0,1
1056.8724913597107,-2.0,1
1058.284568309784,-2.0,1
1059.697134256363,-1.93,1
1061.1086382865906,-2.03,1
1062.5224442481995,-2.07,1
1063.9337365627289,-2.03,1
1065.3477029800415,-2.0,1
1066.7605583667755,-2.0,1
1068.1737217903137,-2.03,1
1069.5865387916565,-2.0,1
1070.9985146522522,-2.0,1
1072.4104368686676,-2.07,1
1073.8228602409363,-2.07,1
1075.2354264259338,-2.1,1
1076.6489865779877,-2.0,1
1078.0619678497314,-2.0,1
1079.4748179912567,-2.03,1
1080.887297153473,-1.97,1
1082.3002769947052,-2.0,1
1083.7122535705566,-2.03,1
1085.1247203350067,-2.14,1
1086.5361893177032,-2.03,1
1087.9498353004456,-2.03,1
1089.3621535301208,-2.03,1
1090.7754669189453,-2.0,1
1092.188371181488,-1.97,1
1093.6014404296875,-2.03,1
1095.014056444168,-1.97,1
1096.4254422187805,-2.0,1
1097.8380036354065,-2.03,1
1099.2497251033783,-2.03,1
1100.661955356598,-2.07,1
1102.075344800949,-2.03,1
1103.4877574443817,-2.0,1
1104.901656627655,-2.03,1
1106.3138675689697,-2.07,1
1107.7282004356384,-2.0,1
1109.1398060321808,-2.03,1
1110.551821231842,-2.07,1
1111.9640016555786,-2.03,1
1113.3756666183472,-2.0,1
1114.7884619235992,-2.03,1
1116.2020115852356,-2.0,1
1117.6141531467438,-1.93,1
1119.0278639793396,-1.93,1
1120.4412035942078,-2.03,1
1121.854171037674,-1.97,1
1123.2650763988495,-1.97,1
1124.6773161888123,-2.0,1
1126.0903499126434,-1.97,1
1127.5024745464325,-1.97,1
1128.9161086082458,-2.07,1
1130.3288404941559,-1.97,1
1131.7410459518433,-1.93,1
1133.1553690433502,-2.0,1
1134.5679411888123,-2.07,1
1135.9792540073395,-2.03,1
1137.3912720680237,-2.0,1
1138.803265094757,-1.97,1
1140.217159986496,-1.97,1
1141.6292476654053,-2.1,1
1143.0423138141632,-2.0,1
1144.4554538726807,-2.03,1
1145.868438243866,-2.0,1
1147.28089261055,-1.97,1
1148.6930937767029,-1.97,1
1150.105443239212,-2.0,1
1151.5175631046295,-2.0,1
1152.9297103881836,-2.07,1
1154.3429985046387,-2.0,1
1155.7559733390808,-2.07,1
1157.1689434051514,-1.93,1
1158.582787513733,-2.03,1
1159.994963169098,-2.03,1
1161.4069240093231,-2.0,1
1162.8187229633331,-1.97,1
1164.2307584285736,-2.0,1
1165.6437788009644,-2.03,1
1167.0568945407867,-2.03,1
1168.4704945087433,-2.1,1
1169.882920742035,-2.0,1
1171.297104358673,-2.0,1
1172.7081079483032,-1.97,1
1174.1199519634247,-2.07,1
1175.5332589149475,-2.07,1
1176.9452555179596,-2.03,1
1178.3565003871918,-1.9,1
1179.7696914672852,-2.07,1
1181.1826343536377,-1.97,1
1182.5959074497223,-2.0,1
1184.009060382843,-1.97,1
1185.4223999977112,-1.97,1
1186.834408044815,-1.97,1
1188.2469940185547,-1.97,1
1189.6591274738312,-2.07,1
1191.0701866149902,-2.07,1
1192.48330616951,-1.97,1
1193.8972573280334,-1.97,1
1195.3091974258423,-2.03,1
1196.7232506275177,-1.97,1
1198.13622879982,-2.03,1
1199.5486702919006,-2.0,1
1200.9608895778656,-2.03,1
1202.3724837303162,-2.0,1
1203.7837862968445,-2.03,1
1205.1972770690918,-2.03,1
1206.6100487709045,-1.97,1
1208.0229721069336,-1.97,1
1209.4375157356262,-2.03,1
1210.8502190113068,-1.97,1
1212.2632496356964,-2.0,1
1213.674647808075,-2.03,1
1215.085901260376,-2.03,1
1216.4969148635864,-2.07,1
1217.9079706668854,-2.07,1
1219.3208417892456,-2.0,1
1220.7338082790375,-2.0,1
1222.1485118865967,-1.97,1
1223.5606899261475,-1.97,1
1224.9737029075623,-2.0,1
1226.3857419490814,-1.97,1
1227.7980151176453,-1.93,1
1229.209887266159,-2.0,1
1230.6221430301666,-2.0,1
1232.034541606903,-2.03,1
1233.4482674598694,-2.07,1
1234.86261510849,-2.0,1
1236.274596452713,-1.97,1
1237.6879079341888,-2.07,1
1239.100035905838,-1.9,1
1240.5114521980286,-1.93,1
1241.9240527153015,-2.0,1
1243.3353433609009,-2.0,1
1244.7492337226868,-2.0,1
1246.1615824699402,-1.93,1
1247.5752248764038,-1.97,1
1248.9883201122284,-1.97,1
1250.401216506958,-2.07,1
1251.8131756782532,-2.07,1
1253.225619316101,-2.0,1
1254.6371870040894,-2.07,1
1256.0491943359375,-1.97,1
1257.4619646072388,-2.0,1
1258.8751332759857,-2.0,1
1260.2890696525574,-1.97,1
1261.7021808624268,-1.97,1
1263.115067243576,-2.0,1
1264.5276110172272,-1.97,1
1265.9388546943665,-2.1,1
1267.3509938716888,-1.97,1
1268.763602733612,-2.0,1
1270.1759374141693,-2.0,1
1271.5889115333557,-2.03,1
1273.0031096935272,-2.07,1
1274.41579413414,-2.07,1
1275.8293788433075,-2.03,1
1277.2408108711243,-2.0,1
1278.6527795791626,-2.07,1
1280.0661430358887,-1.97,1
1281.4767389297485,-1.97,1
1282.889823436737,-2.0,1
1284.303988456726,-2.03,1
1285.7163524627686,-2.1,1
1287.1297109127045,-2.03,1
1288.5432405471802,-2.07,1
1289.953917503357,-2.07,1
1291.3665618896484,-1.93,1
1292.7786717414856,-2.07,1
1294.1911964416504,-2.03,1
1295.6024851799011,-2.1,1
1297.015107870102,-2.03,1
1298.4301002025604,-2.07,1
1299.842621564865,-2.07,1
1301.25528216362,-1.97,1
1302.6683161258698,-2.0,1
1304.07976937294,-2.03,1
1305.4925138950348,-2.1,1
1306.9048442840576,-1.9,1
1308.3163239955902,-2.1,1
1309.7295062541962,-2.07,1
1311.1431195735931,-2.0,1
1312.5561683177948,-2.03,1
1313.9691591262817,-2.03,1
1315.3819329738617,-2.07,1
1316.7944366931915,-1.97,1
1318.2060096263885,-2.07,1
1319.6181526184082,-1.97,1
1321.0304114818573,-2.03,1
1322.3750097751617,-2.03,1
1323.787945985794,-2.03,1
1325.2001016139984,-2.1,1
1326.6126501560211,-2.0,1
1328.0239236354828,-2.0,1
1329.4358642101288,-2.03,1
1330.8488774299622,-2.0,1
1332.2628123760223,-2.1,1
1333.6759011745453,-2.07,1
1335.0887854099274,-2.14,1
1336.5017399787903,-2.07,1
1337.914358139038,-2.1,1
1339.3261449337006,-2.1,1
1340.7376825809479,-2.03,1
1342.1493747234344,-2.0,1
1343.4943239688873,-2.03,1
1344.9075891971588,-2.03,1
1346.3194212913513,-2.0,1
1347.7320675849915,-2.03,1
1349.1442184448242,-2.14,1
1350.5554947853088,-2.03,1
1351.9701857566833,-2.03,1
1353.383155822754,-2.17,1
1354.7951064109802,-2.14,1
1356.2084062099457,-2.07,1
1357.6214396953583,-2.07,1
1359.033343553543,-2.1,1
1360.4459447860718,-2.0,1
1361.857254266739,-1.93,1
1363.2684507369995,-2.07,1
1364.683032989502,-2.07,1
1366.0962376594543,-2.03,1
1367.5091798305511,-2.1,1
1368.9221127033234,-2.14,1
1370.3351702690125,-2.03,1
1371.7474007606506,-2.17,1
1373.1601467132568,-2.03,1
1374.5711016654968,-2.03,1
1375.983342409134,-2.03,1
1377.3969452381134,-2.03,1
1378.8107628822327,-2.1,1
1380.2229738235474,-2.1,1
1381.6359486579895,-1.97,1
1383.0489287376404,-2.03,1
1384.4616966247559,-2.07,1
1385.8728787899017,-2.14,1
1387.2848365306854,-2.1,1
1388.6969475746155,-2.07,1
1390.1108210086823,-2.17,1
1391.5237782001495,-2.03,1
1392.9368813037872,-2.1,1
1394.3497443199158,-2.07,1
1395.7628679275513,-2.1,1
1397.1745855808258,-2.07,1
1398.5866520404816,-2.07,1
1399.998616218567,-2.07,1
1401.4114220142365,-2.07,1
1402.8249933719635,-2.07,1
1404.2375531196594,-2.1,1
1405.6511301994324,-2.07,1
1407.064167022705,-2.1,1
1408.476898908615,-2.07,1
1409.8885922431946,-2.03,1
1411.300428390503,-2.07,1
1412.7128212451935,-2.0,1
1414.1251866817474,-2.07,1
1415.5376653671265,-2.03,1
1416.9503197669983,-2.1,1
1418.3635182380676,-2.07,1
1419.7763304710388,-2.14,1
1421.190232038498,-2.1,1
1422.6022119522095,-2.07,1
1424.0139210224152,-2.07,1
1425.4266092777252,-2.1,1
1426.8388895988464,-2.1,1
1428.251830816269,-2.07,1
1429.6648623943329,-2.1,1
1431.0764667987823,-2.17,1
1432.490954875946,-2.07,1
1433.9035222530365,-2.07,1
1435.316731452942,-2.03,1
1436.727775335312,-2.1,1
1438.1401371955872,-2.14,1
1439.5519115924835,-2.14,1
1440.96564412117,-2.03,1
1442.377764225006,-2.07,1
1443.7908380031586,-2.1,1
1445.2032301425934,-2.07,1
1446.6167917251587,-2.0,1
1448.0297708511353,-2.14,1
1449.44255900383,-2.07,1
1450.8536932468414,-2.1,1
1452.2654192447662,-2.1,1
1453.67777633667,-2.0,1
1455.0928180217743,-2.07,1
1456.5046434402466,-2.07,1
1457.9175200462341,-2.24,1
1459.3308591842651,-2.03,1
1460.7430303096771,-2.07,1
1462.1559364795685,-2.03,1
1463.5677382946014,-2.0,1
1464.9793989658356,-2.07,1
1466.3924026489258,-2.03,1
1467.805347919464,-2.07,1
1469.2185051441193,-2.21,1
1470.6312968730927,-2.07,1
1472.0444099903107,-2.07,1
1473.4572446346283,-2.03,1
1474.8692908287048,-2.14,1
1476.2813539505005,-2.1,1
1477.6934056282043,-2.24,1
1479.1059288978577,-2.17,1
1480.519445180893,-2.14,1
1481.9321701526642,-2.07,1
1483.3458170890808,-2.07,1
1484.7590663433075,-2.14,1
1486.1711020469666,-2.07,1
1487.583434343338,-2.03,1
1488.9950516223907,-2.07,1
1490.4067482948303,-2.07,1
1491.8199999332428,-2.14,1
1493.2326800823212,-2.03,1
1494.6449267864227,34.45,1
1496.0581452846527,17.17,1
1497.4710493087769,10.55,1
1498.8836200237274,6.1,1
1500.2968163490295,2.55,1
1501.7089738845825,1.52,1
1503.1217148303986,0.34,1
1504.533935546875,1.0,1
1505.9457323551178,-0.97,1
1507.3587217330933,-1.14,1
1508.7717070579529,-1.07,1
1510.184697151184,-1.31,1
1511.5978298187256,-1.31,1
1513.0105895996094,-1.52,1
1514.4225978851318,-1.59,1
1515.836296081543,-1.66,1
1517.2475357055664,-1.76,1
1518.6595077514648,-1.66,1
1520.0724039077759,-1.69,1
1521.4850256443024,-1.69,1
1522.8979468345642,-0.9,1
1524.3113968372345,-1.83,1
1525.7239308357239,-1.97,1
1527.13636136055,-1.93,1
1528.5494000911713,-1.86,1
1530.0303180217743,-1.83,1
