1.1089015007019043,6.86
2.3525304794311523,6.76
3.5664987564086914,6.79
4.775718450546265,6.86
5.990926504135132,6.79
10.574442148208618,6.79
11.998192310333252,6.76
13.410211563110352,8.83
14.822253227233887,11.76
16.225111961364746,15.24
17.5779812335968,18.62
18.91924285888672,22.38
20.327410221099854,26.45
21.677501440048218,30.48
23.081056594848633,34.69
24.504708528518677,38.9
25.901604413986206,42.48
27.323386669158936,46.17
28.73435401916504,49.38
30.142943859100342,52.45
31.550079822540283,55.07
32.97276329994202,57.34
34.38480758666992,59.31
35.796860456466675,60.83
37.14028739929199,61.97
38.54324793815613,62.69
39.95568132400513,63.17
41.36944055557251,63.24
42.78375029563904,63.24
44.197805881500244,63.0
45.60759139060974,62.52
