1.105309009552002,-1.9,0
2.349616527557373,-1.86,0
3.5599803924560547,-1.9,0
4.7559075355529785,-1.83,0
5.950178384780884,-1.79,0
7.1629908084869385,-1.83,0
8.36035966873169,-1.86,0
12.934873819351196,28.59,1
14.348647117614746,31.34,1
15.761695146560669,35.31,1
17.174198627471924,39.38,1
18.506277561187744,42.69,1
19.84703040122986,46.0,1
21.20142388343811,48.93,1
22.543184995651245,51.83,1
23.94758367538452,54.48,1
25.292575120925903,57.1,1
26.710511922836304,59.83,1
28.051349639892578,62.1,1
29.455471992492676,64.55,1
30.874396800994873,66.69,1
32.28201246261597,68.83,1
33.627615451812744,70.76,1
34.95932364463806,72.52,1
36.31400489807129,74.24,1
37.72907042503357,76.03,1
39.07049822807312,77.69,1
40.48199415206909,79.45,1
41.81593084335327,80.72,1
43.155837297439575,81.69,1
44.50175642967224,82.93,1
51.8050012588501,-1.97,0
53.14578127861023,-1.93,0
54.46138143539429,-1.9,0
55.766674280166626,-1.93,0
57.08059883117676,-1.79,0
58.374589920043945,-1.9,0
59.699761629104614,-1.79,0
61.00933265686035,-1.76,0
62.31812262535095,-1.86,0
63.66538882255554,-1.76,0
64.96332383155823,-1.83,0
66.26587200164795,-1.79,0
67.57124638557434,-1.83,0
68.8822250366211,-1.76,0
70.18156123161316,-1.76,0
71.47735142707825,-1.79,0
72.77661323547363,-1.76,0
74.08454132080078,-1.76,0
75.42488551139832,-1.86,0
76.73006105422974,-1.79,0
78.0372383594513,-1.86,0
79.34269142150879,-1.86,0
80.64888834953308,-1.79,0
81.95660734176636,-1.79,0
83.24909925460815,-1.79,0
84.54681038856506,-1.76,0
85.89971804618835,-1.76,0
87.22038006782532,-1.79,0
88.51211929321289,-1.83,0
89.81672549247742,-1.83,0
91.13716983795166,-0.83,0
92.44174146652222,-1.86,0
93.73320150375366,-1.83,0
95.05705523490906,-1.79,0
96.37985038757324,-1.72,0
97.70502257347107,-1.86,0
99.00538849830627,-1.76,0
100.32657837867737,-1.86,0
101.63152837753296,-1.76,0
102.93664813041687,-1.76,0
104.24580383300781,-1.83,0
105.55404615402222,-1.76,0
106.89314699172974,-1.86,0
108.19917583465576,-1.79,0
109.5044674873352,-1.76,0
110.80962300300598,-1.79,0
115.40962648391724,182.76,1
116.82866525650024,120.24,1
118.23211908340454,112.1,1
119.64932489395142,109.03,1
121.06741571426392,107.55,1
122.47468948364258,106.62,1
123.88926911354065,105.69,1
125.29128885269165,105.31,1
126.70894169807434,105.24,1
128.11118006706238,104.72,1
129.52593779563904,104.31,1
130.94417548179626,101.79,1
132.3476972579956,93.07,1
139.66638827323914,-1.59,0
140.98582863807678,-1.55,0
142.27483558654785,-1.59,0
143.5915172100067,-1.59,0
144.90565133094788,-1.48,0
146.22740244865417,-1.59,0
147.55159735679626,-1.69,0
148.87547135353088,-1.72,0
150.18020582199097,-1.72,0
151.496173620224,-1.66,0
152.81362533569336,-1.72,0
154.12171816825867,-1.69,0
155.42798733711243,-1.66,0
156.7723422050476,-1.76,0
158.0939383506775,-1.76,0
159.4086287021637,-1.76,0
163.99951171875,182.14,1
165.33740973472595,120.31,1
166.75235891342163,112.24,1
168.09252500534058,109.62,1
169.439222574234,107.9,1
170.8508267402649,106.97,1
172.1916925907135,106.1,1
173.60102462768555,105.55,1
175.0161828994751,105.52,1
