1.0969958305358887,-1.76
2.348850727081299,-1.9
3.5608999729156494,-1.83
4.764893054962158,-1.9
5.977043151855469,-1.86
7.182332992553711,-1.79
9.953134536743164,412.72
11.374958753585815,477.38
12.786834478378296,26.03
14.196985960006714,64.86
15.605941534042358,9.72
17.015295267105103,1.72
18.43022847175598,13.62
19.769336223602295,16.79
21.105751276016235,25.86
22.45554494857788,10.55
23.79333782196045,12.69
25.202324628829956,21.66
26.61906909942627,15.14
27.969173669815063,27.31
29.30480980873108,38.52
30.725154161453247,24.69
32.136847496032715,27.97
33.48080110549927,35.24
34.810789346694946,35.24
36.229376792907715,35.21
37.633846044540405,26.76
38.97896862030029,31.52
42.689826250076294,-1.21
43.992016553878784,-1.41
45.29637360572815,-1.45
46.606388568878174,-1.62
47.909754276275635,-1.66
49.261549949645996,-1.66
50.575215578079224,-1.69
51.89109969139099,-1.72
53.194377183914185,-1.69
54.50720691680908,-1.62
55.83140778541565,-1.76
57.14032459259033,-1.72
58.47966909408569,-1.76
59.79973125457764,-1.79
61.11520195007324,-1.76
62.43280625343323,-1.86
65.20801854133606,-1.83
66.5478150844574,-1.72
67.96235585212708,-1.76
69.38317370414734,-1.79
70.78212690353394,-1.83
72.19890880584717,-1.83
73.61038756370544,-1.9
75.02544975280762,-1.86
76.44446110725403,-1.86
77.84943342208862,-1.9
79.19639182090759,-1.83
