1.1103291511535645,-0.52
2.323637008666992,-0.55
3.569115161895752,-0.62
4.781457424163818,-0.59
5.998117208480835,-0.59
7.221023321151733,-0.66
8.433749198913574,-0.62
13.023173570632935,30.21
14.434507608413696,68.31
15.847593307495117,100.31
17.25981116294861,128.93
18.670734882354736,157.72
20.081679105758667,185.17
21.48643183708191,212.48
22.89697003364563,238.69
24.30234718322754,264.9
25.655925512313843,291.14
33.027817487716675,-0.07
34.33806920051575,-0.34
35.64597487449646,-0.45
36.94955849647522,-0.59
38.257824659347534,-0.62
39.56230926513672,-0.48
40.862030029296875,-0.66
42.20715880393982,-0.62
43.51742434501648,-0.59
44.82556867599487,-0.62
46.148786544799805,-0.59
