1.1028881072998047,5.24
2.321169137954712,5.24
3.56439471244812,5.17
4.772733211517334,5.31
9.36591911315918,6.48
10.708865880966187,6.34
12.120877981185913,6.45
13.52345585823059,5.69
14.931508779525757,17.69
16.346263885498047,9.66
17.691750049591064,18.31
19.103293418884277,9.9
20.45347547531128,18.41
21.802988529205322,10.31
23.215842962265015,8.1
24.551593542099,8.34
25.958302974700928,7.66
27.379348039627075,17.93
28.79805636405945,10.24
30.204673051834106,18.45
31.615724325180054,10.41
33.03442692756653,18.83
34.366729497909546,10.45
35.72288799285889,8.03
37.13513898849487,8.41
38.5405809879303,7.59
39.880964279174805,18.24
41.23077440261841,10.34
42.64253759384155,8.28
44.05912780761719,8.55
45.39769649505615,8.1
46.80814003944397,8.59
48.22320532798767,8.0
49.63187217712402,17.83
51.05827450752258,10.55
52.47129011154175,8.62
53.88099813461304,8.83
55.28996229171753,8.0
56.704129695892334,7.86
58.107744216918945,8.97
59.525373458862305,8.17
60.8721981048584,8.66
62.28611397743225,7.9
63.69841551780701,8.93
65.03911781311035,8.0
66.37756705284119,17.66
67.72936081886292,10.17
69.13782620429993,25.03
70.54548573493958,21.14
71.89692449569702,17.07
73.30502557754517,8.28
74.66049098968506,7.76
75.99065232276917,7.52
77.40445137023926,8.17
78.75716400146484,7.41
80.16579937934875,8.07
81.57691788673401,7.34
82.99256920814514,17.59
84.40420651435852,9.93
85.81127524375916,18.0
87.23459911346436,9.69
88.64619660377502,18.17
90.06210112571716,9.83
91.4730429649353,9.28
92.88120102882385,7.97
94.23306441307068,17.9
95.63309621810913,10.17
97.05831336975098,18.14
98.46822261810303,10.03
99.87424945831299,8.24
101.2835202217102,8.41
102.69811415672302,7.83
104.11878085136414,8.72
105.53004455566406,17.66
106.93764448165894,10.17
108.34770894050598,8.14
109.76455354690552,8.34
111.11486864089966,7.55
112.5262804031372,8.1
113.93019843101501,17.52
115.27810454368591,9.9
116.69242668151855,7.76
118.09439206123352,8.1
119.51577472686768,7.1
120.93166184425354,7.31
122.34134721755981,17.34
123.754061460495,9.79
125.1713695526123,8.79
126.58482766151428,17.31
127.99225425720215,9.72
129.40039730072021,18.14
130.7491192817688,10.17
132.1653687953949,17.72
133.57272005081177,9.72
134.9824788570404,8.86
136.335844039917,7.31
137.73789978027344,7.86
139.15964889526367,7.21
140.57435822486877,7.76
141.90821361541748,7.34
143.32137060165405,7.72
144.7484631538391,7.93
146.15108585357666,17.31
147.56557512283325,9.45
148.98722219467163,8.52
150.39923787117004,7.52
151.79896545410156,8.17
153.22426581382751,7.38
154.63431239128113,17.03
156.03788948059082,9.41
157.44845843315125,8.45
158.8684995174408,7.21
160.28298473358154,7.59
161.69810843467712,6.97
163.10174918174744,7.55
164.4583752155304,16.62
165.86364364624023,9.41
167.20957589149475,17.28
168.5481116771698,9.62
169.9036567211151,8.48
171.23470187187195,7.38
172.57888841629028,7.66
173.9950385093689,16.66
175.34212493896484,9.69
176.75077652931213,17.31
178.09215831756592,9.9
179.517333984375,17.38
180.86102437973022,9.38
182.2055492401123,17.72
183.61854100227356,9.79
185.028329372406,8.9
186.3750548362732,7.69
187.78761863708496,8.24
189.12225532531738,7.34
190.461665391922,8.24
191.87841606140137,7.48
193.29785752296448,7.83
194.70176362991333,7.07
196.12768721580505,8.03
197.46819138526917,7.38
198.8699324131012,8.34
200.21452617645264,7.55
201.63770270347595,7.93
202.98575115203857,7.17
204.39450192451477,7.79
205.73780179023743,7.1
207.1528356075287,17.03
208.55515003204346,9.72
209.96860718727112,8.21
211.31995558738708,16.83
212.73624634742737,9.24
214.13607120513916,8.14
215.55668473243713,8.1
216.97192692756653,17.24
218.3749716281891,9.62
219.78516244888306,17.55
221.2037227153778,9.52
222.62314891815186,8.45
224.03667831420898,8.31
225.43720698356628,17.41
226.8517816066742,9.9
228.2729938030243,17.41
229.67427110671997,9.69
231.0856008529663,17.76
232.50480389595032,9.9
233.92559170722961,17.52
235.3392481803894,9.52
236.74214577674866,17.97
238.15113139152527,9.86
239.57709312438965,8.52
240.97863364219666,17.55
242.38696384429932,10.03
243.80091071128845,8.97
245.21912026405334,17.9
246.64115953445435,9.86
248.054194688797,18.07
255.41678524017334,7.14
256.7253534793854,7.24
258.0542879104614,7.21
259.36446714401245,7.14
260.67564511299133,7.24
261.99335527420044,7.1
263.319256067276,7.0
264.6363561153412,7.03
269.2486660480499,7.07
270.6754324436188,23.52
272.07770705223083,29.14
273.4898204803467,30.48
274.90277457237244,30.45
276.32076263427734,30.28
277.72271490097046,30.24
279.14114356040955,30.45
280.5488042831421,30.03
281.9637143611908,29.55
283.3815634250641,30.03
284.7946059703827,29.83
286.2016816139221,29.72
287.6183087825775,29.59
289.02629017829895,29.62
290.433230638504,29.59
291.8412353992462,29.41
293.250271320343,29.34
294.6652591228485,29.28
296.07326793670654,29.0
297.4969129562378,29.17
298.90019631385803,34.0
300.30875968933105,30.07
301.7331826686859,28.97
303.143497467041,28.93
304.55294585227966,29.03
305.96312737464905,28.76
307.37316513061523,28.97
308.79054617881775,28.48
310.2024610042572,28.41
311.61451029777527,31.83
313.0178442001343,28.83
314.4261226654053,28.45
315.83917331695557,31.48
317.25580763816833,32.28
318.671457529068,32.0
320.0865960121155,28.45
321.4934902191162,27.93
322.90561056137085,26.9
324.2475173473358,27.79
325.6538918018341,27.03
327.00012850761414,27.69
328.41548347473145,30.93
329.82901430130005,27.72
331.22830748558044,29.76
332.57633924484253,30.38
333.9810070991516,30.14
335.33229637145996,30.1
336.7499797344208,29.62
338.0832703113556,29.17
339.5020718574524,29.24
340.848872423172,28.97
342.2601001262665,28.38
343.5914556980133,28.24
345.0062139034271,27.59
346.4253418445587,25.31
347.83347749710083,26.59
349.1723175048828,32.93
350.58830976486206,28.24
351.92821502685547,27.69
359.2328345775604,-2.52
360.5219693183899,-2.62
361.8720257282257,-2.66
363.17891931533813,-2.72
364.4857425689697,-2.69
365.79634618759155,-2.79
367.11011123657227,-2.83
368.42524218559265,-2.86
373.01384472846985,784.9
374.35383653640747,802.79
375.7659170627594,535.38
377.1154534816742,345.59
384.40853571891785,1.59
385.7199659347534,1.62
387.0307967662811,1.66
388.34290289878845,1.69
389.66109895706177,1.72
390.9633324146271,1.69
392.3206036090851,1.69
393.6227970123291,1.72
398.21867203712463,1.76
399.55322313308716,36.59
400.9697976112366,58.31
402.3187093734741,61.86
403.7200288772583,66.24
405.12916231155396,66.76
406.5547504425049,66.83
407.96428894996643,72.14
409.3770270347595,67.83
410.7839539051056,72.0
412.2022490501404,72.72
413.6094491481781,67.9
