1.1107697486877441,-0.93,0
2.3501360416412354,-0.93,0
3.5587058067321777,-1.0,0
4.76949143409729,-0.97,0
5.973426818847656,-1.07,0
10.56070876121521,-1.03,1
11.973812341690063,-0.97,1
13.387437343597412,-1.07,1
14.800989389419556,-1.0,1
16.207573175430298,-0.9,1
17.620195627212524,-2.28,1
18.96042013168335,0.17,1
20.30150532722473,-1.34,1
21.650328636169434,-1.34,1
23.059462308883667,-1.45,1
24.402214765548706,-1.48,1
25.756234169006348,-1.31,1
27.163354873657227,-1.45,1
28.509523391723633,-1.28,1
29.91425323486328,-1.48,1
31.25913095474243,-1.41,1
32.6754515171051,-1.38,1
34.02513933181763,-1.55,1
35.35978722572327,-1.48,1
36.705907106399536,-1.48,1
38.13235688209534,-1.38,1
39.473233461380005,-2.45,1
40.82080388069153,-0.07,1
42.15280866622925,-75.28,1
43.49464011192322,-30.52,1
44.839664936065674,54.28,1
46.26325440406799,-6.1,1
47.66325092315674,-4.72,1
49.08610796928406,-3.28,1
50.43060255050659,-3.34,1
51.83988547325134,-3.38,1
53.2470760345459,-3.07,1
54.6615092754364,-3.17,1
56.07252597808838,-3.48,1
57.48944306373596,-2.66,1
58.90109944343567,-2.34,1
60.322733879089355,-1.0,1
61.73477530479431,-7.55,1
63.148921489715576,1.21,1
64.55988597869873,4.28,1
65.89566135406494,-6.48,1
67.31347942352295,-31.62,1
68.6519067287445,29.66,1
70.07096552848816,13.38,1
71.40869140625,-0.03,1
72.83071565628052,-1.31,1
74.17156767845154,-1.83,1
75.51870656013489,-1.93,1
76.92323160171509,-2.21,1
