1.1084177494049072,4.1
2.314573049545288,4.07
3.549466609954834,4.14
4.761346340179443,4.17
5.9702935218811035,4.28
10.568831205368042,0.24
11.994567632675171,0.28
13.407649040222168,0.1
14.751676797866821,0.17
16.151317834854126,0.17
17.502596378326416,0.14
18.843064069747925,0.1
20.19635009765625,7.93
21.606308698654175,12.72
22.941837787628174,15.24
24.361044883728027,17.03
25.77228832244873,18.69
27.184938669204712,19.48
28.603954076766968,19.76
30.01516079902649,21.1
31.421401023864746,22.34
32.84105443954468,23.24
34.179325342178345,23.76
35.51984739303589,24.34
36.87311816215515,24.48
38.276606798172,24.79
39.625128507614136,24.9
41.0302152633667,25.41
42.381730794906616,25.55
43.72289323806763,26.21
45.06502985954285,26.45
46.40534472465515,26.24
47.74878001213074,27.41
49.17136096954346,26.97
50.57681131362915,27.03
51.99000525474548,27.17
53.32944655418396,27.24
54.74909496307373,27.24
56.14655518531799,28.17
57.56543469429016,28.14
58.97940969467163,28.17
60.384312868118286,28.66
61.79599666595459,29.21
63.209423542022705,29.17
64.62866854667664,28.83
65.97233557701111,28.76
67.30351948738098,28.76
68.7158133983612,28.72
70.13444256782532,28.93
71.48262619972229,29.41
72.82243132591248,29.66
74.1574501991272,29.48
75.51197290420532,29.17
76.85155439376831,29.17
78.19711351394653,29.1
79.53330612182617,29.1
80.95021533966064,29.1
82.28814697265625,29.03
83.63603663444519,29.0
85.04523253440857,29.1
86.3937201499939,29.69
87.80713057518005,29.93
89.21381378173828,29.55
90.61946511268616,29.62
92.04194855690002,29.55
93.44426274299622,29.72
94.79927039146423,29.69
96.21129775047302,29.59
97.62097001075745,29.59
99.02824091911316,29.59
100.44033455848694,29.55
101.85882568359375,29.62
103.26785397529602,29.69
104.67885112762451,29.55
106.08303546905518,29.52
107.4375364780426,29.86
108.84238791465759,29.48
110.2613878250122,29.72
111.66333603858948,31.17
113.0846495628357,30.72
114.48356533050537,30.17
115.90670466423035,29.72
117.25071692466736,29.69
118.66072702407837,30.31
120.0638370513916,30.14
121.47235584259033,29.59
122.89809274673462,31.03
124.30246806144714,30.55
125.71190905570984,30.07
127.11915564537048,29.62
128.5423309803009,30.69
129.94028973579407,30.17
131.36014866828918,29.69
132.70748901367188,29.52
134.1148223876953,29.59
135.51730871200562,31.21
136.93554759025574,30.66
138.3522777557373,30.07
139.75981307029724,29.59
141.16498017311096,30.38
142.58822345733643,30.21
143.93126440048218,29.66
145.33777928352356,29.55
146.75134992599487,31.07
148.16433954238892,30.66
149.56868767738342,30.14
150.9865243434906,29.52
152.38730120658875,30.48
153.79857468605042,30.0
155.2144649028778,29.45
156.62433099746704,30.31
158.04628682136536,29.79
159.44502878189087,29.31
160.79877471923828,30.69
162.20085859298706,30.21
163.54963517189026,29.79
164.8966805934906,29.41
166.3032932281494,30.9
167.72027468681335,30.31
169.1266052722931,31.14
170.47451090812683,30.45
171.8854649066925,30.0
173.22644877433777,29.66
174.64514183998108,30.0
175.98787689208984,29.72
177.31838035583496,30.62
178.7290976047516,30.0
180.08400177955627,30.79
181.42679810523987,30.28
182.82730674743652,29.79
184.18406414985657,29.59
185.59216451644897,29.59
186.93581080436707,29.31
188.2724211215973,29.17
189.68304681777954,30.66
191.09372305870056,30.17
192.5161657333374,30.14
193.85697174072266,30.03
195.27416396141052,30.21
196.68327856063843,31.21
198.0140142440796,31.0
199.42501425743103,30.41
200.76775646209717,29.97
202.18337321281433,29.45
203.53809428215027,30.07
204.87761282920837,29.69
206.21641421318054,29.31
207.56669974327087,29.28
208.90821862220764,29.76
210.31807804107666,30.21
211.66177344322205,30.03
213.07863926887512,30.31
214.48268365859985,30.14
215.90080094337463,30.31
217.23595261573792,30.38
218.65676355361938,29.97
219.99218797683716,31.31
221.41240906715393,30.93
222.7504527568817,30.45
224.15945744514465,29.93
225.50987362861633,29.55
226.91076111793518,30.0
228.25293731689453,29.59
229.60901165008545,30.48
236.91121697425842,0.0
238.2422330379486,-0.17
239.56315279006958,-0.24
240.86294794082642,-0.21
242.18520498275757,-0.24
243.4831986427307,-0.1
244.79644536972046,-0.21
246.11188912391663,-0.24
250.71486520767212,76.24
252.12300968170166,106.83
253.54628539085388,112.28
254.9547779560089,113.1
256.36283683776855,113.59
257.771213054657,113.34
259.11983823776245,113.28
260.52918910980225,113.31
261.9381992816925,111.14
263.28433203697205,105.21
264.69704699516296,97.21
266.11263823509216,90.38
267.51912093162537,84.21
268.92454862594604,77.79
270.34705090522766,71.93
271.6874318122864,66.86
273.0961666107178,62.17
274.5056457519531,57.86
275.9150388240814,53.97
277.3398976325989,49.66
278.74897861480713,46.0
280.15844917297363,43.24
281.5059447288513,40.83
282.9803297519684,37.14
284.39675283432007,35.1
285.74003744125366,33.69
287.1495625972748,31.45
288.565137386322,29.83
289.9637529850006,27.86
291.375604391098,26.28
292.8002073764801,25.31
294.2119879722595,24.14
295.62323808670044,22.69
297.01976585388184,14.97
298.44538974761963,10.55
299.84208822250366,12.1
301.26032996177673,10.76
302.67971897125244,11.38
304.0839469432831,9.83
305.4990484714508,11.34
306.9171185493469,11.17
308.3344826698303,10.38
309.7439856529236,10.72
311.15123534202576,8.86
312.55995416641235,8.97
313.9820148944855,10.76
315.3891804218292,11.52
316.8107113838196,11.14
318.2171220779419,5.83
319.5667519569397,8.03
320.9116566181183,7.86
322.24143862724304,12.76
323.59707856178284,10.28
325.01368832588196,10.62
326.352765083313,10.24
327.70190834999084,13.34
329.0469524860382,14.55
330.455114364624,11.83
331.80184626579285,10.66
333.148015499115,10.34
334.49104833602905,11.1
335.8287036418915,10.03
337.2356526851654,11.28
338.5862560272217,10.38
339.9268124103546,10.28
341.2809717655182,10.69
342.62242794036865,10.21
344.02520632743835,10.83
345.370240688324,10.59
346.71377396583557,5.21
348.1378085613251,6.62
349.55134773254395,10.69
350.8886535167694,9.79
352.2303557395935,9.66
353.5710587501526,10.86
354.91824674606323,9.66
356.27247643470764,10.38
357.67639327049255,10.17
359.0985143184662,10.62
360.4422981739044,10.9
361.78426146507263,9.38
363.123251914978,10.38
364.46310567855835,9.0
365.87699794769287,10.1
367.2309322357178,10.48
368.57187700271606,10.17
369.9767355918884,8.55
371.40265941619873,8.59
372.73723435401917,8.93
374.0870108604431,10.83
375.42421770095825,10.03
376.8387620449066,10.41
378.17677760124207,10.14
379.523624420166,10.0
380.9471070766449,9.0
382.3529222011566,10.62
383.7730269432068,11.03
385.18329191207886,10.14
386.5290856361389,11.1
387.9395296573639,10.31
389.3469042778015,9.52
390.6993074417114,10.45
392.1137466430664,13.97
393.5165846347809,11.17
394.86534810066223,13.9
396.28240609169006,10.83
397.6147768497467,10.28
399.0393273830414,13.66
400.3776423931122,11.03
401.7954978942871,10.66
403.20966029167175,9.52
404.6117970943451,9.83
405.96215748786926,9.45
407.3757276535034,9.86
408.7866325378418,9.03
410.1982047557831,9.93
411.60427618026733,9.83
413.01978039741516,9.38
414.4456503391266,9.07
415.84802317619324,8.93
417.26971459388733,9.55
418.6790678501129,9.03
420.09375,9.55
421.4996976852417,9.62
422.9158411026001,9.55
424.32221364974976,9.62
425.73831582069397,9.03
427.15990352630615,9.52
428.560124874115,9.45
429.9729051589966,9.17
431.313823223114,9.41
432.66876244544983,9.14
434.07371401786804,10.07
435.4954483509064,9.28
436.8309392929077,10.48
438.25410890579224,9.93
439.65598130226135,9.79
441.0645785331726,9.83
442.4214999675751,9.93
443.83302116394043,9.41
445.23987674713135,9.79
446.6474359035492,9.34
448.00530338287354,9.14
449.4098343849182,9.66
450.7534191608429,8.38
452.1043334007263,8.97
453.44686913490295,9.93
454.8545289039612,9.48
456.1932923793793,9.48
457.619140625,9.21
459.0335040092468,9.28
460.4360365867615,13.59
461.78113985061646,10.72
463.2010521888733,10.03
464.6133677959442,9.28
466.02397298812866,9.83
467.37237882614136,9.17
468.7864603996277,10.41
470.2008605003357,9.0
471.6043658256531,9.45
473.01424646377563,10.21
474.4388325214386,10.14
475.8452892303467,10.14
477.26266527175903,9.72
478.6673049926758,9.07
480.0784258842468,8.55
481.48784828186035,13.17
482.90632677078247,10.38
484.3273878097534,9.69
485.741605758667,8.66
487.1471085548401,13.17
488.56502866744995,10.07
489.97133350372314,9.9
491.37515139579773,9.62
492.7983636856079,9.24
494.2018723487854,9.76
495.6204960346222,8.69
497.028995513916,13.38
498.45450806617737,10.59
499.864693403244,9.45
501.2698862552643,9.48
502.69098377227783,9.69
504.1034038066864,9.17
505.5086410045624,9.76
506.92204689979553,9.28
508.3393015861511,10.41
509.75521636009216,14.07
511.1682114601135,10.52
512.5773234367371,9.62
513.9839222431183,9.24
515.3934805393219,13.14
516.8186023235321,10.83
518.2243564128876,9.93
519.6316027641296,10.03
521.056812286377,13.93
522.4639523029327,10.76
523.880523443222,9.97
525.2908039093018,13.9
526.7033326625824,10.69
528.1126110553741,10.24
529.5216007232666,13.97
530.9382860660553,10.97
532.3478050231934,9.52
533.7663538455963,9.28
535.1840426921844,13.72
536.585168838501,10.62
538.0037932395935,9.62
539.4153263568878,10.03
540.8230445384979,9.48
542.2372407913208,9.31
543.6561453342438,9.14
545.0623111724854,13.55
546.4798092842102,10.34
547.891756772995,14.03
549.2986319065094,10.59
550.7215275764465,9.9
552.1313328742981,10.14
553.5393669605255,9.17
554.9513430595398,8.83
556.3665623664856,9.07
557.7768969535828,8.48
559.1995179653168,9.1
560.6085982322693,13.48
562.0154902935028,10.66
563.4267244338989,9.45
564.8372082710266,9.38
566.2592344284058,9.41
567.6723592281342,13.79
569.0809252262115,11.1
570.4928548336029,10.52
571.9034929275513,14.14
573.3268389701843,10.48
574.7349843978882,9.48
576.1511042118073,9.59
577.5650930404663,8.79
578.975834608078,9.45
580.376380443573,13.66
581.7997696399689,11.17
583.2094855308533,9.59
584.6192145347595,14.17
591.9245002269745,1.03
593.2540154457092,1.1
594.5695533752441,1.07
595.9166150093079,1.03
597.2329289913177,1.0
598.5585286617279,0.86
599.8619635105133,0.93
601.1816885471344,0.9
605.7666103839874,0.86
607.1765427589417,0.76
608.5934429168701,0.79
610.0100200176239,0.79
611.4181246757507,0.79
612.8415811061859,0.9
614.2442939281464,0.76
615.657790184021,0.79
617.0737121105194,0.72
618.4909510612488,0.86
619.8922393321991,0.76
621.3064713478088,0.83
622.7287828922272,0.72
624.1320195198059,0.76
625.5558471679688,0.76
626.9692952632904,0.83
628.3749151229858,0.76
629.7844333648682,0.66
631.2056860923767,0.76
632.6136028766632,0.69
634.0194976329803,0.72
635.4371197223663,0.72
636.8519661426544,0.76
638.2654628753662,0.69
639.6120119094849,0.72
641.0184020996094,1.1
642.438362121582,0.66
643.8522040843964,0.72
645.2652530670166,0.66
646.5953993797302,0.69
647.9486284255981,0.79
649.3625178337097,0.72
650.6993622779846,0.76
652.1152100563049,0.79
653.4662253856659,0.66
654.8768765926361,0.69
656.2102317810059,0.86
657.5570271015167,0.69
658.9680168628693,0.69
660.3777267932892,0.69
661.8008825778961,0.69
663.2123863697052,0.72
664.5520553588867,0.72
665.9630541801453,0.86
667.3714213371277,2.69
668.7818028926849,6.38
670.1313393115997,6.79
671.5494756698608,7.0
672.8848803043365,7.38
674.2285439968109,3.62
675.5840377807617,6.34
676.9931793212891,2.72
678.4124891757965,4.76
679.7505307197571,7.52
681.1009504795074,7.03
682.5132865905762,7.72
683.846004486084,3.41
685.1912922859192,1.93
686.5332067012787,2.83
687.8882257938385,6.24
689.2904922962189,7.24
690.639949798584,8.52
691.987589597702,3.9
693.3310286998749,6.07
694.736118555069,3.31
696.1539297103882,6.66
697.5032722949982,3.45
698.8416066169739,6.45
700.2593939304352,6.24
701.6716227531433,2.9
703.0114088058472,5.21
704.3585600852966,7.9
705.7062532901764,6.34
707.1107606887817,7.03
708.4539864063263,7.97
709.8671224117279,6.79
711.2813773155212,3.24
712.6902046203613,6.76
714.0420889854431,3.31
715.3864088058472,6.48
716.7228603363037,2.93
718.0766961574554,4.07
719.4093952178955,7.1
720.8337366580963,3.34
722.1686444282532,5.79
723.5854332447052,3.31
724.9313097000122,5.93
726.3483216762543,2.69
727.690265417099,3.76
729.0265145301819,5.76
730.3806931972504,2.76
731.7171835899353,5.83
733.0679802894592,3.24
734.4778506755829,7.07
735.8122756481171,3.17
737.1624910831451,6.55
738.4998750686646,3.17
739.8503677845001,2.69
741.1996717453003,3.62
742.6059329509735,4.59
744.025191783905,5.52
745.4372291564941,6.28
746.8394153118134,3.24
748.1844449043274,3.93
749.5261616706848,5.24
750.8709559440613,7.79
752.2263631820679,3.1
753.5700500011444,5.93
754.9144294261932,3.28
756.2444632053375,7.21
757.6586158275604,6.52
759.074526309967,8.28
760.4123120307922,3.24
761.7631189823151,6.41
763.1095013618469,7.66
764.5161564350128,8.34
765.9416351318359,3.48
767.3413898944855,6.41
768.7582132816315,3.17
770.1749572753906,6.76
771.5173680782318,3.41
772.9270367622375,3.38
774.3488051891327,4.55
775.7506625652313,7.34
777.1718606948853,3.55
778.5815207958221,5.62
779.9969141483307,3.24
781.4102764129639,6.0
782.8211741447449,3.24
784.2370219230652,5.0
785.5773584842682,5.79
786.988706111908,8.45
788.4050815105438,7.0
789.8065340518951,7.52
791.2197847366333,3.07
792.642085313797,7.52
793.9841129779816,3.41
795.3228235244751,7.14
796.7385659217834,3.24
798.1513338088989,6.07
799.4884922504425,3.45
800.9041590690613,6.62
802.3163819313049,3.14
803.7318584918976,6.48
805.1510002613068,7.07
806.5664451122284,7.55
807.9729678630829,3.0
809.3803584575653,6.59
810.8028225898743,3.17
812.2126171588898,6.79
813.6301121711731,6.24
814.9726150035858,3.31
816.305163860321,4.93
817.7181088924408,2.21
819.0686614513397,5.21
820.4773607254028,2.69
821.8855409622192,5.52
823.3111960887909,2.97
824.7119598388672,6.0
826.1301119327545,2.55
827.5383543968201,5.83
828.9509024620056,3.14
830.372171163559,6.62
831.7861702442169,6.79
833.1894598007202,7.21
834.6042003631592,3.14
835.9429714679718,5.69
837.3690733909607,6.69
838.7791538238525,7.55
840.1920359134674,7.79
841.6038959026337,3.41
843.0118584632874,1.76
844.4318704605103,4.14
845.8442258834839,7.17
847.2505860328674,7.76
848.6632642745972,3.31
850.0064225196838,6.1
851.427337884903,7.41
852.7690768241882,7.45
854.1763019561768,3.21
855.5860323905945,7.03
857.0087833404541,7.79
858.3531415462494,7.34
859.7571535110474,7.03
861.1677114963531,7.24
862.5895533561707,3.38
864.0015888214111,6.17
865.4135386943817,7.41
866.8189995288849,3.48
868.2281963825226,6.03
869.647278547287,7.17
871.0649869441986,3.1
872.4703841209412,6.62
873.8804178237915,7.07
875.2321496009827,3.45
876.6504099369049,3.55
878.0564551353455,4.79
879.4744112491608,6.17
880.888923406601,7.34
882.2977678775787,6.45
883.713709115982,2.93
885.1260251998901,5.83
886.5380380153656,3.14
887.9378769397736,5.76
889.3640930652618,6.97
890.7729184627533,3.24
892.1845955848694,6.07
893.597758769989,2.79
895.0132832527161,2.07
896.4166181087494,5.62
897.8402483463287,2.9
899.2426044940948,5.31
900.66384100914,6.72
902.066700220108,3.07
903.419189453125,4.28
904.8260543346405,6.31
906.1711876392365,6.52
907.5915081501007,6.52
909.0044844150543,7.0
910.4118020534515,7.83
911.7540066242218,8.28
913.1668176651001,7.07
914.5080873966217,2.97
915.9224650859833,6.28
917.2746779918671,5.31
918.6846978664398,2.59
920.1017053127289,5.66
921.5137341022491,2.34
922.9132997989655,6.28
924.3326573371887,6.97
925.7484660148621,6.55
927.1616756916046,2.83
928.5748462677002,3.55
929.988917350769,5.0
931.3952014446259,6.24
932.8061752319336,7.28
934.1457855701447,7.52
935.5730276107788,7.34
936.9142038822174,6.48
938.3292937278748,6.45
939.7375028133392,7.55
941.1387133598328,3.31
942.5632753372192,6.07
943.9768710136414,7.07
945.3155035972595,3.24
946.7352383136749,5.31
948.0731770992279,7.0
949.4886581897736,2.86
950.9063172340393,6.38
952.3087642192841,6.86
953.7278130054474,3.14
955.139809846878,2.72
956.5458233356476,4.0
957.968010187149,5.21
959.380509853363,6.69
960.7812922000885,3.48
962.2047741413116,2.07
963.6084463596344,6.31
965.0326161384583,3.03
966.4311811923981,6.03
967.8566703796387,7.41
969.265257358551,2.93
970.672043800354,6.41
972.0947546958923,7.86
973.4971215724945,7.41
974.9131495952606,7.07
976.3348269462585,7.0
977.7425546646118,7.1
979.1588869094849,3.17
980.5604004859924,5.9
981.9829523563385,2.66
983.3927550315857,6.34
984.7993628978729,7.41
986.2202093601227,2.97
987.6350660324097,6.52
989.0412790775299,3.38
990.4536437988281,5.41
991.8723692893982,2.03
993.2762227058411,1.59
994.6971938610077,1.1
996.0422172546387,0.79
997.4481000900269,0.69
998.8530354499817,0.72
1000.2793011665344,4.93
1001.6794209480286,2.17
1003.1033833026886,4.48
1004.5031318664551,2.93
1005.9295451641083,4.52
1007.3293349742889,5.9
1008.7548615932465,6.34
1010.1669704914093,3.28
1011.56800532341,5.14
1012.9935350418091,5.79
1014.3969888687134,2.45
1015.8164999485016,5.14
1017.2312083244324,7.0
1018.6344337463379,7.38
1020.0493535995483,7.41
1021.4697375297546,7.03
1022.8765892982483,6.41
1024.2885873317719,2.86
1025.7042372226715,5.69
1027.1171798706055,6.62
1028.5254921913147,2.83
1029.9358582496643,4.66
1031.3520369529724,6.17
1032.7604811191559,2.62
1034.1740798950195,5.93
1035.5840716362,6.86
1037.0100326538086,2.76
1038.417730808258,5.41
1039.83322930336,6.86
1041.235282421112,6.66
1042.6524963378906,6.86
1044.0632047653198,3.07
1045.4766829013824,6.21
1046.888264656067,7.41
1048.3112392425537,6.97
1049.7141289710999,6.17
1051.1288859844208,2.76
1052.5370736122131,4.93
1053.9528560638428,5.79
1055.365272283554,7.0
1056.786440372467,6.45
1058.1857867240906,6.86
1059.6124999523163,3.21
1060.9461696147919,2.59
1062.3545625209808,4.86
1063.7805650234222,6.86
1065.188581943512,3.69
1066.526639699936,3.76
1067.9496493339539,5.52
1069.3541219234467,6.17
1070.7638084888458,2.9
1072.1759040355682,5.9
1073.5987606048584,3.03
1075.0117888450623,3.14
1076.4186007976532,5.1
1077.8242082595825,2.83
1079.2422466278076,6.1
1080.6609771251678,6.52
1082.0671970844269,7.03
1083.4846053123474,7.34
1084.9000296592712,7.76
1086.3130295276642,7.41
1087.715187072754,7.41
1089.1314327716827,3.21
1090.5369200706482,2.0
1091.9611093997955,5.24
1093.3664338588715,6.69
1094.7807562351227,2.93
1096.2028641700745,6.48
1097.6114003658295,3.17
1099.0237865447998,4.69
1100.4402961730957,7.24
1101.852140903473,7.76
1103.2637422084808,7.34
1104.6743459701538,3.52
1106.086093902588,5.69
1107.4966201782227,6.66
1108.9070580005646,2.76
1110.3190200328827,1.93
1111.734515428543,1.72
1113.1422395706177,1.9
1114.554134607315,2.83
1115.968177318573,10.48
1117.3846580982208,8.28
1118.8045461177826,7.45
1120.2076346874237,7.41
1121.6261780261993,3.1
1122.9736368656158,2.03
1124.3826968669891,5.0
1125.79820394516,4.48
1127.2058186531067,5.55
1128.625649690628,7.0
1130.0305626392365,7.52
1131.4499156475067,3.14
1132.8609211444855,6.03
1134.2629415988922,3.28
1135.69025349617,6.31
1137.102442741394,6.83
1138.5160689353943,7.14
1139.9238214492798,3.24
1141.3345663547516,6.55
1142.7501652240753,5.93
1144.160588502884,2.86
1145.5662460327148,5.21
1146.9886491298676,2.62
1148.391340970993,5.41
1149.8033785820007,6.79
1151.2303071022034,2.72
1152.6382756233215,5.66
1154.0466105937958,7.17
1155.4663972854614,6.76
1156.8764951229095,3.07
1158.2833259105682,6.45
1159.7008860111237,2.55
1161.108699798584,5.86
1162.5257985591888,7.93
1163.944577217102,3.41
1165.3540420532227,2.03
1166.7608006000519,5.52
1168.1719768047333,6.28
1169.5805444717407,7.62
1170.998886346817,7.59
1172.4107892513275,6.34
1173.831629037857,2.55
1175.2324287891388,5.79
1176.6578297615051,2.9
1178.0708410739899,5.66
1179.4832184314728,7.48
1180.8865888118744,3.24
1182.3069424629211,6.21
1183.7117278575897,7.31
1185.1245245933533,3.41
1186.5460240840912,5.83
1187.9526674747467,2.72
1189.3672745227814,4.28
1190.7733492851257,5.62
1192.1913118362427,2.86
1193.6019268035889,6.72
1195.0181875228882,7.14
1196.4290907382965,3.34
1197.8424615859985,6.21
1199.2569513320923,2.79
1200.6668214797974,6.79
1202.0824744701385,3.55
1203.4950125217438,6.38
1204.9029960632324,7.28
1206.3234186172485,7.48
1207.728779554367,7.28
1209.1346900463104,3.1
1210.547695159912,6.34
1211.9697082042694,7.45
1213.3772366046906,3.41
