1.1024401187896729,-2.07,0
2.352222442626953,-1.97,0
3.56264591217041,-2.07,0
4.769343614578247,-2.03,0
9.341598510742188,31.41,1
10.75989580154419,26.48,1
12.177735328674316,27.79,1
13.585869789123535,8.69,1
14.990742683410645,-0.38,1
16.41386342048645,-1.07,1
17.74734401702881,-1.28,1
19.16655659675598,-1.45,1
20.511088132858276,-1.62,1
21.929550886154175,-1.62,1
23.26332974433899,-1.69,1
24.62049627304077,-1.72,1
25.963001489639282,-1.83,1
27.37293314933777,-1.76,1
28.777193069458008,-1.79,1
30.197522401809692,-1.79,1
31.604686975479126,-1.76,1
33.02417850494385,-1.83,1
34.36426639556885,-1.83,1
35.788020610809326,-1.76,1
37.12978911399841,-1.79,1
38.53584861755371,-1.93,1
39.877312660217285,-1.9,1
41.301082611083984,-1.83,1
42.707194566726685,-1.9,1
44.112090826034546,-1.9,1
45.536983013153076,-1.93,1
46.94028902053833,-1.9,1
48.35846567153931,-1.86,1
49.76191711425781,-1.93,1
51.183475732803345,-2.0,1
52.587369203567505,-1.9,1
54.010274171829224,-1.97,1
55.42820143699646,-1.93,1
56.834105253219604,-1.93,1
58.25187110900879,-1.97,1
59.65770983695984,-1.86,1
61.07854628562927,-1.97,1
62.48146295547485,-2.0,1
63.89490795135498,-2.0,1
65.23698449134827,-1.9,1
66.57928824424744,-1.86,1
67.9334647655487,-1.97,1
69.34844088554382,-1.93,1
70.68392181396484,-1.97,1
72.09955668449402,-2.0,1
73.44145178794861,-1.93,1
74.861328125,-1.93,1
76.20284533500671,-1.97,1
77.62018370628357,-1.93,1
79.02670907974243,-1.93,1
80.43071413040161,-1.97,1
81.85066342353821,-1.97,1
83.26980662345886,-1.93,1
84.61357688903809,-1.9,1
86.0185034275055,-1.93,1
87.43728566169739,232.41,1
88.8523302078247,-0.62,1
90.26381254196167,-1.24,1
91.67600870132446,-1.45,1
93.0115852355957,-1.62,1
94.43412399291992,-1.76,1
95.77277612686157,3.1,1
97.19139075279236,-2.17,1
98.52562022209167,-1.97,1
99.93883609771729,-1.86,1
101.35623669624329,-1.93,1
102.75882935523987,-1.97,1
104.181067943573,86.69,1
105.58858728408813,-0.31,1
106.94253492355347,-1.24,1
108.35238099098206,-1.38,1
109.75483775138855,-1.21,1
111.16759538650513,-1.69,1
112.57720923423767,-1.76,1
113.99645113945007,-1.72,1
115.40686917304993,-2.0,1
116.81946897506714,-1.9,1
118.23741817474365,2.24,1
119.65135717391968,-18.1,1
121.0637137889862,-3.9,1
122.47029614448547,-2.66,1
123.89324069023132,-2.93,1
125.30055904388428,-2.21,1
126.70744824409485,-2.17,1
128.12019228935242,-2.14,1
129.53975653648376,-2.28,1
130.95161175727844,-2.07,1
132.36110830307007,-2.07,1
133.70949578285217,-1.97,1
135.1291298866272,-2.0,1
136.53056287765503,-1.93,1
137.95265984535217,-1.97,1
139.36712265014648,-1.97,1
140.76631617546082,-2.0,1
142.18475317955017,-2.03,1
143.60130763053894,314.31,1
145.0134105682373,71.66,1
146.43197870254517,241.76,1
147.83623957633972,-341.0,1
149.2506227493286,0.55,1
150.66304683685303,-1.9,1
152.07130217552185,-2.0,1
153.48908805847168,-2.14,1
154.89264631271362,-2.21,1
156.30869674682617,-2.24,1
157.72151637077332,-2.21,1
159.13894939422607,-1.69,1
160.54563069343567,-1.52,1
161.96240401268005,-1.59,1
163.30267333984375,-1.52,1
164.7245054244995,-1.48,1
166.1340618133545,-1.45,1
167.54560232162476,-1.45,1
168.88527131080627,-1.45,1
170.31044507026672,-1.52,1
171.6484112739563,-1.48,1
173.05704069137573,-1.52,1
174.40089869499207,-1.52,1
175.82274413108826,-1.52,1
177.16252875328064,-1.52,1
178.5667703151703,-1.55,1
179.9113302230835,-1.52,1
181.3311643600464,-1.52,1
182.6714746952057,-1.52,1
184.0259885787964,-1.52,1
185.36702966690063,-1.55,1
186.77038979530334,-1.48,1
188.12816452980042,-1.52,1
189.52862310409546,-1.45,1
190.8748037815094,-1.52,1
192.21885323524475,-1.45,1
193.64025330543518,-1.52,1
195.03952765464783,-1.45,1
196.39658331871033,-1.45,1
197.8015215396881,-1.41,1
199.1424596309662,-1.48,1
200.56493425369263,-1.45,1
201.97318935394287,-1.55,1
203.31331658363342,-1.52,1
204.7350833415985,-1.48,1
206.13828659057617,-1.48,1
207.5531463623047,-1.38,1
208.97363018989563,-1.52,1
210.38323283195496,-1.38,1
211.78555941581726,-1.52,1
213.2079255580902,-1.52,1
214.61086201667786,-1.41,1
216.03834795951843,-1.41,1
217.44875311851501,-1.48,1
218.79519724845886,-1.48,1
220.199481010437,-1.38,1
221.5525369644165,-1.45,1
222.95583653450012,-1.48,1
224.29786896705627,-1.52,1
225.7094750404358,-1.34,1
227.06584906578064,-1.59,1
228.4697244167328,-1.55,1
229.8223226070404,-1.31,1
231.2277317047119,-1.38,1
232.5811550617218,-1.45,1
233.91014885902405,-1.55,1
235.33763551712036,-1.45,1
236.73859810829163,-1.48,1
238.15297842025757,-1.41,1
239.5632026195526,-1.41,1
240.97754859924316,-1.48,1
242.39991092681885,-1.45,1
243.7445147037506,-1.48,1
245.15528106689453,-1.41,1
246.55779814720154,-1.48,1
247.98252153396606,-1.45,1
249.38910245895386,-0.55,1
250.8037486076355,-1.1,1
252.2120599746704,-21.34,1
253.63457655906677,-11.34,1
255.04768443107605,-1.83,1
256.4556670188904,0.69,1
257.85793447494507,-0.17,1
259.2726414203644,3.17,1
260.69136357307434,1.97,1
262.11098289489746,0.62,1
263.52190375328064,10.03,1
264.93751525878906,2.62,1
266.2802035808563,1.79,1
267.6824104785919,0.1,1
269.10387682914734,4.45,1
270.51135873794556,3.38,1
271.93431782722473,2.79,1
273.34466338157654,1.1,1
274.74988412857056,11.59,1
276.1653370857239,2.55,1
277.58374977111816,13.14,1
278.9919545650482,6.69,1
280.4056034088135,3.79,1
281.8165924549103,4.31,1
283.2208137512207,2.07,1
284.6417145729065,1.69,1
286.05585646629333,5.03,1
287.4751558303833,4.76,1
288.87504172325134,2.03,1
290.2929427623749,6.34,1
291.71106219291687,5.07,1
293.11606311798096,3.03,1
294.53320813179016,7.41,1
295.94324231147766,5.34,1
297.35952615737915,3.07,1
298.76245379447937,1.79,1
300.1850109100342,1.14,1
301.59849548339844,4.86,1
303.0070333480835,3.69,1
304.4242248535156,1.72,1
305.827024936676,6.45,1
307.24661350250244,1.79,1
308.66282629966736,2.66,1
310.0729646682739,1.9,1
311.49089074134827,6.1,1
312.89459204673767,4.41,1
314.30969190597534,2.0,1
315.71760511398315,0.59,1
317.13715052604675,1.86,1
318.5412814617157,6.79,1
319.89817571640015,4.38,1
321.302472114563,7.03,1
322.718768119812,1.86,1
324.06135845184326,3.41,1
325.46994709968567,1.79,1
326.88676142692566,0.69,1
328.23768162727356,5.52,1
329.6466405391693,3.38,1
330.98861932754517,1.69,1
332.4078674316406,6.69,1
333.81251215934753,4.66,1
335.2181782722473,2.31,1
336.5725305080414,6.69,1
337.98760414123535,4.62,1
339.32506346702576,2.69,1
340.6745023727417,6.48,1
342.0178327560425,1.41,1
343.43331480026245,2.93,1
344.77587604522705,1.83,1
346.1799530982971,1.03,1
347.52237200737,1.14,1
348.94854974746704,4.83,1
350.3521018028259,3.31,1
351.6980698108673,7.24,1
353.0462176799774,4.97,1
354.3883399963379,2.38,1
355.7329032421112,1.66,1
357.1384255886078,1.69,1
358.4921579360962,3.86,1
359.90958762168884,2.41,1
361.3103041648865,1.24,1
362.73216247558594,1.97,1
364.1501340866089,1.0,1
365.5586025714874,2.1,1
366.96214866638184,1.79,1
368.3819615840912,1.17,1
369.7218611240387,5.38,1
371.14506363868713,2.59,1
372.5483446121216,2.9,1
373.90296149253845,5.31,1
375.3057463169098,3.45,1
376.7253818511963,1.79,1
378.06400179862976,1.31,1
379.485075712204,6.24,1
380.827929019928,4.03,1
382.1685080528259,6.31,1
383.5740804672241,5.52,1
384.9973511695862,1.9,1
386.4006848335266,1.21,1
387.82467699050903,1.55,1
389.22954630851746,3.31,1
390.6480190753937,2.66,1
392.05073642730713,6.34,1
393.47169041633606,3.21,1
394.8734874725342,1.93,1
396.2963650226593,6.0,1
397.7090859413147,4.38,1
399.12521743774414,1.83,1
400.53779220581055,1.9,1
401.9413297176361,3.59,1
403.3611032962799,2.45,1
404.77914333343506,1.72,1
406.19044280052185,4.97,1
407.5952363014221,2.79,1
408.93583941459656,2.07,1
410.3557779788971,4.97,1
411.76830291748047,3.66,1
413.17718172073364,1.83,1
414.59793639183044,4.76,1
416.0024700164795,1.83,1
417.35012578964233,3.03,1
418.76634883880615,1.55,1
420.16819643974304,6.14,1
421.59260392189026,2.76,1
423.0043308734894,1.86,1
424.40545320510864,4.86,1
425.8217523097992,3.41,1
427.2306230068207,1.69,1
428.64801001548767,5.14,1
430.06948471069336,0.76,1
431.46921730041504,1.79,1
432.8948028087616,1.34,1
434.2951717376709,4.93,1
435.7184281349182,2.31,1
437.12023878097534,1.69,1
438.5431544780731,5.38,1
439.94924807548523,2.66,1
441.36929082870483,1.48,1
442.77261114120483,4.9,1
444.1898477077484,1.97,1
445.595730304718,1.62,1
447.0140013694763,4.62,1
448.4323287010193,2.34,1
449.83273339271545,1.41,1
451.25642132759094,1.62,1
452.6719722747803,0.72,1
454.08155488967896,2.14,1
455.4941110610962,1.66,1
456.9115824699402,4.31,1
458.3125777244568,3.62,1
459.6693787574768,1.52,1
461.0812108516693,1.62,1
462.4824960231781,3.17,1
463.9048271179199,1.76,1
465.30938720703125,1.31,1
466.72830390930176,4.1,1
468.1503167152405,2.1,1
469.5522346496582,1.1,1
470.9706382751465,2.66,1
472.3709681034088,2.28,1
473.72302532196045,-0.66,1
475.1413905620575,1.0,1
476.5461642742157,0.55,1
477.96711349487305,3.86,1
479.37162232398987,2.17,1
480.78870916366577,1.38,1
482.1960952281952,4.0,1
483.60421895980835,2.1,1
485.02208709716797,1.52,1
486.43916487693787,3.24,1
487.84681487083435,1.76,1
489.2595067024231,0.52,1
490.66891717910767,3.9,1
492.0907757282257,1.21,1
493.5054008960724,1.69,1
494.9194872379303,1.34,1
496.3330900669098,4.03,1
497.74443078041077,3.14,1
499.1599769592285,4.86,1
500.5673797130585,3.31,1
501.9771490097046,1.38,1
503.39108753204346,0.45,1
504.79576587677,3.93,1
506.22067618370056,2.38,1
507.63383078575134,4.38,1
509.04483222961426,1.69,1
510.45199513435364,1.79,1
511.8602864742279,1.0,1
513.2183201313019,4.24,1
514.6180799007416,1.52,1
516.0453109741211,1.24,1
517.4547786712646,4.9,1
518.8692145347595,1.76,1
520.27001953125,2.14,1
521.695633649826,1.34,1
523.0972988605499,4.21,1
524.5170361995697,2.28,1
525.9338474273682,1.48,1
527.3379611968994,4.1,1
528.7598435878754,2.07,1
530.164794921875,4.62,1
531.5863509178162,2.97,1
532.9918355941772,1.55,1
534.4095208644867,4.76,1
535.8136048316956,2.0,1
537.2325921058655,5.48,1
538.6374092102051,3.97,1
540.0592060089111,6.48,1
541.4656777381897,1.76,1
542.878470659256,1.83,1
544.2931456565857,1.62,1
545.7087178230286,3.55,1
547.1109683513641,2.17,1
548.5331964492798,1.45,1
549.936948299408,3.41,1
551.3634519577026,2.03,1
552.7696795463562,1.07,1
554.1821510791779,3.38,1
555.6010360717773,2.0,1
557.0029594898224,1.1,1
558.4217026233673,4.03,1
559.8363857269287,1.9,1
561.2493567466736,4.66,1
562.6541547775269,2.83,1
564.0763993263245,2.0,1
565.4782390594482,3.62,1
566.8946599960327,2.9,1
568.3096220493317,4.17,1
569.725136756897,2.31,1
571.1401298046112,1.31,1
572.5412771701813,4.07,1
573.963048696518,1.86,1
575.371630191803,1.38,1
576.7917432785034,4.55,1
578.2059268951416,1.93,1
579.6153285503387,1.48,1
581.0205247402191,2.38,1
582.4409377574921,1.83,1
583.8464143276215,1.45,1
585.2689869403839,2.93,1
586.6718678474426,2.45,1
588.0885083675385,1.38,1
589.5010964870453,4.59,1
590.9185857772827,1.97,1
592.3231744766235,3.97,1
593.7457089424133,2.0,1
595.157212972641,1.38,1
596.5664510726929,2.93,1
597.9750356674194,1.69,1
599.3930487632751,0.21,1
600.8013725280762,871.76,1
602.2209892272949,269.72,1
603.6249294281006,84.0,1
605.0429673194885,32.69,1
606.4456970691681,18.34,1
607.855521440506,14.41,1
609.2792799472809,13.48,1
610.6883387565613,12.59,1
612.1027607917786,13.0,1
613.5100197792053,12.97,1
614.9217715263367,12.86,1
616.3263773918152,8.48,1
617.7515213489532,6.48,1
619.1555757522583,4.17,1
620.5734803676605,-20.45,1
621.9786517620087,-21.62,1
623.3874962329865,-18.38,1
624.8064022064209,-14.45,1
626.2160317897797,-11.24,1
627.6369798183441,-8.79,1
629.044230222702,-7.07,1
630.4559035301208,-5.28,1
631.8750944137573,-4.0,1
633.2821774482727,-3.03,1
634.6878051757812,-2.28,1
636.1083874702454,-1.69,1
637.5270359516144,-1.14,1
638.9282264709473,-0.45,1
640.2853739261627,-0.21,1
641.6929707527161,0.38,1
643.031867980957,0.62,1
644.4484131336212,1.34,1
645.8521091938019,1.38,1
647.2768619060516,6.69,1
648.6213150024414,4.9,1
650.0236055850983,2.66,1
651.3778984546661,2.17,1
652.7839839458466,1.76,1
654.1301991939545,1.38,1
655.5452568531036,1.76,1
656.954297542572,1.55,1
658.3667531013489,1.83,1
659.712259054184,1.76,1
661.1278078556061,1.31,1
662.4753167629242,1.76,1
663.8746612071991,1.52,1
665.2301690578461,1.79,1
666.6448063850403,1.76,1
667.9900245666504,1.17,1
669.3942503929138,1.69,1
670.7441198825836,1.55,1
672.1586999893188,1.83,1
673.4936654567719,1.69,1
674.9055068492889,1.14,1
676.3279287815094,1.69,1
677.7284917831421,1.55,1
679.0774025917053,1.76,1
680.4952466487885,1.69,1
681.8336937427521,1.14,1
683.2525086402893,1.76,1
684.5954146385193,1.62,1
686.0065414905548,1.79,1
687.3485209941864,1.76,1
688.770259141922,1.07,1
690.1694257259369,1.69,1
691.5969121456146,1.41,1
692.9255194664001,1.72,1
694.3438184261322,1.62,1
695.6989364624023,0.9,1
697.1038119792938,1.62,1
698.5099174976349,1.31,1
699.9337441921234,1.79,1
701.3374998569489,1.41,1
702.7529385089874,1.83,1
704.0978648662567,1.59,1
705.5153596401215,0.9,1
706.856885433197,1.62,1
708.2619194984436,1.41,1
709.6179053783417,1.76,1
711.0161755084991,1.66,1
712.3752162456512,0.86,1
713.7851512432098,1.66,1
715.2009654045105,1.17,1
716.599458694458,1.76,1
717.9541137218475,1.45,1
719.364414691925,1.69,1
720.7086737155914,1.55,1
722.1136713027954,0.72,1
723.4692735671997,1.66,1
724.8775470256805,1.17,1
726.2150588035583,1.66,1
727.6423568725586,1.52,1
728.980788230896,0.76,1
730.3853170871735,1.52,1
731.7346765995026,0.97,1
733.141529083252,1.59,1
734.5610327720642,1.1,1
735.9715344905853,1.72,1
737.3902418613434,1.52,1
738.805983543396,1.79,1
740.1388244628906,1.62,1
741.5576617717743,0.66,1
742.9075171947479,1.66,1
744.3166031837463,0.93,1
745.7273218631744,1.62,1
747.1455471515656,1.28,1
748.5468938350677,1.66,1
749.9591190814972,1.31,1
751.3840229511261,1.72,1
752.7899484634399,1.52,1
754.1962745189667,0.52,1
755.619332075119,1.41,1
756.9651546478271,0.9,1
758.3098382949829,1.55,1
759.7149498462677,1.14,1
761.1347079277039,1.69,1
762.475427865982,1.41,1
763.8918216228485,1.72,1
765.2966616153717,1.31,1
766.7166395187378,1.69,1
768.1304497718811,1.1,1
769.5382747650146,1.62,1
770.9427452087402,1.31,1
772.3623514175415,0.31,1
773.784182548523,1.34,1
775.1835343837738,0.83,1
776.5957317352295,1.55,1
778.0136208534241,0.9,1
779.4185886383057,1.41,1
780.8354785442352,0.83,1
782.2558226585388,1.72,1
783.6594521999359,0.97,1
785.0796241760254,1.66,1
786.4851744174957,1.1,1
787.902839422226,1.66,1
789.3240973949432,0.93,1
790.728330373764,1.41,1
792.1466989517212,0.9,1
793.5484399795532,1.55,1
794.9724471569061,1.0,1
796.3805713653564,1.48,1
797.8004913330078,1.07,1
799.2135653495789,1.62,1
800.6258170604706,1.0,1
802.0271763801575,1.48,1
803.3759024143219,0.97,1
804.7255344390869,1.55,1
806.138210773468,1.1,1
807.5369291305542,1.45,1
808.9596402645111,1.03,1
810.3653380870819,1.55,1
811.783082485199,1.0,1
813.1276607513428,1.52,1
814.5404720306396,0.97,1
815.9495887756348,1.48,1
817.3694179058075,1.0,1
818.7818162441254,1.52,1
820.1871135234833,0.97,1
821.605141878128,1.48,1
823.0210709571838,0.86,1
824.4242916107178,1.31,1
825.8390624523163,0.86,1
827.2569828033447,1.52,1
828.6604542732239,0.83,1
830.0795373916626,1.45,1
831.4826354980469,0.79,1
832.9065833091736,1.48,1
834.3206036090851,0.72,1
835.7270143032074,1.28,1
837.1453402042389,0.59,1
838.5528795719147,1.24,1
839.9692311286926,0.52,1
841.3850853443146,1.38,1
842.7903063297272,0.62,1
844.2070066928864,1.38,1
845.6187834739685,0.59,1
847.0245945453644,1.14,1
848.4505536556244,0.55,1
849.7951850891113,1.24,1
851.1960463523865,0.52,1
852.5540161132812,1.24,1
853.9657003879547,0.62,1
855.3768410682678,1.34,1
856.7767298221588,0.59,1
858.1333668231964,1.17,1
859.5379996299744,0.52,1
860.9534084796906,1.21,1
862.3713915348053,0.48,1
863.7739367485046,1.1,1
865.1288838386536,0.55,1
866.5282025337219,1.17,1
867.9444062709808,0.45,1
869.3657534122467,1.1,1
870.7764840126038,0.28,1
872.1789746284485,1.03,1
873.6001620292664,0.41,1
875.0184879302979,1.14,1
876.4228298664093,1.66,1
877.8445463180542,0.83,1
879.2503750324249,1.28,1
880.6678540706635,0.62,1
882.0722727775574,1.41,1
883.4860942363739,0.59,1
884.8945906162262,1.24,1
886.3165581226349,0.38,1
887.7205061912537,1.07,1
889.1401860713959,0.28,1
890.4826309680939,1.0,1
891.9010684490204,0.34,1
893.2366900444031,1.0,1
894.6521348953247,0.24,1
896.0686886310577,1.0,1
897.4855556488037,0.21,1
898.8912947177887,1.03,1
900.3084554672241,0.17,1
901.7109155654907,0.97,1
903.131110906601,0.03,1
904.535177230835,0.83,1
905.9563100337982,1.38,1
907.3601977825165,0.55,1
908.7181017398834,1.17,1
910.1247510910034,0.52,1
911.5411515235901,1.0,1
912.9511415958405,0.31,1
914.2935926914215,0.93,1
915.7123897075653,0.28,1
917.1205701828003,0.86,1
918.5253491401672,0.21,1
919.9420430660248,0.93,1
921.3612751960754,0.14,1
922.6918158531189,0.66,1
924.1071043014526,-0.03,1
925.5288922786713,-0.41,1
926.9335618019104,-0.9,1
928.3527972698212,-1.21,1
929.7561156749725,-1.41,1
931.112865447998,-1.55,1
932.526015996933,-1.62,1
933.9311380386353,-1.55,1
935.3476946353912,-1.76,1
936.7596614360809,-1.72,1
938.1662080287933,-1.76,1
939.5208055973053,-1.79,1
940.926335811615,-1.79,1
942.330011844635,-1.9,1
943.7469503879547,-1.97,1
945.1659202575684,-1.97,1
946.5137448310852,-1.97,1
947.9192039966583,-2.48,1
949.3249645233154,-396.55,1
950.7499186992645,-90.86,1
952.1560575962067,-24.03,1
953.5608248710632,-12.9,1
954.9843335151672,474.79,1
956.3887894153595,122.38,1
957.8043510913849,25.52,1
959.2156660556793,6.21,1
960.6348927021027,3.48,1
962.0379059314728,1.79,1
963.4563081264496,0.48,1
964.8742926120758,1.31,1
966.2833261489868,1.76,1
967.684773683548,0.14,1
969.0999102592468,1.34,1
970.5172798633575,-0.76,1
971.9352860450745,-0.93,1
973.3381357192993,-1.24,1
974.7555739879608,-2.41,1
976.1629784107208,163.17,1
977.5846762657166,49.28,1
979.0008471012115,12.55,1
980.4059562683105,2.38,1
981.8131148815155,0.45,1
983.2300682067871,-2.31,1
984.6402297019958,-484.21,1
986.0551383495331,137.14,1
987.4744937419891,6.34,1
988.8842511177063,2.21,1
990.3003840446472,0.07,1
991.7073907852173,0.79,1
993.1272003650665,1.1,1
994.5392754077911,1.17,1
995.9555189609528,2.07,1
997.3592755794525,0.45,1
998.7711417675018,1.76,1
1000.1799049377441,-0.03,1
1001.6047067642212,1.9,1
1003.005485534668,0.41,1
1004.4218220710754,1.76,1
1005.8407883644104,0.14,1
1007.2504971027374,1.93,1
1008.6664347648621,-0.07,1
1010.0836951732635,2.0,1
1011.4897458553314,-0.28,1
1012.9093368053436,1.9,1
1014.3136763572693,0.24,1
1015.7346272468567,-0.59,1
1017.1369009017944,1.28,1
1018.555567741394,-215.1,1
1019.9653472900391,-56.93,1
1021.3857474327087,-18.14,1
1022.7900333404541,-8.72,1
1024.2093269824982,-6.69,1
1025.6231586933136,-4.86,1
1027.0327293872833,-2.86,1
1028.4383399486542,-2.48,1
1029.85737657547,-2.83,1
1031.2691037654877,-3.28,1
1032.6868331432343,-4.93,1
1034.0964574813843,-2.86,1
1035.5129499435425,1.76,1
1036.9267423152924,-1.86,1
1038.3390839099884,0.31,1
1039.743906736374,-0.38,1
1041.16228723526,-0.62,1
1042.5702712535858,-0.79,1
1043.9862916469574,-0.9,1
1045.3937158584595,-1.0,1
1046.8109431266785,-1.14,1
1048.2170944213867,-1.21,1
1049.630755186081,-1.14,1
1051.0496263504028,-1.31,1
1052.4527592658997,-1.28,1
1053.8722412586212,-1.41,1
1055.2780900001526,-1.17,1
1056.7025604248047,-1.28,1
1058.1143608093262,-1.28,1
1059.515397310257,-1.24,1
1060.9353127479553,-5.34,1
1062.3522698879242,-4.45,1
1063.6942224502563,-6.17,1
1065.1013870239258,-175.59,1
1066.5184872150421,-62.0,1
1067.9335753917694,-22.59,1
1069.3494246006012,-9.34,1
1070.7520999908447,315.41,1
1072.1627900600433,94.21,1
1073.5824332237244,23.69,1
1075.0020205974579,7.69,1
1076.4064378738403,1.76,1
1077.8237063884735,2.17,1
1079.2402386665344,0.55,1
1080.6419441699982,1.76,1
1082.0611879825592,0.24,1
1083.4748632907867,1.86,1
1084.8912358283997,0.34,1
1086.2934701442719,1.9,1
1087.7115845680237,0.24,1
1089.119657278061,1.97,1
1090.5411467552185,0.28,1
1091.9422359466553,1.76,1
1093.3601250648499,0.21,1
1094.7784385681152,1.79,1
1096.1824259757996,-0.03,1
1097.6000249385834,1.79,1
1099.02135181427,0.0,1
1100.424899339676,1.86,1
1101.8452758789062,0.21,1
1103.2513530254364,1.79,1
1104.657147884369,0.07,1
1106.0698857307434,1.83,1
1107.4868319034576,0.0,1
1108.8952214717865,1.72,1
1110.3137311935425,0.07,1
1111.728593826294,1.79,1
1113.1411519050598,0.17,1
1114.5598540306091,1.62,1
1115.9685397148132,-0.28,1
1117.371547460556,1.72,1
1118.797025680542,-0.28,1
1120.2014510631561,1.72,1
1121.6113321781158,0.1,1
1123.0333647727966,1.72,1
1124.4502158164978,-0.03,1
1125.8596618175507,1.66,1
1127.2609918117523,-0.24,1
1128.6800873279572,1.69,1
1130.0988037586212,-0.17,1
1131.5115296840668,1.69,1
1132.92555809021,-0.14,1
1134.328334569931,-0.97,1
1135.7402040958405,1.21,1
1137.1637325286865,-0.55,1
1138.5711793899536,1.62,1
1139.9868659973145,-0.34,1
1141.4016122817993,1.69,1
1142.8062126636505,-0.17,1
1144.2268283367157,1.59,1
1145.6272580623627,-0.52,1
1147.054113149643,1.66,1
1148.4691054821014,-0.45,1
1149.8729956150055,1.45,1
1151.2821278572083,-0.41,1
1152.702130317688,1.66,1
1154.1104300022125,-0.28,1
1155.5291812419891,1.72,1
1156.9435606002808,-0.14,1
1158.3498077392578,1.34,1
1159.7708902359009,-0.66,1
1161.1752762794495,1.55,1
1162.5952093601227,-0.52,1
1163.9989261627197,1.41,1
1165.4176635742188,-1.31,1
1166.8316295146942,-889.21,1
1168.2325847148895,-198.41,1
1169.654368877411,-63.41,1
1171.0701060295105,3.45,1
1172.476947069168,373.9,1
1173.8977098464966,-92.34,1
1175.3005731105804,-13.34,1
1176.7221014499664,-1.48,1
1178.1372780799866,-1.14,1
1179.5455462932587,-111.66,1
1180.9501140117645,-35.55,1
1182.3666505813599,-15.1,1
1183.774204492569,-7.48,1
1185.189742565155,-4.48,1
1186.6003074645996,-3.38,1
1188.0240015983582,-2.93,1
1189.4394450187683,-2.72,1
1190.84561419487,-2.59,1
1192.2580420970917,-2.45,1
1193.6631636619568,-2.41,1
1195.0861876010895,-2.38,1
1196.4935629367828,-2.31,1
1197.9145197868347,-2.34,1
1199.3176674842834,-2.38,1
1200.7390835285187,-2.31,1
1202.1542160511017,-2.21,1
1203.5583381652832,-2.31,1
1204.9637289047241,-2.21,1
1206.3801057338715,-2.24,1
1207.8039786815643,-2.17,1
1209.2095861434937,-2.17,1
1210.6287479400635,-2.17,1
1212.0325083732605,-2.1,1
1213.4534468650818,-2.17,1
1214.865537405014,-2.07,1
1216.2764942646027,-2.1,1
1217.6929545402527,-2.1,1
1219.0977935791016,-2.21,1
1220.5191342830658,-2.14,1
1221.9255111217499,-2.07,1
1223.3439903259277,-2.1,1
1224.747232913971,-2.07,1
1226.169373512268,-2.1,1
1227.5742473602295,-2.0,1
1228.9896819591522,-2.07,1
1230.4057023525238,-2.03,1
1231.806799173355,-2.07,1
1233.234245300293,-2.0,1
1234.6375150680542,-2.03,1
1236.0592658519745,-2.07,1
1237.4632060527802,-2.07,1
1238.8727090358734,-2.07,1
1240.2913525104523,-2.07,1
1241.709888935089,-2.03,1
1243.1151371002197,-2.07,1
1244.535854101181,-2.0,1
1245.936443567276,-1.97,1
1247.3535459041595,-2.0,1
1248.7732481956482,-2.0,1
1250.1744945049286,-2.0,1
1251.5917921066284,-2.07,1
1253.013859987259,-1.93,1
1254.412342786789,-2.07,1
1255.8323156833649,-2.03,1
1257.2516136169434,-2.1,1
1258.6608684062958,-2.07,1
1260.0645105838776,-2.0,1
1261.4819374084473,-2.0,1
1262.8934454917908,-2.07,1
1264.3021183013916,-2.14,1
1265.7222859859467,-3.62,1
1267.1415388584137,1.62,1
1268.5541667938232,-2.38,1
1269.9607479572296,-2.31,1
1271.373924255371,-0.86,1
1272.7882342338562,-97.07,1
1274.1954174041748,-21.0,1
1275.6131799221039,-11.9,1
1277.0196430683136,1.59,1
1278.4424941539764,-2.24,1
1279.844745874405,-2.41,1
1281.25661444664,-2.38,1
1282.6760530471802,-2.38,1
1284.0795996189117,-2.34,1
1285.498732328415,-2.21,1
1286.919128894806,-2.24,1
1288.3309059143066,-2.17,1
1289.7395887374878,-2.21,1
1291.1512925624847,-2.17,1
1292.57155752182,-2.21,1
1293.9761888980865,-2.14,1
1295.3927121162415,-2.17,1
1296.8006620407104,-2.1,1
1298.2139718532562,-2.1,1
1299.6306354999542,228.59,1
1301.0451667308807,367.48,1
1302.450929403305,23.9,1
1303.8742742538452,261.76,1
1305.27934384346,216.76,1
1306.6973876953125,83.34,1
1308.1040635108948,42.07,1
1309.5067970752716,36.9,1
1310.924566745758,33.45,1
1312.343369960785,30.14,1
1313.7485466003418,28.97,1
1315.1695895195007,26.93,1
1316.5787835121155,26.21,1
1317.9867498874664,23.38,1
1319.4052295684814,22.14,1
1320.8199019432068,20.55,1
1322.231957435608,19.14,1
1323.6375532150269,18.72,1
1325.0574672222137,16.52,1
1326.4619040489197,16.07,1
1327.8809559345245,15.72,1
1329.2897861003876,14.83,1
1330.6978483200073,13.79,1
1332.1167640686035,12.9,1
1333.5357632637024,11.9,1
1334.9419350624084,10.69,1
1336.3605365753174,9.76,1
1337.7655282020569,10.48,1
1339.181833744049,8.83,1
1340.585123538971,9.41,1
1342.0117025375366,7.9,1
1343.4173250198364,8.34,1
1344.8365042209625,8.34,1
1346.239310503006,8.55,1
1347.6557049751282,6.93,1
1349.0610892772675,6.14,1
1350.4879171848297,6.45,1
1351.8913202285767,6.62,1
1353.313546180725,6.9,1
1354.7150654792786,5.07,1
1356.13978099823,5.66,1
1357.5445911884308,5.76,1
1358.9586162567139,5.79,1
1360.3784909248352,5.79,1
1361.7908987998962,5.83,1
1363.192987203598,5.86,1
1364.609337091446,6.03,1
1366.0251893997192,5.86,1
1367.4425191879272,6.0,1
1368.849237203598,4.03,1
1370.267496585846,4.48,1
1371.671868801117,4.76,1
1373.0879435539246,4.66,1
1374.492526769638,4.69,1
1375.908665895462,6.48,1
1377.3248505592346,6.14,1
1378.7304611206055,5.93,1
1380.1510255336761,5.97,1
1381.5684151649475,5.97,1
1382.9835600852966,5.9,1
1384.3921830654144,6.03,1
1385.795683145523,5.97,1
1387.2144544124603,5.97,1
1388.6184527873993,5.93,1
1390.0373709201813,4.0,1
1391.4499969482422,4.52,1
1392.8677594661713,4.52,1
1394.2821164131165,6.55,1
1395.6970791816711,6.07,1
1397.099944114685,4.03,1
1398.5190777778625,4.48,1
1399.9360990524292,4.66,1
1401.344490289688,4.72,1
1402.7601227760315,4.76,1
1404.1733915805817,4.76,1
1405.5785491466522,4.66,1
1406.9968621730804,-2.97,1
1408.4022397994995,-3.28,1
1409.8186898231506,-2.07,1
1411.2265934944153,-1.83,1
1412.6439485549927,-1.72,1
1414.047931432724,13.38,1
1415.4685215950012,-5.28,1
1416.8856835365295,-2.79,1
1418.2886605262756,-2.03,1
1419.7110550403595,-1.76,1
1421.1143915653229,-1.83,1
1422.5338306427002,-1.83,1
1423.9430055618286,-1.76,1
1425.3551609516144,-1.83,1
1426.7660076618195,-1.79,1
1428.1873919963837,-1.83,1
1429.6035170555115,-1.9,1
1431.007533788681,-1.93,1
1432.429607629776,-1.79,1
1433.8381509780884,-1.9,1
1435.2568862438202,-1.86,1
1436.6667413711548,-1.93,1
1438.0672080516815,-1.83,1
1439.4859454631805,-1.86,1
1440.8913259506226,-1.93,1
1442.310800075531,-1.86,1
1443.7294092178345,-1.9,1
1445.1448891162872,-1.83,1
1446.5545279979706,-1.83,1
1447.9578578472137,-1.9,1
1449.376204252243,-1.86,1
1450.7948088645935,-1.86,1
1452.1974713802338,-1.86,1
1453.6196546554565,-1.86,1
1455.025250673294,-1.9,1
1456.4328598976135,-1.93,1
1457.8551387786865,-1.97,1
1459.2602775096893,-1.9,1
1460.6862783432007,-1.79,1
1462.091677904129,-1.86,1
1463.4992520809174,-1.93,1
1464.9164209365845,-1.97,1
1466.3220827579498,-1.9,1
1467.7401232719421,-1.97,1
1469.1597623825073,-1.86,1
1470.5620238780975,-2.03,1
1471.9780113697052,-1.97,1
1473.4011933803558,-1.86,1
1474.8140358924866,-2.0,1
1476.219409942627,-1.93,1
1477.6369907855988,-1.93,1
1479.038957118988,-1.97,1
1480.4616250991821,-1.93,1
1481.8654298782349,-1.9,1
1483.290405035019,-1.9,1
1484.6977558135986,-1.93,1
1486.1164140701294,-1.9,1
1487.5207481384277,-1.93,1
1488.9296247959137,-1.86,1
1490.3482506275177,-1.97,1
1491.7635111808777,-1.97,1
1493.1721856594086,-1.93,1
1494.57635140419,-1.97,1
1495.9968149662018,-2.03,1
1497.4154818058014,-1.83,1
1498.8224866390228,-1.93,1
1500.237592458725,-1.97,1
1501.6456339359283,-1.83,1
1503.0682060718536,-1.93,1
1504.4699103832245,-1.93,1
1505.8902864456177,-1.9,1
1507.2933242321014,-1.9,1
1508.7141890525818,-1.9,1
1510.1304559707642,-1.9,1
1511.5408475399017,-1.9,1
1512.9516415596008,-2.0,1
1514.3620326519012,4.69,1
1515.783174276352,-3.34,1
1517.18141746521,-2.45,1
1518.6032228469849,9.97,1
1520.011419057846,7.79,1
1521.4208228588104,6.17,1
1522.842197418213,6.79,1
1524.2618753910065,6.38,1
1525.6634466648102,-6.0,1
1527.0786635875702,-3.38,1
1528.496889591217,-2.03,1
1529.900859117508,5.24,1
1531.3133020401,9.59,1
1532.7324285507202,7.76,1
1534.135159254074,6.9,1
1535.5622520446777,-6.07,1
1536.9685723781586,-3.24,1
1538.3782920837402,-2.03,1
1539.7965304851532,-1.79,1
1541.2052328586578,-1.72,1
1542.6164886951447,-1.76,1
1544.0351946353912,-1.86,1
1545.4387440681458,-1.79,1
1546.8508734703064,-1.9,1
1548.2711598873138,-1.86,1
1549.6872990131378,-1.9,1
1551.0930132865906,-1.9,1
1552.512333393097,-1.86,1
1553.9279839992523,-1.93,1
1555.340763092041,-1.93,1
1556.7454335689545,-1.14,1
1558.1646041870117,-2.24,1
1559.5697617530823,-1.97,1
1560.9877297878265,-1.93,1
1562.391004562378,-1.86,1
1563.8068137168884,7.14,1
1565.2249393463135,2.59,1
1566.6431014537811,10.21,1
1568.0472557544708,7.48,1
1569.4561738967896,7.83,1
1570.8752462863922,-1.34,1
1572.2938680648804,-1.07,1
1573.6954040527344,-3.62,1
1575.1125617027283,11.21,1
1576.5329148769379,10.86,1
1577.9349391460419,8.62,1
1579.3541376590729,8.1,1
1580.7644658088684,8.14,1
1582.1818914413452,8.14,1
1583.583903312683,8.03,1
1584.994262456894,8.14,1
1586.4158034324646,7.9,1
1587.829582452774,6.93,1
1589.2471311092377,7.86,1
1590.6535091400146,-2.48,1
1592.071860074997,10.79,1
1593.475679397583,9.72,1
1594.8880236148834,8.52,1
1596.3083305358887,8.24,1
1597.7179036140442,8.14,1
1599.1249732971191,8.07,1
1600.540044784546,7.83,1
1601.9596993923187,7.83,1
1603.3647055625916,8.03,1
1604.783415555954,7.86,1
1606.1328999996185,7.9,1
1607.5394389629364,7.9,1
1608.877548456192,7.62,1
1610.2209570407867,7.72,1
1611.6343865394592,7.76,1
1613.0505304336548,7.17,1
1614.4716064929962,6.93,1
1615.8782591819763,7.03,1
1617.2977504730225,7.07,1
