1.1153652667999268,5.97
2.3278555870056152,6.03
3.5534870624542236,5.97
4.75298810005188,6.0
9.337037086486816,0.9
10.671094179153442,0.97
12.084461212158203,0.79
13.494511842727661,0.9
14.910933256149292,0.83
16.325207710266113,0.83
17.6650493144989,0.93
19.07712745666504,0.83
20.49600577354431,0.79
21.832525730133057,0.72
23.24962282180786,0.83
24.601398944854736,0.76
26.005027770996094,0.79
27.425782203674316,0.79
28.830110788345337,0.76
30.24739646911621,0.79
31.65359139442444,0.72
33.06667160987854,0.69
34.417104959487915,0.83
35.75599002838135,0.76
37.10320734977722,0.76
38.5220673084259,0.72
39.860780477523804,0.76
41.278972148895264,0.76
42.67661142349243,0.76
44.10325884819031,0.72
45.439908027648926,0.69
46.85696816444397,0.62
48.271353006362915,0.76
49.68238949775696,0.69
51.0950562953949,0.76
52.508625507354736,0.72
53.920520544052124,0.76
55.3298282623291,0.69
56.74476671218872,0.62
58.15326428413391,0.69
59.56235980987549,0.72
60.978564739227295,0.72
62.39796805381775,0.69
63.81210684776306,0.72
65.21147036552429,0.72
66.62716579437256,0.76
68.040447473526,0.59
69.4612865447998,0.66
70.86781167984009,0.69
72.2798261642456,0.76
73.62942314147949,0.66
75.04423356056213,0.66
76.44502449035645,0.66
77.87077116966248,0.69
79.27693104743958,0.69
80.68955373764038,0.66
82.10959911346436,0.69
83.5210907459259,0.72
84.92347645759583,0.72
86.34378051757812,0.72
87.67746233940125,0.72
89.10410714149475,0.72
90.51724171638489,0.62
91.9225697517395,0.66
93.34189414978027,0.72
94.74850869178772,0.52
96.16151595115662,0.79
97.57270979881287,0.66
98.99113821983337,0.66
100.40645408630371,0.66
101.8048632144928,0.66
103.23071217536926,0.66
104.63611221313477,0.69
106.04237413406372,0.72
107.4669075012207,0.69
108.86646819114685,0.66
110.27958345413208,0.62
111.70486068725586,0.69
113.10594153404236,0.62
114.52848076820374,0.59
115.94233202934265,0.76
117.3580105304718,0.59
118.75718283653259,0.66
120.17073011398315,0.66
121.5832028388977,0.72
123.00793814659119,0.79
124.41233968734741,0.76
125.8198254108429,0.62
127.23645257949829,0.66
128.650945186615,0.72
129.9988977909088,0.69
131.41225695610046,0.76
132.8311185836792,0.76
134.2321617603302,0.72
135.6553978919983,0.62
137.0610876083374,0.66
138.47230291366577,0.69
139.886212348938,0.62
141.2964732646942,0.69
142.71352100372314,0.72
144.13273525238037,0.72
145.53804874420166,0.55
146.95507550239563,0.62
148.36225295066833,0.55
149.77385878562927,0.62
151.18630695343018,0.72
152.60384941101074,0.66
154.00810074806213,0.69
155.42574310302734,0.66
156.84345626831055,0.72
158.25649046897888,0.76
159.6676585674286,0.72
161.01254868507385,0.66
162.4273817539215,0.69
163.76818919181824,0.62
165.17882657051086,0.69
166.5944139957428,0.76
168.00789523124695,0.69
169.34256076812744,0.69
170.75412893295288,0.72
172.1660032272339,0.66
173.58543229103088,6.03
174.9224841594696,125.93
176.3371753692627,137.14
177.75159549713135,121.31
179.16609835624695,105.66
