1.1022591590881348,-2.0,0
2.3525116443634033,-1.9,0
3.56712007522583,-2.0,0
4.776571273803711,-1.93,0
9.372734308242798,0.31,1
10.78652548789978,0.24,1
12.126365661621094,0.38,1
13.54036808013916,0.24,1
14.943409204483032,0.48,1
16.360530376434326,0.38,1
17.701054573059082,0.34,1
19.056833028793335,0.24,1
20.393837690353394,0.38,1
21.807915449142456,0.41,1
23.144498348236084,0.34,1
24.559498071670532,0.28,1
25.902265787124634,0.34,1
27.317901611328125,0.34,1
28.73495841026306,0.28,1
30.152066707611084,0.38,1
31.565128087997437,0.41,1
32.968039989471436,0.48,1
34.32111930847168,0.45,1
35.7355854511261,0.48,1
37.14991545677185,0.48,1
38.4867377281189,0.45,1
39.90163016319275,0.48,1
41.31866502761841,0.41,1
42.71863150596619,0.41,1
44.07188367843628,0.28,1
45.40832567214966,0.28,1
46.82740259170532,0.21,1
48.23987007141113,0.14,1
49.578362464904785,-0.03,1
50.922449827194214,0.07,1
52.33981490135193,-0.03,1
53.678009271621704,-0.17,1
55.091203927993774,-0.24,1
56.446105003356934,-0.17,1
57.84789824485779,-0.1,1
59.265782833099365,-0.21,1
60.68604397773743,-0.14,1
62.088340520858765,-0.24,1
63.50184392929077,6.03,1
64.91730427742004,4.59,1
66.33321571350098,-0.14,1
67.75085759162903,-0.17,1
69.15238952636719,-0.24,1
70.56951832771301,46.59,1
71.90633964538574,62.07,1
73.25691199302673,58.97,1
74.59446787834167,57.79,1
75.94733619689941,57.21,1
77.36395978927612,56.83,1
78.70710182189941,56.69,1
80.1123104095459,56.45,1
81.53348207473755,56.31,1
