1.107795238494873,-0.59
2.3281595706939697,-0.55
3.566021680831909,-0.59
4.777013301849365,-0.55
5.991119146347046,-0.62
7.208128213882446,-0.55
8.403515338897705,-0.52
9.621809244155884,-0.59
10.829103231430054,-0.66
13.639885663986206,236.55
15.065393209457397,325.1
16.477970838546753,352.1
17.820948123931885,359.69
19.154515743255615,360.52
20.570605039596558,360.14
24.26821494102478,-1.14
25.57955288887024,-1.07
26.92967200279236,-1.07
28.226934909820557,-1.0
29.53308606147766,-1.07
30.84315276145935,-1.14
32.16989207267761,-1.03
33.460726261138916,-1.1
34.768219232559204,-0.97
36.07322597503662,-1.03
37.41254186630249,-1.14
38.71004056930542,-1.07
40.00762176513672,-0.97
41.32359790802002,-1.03
42.63548755645752,-1.03
43.94101572036743,-1.0
46.714186906814575,274.97
48.12378740310669,347.34
49.53309607505798,362.52
50.87024283409119,363.1
52.289616107940674,362.14
55.96870279312134,-0.9
57.29164505004883,-0.79
58.58946990966797,-0.79
59.92323970794678,-0.86
61.220927476882935,-0.79
62.58273220062256,-0.69
63.892420053482056,-0.79
65.20488381385803,-0.76
66.50647497177124,-0.69
67.80520153045654,-0.69
69.1244010925293,-0.79
70.434574842453,-0.69
71.72826623916626,-0.69
73.06516075134277,-0.72
74.35551905632019,-0.66
75.65219283103943,-0.62
78.43156743049622,282.1
79.8439724445343,352.1
81.25478506088257,366.79
82.60071563720703,364.97
84.00791144371033,350.34
87.68988633155823,-1.48
88.99506664276123,-1.69
90.31592464447021,-1.83
91.61233448982239,-1.86
92.91333961486816,-1.9
94.22786855697632,-1.93
95.53233575820923,-1.83
96.84868693351746,-1.93
99.6528708934784,221.86
101.06054425239563,304.31
102.47468614578247,329.45
103.80932784080505,335.97
105.21990942955017,335.93
106.63514304161072,336.55
110.33354020118713,-1.41
111.64931273460388,-1.76
112.97735404968262,-1.48
114.28219413757324,-1.55
115.59266471862793,-1.41
116.9186418056488,-1.45
118.2266788482666,-1.45
119.54165720939636,-1.45
