1.1147761344909668,2.62
2.33209490776062,2.66
3.541041135787964,2.55
4.748996019363403,2.69
9.362813949584961,149.76
10.709414958953857,203.34
12.11906099319458,219.9
13.531513452529907,223.69
14.943695306777954,206.48
16.35724639892578,177.83
23.67975640296936,-2.07
24.9834623336792,-2.07
26.331233501434326,-1.97
27.65075397491455,-1.97
28.953303337097168,-1.93
30.27301287651062,-1.93
31.598738431930542,-1.86
32.90281534194946,-1.9
37.494940757751465,147.97
38.908838510513306,202.9
40.307318925857544,218.55
41.72826528549194,223.03
43.13126063346863,202.83
44.54983615875244,175.24
51.87023186683655,-2.31
53.18802809715271,-2.17
54.491673946380615,-2.21
55.85771703720093,-2.1
57.16948938369751,-2.21
58.48574709892273,-2.03
59.78721570968628,-2.07
61.104636669158936,-2.07
65.68615436553955,147.38
67.03698635101318,201.1
68.38566327095032,217.9
69.72731947898865,222.76
71.1353452205658,219.69
72.54938817024231,193.83
79.8447253704071,-2.41
81.16305351257324,-2.31
82.46765947341919,-2.17
83.79980087280273,-2.21
85.1062662601471,-2.28
86.45611500740051,-2.1
87.7647557258606,-2.21
89.06722140312195,-2.24
93.67861342430115,145.76
95.09217429161072,201.83
96.4912428855896,217.72
97.90626096725464,221.69
99.32156491279602,203.59
100.73531174659729,176.52
108.03675651550293,-2.48
109.353768825531,-2.41
110.6701352596283,-2.45
