1.1056363582611084,-2.07,0
2.349722385406494,-2.03,0
3.5639591217041016,-1.93,0
4.7591986656188965,-2.0,0
9.341899633407593,54.1,1
10.753925561904907,3.79,1
12.165407180786133,-4.21,1
13.500662565231323,-2.52,1
14.922722816467285,-2.24,1
16.32453417778015,-2.17,1
17.74324655532837,-2.14,1
19.082694053649902,-1.38,1
20.505903244018555,107.72,1
21.84672474861145,30.59,1
23.187214374542236,6.45,1
24.53584384918213,1.38,1
25.87047791481018,0.34,1
27.28735637664795,-0.45,1
28.706331491470337,-361.55,1
30.1162428855896,-6.69,1
31.51839327812195,4.07,1
32.937825441360474,0.03,1
34.272656202316284,0.59,1
35.623844146728516,-8.03,1
37.04242563247681,-2.41,1
38.383500814437866,-2.59,1
39.72892379760742,37.83,1
41.07291626930237,18.0,1
42.41720938682556,1.83,1
43.75798964500427,-0.1,1
45.10180187225342,-0.55,1
46.51888179779053,-14.83,1
47.92026972770691,12.52,1
49.275304079055786,10.34,1
50.68394446372986,-20.38,1
52.027740240097046,4.62,1
53.3690767288208,11.24,1
54.7791166305542,-1.34,1
56.11957335472107,15.07,1
57.4738929271698,36.86,1
58.87544822692871,6.66,1
60.29084897041321,3.03,1
61.70930576324463,-584.41,1
63.11847138404846,-4.62,1
64.53609585762024,9.38,1
65.87849974632263,-0.93,1
67.28653025627136,-1.83,1
68.70877313613892,-1.17,1
70.10888075828552,-1.45,1
71.52490234375,-1.41,1
72.93696928024292,-0.9,1
74.27725195884705,-0.66,1
75.63370704650879,-0.62,1
76.97597002983093,-0.41,1
78.3882429599762,-0.03,1
79.80550169944763,-0.55,1
81.217524766922,-0.31,1
82.55244565010071,-0.24,1
83.96940541267395,-0.55,1
85.38345980644226,-0.41,1
86.78581094741821,-0.14,1
88.20501327514648,0.34,1
89.6176085472107,-1.97,1
91.0374402999878,0.48,1
92.44294786453247,0.93,1
93.8626618385315,1.28,1
95.27478981018066,1.55,1
96.67750263214111,0.55,1
98.09434819221497,0.86,1
99.51112723350525,0.07,1
100.91314029693604,-0.21,1
102.32865142822266,-0.21,1
103.74404811859131,0.24,1
105.1602897644043,0.52,1
106.57515096664429,-0.48,1
107.9732415676117,0.62,1
109.3951313495636,0.21,1
110.80675077438354,-0.14,1
112.22220778465271,1.31,1
113.63169431686401,0.28,1
115.04828572273254,0.45,1
116.45361948013306,0.03,1
117.87383651733398,-0.24,1
119.2860336303711,-0.1,1
120.69072103500366,0.52,1
122.11320471763611,0.0,1
123.51300168037415,-0.24,1
124.92784142494202,0.07,1
126.3460021018982,0.34,1
127.76364994049072,-0.07,1
129.16762900352478,0.41,1
130.58902049064636,-0.07,1
131.9923119544983,-0.52,1
133.33219623565674,-0.72,1
134.75389623641968,-0.69,1
136.1732635498047,-0.76,1
137.58413887023926,-0.03,1
138.99667048454285,-0.34,1
140.40499901771545,-0.59,1
141.8079319000244,-0.24,1
143.2334384918213,0.52,1
144.63477683067322,-0.48,1
146.05302381515503,-0.79,1
147.47399854660034,-0.93,1
148.87957620620728,0.24,1
150.29585337638855,-0.55,1
151.69656467437744,1.62,1
153.1152765750885,-0.17,1
154.52420020103455,-0.24,1
155.93237614631653,-0.79,1
157.3525960445404,0.62,1
158.76825094223022,-0.62,1
160.18563032150269,-0.21,1
161.51572632789612,-0.79,1
162.93243145942688,-0.31,1
164.28693389892578,-8.07,1
165.61962008476257,-4.93,1
166.97450923919678,-2.34,1
168.31572246551514,126.14,1
169.65847182273865,14.03,1
171.0745713710785,-0.93,1
172.4143762588501,-14.79,1
173.82384490966797,-2.28,1
175.16139459609985,-2.21,1
176.57873606681824,-2.24,1
177.9299716949463,-6.0,1
179.2741310596466,134.69,1
180.67742037773132,13.66,1
182.01708960533142,2.9,1
183.37254214286804,-0.62,1
184.7853183746338,-0.03,1
186.12833333015442,-1.59,1
187.46725177764893,-2.1,1
188.81012773513794,-1.34,1
190.14854741096497,-1.31,1
191.50246238708496,-1.38,1
192.91994071006775,-1.34,1
194.2592306137085,-1.41,1
195.66867423057556,-1.41,1
197.08580017089844,-1.52,1
198.4987359046936,-1.59,1
199.9154109954834,-1.59,1
