1.1170039176940918,-1.97,0
2.3577282428741455,-1.83,0
3.5701873302459717,-1.9,0
4.783441543579102,-1.97,0
9.363436698913574,199.83,1
10.776920557022095,296.1,1
12.121225833892822,245.24,1
19.425636053085327,-1.69,0
20.733099937438965,-1.55,0
22.080302238464355,-1.34,0
23.391706943511963,-1.41,0
24.70659565925598,-1.45,0
26.016814470291138,-1.41,0
27.318336248397827,-1.52,0
28.645822286605835,-1.59,0
33.2249231338501,249.72,1
34.64093780517578,191.9,1
36.0529682636261,198.69,1
37.39699101448059,196.21,1
44.69314885139465,-1.76,0
46.00046420097351,-1.86,0
47.323203563690186,-1.79,0
48.63720989227295,-1.86,0
49.94942903518677,-1.83,0
51.28553247451782,-1.79,0
52.60729718208313,-1.83,0
53.91845703125,-1.86,0
58.513413190841675,227.24,1
59.92593264579773,218.9,1
61.33633208274841,215.21,1
62.75299429893494,215.24,1
64.15290474891663,215.48,1
71.47202181816101,-1.86,0
72.8018445968628,-1.86,0
