1.1077325344085693,-1.93,0
2.3591320514678955,-1.9,0
3.5684781074523926,-1.9,0
4.77143406867981,-1.83,0
9.356833696365356,7.66,1
10.759427309036255,218.21,1
12.10076117515564,259.55,1
13.516433238983154,235.86,1
14.931571245193481,232.24,1
16.3479163646698,230.55,1
17.688023805618286,229.48,1
19.02687358856201,229.41,1
20.377558946609497,229.59,1
21.785847902297974,231.03,1
23.118398666381836,232.17,1
24.474106550216675,232.72,1
25.81535816192627,233.38,1
27.216891765594482,233.24,1
28.62519598007202,233.52,1
30.045392990112305,233.69,1
31.450157403945923,233.66,1
32.87129831314087,232.76,1
34.21705222129822,232.14,1
35.560330390930176,231.38,1
36.90464925765991,230.45,1
38.30148983001709,229.83,1
39.72731590270996,229.1,1
41.06700158119202,228.97,1
42.48276972770691,228.62,1
43.894471406936646,227.97,1
45.23730802536011,227.45,1
46.6479914188385,227.38,1
48.04659962654114,227.38,1
49.4581573009491,227.07,1
50.8702757358551,226.79,1
52.28866386413574,226.93,1
53.69531726837158,226.83,1
55.11837840080261,226.59,1
56.51959776878357,227.03,1
