1.1109845638275146,-1.97,0
2.3454315662384033,-1.97,0
3.555086135864258,-2.07,0
4.755742073059082,-1.97,0
5.954525709152222,-2.0,0
7.1568825244903564,-1.93,0
8.35963487625122,-1.97,0
12.955894947052002,-2.34,1
14.299948692321777,0.52,1
15.71320104598999,25.72,1
17.11866521835327,20.97,1
18.529919624328613,28.93,1
19.952563285827637,42.83,1
21.295719385147095,20.48,1
22.706056833267212,18.86,1
24.121849298477173,19.45,1
25.5252788066864,25.07,1
26.949781894683838,27.62,1
28.292186975479126,23.83,1
29.695640325546265,23.45,1
31.11478328704834,13.28,1
32.53360557556152,28.76,1
33.875309228897095,45.66,1
35.282596826553345,18.97,1
36.62445688247681,15.31,1
38.04238843917847,14.76,1
39.38144063949585,18.1,1
40.72645664215088,23.52,1
42.067476749420166,21.1,1
43.487199544906616,19.07,1
44.830660820007324,18.59,1
46.17532396316528,18.31,1
47.517831802368164,17.21,1
48.9369010925293,15.86,1
50.27807331085205,15.62,1
51.690404415130615,15.14,1
53.03711462020874,15.1,1
54.44299244880676,19.28,1
55.861921548843384,15.97,1
57.268059492111206,18.79,1
58.68649625778198,20.93,1
60.102803468704224,15.52,1
61.517048835754395,18.24,1
62.92270874977112,19.17,1
64.33075714111328,19.17,1
65.7472653388977,18.79,1
67.08972382545471,18.97,1
68.50602841377258,17.97,1
69.9229986667633,17.55,1
71.33139300346375,16.21,1
72.67442488670349,18.0,1
74.01568722724915,17.07,1
75.37147688865662,16.79,1
76.71406435966492,15.28,1
78.11886668205261,18.59,1
79.53611040115356,13.79,1
80.87493538856506,4.28,1
82.28177428245544,0.79,1
83.69896054267883,-0.9,1
85.1174783706665,-4.24,1
86.52595520019531,-453.97,1
87.94153904914856,-127.66,1
89.35924935340881,-14.45,1
90.75954866409302,-7.66,1
92.17103052139282,-5.45,1
