1.115912675857544,-0.97
2.3675732612609863,-1.0
3.5840983390808105,-0.9
4.788477420806885,-0.93
9.375961303710938,0.69
10.789496898651123,36.1
12.202075719833374,128.24
13.601336240768433,232.93
15.02700161933899,362.31
16.42940592765808,497.45
17.782324075698853,605.0
19.179993152618408,744.07
20.522921800613403,805.97
21.94800090789795,824.86
23.353766918182373,832.59
24.700307607650757,832.07
26.11501455307007,832.28
27.526734113693237,832.9
28.937584161758423,832.45
30.339900732040405,831.9
31.751622915267944,829.66
39.052374839782715,-1.9
40.35339426994324,-1.86
41.67135143280029,-1.79
43.02809023857117,-1.86
44.32998585700989,-1.83
45.63159441947937,-1.83
46.943475008010864,-1.9
48.24867248535156,-1.79
52.838518142700195,579.76
54.2496600151062,697.45
55.66251468658447,466.21
57.066070795059204,276.59
64.36293649673462,-2.55
65.68764686584473,-2.55
66.99171948432922,-2.52
68.29686880111694,-2.55
69.60060739517212,-2.59
70.92160177230835,-2.59
72.2121913433075,-2.55
73.56283402442932,-2.55
78.1527373790741,577.52
79.55489706993103,691.72
80.9728627204895,464.31
88.27111768722534,-3.14
89.58035349845886,-3.07
90.89729118347168,-3.07
92.19825744628906,-3.1
93.56280732154846,-3.14
94.86385774612427,-3.14
96.17910575866699,-3.14
97.48024463653564,-3.17
102.08265042304993,572.69
103.41526865959167,751.59
104.82764959335327,523.24
112.13009190559387,-3.86
113.48170375823975,-3.93
114.80065679550171,-3.9
116.13660502433777,-3.9
