1.1074538230895996,-0.59
2.3217644691467285,-0.52
3.556796073913574,-0.66
4.7552971839904785,-0.66
9.329695701599121,1.93
10.74436068534851,1.83
12.071282625198364,1.83
13.498404264450073,1.79
14.898440599441528,1.83
16.318207502365112,1.83
17.667224884033203,13.41
19.006638288497925,21.41
20.34326195716858,5.1
21.689123392105103,14.55
23.03925585746765,13.93
24.449626684188843,11.24
25.86391544342041,1.55
27.276840448379517,8.59
28.613643884658813,3.52
30.02642846107483,12.14
31.381466150283813,6.48
32.78546118736267,15.55
34.12373685836792,10.48
35.47311520576477,11.52
36.825860023498535,22.9
38.22509837150574,16.38
39.576377630233765,6.69
40.92809772491455,7.48
42.266271114349365,8.72
43.61053538322449,7.55
44.950897216796875,7.86
46.29998230934143,7.69
47.64691376686096,13.76
49.06031823158264,10.14
50.38943862915039,15.07
51.80294060707092,11.76
53.22552013397217,10.38
54.63601732254028,9.66
56.05205297470093,9.34
57.45631456375122,9.83
58.869972944259644,10.24
60.290483713150024,4.55
61.69314432144165,9.69
63.10780882835388,18.97
64.52979803085327,12.9
65.8664665222168,13.14
67.21886491775513,11.1
68.55200576782227,6.03
69.89288711547852,8.62
71.31224322319031,9.0
72.65541934967041,9.07
74.00552129745483,22.17
75.35062289237976,5.69
76.68401098251343,9.17
78.03196620941162,1.34
79.37107133865356,2.52
80.7193615436554,1.52
82.13876223564148,3.41
83.46862363815308,0.0
84.89645552635193,8.38
86.24122428894043,20.21
87.64070916175842,6.86
88.99509501457214,4.38
90.33197116851807,3.21
91.68388295173645,16.93
93.09754705429077,5.83
94.44159984588623,4.45
95.77177119255066,3.72
97.18846559524536,3.28
98.60232210159302,3.52
100.01203560829163,3.1
101.43626308441162,2.48
102.83795714378357,16.38
104.19199013710022,9.0
105.53056383132935,8.28
106.87802696228027,5.93
108.22326993942261,6.59
109.63408660888672,20.66
111.03695511817932,10.07
112.45816802978516,21.45
113.87303805351257,10.31
115.27919220924377,7.17
116.69159507751465,7.31
118.10794019699097,6.24
119.51636219024658,6.93
120.93001222610474,20.86
122.3423023223877,10.0
123.7642126083374,21.17
125.09678912162781,10.52
126.51146340370178,7.21
127.86362409591675,7.38
129.27045369148254,20.45
130.68671917915344,10.0
132.09547019004822,7.03
133.5064926147461,7.07
134.92337322235107,20.86
136.33723258972168,10.14
137.73999524116516,21.1
139.09181427955627,10.31
140.5037055015564,7.03
141.92055249214172,7.07
143.2580497264862,20.45
144.67856979370117,9.97
146.0904529094696,20.79
147.50456643104553,10.07
154.81199526786804,5.52
156.12880277633667,5.45
157.4456160068512,5.52
158.74145030975342,5.41
160.1002721786499,5.31
161.40178561210632,5.41
162.7041916847229,5.31
164.01169300079346,5.21
168.58851313591003,4.79
169.93236422538757,4.66
171.26928067207336,4.66
172.61839532852173,4.38
173.9571795463562,4.41
175.37431979179382,4.28
176.7116093635559,1.79
178.05969405174255,-1100.0
179.39457988739014,65.79
180.7376265525818,78.17
182.09513807296753,49.59
183.4325783252716,19.17
184.78016304969788,10.66
186.1941146850586,22.0
187.6073453426361,24.59
188.9524405002594,25.59
190.28708410263062,12.14
191.63034868240356,8.62
192.98704624176025,7.45
194.39158272743225,6.17
195.7435531616211,5.66
197.15617299079895,5.48
198.5640640258789,3.83
199.97714591026306,1.52
201.31811833381653,5.17
202.73208475112915,16.59
204.14732432365417,11.97
205.49045062065125,14.83
206.90769863128662,11.72
208.30764508247375,6.59
209.66054153442383,10.76
211.0749409198761,12.93
212.4099895954132,13.72
213.82254099845886,14.9
215.17439222335815,15.72
216.58308267593384,16.28
218.0005967617035,15.72
219.41039323806763,11.41
220.8252716064453,10.41
222.17251896858215,10.34
223.57036924362183,10.28
224.9862232208252,10.9
226.33497595787048,9.86
227.7522792816162,11.31
229.16293048858643,15.14
230.50192880630493,16.72
231.91605520248413,13.72
233.33129739761353,10.66
234.67739343643188,11.41
236.0926160812378,16.9
237.50470733642578,14.1
238.90467834472656,13.45
240.32325267791748,11.69
241.73878479003906,12.17
243.1510980129242,11.86
244.56743478775024,12.62
245.97206950187683,12.31
247.39583349227905,12.83
248.79757046699524,10.69
250.20970153808594,11.45
251.62815618515015,10.72
253.04512763023376,10.59
254.4455714225769,15.76
255.79179191589355,13.55
263.09129667282104,-0.76
264.4114809036255,-0.79
265.7137875556946,-0.76
267.0592107772827,-0.9
268.36907982826233,-0.97
269.67884159088135,-0.97
270.9857382774353,-0.86
272.2865400314331,-0.93
276.8878264427185,1021.97
278.2223017215729,851.38
279.64028906822205,470.79
286.9379472732544,4.55
288.2580552101135,4.48
289.5824615955353,4.62
290.89603447914124,4.52
292.2069716453552,4.45
293.5212972164154,4.55
294.8424687385559,4.55
296.19309306144714,4.59
300.7784860134125,4.55
302.19010877609253,4.38
303.59980726242065,4.48
305.0131587982178,4.45
306.43232703208923,18.55
307.83596205711365,23.31
309.25651693344116,25.45
310.67338156700134,13.03
