1.1056053638458252,5.38
2.315910816192627,5.41
3.548947811126709,5.52
4.754342317581177,5.41
9.337052822113037,16.62
10.681076765060425,87.9
12.025566339492798,186.9
13.436131238937378,291.9
14.847159624099731,386.17
16.250853061676025,467.59
17.60207438468933,534.66
19.01471757888794,597.34
20.426273822784424,651.03
21.837319374084473,675.48
23.233543634414673,675.59
24.58271336555481,656.66
25.99926781654358,643.93
27.402952194213867,604.0
28.813565969467163,561.45
30.234861850738525,522.1
31.64239192008972,487.45
33.05431294441223,457.03
34.39725637435913,435.55
35.7452437877655,421.93
37.08135414123535,417.14
38.50089740753174,423.66
39.91184115409851,436.93
41.256356954574585,453.72
42.658530473709106,473.55
44.001792907714844,490.41
45.416115522384644,505.62
46.767149925231934,518.41
48.1788489818573,525.83
49.508662939071655,529.45
50.925644636154175,528.41
52.34151554107666,526.72
53.75207495689392,521.21
55.16797590255737,513.66
56.57962250709534,505.93
57.9828565120697,499.21
59.40106177330017,494.34
60.81403660774231,490.45
62.2261221408844,488.93
63.62564659118652,488.45
65.03654980659485,488.1
66.38329887390137,490.41
67.80326676368713,492.41
69.14726161956787,494.66
70.5456485748291,495.72
71.9013159275055,497.52
73.309011220932,500.34
74.72071957588196,501.72
76.0683982372284,502.76
77.41242694854736,502.45
78.74604487419128,502.0
80.09634065628052,501.52
81.5036849975586,501.0
82.92198348045349,500.93
84.32647252082825,501.14
85.73750877380371,500.14
87.16024231910706,500.52
88.49266338348389,500.83
89.91489267349243,500.62
91.31698036193848,500.55
92.73729205131531,500.93
94.15019726753235,500.97
95.55720782279968,499.1
96.96773862838745,498.69
98.37665247917175,497.93
99.79554295539856,497.69
101.20020174980164,498.86
102.6120662689209,498.31
104.03133797645569,499.1
105.4422550201416,498.03
106.84635376930237,498.41
108.25281691551208,498.07
109.66996788978577,498.34
111.02184772491455,498.38
112.41941356658936,500.76
113.84414196014404,501.14
115.25156426429749,501.07
116.66869449615479,501.69
118.07719135284424,501.76
119.48726844787598,501.14
120.90432095527649,500.41
122.31087446212769,500.62
123.72706723213196,500.28
125.06184697151184,499.55
126.48342847824097,499.55
133.77957487106323,5.66
135.09743571281433,5.79
136.401611328125,5.83
137.71637845039368,5.76
139.02005577087402,5.86
140.35498929023743,5.86
141.6767179965973,5.9
142.9926474094391,6.0
144.19454765319824,5.97
145.4079134464264,6.03
146.62186646461487,6.03
147.84518718719482,5.93
149.09459352493286,5.97
150.31268906593323,6.0
151.52538394927979,5.93
152.73396134376526,5.97
153.95858144760132,6.0
155.1513295173645,5.93
156.3770136833191,6.03
157.57784128189087,6.14
158.82327508926392,6.0
160.0381531715393,6.03
161.23492217063904,6.03
162.43099784851074,5.9
163.6408498287201,6.1
164.84064412117004,5.97
166.04320693016052,6.0
167.24802327156067,6.0
168.48686742782593,5.97
169.68337392807007,5.93
170.88510870933533,6.03
172.08003091812134,6.0
173.30284214019775,5.93
174.4979691505432,5.93
175.7064175605774,5.97
176.90320682525635,5.9
178.14244985580444,5.93
179.32986974716187,5.97
180.53950476646423,6.0
181.7366464138031,5.9
182.92950296401978,6.03
184.13961815834045,5.93
185.34508776664734,5.97
186.55083966255188,5.97
187.78622364997864,5.93
188.9905550479889,5.9
190.20601749420166,5.93
191.39971494674683,5.97
192.61206316947937,5.93
193.83315658569336,5.9
195.04259037971497,5.93
196.26141381263733,6.0
197.49637413024902,5.86
198.69154477119446,5.93
199.91079807281494,6.0
201.1307990550995,5.9
202.32694101333618,5.83
203.53983402252197,5.9
204.7530014514923,5.83
205.9642789363861,5.93
207.2029628753662,5.83
208.40905475616455,5.79
209.61806225776672,5.86
210.82763695716858,5.86
212.03706550598145,5.83
213.24731922149658,5.86
