1.1138238906860352,-1.69
2.3270654678344727,-1.76
3.565044641494751,-1.76
4.761673450469971,-1.79
7.517074108123779,2.38
8.859836101531982,25.31
10.20447301864624,14.21
11.616018056869507,11.0
13.027231931686401,7.97
14.426563739776611,8.62
15.852639198303223,11.28
17.253901720046997,9.66
18.609594583511353,8.52
19.944073915481567,13.28
21.29152798652649,7.34
22.627967596054077,10.21
23.984827756881714,11.69
25.396974563598633,6.07
26.79676580429077,17.52
28.152646780014038,9.86
29.56642484664917,7.0
30.968772888183594,19.28
32.38203692436218,10.24
33.73362398147583,7.28
35.06693172454834,9.48
36.48484015464783,10.66
37.824461460113525,9.52
39.17755365371704,8.86
40.51992988586426,12.07
41.93368434906006,6.72
43.27662920951843,15.59
44.61955165863037,8.93
45.95052647590637,6.86
47.36584782600403,19.38
48.70448446273804,10.69
50.12939095497131,7.14
51.54189491271973,13.1
52.954028606414795,7.93
54.35104846954346,10.62
55.775768995285034,10.21
57.187437534332275,9.07
58.60087203979492,10.66
60.01311230659485,9.79
61.42605948448181,13.97
62.83878445625305,7.48
64.25172901153564,12.07
65.5944471359253,10.07
66.9316668510437,8.52
68.34260630607605,11.31
69.68802165985107,8.66
71.03188514709473,14.86
72.3748950958252,8.48
73.72715973854065,6.59
75.06974172592163,17.72
76.41381788253784,10.45
77.75681281089783,7.45
79.09913372993469,7.59
80.51222729682922,15.48
81.92300176620483,8.52
83.26335954666138,6.69
84.61232209205627,17.41
86.01176714897156,9.83
87.36423587799072,6.52
88.76542019844055,14.86
90.17839908599854,8.66
91.59322476387024,7.21
93.00624895095825,17.45
94.34620022773743,9.79
95.76786971092224,7.34
97.18278932571411,14.52
98.59978127479553,8.59
