1.1064622402191162,-1.07,0
2.3437743186950684,-1.07,0
3.5447299480438232,-1.17,0
4.742577314376831,-1.07,0
5.9433629512786865,-1.07,0
7.141867637634277,-1.07,0
11.720277309417725,0.79,1
13.140708684921265,11.79,1
14.55360460281372,16.66,1
15.96705150604248,21.83,1
17.367681741714478,25.86,1
18.72475242614746,27.34,1
20.066078424453735,29.62,1
21.477227926254272,31.69,1
22.879614114761353,33.72,1
24.296156406402588,35.62,1
25.712633848190308,34.24,1
27.124997854232788,34.83,1
28.534294843673706,34.38,1
29.9423885345459,34.9,1
31.369667530059814,37.1,1
32.77380895614624,36.24,1
34.19180679321289,38.97,1
35.595158100128174,38.31,1
36.95025992393494,38.41,1
38.359400510787964,37.97,1
39.774723529815674,37.52,1
41.19253969192505,38.14,1
42.597007513046265,44.76,1
44.015010833740234,43.86,1
45.415406942367554,42.86,1
46.769941091537476,40.97,1
48.1697142124176,40.83,1
49.58978819847107,41.07,1
51.00795340538025,40.69,1
52.34855651855469,40.76,1
53.76662850379944,40.48,1
55.16670322418213,40.28,1
56.58337211608887,40.1,1
57.99984383583069,40.21,1
59.414002895355225,40.24,1
60.816258668899536,40.38,1
62.235495805740356,40.24,1
63.64167761802673,40.14,1
64.98305583000183,40.03,1
66.40491032600403,39.9,1
67.81375646591187,40.21,1
69.23178935050964,40.14,1
70.63335251808167,40.07,1
71.98006558418274,39.66,1
73.39002275466919,39.66,1
74.73800539970398,39.66,1
76.08509922027588,39.62,1
77.41511607170105,39.76,1
78.83598709106445,39.52,1
86.14417505264282,-1.1,0
87.47823524475098,-1.07,0
88.79013085365295,-1.14,0
90.0998785495758,-1.21,0
91.40667772293091,-1.24,0
92.7279725074768,-1.17,0
94.0342800617218,-1.1,0
95.34054040908813,-1.21,0
99.95511198043823,256.86,1
101.38008427619934,235.31,1
102.72099900245667,236.21,1
104.12847852706909,234.86,1
105.54013299942017,234.48,1
106.94925832748413,233.76,1
108.35218095779419,211.34,1
109.77007794380188,184.21,1
