1.1076371669769287,-2.31,0
2.3396551609039307,-2.38,0
3.541364908218384,-2.28,0
4.740622043609619,-2.28,0
5.943071603775024,-2.31,0
10.530390977859497,-3.97,1
11.95193076133728,8.93,1
13.366288900375366,50.76,1
14.77794599533081,66.1,1
16.190253496170044,77.79,1
17.524818897247314,81.03,1
18.875953912734985,84.66,1
20.21294379234314,85.28,1
21.62004828453064,86.34,1
22.968628644943237,89.45,1
24.306580543518066,90.31,1
25.65655016899109,90.31,1
27.064945459365845,90.41,1
28.40591263771057,90.55,1
29.8146755695343,90.31,1
31.238967657089233,89.14,1
32.642871618270874,88.52,1
33.99458646774292,87.55,1
35.3328971862793,87.48,1
36.67278599739075,87.62,1
38.08331632614136,87.86,1
39.495206356048584,87.03,1
40.910266637802124,89.97,1
42.25981307029724,89.1,1
43.59296488761902,88.97,1
44.9452383518219,90.79,1
46.28667950630188,89.48,1
47.62120294570923,89.17,1
49.042205810546875,89.0,1
50.44689226150513,87.86,1
51.86509442329407,87.62,1
53.27069139480591,87.66,1
54.687628746032715,87.69,1
56.09477424621582,87.62,1
57.50829839706421,87.48,1
58.91722249984741,90.55,1
60.33432912826538,89.79,1
61.74527883529663,89.21,1
63.15769410133362,91.03,1
64.57059669494629,91.38,1
65.90871572494507,89.62,1
67.25524258613586,89.24,1
68.60116839408875,89.28,1
69.93084645271301,89.03,1
71.35359787940979,89.34,1
72.6940381526947,89.24,1
74.03550124168396,89.45,1
75.37839460372925,89.07,1
76.72424697875977,88.9,1
84.02988362312317,-2.17,0
85.34165954589844,-2.21,0
86.64490485191345,-2.14,0
87.98118567466736,-2.17,0
89.26981019973755,-2.28,0
90.5779550075531,-2.17,0
91.88748598098755,-2.21,0
93.19460010528564,-2.24,0
97.78832864761353,14.07,1
99.19340515136719,15.48,1
100.54275608062744,26.79,1
101.95144939422607,37.69,1
103.29357099533081,42.03,1
104.71467518806458,42.86,1
106.11702942848206,47.28,1
107.46433329582214,47.14,1
108.80767130851746,47.38,1
110.2191367149353,48.55,1
111.56721925735474,47.03,1
112.9805121421814,48.1,1
114.38152647018433,46.72,1
115.72948002815247,48.34,1
117.14027285575867,49.21,1
118.54665994644165,47.9,1
119.96076035499573,48.41,1
121.3668622970581,47.24,1
122.79275155067444,48.31,1
124.20405411720276,50.52,1
125.54294538497925,51.28,1
126.95093965530396,50.14,1
128.35877585411072,48.83,1
129.77051281929016,49.41,1
131.11773347854614,48.14,1
132.5364191532135,48.9,1
133.93248200416565,50.9,1
135.2909746170044,50.03,1
136.6912796497345,51.62,1
138.1051414012909,50.21,1
139.51553535461426,49.0,1
140.92629098892212,49.59,1
142.35165143013,48.41,1
143.76277613639832,49.1,1
145.1738760471344,50.9,1
146.57359957695007,50.38,1
147.9197759628296,49.07,1
149.3355975151062,50.86,1
150.73996782302856,49.72,1
158.06640911102295,-2.07,0
159.38106608390808,-2.07,0
160.72429394721985,-2.17,0
162.02143955230713,-2.14,0
163.3251793384552,-2.1,0
164.6261875629425,-2.17,0
165.92750120162964,-2.24,0
167.23935437202454,-2.28,0
171.83029985427856,11.34,1
173.16784501075745,9.14,1
174.58385634422302,22.48,1
175.92331886291504,34.59,1
177.27027535438538,47.34,1
178.61807584762573,55.59,1
179.96138858795166,63.1,1
181.29677820205688,62.93,1
182.64678287506104,64.55,1
184.05315566062927,64.62,1
185.4650583267212,54.41,1
186.8178460597992,56.93,1
188.151513338089,67.38,1
189.50410985946655,85.93,1
190.90455317497253,69.0,1
192.2581753730774,65.52,1
193.65825629234314,28.48,1
195.07176518440247,50.14,1
196.48935079574585,34.14,1
197.8940041065216,41.0,1
199.30640745162964,27.66,1
200.6552140712738,38.76,1
202.00030088424683,43.83,1
203.33792924880981,65.97,1
204.6776463985443,60.17,1
206.09230256080627,64.34,1
207.50738382339478,73.52,1
208.84484219551086,-482.17,1
210.19914031028748,-0.83,1
211.54039525985718,-1.28,1
212.95577335357666,-1.24,1
214.29886984825134,-1.03,1
215.71068930625916,1.97,1
217.1217381954193,1.79,1
