1.1115198135375977,3.1,0
2.350372552871704,3.14,0
3.552536964416504,3.14,0
4.754462718963623,3.07,0
9.325530052185059,50.38,1
10.670709371566772,38.76,1
12.082753419876099,45.0,1
13.494123697280884,54.86,1
14.890538930892944,48.24,1
16.31594443321228,47.52,1
17.658918142318726,54.41,1
18.99601459503174,47.69,1
20.401537656784058,47.38,1
21.744847059249878,54.17,1
23.09590983390808,47.72,1
24.44333553314209,46.1,1
25.851804971694946,46.79,1
27.259583473205566,54.28,1
28.67655873298645,48.55,1
30.088905096054077,54.34,1
31.49585723876953,48.83,1
32.903462409973145,55.03,1
34.31423807144165,48.21,1
35.660176515579224,54.76,1
37.00875377655029,48.55,1
38.40933418273926,54.76,1
39.823914527893066,48.1,1
41.23245453834534,47.21,1
42.57947564125061,54.31,1
43.925379276275635,48.31,1
45.270564556121826,54.93,1
46.61813282966614,48.52,1
48.02918863296509,47.14,1
49.436145305633545,47.1,1
50.769723415374756,47.28,1
52.12477111816406,46.9,1
53.53824996948242,54.59,1
54.87460684776306,48.28,1
56.2938015460968,54.48,1
57.69437575340271,47.79,1
59.11661696434021,46.14,1
60.52193355560303,46.72,1
61.93190336227417,45.69,1
63.352938413619995,46.52,1
