1.1001801490783691,1.66,0
2.3439230918884277,1.69,0
3.5526528358459473,1.69,0
4.753935813903809,1.69,0
5.961007595062256,1.66,0
10.545426845550537,4.31,1
11.964573621749878,13.41,1
13.376202583312988,23.14,1
14.78824257850647,29.48,1
16.194804668426514,34.79,1
17.53390407562256,35.79,1
18.94934844970703,39.34,1
20.35631537437439,39.9,1
21.775617837905884,39.72,1
23.178345203399658,39.76,1
24.600667238235474,39.41,1
26.00309658050537,39.41,1
27.421591997146606,39.55,1
28.82737970352173,39.28,1
30.242775678634644,39.14,1
31.650739192962646,39.31,1
33.06756377220154,39.17,1
34.46984815597534,39.34,1
35.81394147872925,39.17,1
37.23634171485901,39.38,1
38.640881299972534,39.66,1
40.063366651535034,42.45,1
41.462430238723755,41.55,1
42.888367652893066,40.62,1
44.29179763793945,39.62,1
45.6299364566803,39.24,1
47.04966998100281,39.31,1
48.464926958084106,39.24,1
49.8723201751709,39.14,1
51.28183627128601,39.66,1
52.69898796081543,39.07,1
54.10488748550415,40.31,1
55.51135039329529,39.31,1
56.930164098739624,40.0,1
58.33518028259277,42.07,1
59.75367593765259,41.48,1
61.166558504104614,40.52,1
62.56965661048889,39.52,1
63.99147391319275,39.0,1
65.33515477180481,41.93,1
66.74851608276367,41.07,1
68.08986210823059,40.17,1
69.49458718299866,39.38,1
70.8336968421936,39.17,1
72.25765252113342,38.76,1
73.65768098831177,39.41,1
75.0797131061554,39.59,1
76.48966407775879,41.86,1
77.89664816856384,41.55,1
79.31144785881042,40.45,1
80.72252130508423,39.69,1
82.06072282791138,39.14,1
83.47006249427795,38.83,1
84.89066934585571,38.97,1
86.22805738449097,41.83,1
87.64653301239014,41.69,1
88.98104476928711,40.69,1
90.40337872505188,39.66,1
91.81026196479797,39.0,1
93.15127778053284,38.9,1
94.57033276557922,38.9,1
95.97487378120422,39.24,1
97.39171361923218,39.72,1
98.79686331748962,39.24,1
100.20126533508301,39.17,1
101.62185668945312,40.28,1
103.0261161327362,39.28,1
104.4455029964447,39.86,1
105.86273646354675,39.24,1
107.26697826385498,39.07,1
108.6820638179779,39.62,1
110.09910440444946,40.24,1
111.49902391433716,42.07,1
112.92090725898743,41.41,1
114.32331252098083,40.38,1
115.7419662475586,39.59,1
117.14797353744507,39.1,1
118.56325101852417,38.93,1
119.9787871837616,39.55,1
121.38899183273315,41.86,1
122.79634499549866,41.34,1
124.21376991271973,40.17,1
125.61598944664001,39.45,1
127.03328919410706,39.03,1
128.435973405838,39.14,1
129.85261797904968,40.1,1
131.26596593856812,39.45,1
132.6823375225067,39.76,1
134.09551429748535,39.14,1
135.5014545917511,41.83,1
142.81890654563904,3.69,0
144.1330418586731,3.72,0
145.44527196884155,3.79,0
146.75359177589417,3.83,0
148.11198592185974,3.72,0
149.4377100467682,3.76,0
150.75062942504883,3.79,0
152.05951833724976,3.62,0
156.656564950943,1.34,1
158.0675585269928,8.62,1
159.48361015319824,21.31,1
160.83580255508423,29.45,1
162.24881625175476,35.07,1
163.59151315689087,36.79,1
164.93167400360107,37.1,1
166.27363991737366,39.9,1
167.61322331428528,40.86,1
168.95338487625122,39.93,1
170.29477667808533,40.52,1
171.64920234680176,40.07,1
172.9816997051239,39.34,1
174.39983010292053,39.24,1
175.74153304100037,40.1,1
177.07978010177612,40.38,1
178.4236752986908,40.31,1
179.76160621643066,39.59,1
181.11870884895325,40.45,1
182.45997953414917,40.24,1
183.8611717224121,39.55,1
185.21552968025208,38.97,1
186.62571597099304,39.17,1
187.95791935920715,40.38,1
189.30521321296692,40.59,1
190.65448546409607,40.62,1
191.99335479736328,40.03,1
193.33174991607666,40.45,1
194.6864790916443,40.38,1
196.01840949058533,39.79,1
197.43815994262695,40.0,1
198.77675795555115,39.59,1
200.18397665023804,40.52,1
201.53907012939453,40.07,1
202.88163995742798,39.69,1
204.21788382530212,40.55,1
205.62640500068665,40.07,1
206.96679067611694,40.66,1
208.38960695266724,40.21,1
209.79984211921692,39.72,1
211.20977020263672,39.97,1
212.550794839859,39.48,1
213.9679627418518,40.48,1
215.3115634918213,40.07,1
216.72184133529663,39.55,1
218.1213641166687,40.79,1
219.54526567459106,40.21,1
220.8890471458435,39.66,1
222.30096650123596,40.69,1
223.642680644989,40.24,1
224.9757583141327,39.86,1
226.32822680473328,39.17,1
227.73783016204834,40.62,1
229.1496078968048,40.24,1
230.56534838676453,39.72,1
231.90941429138184,40.76,1
233.24054765701294,40.52,1
234.66140365600586,39.97,1
236.00797533988953,39.45,1
237.34331369400024,40.76,1
238.76326322555542,40.28,1
240.17286729812622,40.76,1
241.58279037475586,40.38,1
242.92068886756897,39.66,1
244.33773612976074,40.76,1
245.68154335021973,40.31,1
247.08874821662903,39.79,1
248.50829768180847,40.76,1
249.91064381599426,40.45,1
251.32686114311218,39.86,1
252.7347812652588,40.76,1
254.13891863822937,40.28,1
255.5567398071289,39.62,1
256.8955829143524,39.1,1
258.3152365684509,39.55,1
259.7188529968262,38.72,1
261.1406681537628,39.31,1
262.5451912879944,38.76,1
263.95122146606445,39.41,1
265.3693861961365,40.62,1
266.77234625816345,40.28,1
268.18892788887024,39.66,1
269.60844802856445,40.72,1
271.0224747657776,40.28,1
272.42358326911926,39.62,1
273.8463177680969,40.79,1
275.26057982444763,40.38,1
276.65960454940796,39.69,1
278.07787895202637,39.14,1
279.4910886287689,39.55,1
280.8938150405884,40.62,1
288.19592928886414,1.14,0
289.5084366798401,1.0,0
290.8292827606201,1.03,0
292.1401357650757,1.0,0
293.4475920200348,0.9,0
294.77066230773926,0.97,0
296.1144347190857,1.03,0
297.43033027648926,1.0,0
302.0180983543396,1.59,1
303.4392423629761,1.83,1
304.84793305397034,3.03,1
306.2670006752014,5.62,1
307.6697633266449,8.97,1
309.0888514518738,12.93,1
310.49151706695557,17.52,1
311.9184100627899,22.55,1
313.32481598854065,27.83,1
314.73023676872253,33.31,1
316.15285634994507,38.17,1
317.55835795402527,42.86,1
318.978444814682,46.69,1
320.3838393688202,50.07,1
321.7309658527374,53.07,1
323.07123708724976,55.24,1
324.4154305458069,56.93,1
325.7586102485657,58.1,1
327.1706335544586,58.93,1
328.5792851448059,59.1,1
329.92120909690857,59.03,1
331.3395822048187,58.41,1
332.6813745498657,57.9,1
334.08675813674927,56.76,1
335.42898321151733,55.66,1
336.8414294719696,53.66,1
338.18323588371277,51.9,1
339.60433411598206,49.14,1
341.01439023017883,46.62,1
342.4290063381195,44.24,1
343.83692622184753,41.97,1
345.249253988266,39.86,1
346.58825516700745,38.0,1
348.0062327384949,36.1,1
349.33592343330383,34.41,1
350.7626497745514,32.76,1
352.1744589805603,32.14,1
353.57812428474426,31.69,1
354.9190945625305,31.62,1
356.3303875923157,31.62,1
357.68359184265137,31.55,1
359.09239077568054,31.62,1
360.4313168525696,31.97,1
361.8366394042969,32.41,1
363.192729473114,32.93,1
364.6053376197815,33.76,1
366.0105791091919,34.48,1
367.3507513999939,35.34,1
368.70028853416443,36.14,1
370.04063963890076,37.03,1
371.3842878341675,38.07,1
372.7238280773163,38.93,1
374.0636212825775,39.83,1
375.4842600822449,40.38,1
376.899352312088,41.41,1
378.24098920822144,41.9,1
379.5837743282318,42.28,1
380.9882962703705,42.93,1
382.32782435417175,43.31,1
383.68178939819336,43.52,1
385.02120327949524,43.52,1
386.4291145801544,43.79,1
387.84936594963074,43.76,1
389.19201946258545,43.69,1
390.52994775772095,43.66,1
391.9337697029114,43.76,1
393.28038597106934,43.55,1
394.6927270889282,43.48,1
396.10220193862915,43.34,1
397.5173225402832,42.86,1
398.9370880126953,42.69,1
400.3396031856537,42.38,1
401.7498893737793,41.83,1
403.16813611984253,41.17,1
404.571932554245,40.83,1
405.98796224594116,40.34,1
407.39664483070374,39.93,1
408.81890845298767,39.72,1
410.22727489471436,39.38,1
411.6275975704193,38.9,1
412.98486256599426,38.79,1
414.3859667778015,38.38,1
415.8105170726776,38.45,1
417.15322709083557,38.38,1
418.49192667007446,38.38,1
419.89400482177734,38.31,1
421.31464648246765,38.28,1
422.7171974182129,38.14,1
424.13711071014404,38.21,1
425.54595828056335,38.17,1
432.8441848754883,1.79,0
434.1601605415344,1.79,0
435.47644662857056,1.76,0
436.800124168396,1.76,0
438.138126373291,1.76,0
439.44850897789,1.76,0
440.75860929489136,1.72,0
442.0738139152527,1.72,0
443.28739190101624,1.72,0
444.496102809906,1.76,0
445.7089886665344,1.72,0
446.9154269695282,1.72,0
448.163596868515,1.76,0
449.377436876297,1.76,0
450.58683919906616,1.72,0
451.7998068332672,1.69,0
453.01103043556213,1.76,0
454.2092719078064,1.76,0
455.4188163280487,1.72,0
456.66770815849304,1.72,0
457.8859589099884,1.69,0
