1.1047999858856201,8.28
2.316819190979004,8.24
3.5558292865753174,8.21
4.7529213428497314,8.21
5.9581029415130615,8.24
10.53313136100769,8.21
11.946160078048706,8.28
13.359743118286133,9.28
14.760050058364868,12.14
16.184919595718384,17.14
17.59191608428955,24.83
18.99510431289673,35.66
20.34888243675232,47.93
21.767693996429443,62.0
23.10784339904785,75.17
24.51849055290222,89.55
25.920093536376953,103.79
27.332159757614136,117.31
28.757149696350098,129.86
30.160796403884888,140.83
31.57400894165039,149.97
32.98093366622925,156.86
34.39504671096802,161.52
35.80773043632507,163.66
37.21868395805359,163.86
38.626959800720215,162.45
40.03730845451355,158.86
41.459399700164795,154.17
42.87352991104126,148.31
44.27394390106201,141.9
45.68807625770569,135.21
47.0997474193573,128.31
48.51637887954712,122.34
49.93145132064819,116.66
51.33126425743103,111.62
52.745033740997314,107.38
54.16353106498718,104.31
55.576550006866455,102.1
56.987345695495605,100.83
58.39513063430786,100.28
59.80926966667175,101.0
61.22026777267456,102.45
62.624924421310425,104.34
64.04420971870422,107.41
65.45227265357971,110.41
66.86380386352539,113.38
68.20607733726501,116.31
69.62397241592407,119.66
71.03986525535583,122.31
72.44313263893127,124.79
73.86582708358765,126.28
75.27743673324585,127.52
76.67829656600952,128.07
78.08888602256775,128.34
79.50207996368408,128.41
86.87408924102783,8.03
88.19650864601135,8.07
89.51288294792175,8.17
90.8453905582428,8.1
