1.1125879287719727,0.66
2.3433265686035156,0.76
3.5552756786346436,0.72
4.750717878341675,0.79
5.961482048034668,0.9
10.522029638290405,0.69
11.874903678894043,1.59
13.287777423858643,2.55
14.701741695404053,5.79
16.108102321624756,9.52
17.450632333755493,13.86
18.801443099975586,18.28
20.136879205703735,23.17
21.48751139640808,28.07
22.894408464431763,33.69
24.308661222457886,39.0
25.72560143470764,44.0
27.136572122573853,48.83
28.542078018188477,53.03
29.948451280593872,57.38
31.374715566635132,61.14
32.785135984420776,64.38
34.12358093261719,67.03
35.53925013542175,69.59
36.93807411193848,71.79
38.358598470687866,73.52
39.76215934753418,74.41
41.11804151535034,75.03
42.526267766952515,75.21
43.871936082839966,74.79
45.211788177490234,74.34
46.61721086502075,73.21
47.96712327003479,72.03
49.380786418914795,70.45
50.724971532821655,68.14
52.12599563598633,66.03
53.53673243522644,63.72
54.950364112854004,61.86
56.368433475494385,59.76
57.77926850318909,57.93
59.19050598144531,56.17
60.60565996170044,54.31
62.00701284408569,52.72
63.41805696487427,51.0
64.8305492401123,49.45
66.18316411972046,47.86
67.52175903320312,46.31
68.93537855148315,44.86
70.34025382995605,43.55
71.68692874908447,42.07
73.10470294952393,41.41
74.44736289978027,41.14
75.79065370559692,40.79
77.13404154777527,40.66
78.53655409812927,40.59
79.95566987991333,40.72
81.36841535568237,41.03
82.78139686584473,41.31
84.17821478843689,42.03
85.53081822395325,42.86
86.94176459312439,43.52
88.34525394439697,44.52
89.75486850738525,45.41
91.16816139221191,46.62
92.57899475097656,47.55
93.93188238143921,48.48
95.33918952941895,49.41
96.75018954277039,50.38
98.16345381736755,51.21
99.57302594184875,52.03
100.98488783836365,52.66
102.39845252037048,53.24
103.81457281112671,53.86
105.21474862098694,54.07
106.62466955184937,54.34
108.04969573020935,54.62
109.39193630218506,54.62
110.79384589195251,54.59
112.20458626747131,54.52
113.61731123924255,54.59
115.03004908561707,54.45
116.4443085193634,54.52
117.85832643508911,54.17
119.2695107460022,53.93
120.67783308029175,53.55
122.09355783462524,53.07
123.50121212005615,52.62
124.92024564743042,52.07
126.32855200767517,51.48
127.72972202301025,51.1
129.145512342453,50.72
130.5621371269226,50.28
131.91016840934753,50.0
139.2066946029663,0.93
140.51888942718506,0.9
141.8673460483551,0.83
143.1788787841797,0.83
144.4999463558197,0.83
145.81626391410828,0.9
147.1350486278534,0.83
148.44781303405762,0.66
149.76083850860596,0.76
151.11745285987854,0.66
152.4381229877472,0.79
153.7518756389618,0.76
155.07034730911255,0.72
156.386244058609,0.76
157.70052886009216,0.69
159.02270817756653,0.72
