1.1102447509765625,8.52
2.354724884033203,8.45
3.563035488128662,8.45
4.76268196105957,8.41
5.9781317710876465,8.38
10.548728227615356,8.45
11.960644721984863,8.34
13.372168779373169,10.55
14.774430751800537,13.34
16.188250303268433,16.9
17.54228687286377,20.66
18.886321544647217,24.69
20.224956035614014,28.72
21.64048719406128,32.83
23.052375316619873,37.03
24.39465022087097,40.69
25.73953366279602,44.28
27.1448073387146,47.48
28.56023669242859,50.52
29.965004682540894,53.31
31.38000202178955,55.66
32.790658950805664,57.59
34.137919664382935,59.45
35.47794270515442,60.59
36.823967695236206,61.69
38.23332118988037,62.34
39.57947254180908,62.72
40.98509907722473,62.86
42.33065915107727,62.83
43.73704385757446,62.55
45.081958055496216,62.45
46.49380016326904,62.0
47.845781326293945,61.38
49.24581527709961,60.34
50.65737748146057,59.52
52.075114727020264,58.24
53.416117429733276,57.03
54.763671875,55.9
56.17553734779358,54.72
57.519091844558716,53.52
58.92974495887756,52.31
60.33050465583801,51.1
61.745028495788574,50.17
63.16232371330261,49.03
64.57633185386658,48.28
65.9176561832428,47.41
67.2558388710022,46.97
68.5987823009491,46.55
69.94221901893616,46.21
71.35407209396362,45.93
72.70430374145508,45.62
74.04278779029846,45.55
75.38147044181824,45.59
76.7296495437622,45.48
78.14335894584656,45.45
79.47808647155762,45.41
80.82430410385132,45.55
82.22474408149719,45.69
83.57879114151001,45.86
84.92664051055908,46.03
86.26630401611328,46.34
87.61224460601807,46.83
88.9565680027008,47.0
90.35477066040039,47.24
91.7058367729187,48.0
93.11949396133423,48.31
94.45894956588745,48.79
95.86888122558594,49.14
97.27826571464539,49.62
98.68877267837524,49.72
100.09866833686829,50.24
101.51932859420776,50.45
102.93178915977478,50.97
104.34342908859253,51.14
105.75486755371094,51.34
107.16858124732971,51.62
108.56759238243103,51.45
109.9785327911377,51.38
111.4034309387207,51.14
112.80830216407776,51.38
114.2187569141388,51.28
115.56996870040894,51.21
116.98129606246948,51.07
118.38915395736694,50.97
119.80210018157959,50.93
121.21292090415955,50.86
122.62405037879944,50.72
124.03400564193726,50.55
125.44881677627563,50.59
126.86194062232971,50.59
128.20619297027588,50.41
129.54870438575745,50.21
130.95563888549805,50.14
132.36383962631226,50.17
133.78029465675354,50.21
135.19623041152954,49.86
142.55193090438843,8.38
143.86766505241394,8.31
145.18373942375183,8.31
146.50432181358337,8.34
147.81574726104736,8.34
149.12962698936462,8.34
150.43568348884583,8.45
151.79083847999573,8.41
153.09516954421997,8.34
154.40700387954712,8.31
155.71405386924744,8.38
157.02470922470093,8.48
158.3411819934845,8.45
159.66594767570496,8.41
160.9628496170044,8.38
162.30210185050964,8.41
166.86021852493286,1.48
168.2753450870514,1.41
169.61647415161133,13.52
170.96222805976868,22.45
172.3040065765381,27.03
173.6504967212677,30.21
174.99428868293762,32.79
176.40648007392883,35.97
177.82587432861328,36.45
179.16211223602295,36.66
180.50723910331726,37.14
181.85198950767517,36.97
183.19319105148315,36.83
184.60509133338928,38.41
185.9519546031952,39.24
187.29672265052795,38.9
188.70628666877747,39.72
190.04401850700378,39.1
191.39103150367737,39.76
192.7348816394806,39.9
194.07979607582092,39.69
195.42000770568848,39.62
196.76312375068665,39.45
198.11014413833618,39.31
199.50959134101868,39.55
200.92633438110352,39.38
202.33995389938354,39.38
203.75234389305115,39.48
205.09423279762268,39.48
206.4409534931183,39.48
207.7778353691101,39.28
209.18447852134705,39.38
210.53497743606567,39.45
211.94306182861328,41.41
213.35574460029602,40.83
214.77285957336426,40.07
216.18508195877075,39.41
217.5837254524231,40.55
218.94033336639404,39.83
220.34932160377502,39.38
221.7467918395996,39.38
223.17131972312927,39.24
224.51377749443054,39.34
225.91485905647278,39.31
227.26601481437683,40.72
228.61513447761536,39.97
230.01747918128967,39.31
231.42762732505798,39.03
232.84161567687988,39.45
234.19055914878845,39.48
235.5937135219574,41.14
237.0083668231964,40.34
238.42502522468567,39.76
239.83428168296814,39.34
241.24928951263428,39.31
242.659161567688,41.45
244.0671570301056,40.83
245.48343229293823,40.24
246.89204263687134,39.52
248.30416798591614,41.14
255.59442973136902,0.93
256.9415531158447,0.97
258.2532832622528,1.1
259.5655896663666,0.9
260.8765230178833,0.93
262.1889328956604,0.97
263.4993803501129,1.03
264.8176727294922,1.07
266.12451338768005,0.97
267.4703085422516,0.97
268.7792375087738,0.93
270.08916759490967,1.0
271.40288043022156,0.97
272.7152855396271,0.97
274.03401494026184,0.93
275.34860467910767,1.0
279.95133543014526,268.17
281.36220622062683,346.38
282.76730847358704,359.38
284.1828923225403,297.97
285.58122420310974,235.72
286.9948732852936,182.69
288.412389755249,142.17
289.82643246650696,110.45
297.1928782463074,-2.07
298.5192024707794,-2.07
299.83360838890076,-2.07
301.1611201763153,-2.03
302.47925639152527,-2.03
303.7985429763794,-2.1
305.11448097229004,-2.07
306.47166681289673,-2.0
311.05634212493896,1.72
312.4675979614258,22.14
313.8827781677246,45.55
315.29443526268005,61.1
316.6994802951813,70.79
318.1137466430664,78.07
319.5235803127289,82.79
320.94246530532837,87.03
322.289363861084,89.9
323.68807792663574,91.83
325.10293412208557,93.72
326.51834440231323,96.1
327.8629775047302,96.69
329.2080502510071,96.83
330.6170508861542,99.03
332.0278880596161,99.38
333.44292092323303,99.59
334.8521976470947,99.41
336.2684850692749,99.31
337.679673910141,99.28
339.02237582206726,99.24
340.3663659095764,99.14
341.76884865760803,99.14
343.1795587539673,99.31
344.5310733318329,100.48
345.9443197250366,99.93
347.3427641391754,100.1
348.7551078796387,99.41
350.1093809604645,99.03
351.5132522583008,99.31
352.9250400066376,99.03
360.29888701438904,1.52
361.61406540870667,1.48
362.92800211906433,1.59
364.2335031032562,1.59
365.5502378940582,1.62
366.86017751693726,1.62
368.16925716400146,1.59
369.47885155677795,1.59
