1.107767105102539,-2.1
2.3437693119049072,-2.0
3.5577704906463623,-2.03
4.76164984703064,-2.1
9.343427896499634,73.97
10.754688024520874,72.72
12.157715082168579,66.03
13.571492910385132,61.76
14.98242449760437,59.17
16.399544715881348,58.24
17.734273672103882,57.62
19.080487728118896,57.76
20.428574085235596,57.48
21.836798906326294,56.97
23.25085186958313,57.34
24.60118556022644,56.97
26.01150417327881,56.97
27.42163062095642,57.28
28.762120723724365,56.83
30.16993737220764,55.86
37.480437994003296,-3.07
38.792075395584106,-3.03
40.10048532485962,-2.97
41.41147494316101,-2.93
42.70714259147644,-2.83
44.06350922584534,-2.76
45.35985064506531,-2.72
46.66707253456116,-2.59
51.24231672286987,73.69
52.665562868118286,71.48
54.082125186920166,65.41
55.49508738517761,60.79
56.89846444129944,58.52
58.308434009552,57.69
59.72644114494324,57.24
61.13830018043518,57.21
62.55780100822449,56.83
63.960304498672485,56.66
65.29844284057617,56.83
66.72509574890137,57.03
68.13411140441895,56.86
