3.1071457862854004,4.76
6.355525255203247,4.79
9.57668399810791,4.83
12.79474401473999,4.83
19.381915807724,0.69
22.864097356796265,0.66
26.415136098861694,0.52
29.962348699569702,0.72
33.51484251022339,18.34
37.05267596244812,21.79
40.545193672180176,24.28
44.08286118507385,25.79
47.63028359413147,26.52
51.19133448600769,26.76
54.730173110961914,26.48
58.28256702423096,28.1
61.844423055648804,28.1
65.39326071739197,28.1
68.94137358665466,29.45
72.49057340621948,29.38
76.04193258285522,29.31
79.59268450737,28.97
83.1434338092804,29.14
86.682452917099,29.41
90.2346179485321,28.93
93.78966879844666,29.03
97.33000612258911,29.0
100.88922905921936,29.24
104.42616868019104,29.48
107.9901852607727,30.03
111.5409185886383,30.07
115.09341096878052,29.76
118.64197731018066,29.66
122.18994975090027,29.62
125.73922801017761,29.72
