1.0999681949615479,-2.07,0
2.3466479778289795,-2.07,0
3.5566184520721436,-2.07,0
4.756126165390015,-2.0,0
5.949540615081787,-2.03,0
7.169514417648315,-2.17,0
11.752524852752686,-2.1,1
13.17338228225708,-2.03,1
14.586334466934204,-2.1,1
15.999320030212402,-2.03,1
17.41229009628296,-2.03,1
18.826728105545044,-2.1,1
20.237921237945557,-2.03,1
21.645028352737427,-2.03,1
23.05562472343445,-2.07,1
24.469754219055176,-2.03,1
25.877329111099243,-2.0,1
27.287291765213013,-2.0,1
28.712467670440674,-2.0,1
30.124422550201416,-2.1,1
31.525986671447754,-2.07,1
32.93684220314026,-1.97,1
34.3531756401062,-2.03,1
35.703980922698975,-2.1,1
37.115697383880615,-2.0,1
38.52960753440857,-2.03,1
