1.1089682579040527,2.1,0
2.343282461166382,2.31,0
3.5482969284057617,2.17,0
4.743327617645264,2.21,0
5.945357084274292,2.17,0
7.148832082748413,2.14,0
8.349959373474121,2.66,0
9.557725191116333,-1.72,0
14.140982389450073,17.41,1
15.567681074142456,9.69,1
16.980412483215332,16.79,1
18.39393925666809,23.17,1
19.733070373535156,27.93,1
21.07466220855713,29.03,1
22.41821789741516,29.86,1
23.763365268707275,28.83,1
25.177335023880005,29.76,1
26.583893537521362,28.66,1
28.007368087768555,29.45,1
29.419434309005737,24.59,1
30.824305772781372,27.62,1
32.23982119560242,26.9,1
33.64302468299866,30.69,1
34.986716985702515,30.52,1
36.397836685180664,31.62,1
37.82468628883362,32.86,1
39.233137130737305,34.93,1
40.6481659412384,33.59,1
42.0632164478302,32.41,1
43.47625184059143,30.79,1
44.882657289505005,29.31,1
46.22855830192566,28.03,1
47.57410645484924,31.69,1
48.97822976112366,31.03,1
50.39735722541809,29.52,1
51.80676817893982,28.17,1
53.211261510849,31.97,1
54.63262605667114,31.07,1
56.034255504608154,36.93,1
57.45652723312378,31.72,1
58.8710150718689,31.07,1
60.26965093612671,29.55,1
61.690712451934814,28.31,1
63.09598398208618,30.59,1
64.51870369911194,29.55,1
65.93377542495728,31.24,1
67.27457976341248,30.62,1
68.61786651611328,29.24,1
70.0245213508606,29.69,1
71.37491655349731,31.03,1
72.78167295455933,30.38,1
74.12563872337341,29.17,1
75.4740514755249,29.41,1
76.80377197265625,30.69,1
78.22850346565247,29.9,1
79.56938862800598,30.79,1
80.96941828727722,30.03,1
82.38536834716797,30.9,1
83.80251264572144,29.83,1
85.21032238006592,29.93,1
86.62784266471863,31.24,1
88.02961206436157,29.97,1
89.37794280052185,30.86,1
90.79673528671265,30.1,1
92.21101880073547,25.72,1
93.54496765136719,46.38,1
94.88962292671204,44.72,1
96.31190800666809,37.34,1
97.64295887947083,35.48,1
99.05624580383301,31.41,1
100.40695095062256,29.86,1
101.81915760040283,28.86,1
103.22816705703735,29.24,1
104.56684303283691,29.0,1
105.97666025161743,28.83,1
107.33175563812256,29.14,1
108.73410439491272,29.07,1
110.1427595615387,29.07,1
111.56719088554382,30.9,1
112.98196148872375,29.52,1
114.3939437866211,32.62,1
115.79657697677612,32.07,1
117.2132568359375,30.55,1
118.55918407440186,29.38,1
119.9775378704071,28.83,1
121.31679630279541,28.86,1
122.72192692756653,28.76,1
124.07058382034302,28.97,1
125.48389768600464,29.34,1
126.88828897476196,32.21,1
128.30070233345032,31.69,1
129.65526723861694,30.07,1
131.06281423568726,27.28,1
132.47552132606506,30.14,1
133.88301730155945,30.03,1
135.2947976589203,32.0,1
136.70789861679077,31.24,1
138.12795329093933,29.72,1
139.5415780544281,28.38,1
140.9427297115326,31.41,1
142.36777138710022,30.79,1
143.77405309677124,29.38,1
145.18634510040283,28.1,1
146.59883785247803,28.34,1
148.0189597606659,29.1,1
149.4342451095581,31.76,1
150.84539031982422,30.66,1
152.25229215621948,29.38,1
153.66650223731995,31.52,1
155.0793879032135,30.86,1
156.49255394935608,29.55,1
157.89115834236145,28.34,1
159.31560921669006,29.72,1
160.65912461280823,32.0,1
161.99010396003723,31.21,1
163.33501505851746,30.0,1
164.7493553161621,28.76,1
166.09056615829468,30.14,1
167.4325020313263,28.9,1
168.7853593826294,29.86,1
170.1984782218933,28.45,1
171.5335991382599,29.28,1
172.94110679626465,31.93,1
174.28840446472168,31.28,1
175.70954537391663,29.97,1
177.12200045585632,28.76,1
178.4628574848175,31.72,1
179.80156922340393,31.07,1
181.21832966804504,29.76,1
182.56455969810486,28.66,1
183.90165519714355,28.24,1
185.23934602737427,29.55,1
186.58434748649597,28.79,1
187.99568915367126,32.31,1
189.34564781188965,31.69,1
190.68132519721985,30.31,1
192.10110068321228,29.03,1
193.4476237297058,28.59,1
194.84719491004944,30.14,1
202.15797019004822,-1.59,0
203.4754364490509,-1.45,0
204.8063097000122,-1.55,0
206.10392379760742,-1.52,0
207.41397047042847,-1.59,0
208.71825408935547,-1.55,0
210.0363793373108,-1.48,0
211.33216547966003,-1.55,0
215.92119717597961,49.76,1
217.2655827999115,31.28,1
218.67801141738892,40.41,1
220.08837032318115,51.24,1
221.44198608398438,55.07,1
222.77387881278992,62.86,1
224.12562370300293,47.9,1
225.52698183059692,50.93,1
226.8686273097992,46.55,1
228.21280097961426,54.97,1
229.6270935535431,60.93,1
231.04114890098572,45.41,1
232.3884835243225,54.07,1
233.7904760837555,59.97,1
235.21682906150818,65.17,1
236.6225757598877,60.0,1
237.95837473869324,40.9,1
239.37110996246338,50.52,1
240.78381872177124,56.66,1
242.19303584098816,54.66,1
243.60192251205444,60.41,1
245.01614451408386,69.86,1
246.43754625320435,74.24,1
247.8536877632141,9.76,1
249.2628936767578,-1.62,1
250.676114320755,-1.31,1
252.07782220840454,-1.38,1
253.49315786361694,-1.28,1
254.91443800926208,-1.24,1
256.3264045715332,-1.17,1
257.7349877357483,803.31,1
259.14528727531433,422.76,1
260.54857563972473,174.55,1
261.96377396583557,150.79,1
263.3766405582428,229.59,1
264.79864954948425,184.76,1
266.1996488571167,143.72,1
267.61356019973755,112.45,1
268.95270824432373,93.1,1
270.3705735206604,78.52,1
271.7848234176636,71.03,1
273.19499039649963,66.28,1
274.6032648086548,65.07,1
276.02535486221313,61.9,1
277.4259910583496,60.83,1
278.8386900424957,60.45,1
280.1876995563507,60.17,1
281.6053605079651,59.66,1
283.0152015686035,59.55,1
284.4235906600952,59.14,1
285.8331079483032,58.9,1
287.2444472312927,60.55,1
294.5400674343109,-2.45,0
295.8725116252899,-2.34,0
297.18537068367004,-2.17,0
298.5419228076935,-2.0,0
299.85663628578186,-1.83,0
301.18307757377625,-1.79,0
302.5012049674988,-1.76,0
303.8200385570526,-1.69,0
308.4231114387512,28.69,1
309.8342869281769,40.14,1
311.2503685951233,62.52,1
312.6614692211151,75.41,1
314.0715789794922,81.97,1
315.48318362236023,86.55,1
316.8958559036255,88.03,1
318.31690430641174,88.38,1
319.64829111099243,88.14,1
321.0612246990204,88.28,1
322.4730637073517,88.52,1
323.82759380340576,87.97,1
325.16517877578735,88.48,1
326.5699863433838,88.03,1
327.9222881793976,91.21,1
329.25824093818665,89.41,1
330.6123242378235,91.24,1
331.94874906539917,88.93,1
333.3669204711914,88.52,1
334.6974558830261,88.21,1
336.0503430366516,88.38,1
337.45395255088806,91.45,1
338.8091926574707,89.17,1
340.1514129638672,91.34,1
341.4919195175171,88.86,1
342.8258693218231,91.52,1
344.16775584220886,88.48,1
345.588876247406,87.83,1
346.9347674846649,88.0,1
348.27218532562256,90.38,1
349.6155390739441,88.76,1
351.0221748352051,88.1,1
352.37666368484497,90.55,1
353.7177882194519,89.14,1
355.05381083488464,90.93,1
356.46142387390137,88.72,1
357.80922985076904,88.07,1
359.1547882556915,88.03,1
360.49288272857666,90.66,1
361.91490602493286,88.76,1
363.2498803138733,87.97,1
364.66008973121643,90.59,1
366.0756142139435,88.62,1
367.4821307659149,90.79,1
368.8306655883789,88.83,1
370.24818444252014,91.0,1
371.6571047306061,91.48,1
373.06534481048584,89.1,1
380.3766071796417,2.0,0
381.67448449134827,2.0,0
382.9875626564026,2.0,0
384.34151577949524,1.93,0
385.64569091796875,2.07,0
386.95461344718933,2.03,0
388.26170682907104,2.0,0
389.57354497909546,2.07,0
394.16407227516174,47.28,1
395.58221912384033,92.1,1
396.99441933631897,124.14,1
398.4014039039612,151.55,1
399.8159122467041,173.83,1
401.22685265541077,190.93,1
402.63305473327637,201.62,1
404.0500330924988,207.24,1
405.39408445358276,207.93,1
406.7985486984253,204.93,1
408.2089989185333,197.48,1
409.6234128475189,185.59,1
411.0318429470062,176.38,1
412.44554829597473,167.45,1
413.8542482852936,158.93,1
415.2659673690796,151.34,1
416.68090415000916,144.59,1
418.09261989593506,137.17,1
419.50240778923035,130.38,1
420.91038370132446,124.38,1
422.3231213092804,118.14,1
423.7378921508789,112.9,1
425.1486248970032,107.55,1
426.5528395175934,102.48,1
427.97356963157654,97.9,1
429.37852454185486,93.48,1
430.7295515537262,89.17,1
432.13547801971436,84.83,1
439.44307708740234,3.52,0
440.7483539581299,3.38,0
442.0670359134674,3.45,0
443.38576221466064,3.52,0
444.7350697517395,3.55,0
446.0550661087036,3.52,0
447.36661672592163,3.52,0
448.69105076789856,3.48,0
449.8907849788666,3.34,0
451.10236072540283,3.55,0
452.31588983535767,3.55,0
453.5765788555145,3.52,0
454.7702696323395,3.48,0
455.99647521972656,3.48,0
457.1892020702362,3.38,0
458.41669178009033,3.45,0
459.62910771369934,3.41,0
460.8403036594391,3.52,0
462.1011519432068,3.45,0
463.30961322784424,3.59,0
464.51964473724365,3.52,0
465.71513056755066,3.52,0
466.9443106651306,3.59,0
468.15527415275574,3.52,0
469.3628194332123,3.55,0
470.57314467430115,3.48,0
471.8326597213745,3.41,0
473.05761647224426,3.55,0
474.2625479698181,3.45,0
475.47963976860046,3.38,0
476.69364619255066,3.38,0
477.9049255847931,3.45,0
479.1158194541931,3.45,0
480.36985898017883,3.48,0
481.59000968933105,3.48,0
482.8260383605957,3.52,0
484.0490539073944,3.41,0
485.2685363292694,3.45,0
486.5126163959503,3.55,0
487.7571711540222,3.48,0
489.0163040161133,3.38,0
490.23524022102356,3.48,0
491.46126985549927,3.52,0
492.6783080101013,3.48,0
493.899099111557,3.45,0
495.11600136756897,3.48,0
496.33003401756287,3.48,0
497.5497612953186,3.38,0
498.81714844703674,3.38,0
500.017263174057,3.52,0
501.242977142334,3.52,0
502.4516568183899,3.48,0
503.66381669044495,3.48,0
504.90060472488403,3.45,0
506.12466263771057,3.45,0
507.3757710456848,3.59,0
508.59280371665955,3.45,0
509.8141164779663,3.59,0
511.0348403453827,3.55,0
512.2656416893005,3.48,0
513.4842231273651,3.52,0
514.7019579410553,3.52,0
515.9530956745148,3.59,0
517.1719732284546,3.55,0
518.4149594306946,3.55,0
519.6146068572998,3.59,0
520.8513653278351,3.66,0
522.0706140995026,3.59,0
523.2814300060272,3.62,0
524.5144047737122,3.55,0
525.7680487632751,3.59,0
526.9839420318604,3.55,0
528.2004370689392,3.55,0
529.4193847179413,3.55,0
530.6309773921967,3.62,0
531.8480987548828,3.52,0
533.0680205821991,3.59,0
534.3149490356445,3.55,0
535.5339059829712,3.55,0
536.758266210556,3.59,0
538.0569753646851,3.69,0
539.2837409973145,3.62,0
