1.1019775867462158,-1.52,0
2.349876642227173,-1.48,0
3.563786745071411,-1.55,0
4.777487754821777,-1.52,0
5.982275485992432,-1.38,0
7.20680832862854,-1.41,0
8.419547319412231,-1.41,0
9.62844443321228,-1.45,0
12.846987009048462,-1.45,0
14.091016292572021,-1.45,0
15.301621198654175,-1.48,0
16.516846895217896,-1.45,0
17.735241413116455,-1.48,0
18.946044445037842,-1.41,0
20.15124750137329,-1.48,0
21.364205598831177,-1.38,0
22.576231956481934,-1.45,0
23.82089900970459,-1.48,0
25.034698724746704,-1.52,0
26.248740434646606,-1.45,0
29.47717308998108,-0.52,0
32.69255042076111,50.17,0
33.87902212142944,59.62,0
35.09315085411072,67.69,0
36.29080057144165,75.03,0
37.533995628356934,81.69,0
38.73837399482727,87.31,0
39.941640853881836,92.9,0
41.14534640312195,97.55,0
45.73300743103027,2.62,1
47.086716413497925,-4.07,1
48.49776577949524,-7.31,1
49.91131663322449,-7.76,1
51.31073498725891,3.72,1
52.72576880455017,11.62,1
54.145501136779785,18.72,1
55.486467599868774,23.14,1
56.89180850982666,27.14,1
58.31213068962097,29.86,1
59.72837543487549,31.83,1
61.138185262680054,33.79,1
62.55713987350464,36.38,1
63.96097731590271,37.97,1
65.30700349807739,38.21,1
66.64722633361816,38.21,1
68.05541825294495,38.59,1
69.40186905860901,38.52,1
70.822194814682,39.55,1
72.23656988143921,39.76,1
73.57835364341736,39.76,1
74.9888174533844,39.9,1
76.33249258995056,34.93,1
77.67593574523926,35.31,1
79.07198286056519,36.03,1
80.41610789299011,36.79,1
81.76710867881775,37.14,1
83.17918157577515,38.62,1
84.5964765548706,39.24,1
86.00751495361328,39.76,1
87.41879844665527,39.97,1
88.8175756931305,40.55,1
90.23484969139099,40.45,1
91.64885878562927,40.76,1
93.05605554580688,40.86,1
94.47338628768921,40.93,1
95.89093470573425,40.62,1
97.22481322288513,40.41,1
98.64641666412354,40.03,1
99.98402190208435,39.72,1
101.39885377883911,39.41,1
102.80314064025879,39.48,1
104.2206654548645,40.0,1
105.63206696510315,39.9,1
107.03946232795715,40.38,1
108.45082902908325,40.14,1
115.76794409751892,1.41,0
117.08362007141113,1.38,0
118.40393829345703,1.28,0
119.7127377986908,1.28,0
121.06345105171204,1.24,0
122.38567304611206,1.17,0
123.71166157722473,1.14,0
125.0293321609497,1.21,0
126.34660315513611,1.14,0
127.66071152687073,1.14,0
128.98952627182007,1.17,0
130.31033492088318,1.1,0
131.65514302253723,1.14,0
132.9637806415558,1.07,0
134.2712905406952,1.07,0
135.58454775810242,1.14,0
140.1673502922058,136.0,1
141.5878393650055,184.59,1
142.99708819389343,199.17,1
144.41701245307922,207.07,1
145.82235503196716,210.72,1
147.23282742500305,203.97,1
148.63913941383362,182.1,1
150.05732655525208,163.31,1
151.46208548545837,143.9,1
152.88766288757324,126.86,1
154.2930200099945,112.76,1
161.67674016952515,-10.14,0
162.98660349845886,-10.31,0
164.2980260848999,-10.38,0
165.6049439907074,-10.31,0
166.93264770507812,-10.52,0
