3.1103909015655518,-1.83
6.353911399841309,-1.76
9.574386835098267,-1.9
12.794913053512573,-1.83
15.994455575942993,-1.86
20.78464937210083,-3.21
24.26799440383911,-3.07
27.819989681243896,-3.1
31.37101936340332,-2.97
34.90726613998413,-2.9
38.39490532875061,-2.9
41.95118999481201,-3.07
45.48803734779358,-2.52
49.03656625747681,-2.55
52.58386850357056,-2.28
56.139838218688965,-2.21
59.69334268569946,-2.24
63.24694776535034,-2.17
66.79028582572937,-2.1
70.33141589164734,-2.17
73.82737731933594,-2.1
77.30331039428711,-1.9
80.77997398376465,-2.07
