1.1213603019714355,-1.66
2.356248617172241,-1.72
3.569523334503174,-1.72
4.768366575241089,-1.79
7.531398773193359,2.14
8.944452047348022,2.45
10.370871305465698,17.45
11.712638854980469,13.31
13.118545770645142,12.0
14.527324914932251,10.52
15.950032472610474,12.41
17.3482084274292,12.07
18.774351119995117,17.07
20.105345249176025,8.76
21.522478103637695,7.48
22.8742458820343,21.03
24.214986562728882,11.59
25.624380350112915,15.72
27.028367280960083,8.17
28.378821849822998,21.9
29.798732042312622,11.66
31.20221471786499,11.59
32.62191128730774,10.55
34.018232107162476,7.52
35.4411084651947,21.97
36.84550929069519,11.86
38.19196319580078,18.69
39.60636353492737,9.72
