1.119614839553833,0.17
2.3232016563415527,0.17
3.5492148399353027,0.14
4.751237154006958,0.28
9.33420991897583,25.48
10.678353786468506,38.97
12.091987133026123,31.17
13.505300521850586,29.76
14.918439865112305,28.38
16.33207392692566,27.62
17.743494987487793,28.03
19.087531089782715,28.0
20.500563144683838,24.28
21.8440580368042,25.83
23.244277477264404,27.41
24.668518543243408,27.62
26.071709632873535,31.0
27.48706579208374,27.38
28.831006288528442,43.0
30.25015687942505,39.41
31.656420707702637,37.07
33.072847843170166,37.45
34.41873478889465,41.28
35.7551646232605,41.07
37.16210222244263,40.83
38.58422613143921,41.34
39.918617963790894,40.86
41.27051782608032,40.03
42.68451714515686,41.0
44.028162479400635,40.34
45.371941804885864,40.97
46.709927558898926,39.9
48.120076417922974,40.62
49.47131705284119,-1100.0
50.88090491294861,100.28
52.30241942405701,105.76
53.71061682701111,41.55
55.12388896942139,41.62
56.52385926246643,40.72
63.83573365211487,1.76
65.18389129638672,1.48
66.48197650909424,1.24
67.79910898208618,1.21
69.09648609161377,1.1
70.41098976135254,1.17
71.71758675575256,1.1
73.02802515029907,1.1
74.22827887535095,1.1
75.47006487846375,1.07
76.6711905002594,1.03
77.87815880775452,1.03
79.09071087837219,1.1
80.3047559261322,1.07
81.51475954055786,1.14
82.72080397605896,1.07
83.96681547164917,1.21
85.17148542404175,1.14
86.37243747711182,1.17
87.59265851974487,1.31
