1.1028790473937988,-1.97,0
2.3390564918518066,-2.03,0
3.5450656414031982,-2.03,0
4.746190309524536,-2.07,0
9.329264640808105,59.21,1
10.672712802886963,8.72,1
12.085766553878784,1.0,1
13.490467309951782,-1.21,1
14.90879487991333,-1.55,1
16.318626165390015,-1.69,1
17.65687656402588,-1.79,1
19.00033402442932,-1.79,1
20.354459762573242,-1.66,1
21.68922257423401,-1.76,1
23.031164169311523,-1.83,1
24.38457942008972,-1.69,1
25.723251819610596,-1.83,1
27.13951587677002,-1.9,1
28.55071258544922,-1.83,1
29.967137813568115,-1.86,1
31.369929552078247,-1.9,1
32.790263175964355,-1.9,1
34.19354820251465,-1.9,1
