1.099586009979248,-1.66
2.337082624435425,-1.66
3.5356552600860596,-1.66
4.736107349395752,-1.62
5.9318742752075195,-1.62
10.536695957183838,26.69
11.95333456993103,31.9
13.365393161773682,37.31
14.77753210067749,42.48
16.18125319480896,47.59
17.521520376205444,51.48
18.869282722473145,55.48
20.215320825576782,58.72
21.56429123878479,62.1
22.89522671699524,65.21
24.244399785995483,68.07
25.655125379562378,71.28
27.065582990646362,74.21
28.47812533378601,76.93
29.891721963882446,79.55
31.30398154258728,82.03
32.72852921485901,83.93
34.07277727127075,86.03
35.40736484527588,88.1
36.757052183151245,90.1
38.1616415977478,91.69
39.51121377944946,93.38
40.84658646583557,95.0
42.19946575164795,96.45
43.53180170059204,97.1
44.883870124816895,98.24
46.29586982727051,99.59
47.706210136413574,99.9
49.11843538284302,99.41
50.452107191085815,98.79
51.80249571800232,97.83
53.21540355682373,96.55
54.614869832992554,94.83
55.96626806259155,93.31
57.37614870071411,91.79
58.78684449195862,89.97
60.13175058364868,88.45
61.53575420379639,86.66
62.960344314575195,84.9
64.37382817268372,83.28
65.70493769645691,81.66
67.05283713340759,80.28
68.39968466758728,79.14
69.81096649169922,77.83
71.14798617362976,76.79
72.49605989456177,75.83
73.9070496559143,75.34
75.25624012947083,74.52
76.59011816978455,73.79
77.9384355545044,73.34
79.27076745033264,72.86
80.68712759017944,72.72
82.03486371040344,72.69
83.36840200424194,72.41
84.72652459144592,72.07
86.06894612312317,72.0
87.40591931343079,72.0
88.75588989257812,72.1
90.08518433570862,72.1
91.51249766349792,72.52
92.90915870666504,72.66
94.2583339214325,72.9
95.66928911209106,73.14
97.08416223526001,73.34
98.49603128433228,73.72
99.82869219779968,74.1
101.2420403957367,74.55
102.65938544273376,75.07
104.07071542739868,75.24
105.47938919067383,75.79
112.8017737865448,-1.9
114.10393691062927,-1.76
115.42767024040222,-1.79
116.73090434074402,-1.79
118.08173990249634,-1.72
119.39272928237915,-1.66
120.71042895317078,-1.72
122.02626705169678,-1.59
126.61815547943115,26.59
127.96625566482544,31.66
129.36686778068542,36.69
130.7798011302948,41.86
132.19434022903442,46.45
133.60658383369446,50.86
135.02573537826538,54.69
136.43748450279236,58.45
137.851056098938,61.66
139.26195120811462,65.21
140.67642521858215,68.28
142.08766746520996,71.41
143.49978709220886,74.38
144.91112327575684,77.0
146.32721853256226,79.55
147.66283559799194,81.79
149.07900476455688,84.41
150.49292969703674,86.62
151.90261793136597,88.62
153.31643533706665,90.1
