1.0993690490722656,8.48
2.3563320636749268,8.48
3.5690224170684814,8.45
4.776185512542725,8.48
5.978313207626343,8.48
7.187841415405273,8.52
8.395610094070435,8.45
12.990777015686035,3.31
14.337181091308594,3.24
15.750022888183594,18.76
17.163450956344604,33.59
18.504746913909912,46.24
19.843339681625366,58.59
21.256168842315674,73.76
22.673546075820923,89.97
24.0111403465271,102.55
25.429542064666748,109.9
26.844321250915527,114.55
28.24418878555298,116.34
29.65887761116028,120.66
31.069398880004883,121.62
32.48737406730652,117.86
33.83478569984436,121.31
35.2417676448822,117.83
36.582467555999756,116.86
38.00035285949707,117.1
39.39970135688782,117.38
40.81142282485962,121.31
42.22540235519409,117.48
43.63836884498596,121.38
44.97644281387329,117.79
46.39414143562317,121.41
47.806018590927124,121.66
49.222519397735596,122.0
50.625667095184326,118.0
52.039509534835815,121.41
53.44368124008179,121.62
54.86033058166504,122.07
56.27791714668274,117.69
57.68687152862549,121.69
59.10328769683838,121.93
60.510754346847534,118.41
61.92088174819946,121.83
63.33627367019653,118.45
64.73832559585571,121.59
66.15606904029846,118.41
67.5038115978241,121.34
68.83817505836487,122.48
70.25894927978516,118.48
71.65816020965576,122.38
73.01275396347046,122.76
74.35276508331299,122.76
75.76381254196167,118.31
77.17326021194458,117.79
78.5072922706604,122.03
79.93446469306946,118.66
81.33239316940308,118.03
88.63144731521606,3.34
89.95426082611084,3.45
91.25895285606384,3.41
92.57626128196716,3.45
93.87843942642212,3.52
95.1988172531128,3.45
96.50038003921509,3.38
97.8470447063446,3.48
102.44109678268433,3.41
103.85555028915405,3.38
105.27383756637573,3.45
106.68815875053406,5.0
108.10434365272522,16.38
109.50914216041565,24.48
110.91880965232849,27.24
112.33526515960693,32.45
113.74715209007263,38.24
115.16392040252686,39.72
116.57869029045105,39.83
117.99111771583557,39.86
119.40418863296509,39.69
120.81558299064636,39.59
122.22649836540222,39.34
123.63752794265747,39.14
125.04913401603699,38.97
126.44955825805664,38.9
127.86701321601868,42.72
129.27797651290894,43.93
130.6893789768219,40.03
132.10489583015442,43.14
133.5147008895874,43.86
134.92740988731384,39.83
136.3335039615631,43.03
137.7491853237152,43.38
139.16274285316467,43.59
140.57646870613098,43.62
141.9790005683899,43.62
143.39525079727173,43.48
144.7988772392273,43.55
146.2138295173645,43.62
147.63112902641296,39.86
149.04523849487305,38.72
150.45956945419312,41.83
151.861998796463,39.0
153.26844143867493,38.38
154.6933720111847,38.24
156.09552240371704,41.55
157.51250457763672,42.38
158.92297887802124,42.38
160.33667993545532,38.69
161.75184416770935,37.45
163.15196537971497,41.0
164.50048995018005,41.83
165.90985774993896,38.38
167.3260190486908,37.69
168.65857648849487,37.34
175.96244311332703,3.41
177.26410126686096,3.41
178.57943558692932,3.31
179.92495226860046,3.31
181.22941994667053,3.28
182.53285217285156,3.31
183.85487031936646,3.34
185.16285920143127,3.31
186.35652470588684,3.38
187.56451845169067,3.21
188.7724678516388,3.31
189.97455048561096,3.24
191.23020148277283,3.24
192.43807458877563,3.21
193.63384652137756,3.28
194.85820055007935,3.24
196.07004022598267,3.34
197.2826931476593,3.21
198.49038934707642,3.24
199.73106336593628,3.14
200.939462184906,3.24
202.1386411190033,3.34
203.36169838905334,3.21
204.57292342185974,3.24
205.78464603424072,3.21
206.993097782135,3.21
208.23229789733887,3.21
209.45435309410095,3.14
210.663836479187,3.21
211.8729383945465,3.17
213.09492659568787,3.28
214.30691695213318,3.31
215.5014853477478,3.28
216.72450852394104,3.31
