1.1230721473693848,-1.59
2.3293676376342773,-1.66
3.5700719356536865,-1.59
4.766612768173218,-1.62
9.357882022857666,1073.55
10.768289566040039,843.14
12.101646661758423,459.41
19.41879105567932,-0.24
20.732929706573486,0.38
22.06404995918274,-12.17
23.366576194763184,-11.66
24.66751766204834,-1.31
25.978379487991333,2.1
27.287760972976685,-7.72
28.58588695526123,-8.31
33.18635535240173,1065.34
34.535693883895874,974.38
35.94709396362305,524.86
43.25853610038757,-49.93
44.57524371147156,-8.24
45.87432312965393,7.97
47.19182753562927,-1.72
48.50157976150513,-1.14
49.802852630615234,-1.97
51.11822700500488,-1.79
52.468379497528076,-2.24
53.6734561920166,-1.79
54.895183086395264,-1.69
56.11543297767639,-1.86
57.32858896255493,-1.72
58.53790640830994,-1.72
59.744322776794434,-1.66
60.96665549278259,-0.28
62.20744276046753,-1.41
63.433857440948486,-1.69
64.63886451721191,-1.72
65.86088442802429,-1.52
