1.1018586158752441,-1.86,0
2.320472002029419,-1.9,0
3.531107187271118,-1.9,0
4.734063386917114,-1.86,0
9.315720081329346,599.93,1
10.727290868759155,730.1,1
12.135104179382324,489.79,1
13.541268110275269,284.83,1
14.960680723190308,167.34,1
22.268850326538086,-1.79,0
23.578818798065186,-1.9,0
24.886937618255615,-1.9,0
26.195883989334106,-1.93,0
27.53619408607483,0.86,0
28.857982873916626,-5.79,0
30.164166688919067,-9.62,0
31.484005212783813,-4.97,0
32.7894971370697,-2.03,0
34.09718871116638,-1.34,0
35.40452027320862,-0.69,0
36.74398350715637,0.41,0
38.04702877998352,1.14,0
39.3557665348053,0.59,0
40.663591623306274,0.17,0
41.97767758369446,-1.24,0
46.56262397766113,594.0,1
47.97790050506592,728.38,1
49.38068652153015,513.1,1
50.7986159324646,308.72,1
52.209567070007324,182.52,1
53.62714695930481,120.93,1
55.03455877304077,93.31,1
56.449392557144165,76.72,1
57.85530352592468,69.48,1
59.27274489402771,66.48,1
66.64306545257568,-1.66,0
67.95144701004028,-1.97,0
69.27416920661926,-1.76,0
70.588693857193,-1.9,0
71.8939299583435,-1.83,0
73.20772337913513,-1.59,0
74.51382493972778,-2.03,0
75.8203341960907,1.0,0
80.43362474441528,565.83,1
81.8522355556488,741.93,1
83.26949453353882,537.21,1
84.60353469848633,381.83,1
86.0197958946228,297.0,1
87.43402123451233,198.48,1
88.77729344367981,101.62,1
90.18145680427551,87.76,1
91.60040664672852,82.72,1
93.00161027908325,36.24,1
94.4181718826294,54.38,1
95.83358263969421,63.34,1
97.2446563243866,63.72,1
98.6540687084198,70.69,1
100.06929612159729,102.76,1
101.47596335411072,150.9,1
102.89177083969116,110.38,1
104.2939703464508,93.62,1
105.71063137054443,95.93,1
107.04886984825134,100.21,1
108.46430492401123,99.9,1
109.88105297088623,100.72,1
111.29769253730774,101.66,1
112.71086692810059,102.45,1
114.12288618087769,103.24,1
115.5336685180664,101.31,1
116.93445777893066,101.1,1
124.26267457008362,-1.76,0
