1.1078259944915771,-2.1,0
2.342212200164795,-2.1,0
3.551105499267578,-2.07,0
4.746137380599976,-2.24,0
9.32328748703003,3.9,1
10.667312383651733,10.34,1
12.079332828521729,22.66,1
13.491395235061646,22.55,1
14.835609912872314,29.28,1
16.23486590385437,29.07,1
17.585703372955322,27.93,1
18.929583311080933,26.83,1
20.33616828918457,30.93,1
21.681293725967407,29.93,1
23.10002565383911,28.59,1
24.501776695251465,24.45,1
25.924758195877075,30.52,1
27.328450202941895,25.79,1
28.7466983795166,29.31,1
30.146904230117798,24.79,1
31.5729022026062,27.86,1
32.9710533618927,23.21,1
34.38086748123169,29.21,1
35.73437023162842,22.79,1
37.144542932510376,27.45,1
38.54959440231323,28.24,1
39.90070462226868,26.1,1
41.30517053604126,30.41,1
42.7182092666626,28.55,1
44.130874156951904,28.62,1
45.47446537017822,27.97,1
46.88215184211731,28.62,1
48.226141929626465,29.66,1
49.64370656013489,29.31,1
51.061599016189575,28.24,1
52.46177291870117,27.28,1
53.88192868232727,31.0,1
55.2976131439209,38.34,1
56.70105218887329,31.83,1
58.11661076545715,31.62,1
59.52781128883362,30.41,1
60.928345680236816,28.97,1
62.34461832046509,29.0,1
63.765960693359375,28.59,1
65.17776226997375,28.1,1
66.58994364738464,26.69,1
68.0019519329071,27.79,1
69.3441092967987,29.69,1
70.75218653678894,36.62,1
72.15942811965942,30.21,1
73.57164454460144,32.48,1
74.98620772361755,32.93,1
76.40149569511414,29.48,1
77.8094642162323,28.34,1
79.14417004585266,27.14,1
80.55443000793457,30.21,1
81.97361969947815,29.21,1
83.39099931716919,28.59,1
84.8006522655487,26.17,1
86.21554517745972,30.0,1
87.62709999084473,37.17,1
89.03860259056091,35.0,1
90.45091676712036,34.07,1
91.8522310256958,26.72,1
93.26843047142029,28.83,1
94.67581129074097,29.45,1
101.99822354316711,-1.83,0
103.31153202056885,-1.9,0
104.63006687164307,-1.86,0
105.93609023094177,-1.97,0
107.28126001358032,-2.0,0
108.58263444900513,-2.1,0
109.89675307273865,-2.03,0
111.21424579620361,-2.0,0
115.78417778015137,17.72,1
117.2097008228302,21.9,1
118.61227011680603,37.07,1
120.03475332260132,47.34,1
121.43846464157104,50.79,1
122.78940296173096,49.69,1
124.19576120376587,53.03,1
125.60832524299622,65.0,1
127.0247061252594,62.69,1
128.43096566200256,58.21,1
129.83450555801392,62.48,1
131.2554223537445,60.28,1
132.6700246334076,59.03,1
134.08149218559265,56.0,1
135.48484230041504,55.79,1
136.90317010879517,63.59,1
138.31414699554443,62.1,1
139.72843408584595,69.97,1
141.1306188106537,65.14,1
142.54017519950867,62.34,1
143.96419835090637,59.28,1
145.3669469356537,58.34,1
146.78756976127625,67.14,1
148.19605326652527,60.69,1
149.60295033454895,57.07,1
151.01340079307556,61.59,1
152.4304428100586,66.24,1
153.833270072937,65.14,1
155.25627541542053,61.14,1
156.6628954410553,64.45,1
158.08161187171936,57.03,1
159.4859254360199,57.66,1
160.82528471946716,57.1,1
162.16967487335205,55.48,1
163.58283185958862,54.79,1
164.9330940246582,61.41,1
166.34086799621582,72.21,1
167.67549562454224,71.28,1
169.0901746749878,61.69,1
170.44175839424133,59.83,1
171.84565091133118,57.83,1
173.1912558078766,56.28,1
174.6100947856903,52.07,1
176.01834344863892,53.07,1
177.36418890953064,65.83,1
178.70053791999817,66.48,1
185.99982261657715,-1.9,0
187.31262969970703,-2.0,0
188.61347341537476,-2.03,0
189.9200828075409,-2.0,0
191.21394515037537,-2.0,0
192.56643199920654,-2.14,0
193.88111305236816,-2.14,0
195.18133330345154,-2.14,0
199.78391408920288,20.31,1
201.1949441432953,41.62,1
202.61916255950928,64.62,1
204.02948760986328,62.14,1
205.43180966377258,65.1,1
206.8423945903778,74.62,1
208.26142048835754,77.28,1
209.6089723110199,99.79,1
210.9406132698059,118.76,1
212.2843885421753,87.69,1
213.70377135276794,107.83,1
215.04041266441345,100.59,1
216.4639708995819,95.1,1
217.80682802200317,96.17,1
219.2183985710144,0.83,1
220.62760472297668,197.69,1
222.03236365318298,138.1,1
223.44399046897888,103.59,1
224.85318279266357,97.24,1
226.26242566108704,95.9,1
227.68205857276917,92.93,1
229.09242129325867,92.93,1
230.5107400417328,96.59,1
231.92274713516235,97.17,1
233.33014130592346,93.59,1
234.74183535575867,85.28,1
236.14882111549377,94.0,1
237.559898853302,88.21,1
238.96858024597168,91.79,1
240.38958978652954,93.97,1
241.80474090576172,99.69,1
243.21098637580872,95.45,1
244.6175639629364,95.21,1
246.03023982048035,93.72,1
247.44632506370544,92.97,1
248.86193585395813,83.28,1
250.26920533180237,90.66,1
251.6739501953125,88.45,1
253.09455752372742,86.86,1
254.50554871559143,92.72,1
255.9194052219391,88.38,1
257.32665157318115,84.38,1
258.7445487976074,89.9,1
260.1495807170868,93.34,1
267.4616916179657,-2.07,0
268.7723798751831,-2.07,0
270.07774329185486,-2.07,0
271.3978343009949,-2.14,0
272.72091794013977,-2.07,0
274.07003831863403,-2.14,0
275.40372037887573,-2.14,0
276.7043731212616,-2.17,0
281.3028564453125,37.41,1
282.71489667892456,95.14,1
284.1211140155792,141.0,1
285.5314166545868,179.72,1
