1.1233453750610352,-1.86,0
2.3639731407165527,-1.93,0
3.579509973526001,-2.0,0
4.784489393234253,-2.0,0
9.36710262298584,0.31,1
10.780115842819214,0.24,1
12.193219661712646,0.14,1
13.593165159225464,0.28,1
15.020209312438965,0.17,1
16.427958726882935,0.14,1
17.845089197158813,0.21,1
19.17487597465515,0.24,1
20.52753973007202,0.28,1
21.94579005241394,0.28,1
23.276097297668457,0.28,1
24.695374965667725,0.21,1
26.035240650177002,0.41,1
27.457740306854248,0.28,1
28.86156439781189,0.38,1
30.27310585975647,0.34,1
31.687251091003418,0.21,1
33.10401391983032,0.21,1
34.45050096511841,0.45,1
35.7971875667572,0.34,1
37.19821763038635,0.38,1
38.615188121795654,0.28,1
