1.1202921867370605,6.14,0
2.3543167114257812,6.03,0
3.559351921081543,3.62,0
4.7623114585876465,-0.1,0
5.967113494873047,-0.83,0
7.1774001121521,-1.21,0
8.377443790435791,-1.28,0
9.569863080978394,-1.38,0
10.772016525268555,-1.41,0
12.014643669128418,-1.48,0
13.222193002700806,-1.55,0
14.426182746887207,-1.55,0
15.62754225730896,-1.55,0
16.846274614334106,-1.55,0
18.05299186706543,-1.62,0
19.250659942626953,-1.52,0
20.454992055892944,-1.59,0
21.690958499908447,-1.69,0
22.900334358215332,-1.66,0
24.10621953010559,-1.66,0
25.310620546340942,-1.62,0
29.90983819961548,-1.66,1
31.335129022598267,-1.62,1
32.74691724777222,-1.62,1
34.09134650230408,-1.69,1
35.49419283866882,-1.66,1
36.83502721786499,-1.72,1
38.18982434272766,-1.55,1
39.52832531929016,-1.66,1
40.87951350212097,-1.69,1
42.279613971710205,-1.66,1
