1.1082768440246582,6.24
2.358081817626953,6.28
3.568415403366089,6.31
4.77516508102417,6.28
9.35981822013855,4.17
10.773655652999878,4.03
12.182799816131592,3.9
13.58972716331482,4.07
15.008942127227783,3.9
16.421751499176025,3.9
17.757939100265503,3.79
19.17808747291565,3.72
20.590955018997192,9.21
21.993123769760132,10.69
23.40807294845581,10.62
24.82573175430298,6.48
26.23832678794861,10.69
27.64995813369751,6.45
29.067496299743652,10.41
30.480797290802002,10.0
31.894951343536377,10.07
33.30795669555664,10.14
34.71893930435181,9.9
36.11775612831116,10.0
37.533989906311035,9.72
38.94618201255798,10.28
40.35929346084595,10.34
41.77969408035278,10.31
43.18466329574585,10.48
44.60059309005737,10.72
46.01422357559204,10.66
47.4251503944397,10.48
48.83637595176697,10.24
50.24684953689575,10.34
51.672064542770386,11.69
53.081981897354126,7.62
54.49087738990784,11.97
55.90355944633484,11.97
57.31584286689758,7.76
58.73168587684631,6.69
60.13991403579712,6.79
61.55295538902283,11.28
62.96290135383606,11.62
64.37206196784973,11.66
65.7861213684082,7.24
67.20025444030762,10.93
68.55238938331604,11.34
69.96402502059937,11.24
71.37709975242615,7.03
72.79400086402893,6.34
74.13692998886108,10.21
75.48060989379883,7.07
76.89452338218689,6.69
78.29474568367004,10.14
79.73085403442383,7.1
81.12939095497131,10.59
82.54179191589355,11.24
83.95667314529419,11.28
85.29509544372559,7.14
86.70833253860474,10.66
88.05773663520813,7.03
89.46605014801025,10.52
90.81624054908752,7.07
92.22605609893799,10.79
93.62982630729675,11.07
95.04165959358215,11.55
96.39047718048096,11.62
97.80158853530884,7.28
99.21604180335999,10.55
100.63441181182861,11.14
102.04408383369446,11.55
103.44475793838501,6.97
104.87155508995056,5.76
106.28139066696167,10.17
107.68463611602783,10.97
109.03248763084412,11.62
110.45371890068054,11.66
111.85552453994751,11.55
113.26866102218628,11.66
114.68147659301758,11.38
116.09261798858643,6.76
117.50470972061157,10.24
118.91608095169067,6.69
120.33426856994629,10.24
121.7564799785614,6.62
123.15413022041321,10.38
124.5689344406128,11.17
125.98557782173157,7.0
127.39875626564026,10.41
128.74941754341125,11.17
130.15452599525452,11.72
131.56751942634583,11.72
132.9852273464203,7.34
134.39756083488464,10.59
135.7363474369049,11.41
137.08086609840393,11.45
138.4947202205658,6.86
139.83274793624878,10.38
141.2457251548767,11.24
142.59511709213257,7.07
143.99695253372192,10.48
145.41345405578613,11.24
146.8385729789734,11.24
148.23653149604797,6.69
149.65168023109436,10.34
151.0649516582489,11.17
152.41136980056763,11.52
153.82333874702454,10.9
155.23051953315735,6.72
156.6422073841095,5.86
158.06194806098938,9.69
159.41318345069885,6.03
160.7470998764038,9.55
162.099426984787,10.45
163.5124008655548,10.48
164.85401821136475,10.72
166.19565725326538,10.66
167.5447075366974,10.59
168.9443805217743,10.52
170.29968881607056,10.34
171.64653944969177,5.79
172.98406672477722,8.83
174.39503955841064,9.79
175.7473156452179,9.72
177.08211946487427,9.97
178.43283200263977,9.72
179.7735617160797,9.59
181.18610000610352,9.55
182.5279278755188,9.31
183.87647461891174,8.76
185.21606993675232,7.97
186.56607127189636,8.97
187.89958882331848,9.28
189.24032592773438,9.41
190.59293007850647,9.21
192.00065207481384,8.93
193.41581416130066,9.66
194.83721828460693,9.41
196.2460663318634,9.07
197.59463500976562,8.97
199.0087251663208,8.66
200.34227514266968,8.41
201.7545018196106,8.41
203.16884899139404,10.0
204.57617950439453,9.9
205.99651408195496,9.55
207.40601420402527,6.76
208.75577449798584,6.86
210.15734601020813,9.17
211.58577156066895,10.21
212.99461221694946,10.72
214.40749788284302,11.0
215.7432804107666,11.07
217.09468603134155,11.24
218.5083155632019,11.24
219.918696641922,9.86
221.33728313446045,11.31
222.67302322387695,10.1
224.0851366519928,10.03
225.4346730709076,10.1
226.78363299369812,11.69
228.1165177822113,10.55
229.52825570106506,10.24
230.95054268836975,10.24
232.3511826992035,10.21
233.764808177948,10.17
235.18075513839722,10.24
236.51844549179077,10.28
237.87050199508667,10.34
239.28738355636597,10.34
240.6944396495819,10.38
242.110675573349,10.41
243.5258548259735,10.59
244.93481183052063,10.31
246.34372901916504,10.41
247.75626015663147,10.48
249.16645908355713,10.62
250.58304047584534,10.48
251.99925065040588,10.48
253.41470313072205,10.62
254.82882809638977,10.69
262.12318444252014,-0.31
263.4427914619446,-0.45
264.7517104148865,-0.52
266.06333923339844,-0.48
267.3694443702698,-0.52
268.69717049598694,-0.55
270.03279972076416,-0.48
271.3533914089203,-0.55
275.9311363697052,279.52
277.35255336761475,340.76
278.76652336120605,351.83
280.1639106273651,295.86
281.5857229232788,238.72
282.99377155303955,192.14
284.3997049331665,151.21
285.82524061203003,121.24
293.14713072776794,1.03
294.470077753067,1.14
295.79923582077026,1.03
297.12209033966064,1.17
298.43165349960327,1.07
299.7699604034424,1.14
301.1181650161743,1.07
302.43743109703064,1.21
307.0479383468628,0.93
308.4584069252014,6.86
309.87324357032776,19.14
311.28644251823425,28.31
312.68885135650635,34.66
314.1097366809845,37.97
315.5201048851013,40.86
316.93446350097656,42.66
318.3374423980713,44.52
319.7444908618927,46.79
321.17021131515503,47.21
322.5680048465729,47.48
323.9883351325989,47.59
325.40252208709717,49.45
326.8035132884979,50.03
328.2187170982361,50.0
329.5715584754944,49.97
330.9829046726227,49.97
332.3864424228668,50.1
333.80610823631287,50.24
335.2134575843811,50.1
336.62202620506287,50.14
338.03240394592285,50.24
339.4451184272766,50.34
340.852698802948,50.34
342.27509689331055,48.86
343.6840832233429,50.07
345.10008573532104,48.79
346.50417399406433,50.1
347.91207551956177,50.59
349.3361568450928,48.97
350.748083114624,48.62
352.16007685661316,50.34
353.49260902404785,50.76
354.9145243167877,50.76
356.3264482021332,50.76
357.6695201396942,49.14
359.0810639858246,50.41
360.42457604408264,50.69
361.83479022979736,50.72
369.1195418834686,0.21
370.43864035606384,-0.07
371.75284337997437,-0.28
373.1038627624512,-0.55
374.42165303230286,-0.72
375.71976137161255,-0.93
377.03863620758057,-1.0
378.39177942276,-1.24
382.9735882282257,286.93
384.3910286426544,351.03
385.80718302726746,359.76
387.2195291519165,317.21
388.6280059814453,263.38
390.04324197769165,220.17
391.45432686805725,184.28
398.7654838562012,1.72
400.08201456069946,1.76
401.38599610328674,1.76
402.75332260131836,1.76
404.0607087612152,1.72
405.39621448516846,1.76
406.71655106544495,1.76
408.0358216762543,1.76
412.6315712928772,1.76
414.04687452316284,20.0
415.4514443874359,41.31
416.866491317749,54.52
418.27971744537354,64.28
419.69810795783997,69.03
421.1079902648926,73.31
422.51904106140137,77.48
423.9180498123169,80.17
425.3271200656891,82.28
426.7447636127472,84.48
428.09740471839905,86.48
429.50213146209717,87.17
430.91716837882996,87.45
432.32446813583374,88.62
433.7396149635315,89.07
435.1442356109619,89.07
436.55879759788513,88.93
437.9729208946228,89.0
439.38847374916077,89.03
440.7963876724243,90.79
442.20748805999756,91.14
443.6252715587616,89.55
445.037175655365,90.83
452.33779788017273,1.76
453.65628266334534,1.79
455.0197277069092,1.79
456.3366029262543,1.76
457.6464624404907,1.79
458.96453523635864,1.83
460.2829747200012,1.79
461.6043019294739,1.79
462.8274121284485,1.83
464.0398819446564,1.83
465.2801513671875,1.79
466.50586199760437,1.79
467.71482849121094,1.79
468.9214322566986,1.79
470.14235258102417,1.79
471.3487913608551,1.79
472.5679497718811,1.83
473.8235800266266,1.76
475.0307967662811,1.83
476.2516043186188,1.76
477.47742915153503,1.79
478.6843841075897,1.79
479.9090266227722,1.79
481.1283960342407,1.79
482.3434648513794,1.79
483.5980246067047,1.83
484.8174874782562,1.79
486.047078371048,1.79
