1.1130051612854004,8.59
2.351783514022827,8.48
3.5653421878814697,8.52
4.766258478164673,8.55
5.958358526229858,8.55
10.55384087562561,8.59
11.976845741271973,8.48
13.390114068984985,9.52
14.802021980285645,12.03
16.211429119110107,17.07
17.547663927078247,24.17
18.96384906768799,34.24
20.31309223175049,46.31
21.714122533798218,60.24
23.12635636329651,74.17
24.552196979522705,88.59
25.9518404006958,103.0
27.367777109146118,117.0
28.78403615951538,129.9
30.18837285041809,140.93
31.611026525497437,149.93
33.02162051200867,157.0
34.363009452819824,161.62
35.7753529548645,164.45
37.18663454055786,165.28
38.60006499290466,163.72
40.00146818161011,160.24
41.41928029060364,155.55
42.834426164627075,149.59
44.246543645858765,143.24
45.64552688598633,136.69
47.06373310089111,129.79
48.47892951965332,122.41
49.88045072555542,116.66
51.29900622367859,111.93
52.71575164794922,107.07
54.12046217918396,103.72
55.54102563858032,101.38
56.945300340652466,99.72
58.36215806007385,99.52
59.77525854110718,99.66
61.17632865905762,101.1
62.588155031204224,103.07
64.00743317604065,106.07
65.40682053565979,108.79
66.82090020179749,112.31
68.24440741539001,115.24
69.64266777038574,118.83
71.05750894546509,121.62
72.39732766151428,124.21
73.75286483764648,126.21
75.15807342529297,127.83
76.56850719451904,128.86
77.98866367340088,129.59
79.39483070373535,129.34
86.77326273918152,8.45
88.09208607673645,8.31
89.41006374359131,8.48
90.72965049743652,8.45
92.04654860496521,8.52
93.37000513076782,8.45
94.67415046691895,8.41
96.02886772155762,8.55
100.60059833526611,1.93
102.01270484924316,1.86
103.43165183067322,17.34
104.8457510471344,31.62
106.2524642944336,48.93
107.66237783432007,62.24
109.07898688316345,76.9
110.49741768836975,96.69
111.9059579372406,105.45
113.31776714324951,111.9
114.72606468200684,117.79
116.13437175750732,119.59
117.5510401725769,119.76
118.95747780799866,120.14
120.37305808067322,119.76
121.78980159759521,119.72
123.20217943191528,119.66
124.60334610939026,119.41
126.02246427536011,119.45
127.42695617675781,118.93
128.8406162261963,119.28
130.25740838050842,118.38
131.6608521938324,118.38
133.07294368743896,122.1
134.48861026763916,123.59
135.90271949768066,123.52
137.30843043327332,119.93
138.72122263908386,119.07
140.13730931282043,118.79
141.5476360321045,118.79
142.95937585830688,119.1
144.36988401412964,123.0
145.7841658592224,119.76
147.18897318840027,118.97
148.61029314994812,123.0
150.01204204559326,119.93
151.43033003807068,118.76
152.83688950538635,119.38
154.2476463317871,119.1
155.65402269363403,118.69
157.07099199295044,118.97
158.48797750473022,122.86
159.8910117149353,119.97
161.23613691329956,122.69
162.65388250350952,123.34
164.06489205360413,119.55
165.48110818862915,118.38
166.88598442077637,118.62
168.30601525306702,121.97
175.6090908050537,1.72
176.92778873443604,1.66
178.2655873298645,1.66
179.58544921875,1.69
180.89032244682312,1.62
182.192715883255,1.66
183.51133036613464,1.69
184.81880235671997,1.69
189.41447639465332,1.62
190.82261514663696,1.62
192.24301028251648,1.66
193.6525914669037,11.83
195.06744503974915,17.17
196.4736397266388,22.62
197.82450699806213,24.79
199.23637104034424,29.62
200.63928151130676,35.0
202.0614469051361,36.55
203.46315097808838,40.83
204.87838625907898,41.83
206.29299902915955,41.93
207.70529866218567,41.72
209.1165132522583,38.24
210.5191798210144,40.45
211.94356656074524,37.83
213.35531210899353,40.17
214.76759243011475,37.66
216.17201399803162,37.52
217.57918405532837,39.93
219.0003309249878,40.52
220.40114498138428,37.83
221.8208611011505,39.66
223.23591780662537,40.52
224.64215302467346,40.41
226.04886484146118,37.83
227.4610505104065,39.79
228.88128662109375,40.55
230.28265523910522,40.24
231.7036838531494,40.38
233.10513639450073,40.45
234.52811408042908,37.38
235.94397687911987,39.66
237.2746765613556,40.17
238.698801279068,40.28
240.10605549812317,40.59
241.51568460464478,40.59
242.9312448501587,40.38
244.33266735076904,40.59
245.74684596061707,40.48
247.16106796264648,40.31
248.57420110702515,40.55
249.9763708114624,40.45
251.3889229297638,37.41
252.80950236320496,39.69
254.2242624759674,40.24
255.63799810409546,40.34
257.036584854126,40.45
264.34993982315063,1.66
265.66409134864807,1.66
266.9748032093048,1.62
268.2984519004822,1.59
269.6233797073364,1.55
270.9460823535919,1.48
272.2800359725952,1.59
273.6078062057495,1.62
278.21253061294556,7.9
279.6182460784912,7.97
281.0344488620758,8.97
282.44481587409973,11.72
283.86335706710815,16.62
285.26450848579407,24.45
286.68280267715454,34.79
288.09061002731323,48.34
289.50823950767517,63.21
290.9191255569458,77.52
292.32566571235657,91.83
293.74294543266296,106.62
295.1590955257416,120.83
296.56368613243103,133.17
297.978791475296,144.17
299.39031195640564,152.66
300.8045024871826,158.9
302.2097976207733,163.31
303.6297061443329,165.17
305.03331422805786,165.14
306.4420771598816,162.93
307.861291885376,158.79
309.2620573043823,153.48
310.6847949028015,147.34
312.0997245311737,140.9
313.50800800323486,134.07
314.90988206863403,127.48
316.33500480651855,121.24
317.7464668750763,115.55
319.1523685455322,110.79
320.5679657459259,106.86
321.8976204395294,103.9
323.3142521381378,101.93
324.65589213371277,100.66
326.07322907447815,100.28
327.48838353157043,100.86
328.89306902885437,102.0
330.30465865135193,103.93
331.71981287002563,106.83
333.0665833950043,109.41
334.40476989746094,111.93
335.7545223236084,115.03
337.1666429042816,117.9
338.5753982067108,120.48
339.9765145778656,123.0
341.39211773872375,124.72
342.80942034721375,126.14
344.2277133464813,127.03
345.62889885902405,127.66
347.0503566265106,127.97
354.3473963737488,7.97
355.6686444282532,8.1
356.98888540267944,8.1
358.2925946712494,8.1
359.61031889915466,8.14
360.91370153427124,8.17
362.2152919769287,8.21
363.5199525356293,8.17
364.7262489795685,8.14
365.9712703227997,8.14
367.1708881855011,8.1
368.3844611644745,8.17
369.5808758735657,8.14
370.7924237251282,8.17
371.99739933013916,8.1
373.2149934768677,8.21
374.4222595691681,8.17
375.66820073127747,8.21
376.87725257873535,8.14
378.0748817920685,8.14
379.2835943698883,8.24
380.4924566745758,8.1
381.7071831226349,8.1
