1.1105191707611084,7.48,0
2.3435239791870117,7.48,0
3.5493478775024414,7.55,0
4.753186941146851,7.41,0
5.956374645233154,7.45,0
10.542329788208008,-0.62,1
11.884113550186157,-0.79,1
13.296895980834961,-0.76,1
14.633223533630371,-0.93,1
16.05222749710083,-0.76,1
17.39506459236145,-0.83,1
18.73617672920227,-0.86,1
20.07861852645874,-0.93,1
21.4973304271698,-0.97,1
22.840734481811523,2.24,1
24.186484336853027,72.45,1
25.521947145462036,97.55,1
26.933016777038574,104.45,1
28.27683734893799,106.45,1
29.68924593925476,106.97,1
31.106975078582764,107.1,1
32.51193571090698,107.0,1
33.853466510772705,106.69,1
35.27374291419983,106.52,1
36.613138914108276,106.31,1
38.01988983154297,106.21,1
39.364526987075806,106.28,1
40.70381999015808,106.14,1
42.05810832977295,178.45,1
43.46668481826782,222.52,1
44.80692148208618,237.59,1
46.15377330780029,244.31,1
47.500216007232666,246.48,1
48.91017389297485,247.66,1
50.314212799072266,247.9,1
51.65314483642578,241.48,1
53.06967496871948,228.45,1
54.48822355270386,211.14,1
55.899319887161255,193.93,1
57.30558657646179,180.17,1
58.7236385345459,168.62,1
60.12830972671509,159.07,1
61.53310513496399,150.93,1
62.958627462387085,145.17,1
