1.0957610607147217,4.86
2.342007875442505,4.76
3.5471348762512207,4.79
4.7490479946136475,4.76
9.330155611038208,0.34
10.743271112442017,0.28
12.156534433364868,0.28
13.556523323059082,0.21
14.970609426498413,0.17
16.39552354812622,0.17
17.726624250411987,0.21
19.079572916030884,4.9
20.415457725524902,9.66
21.831762075424194,13.38
23.17193031311035,17.1
24.59733819961548,18.97
25.999270915985107,20.72
27.419752836227417,22.24
28.833882570266724,23.72
30.247148275375366,24.9
31.65761113166809,24.97
33.073007583618164,26.97
34.407408475875854,26.83
35.75592875480652,26.59
37.090885400772095,27.76
38.503950357437134,27.93
39.85204529762268,28.0
41.26300311088562,27.62
42.60968494415283,27.69
44.02213168144226,28.9
45.434675216674805,28.97
46.847148180007935,29.03
48.18402361869812,28.97
49.59598755836487,30.31
51.018112897872925,29.79
52.42063021659851,29.07
53.83731198310852,29.59
55.251179695129395,29.07
56.66418933868408,28.9
58.075035095214844,29.0
59.485857248306274,28.9
60.900577783584595,30.45
62.31266403198242,29.69
63.71512842178345,29.1
65.06439542770386,30.34
66.39766836166382,29.52
73.70740699768066,0.24
75.00976204872131,0.31
76.34350562095642,0.17
77.64929056167603,0.17
78.96771502494812,0.17
80.26661896705627,0.14
81.57283210754395,0.14
82.88722515106201,0.14
87.47026753425598,0.0
88.88039064407349,0.07
90.29712128639221,0.07
91.63677501678467,0.07
93.05015110969543,0.03
94.46218609809875,0.1
95.8120641708374,0.03
97.22945976257324,0.1
98.6459641456604,0.59
100.0520248413086,6.48
101.46844673156738,10.1
102.81165480613708,12.52
104.22428488731384,14.31
105.63730382919312,14.9
106.9736385345459,16.52
108.39499092102051,17.1
109.80909132957458,17.07
111.22166228294373,19.0
112.62607479095459,19.0
114.05072855949402,19.0
115.44898867607117,18.9
116.87680840492249,19.03
118.28801012039185,18.97
119.69935846328735,18.97
121.04387736320496,19.83
122.44989728927612,20.9
123.86269760131836,20.45
125.28276205062866,20.0
126.68178343772888,19.41
128.1074240207672,19.0
129.51598381996155,19.62
130.92988848686218,19.72
132.34238529205322,20.83
133.7564148902893,20.41
135.16739630699158,19.86
136.57898259162903,19.48
137.99282264709473,19.07
139.40696024894714,19.79
140.81818342208862,19.62
142.22917795181274,20.07
143.64142227172852,19.86
145.0561444759369,19.93
146.45527267456055,20.07
147.8765811920166,19.9
149.29199981689453,19.97
150.69878363609314,19.72
152.11064457893372,19.66
153.52385234832764,19.79
154.94628858566284,19.76
156.34453535079956,19.72
157.7670862674713,20.45
159.1786606311798,20.76
160.5144979953766,20.38
161.86419582366943,19.93
163.26969528198242,19.52
164.61873197555542,19.1
171.92470026016235,0.1
173.2750644683838,-0.03
174.58119893074036,0.07
175.88101959228516,-0.03
177.18564224243164,-0.03
178.4913671016693,-0.1
179.79023623466492,-0.14
181.1083209514618,-0.14
185.70210003852844,151.03
187.1140730381012,199.86
188.44616556167603,212.45
189.79880928993225,216.03
191.13244915008545,211.76
192.55596375465393,186.52
199.85321187973022,-0.41
201.167489528656,-0.38
202.4687261581421,-0.41
203.80631804466248,-0.38
205.10738587379456,-0.38
206.42135787010193,-0.31
207.72349858283997,-0.28
209.02212572097778,-0.28
213.61551141738892,148.41
215.0276324748993,197.86
216.43789505958557,207.31
217.85096907615662,210.21
219.26440024375916,198.48
220.67359375953674,175.69
227.97265005111694,-0.55
229.2964768409729,-0.55
230.5989055633545,-0.48
231.90430355072021,-0.41
233.2214698791504,-0.38
234.57054615020752,-0.55
235.87414002418518,-0.41
237.17741990089417,-0.45
241.7867467403412,148.21
243.19786667823792,198.31
244.61066222190857,207.76
246.02148604393005,210.03
247.43221974372864,201.17
248.84249258041382,180.62
250.25746417045593,161.21
251.6696720123291,143.48
253.0702040195465,128.0
254.48357605934143,115.41
255.89551043510437,104.52
257.30565547943115,95.66
264.60598063468933,-0.76
265.92752385139465,-0.69
267.24412536621094,-0.83
268.5627405643463,-0.86
269.8814232349396,-0.76
271.1975336074829,-0.72
272.5005645751953,-0.76
273.84781193733215,-0.86
278.447384595871,148.07
279.8637204170227,198.38
281.2765083312988,212.59
282.6805567741394,213.86
284.0339391231537,207.17
285.36758756637573,191.69
286.77988386154175,173.28
288.19166111946106,157.07
289.60179018974304,nan
296.1688771247864,nan
297.48503851890564,nan
298.80154967308044,nan
300.1037495136261,nan
301.4082787036896,nan
302.76850032806396,nan
304.08885049819946,nan
305.40626859664917,nan
309.9541172981262,nan
316.51921343803406,nan
317.8236937522888,nan
319.1423487663269,nan
320.44141268730164,nan
321.7875437736511,nan
323.091933965683,nan
324.39253330230713,nan
325.71105003356934,nan
326.9227924346924,nan
328.1303458213806,nan
329.33684062957764,nan
330.5443994998932,nan
331.7868072986603,nan
333.016809463501,nan
