1.118509292602539,-1.48,0
2.3596386909484863,-1.48,0
3.5703039169311523,-1.45,0
4.7837395668029785,-1.48,0
9.358002424240112,-1.41,1
10.773745775222778,-1.52,1
12.181564807891846,-1.55,1
13.59908127784729,-1.52,1
15.01686954498291,-1.48,1
16.425901412963867,-1.55,1
17.76194739341736,-1.52,1
19.186238765716553,-1.45,1
20.52554941177368,-1.45,1
21.93088412284851,-1.48,1
23.287054777145386,-1.55,1
24.695624113082886,-1.48,1
26.100359201431274,-1.48,1
27.517622709274292,-1.52,1
28.93561363220215,-1.59,1
30.35284948348999,-1.59,1
31.75732660293579,-1.45,1
33.175678968429565,-1.45,1
34.515575647354126,-1.52,1
35.92100501060486,-1.48,1
37.2778742313385,-1.52,1
38.69219422340393,-1.48,1
40.10587215423584,-1.48,1
41.44828796386719,-1.45,1
42.84755063056946,-1.45,1
44.19902205467224,-1.41,1
45.61135673522949,-1.48,1
47.028642892837524,-1.48,1
48.43052387237549,-1.52,1
49.844053983688354,-1.45,1
51.26303553581238,-1.48,1
52.66894245147705,-1.55,1
54.087806940078735,-1.55,1
55.50524377822876,-1.48,1
56.91270303726196,-1.52,1
58.32143473625183,-1.55,1
59.740073680877686,-1.48,1
61.14928984642029,-1.55,1
62.56207084655762,-1.48,1
63.97819924354553,-1.48,1
65.3828296661377,-1.45,1
66.7926881313324,-1.48,1
