1.1218326091766357,6.1
2.3344056606292725,6.17
3.5714383125305176,6.03
4.775838136672974,6.07
5.983572244644165,6.1
7.195690393447876,6.03
8.398673295974731,6.1
12.975828647613525,1.69
14.387922525405884,1.72
15.80042576789856,1.66
17.20265531539917,1.66
18.550506830215454,1.66
19.898009538650513,1.72
21.245208501815796,1.66
22.653757572174072,11.52
24.056693077087402,15.07
25.40305256843567,16.76
26.828406810760498,17.03
28.22812581062317,17.1
29.646052360534668,7.52
30.99084496498108,4.93
32.405914068222046,3.41
33.75437951087952,3.48
35.161967039108276,3.14
36.500049114227295,2.9
37.9236786365509,3.21
39.26103663444519,13.21
40.669312953948975,15.69
42.026286602020264,7.03
43.43270015716553,14.59
44.775540590286255,5.93
46.124516248703,14.72
47.46373414993286,6.0
48.883183002471924,4.24
50.217069149017334,13.76
51.631688833236694,15.83
53.05451965332031,7.07
54.466089725494385,4.55
55.86620306968689,14.03
57.28264784812927,15.93
58.7057318687439,6.69
60.10450291633606,3.86
61.52056670188904,3.59
62.93842673301697,2.79
64.34565544128418,3.17
65.7589282989502,12.28
67.11336994171143,15.62
68.45715880393982,16.24
69.85689973831177,16.86
71.20203757286072,15.9
72.54567503929138,16.79
73.90138912200928,6.62
75.24544048309326,13.34
76.58414387702942,15.97
77.99555587768555,10.69
79.41278839111328,7.1
80.82336854934692,13.03
82.2317247390747,7.31
83.65179252624512,10.83
85.06281638145447,5.0
86.46432995796204,6.07
