1.1023216247558594,-1.97,0
2.3535420894622803,-1.9,0
3.5576395988464355,-1.86,0
4.76370096206665,-1.93,0
9.348050832748413,275.9,1
10.702389240264893,277.97,1
12.039723634719849,280.21,1
19.353591442108154,-2.21,0
20.654395818710327,-2.07,0
21.9796085357666,-2.07,0
23.289226293563843,-2.03,0
24.612278938293457,-1.97,0
25.924571752548218,-1.93,0
27.230674982070923,-2.24,0
28.53765892982483,-2.24,0
33.12329959869385,188.72,1
34.475367307662964,293.38,1
35.87663292884827,283.07,1
37.22312879562378,284.03,1
44.55015516281128,-2.07,0
45.86014699935913,-2.0,0
47.164490699768066,-2.0,0
48.476320028305054,-1.93,0
49.780110120773315,-1.86,0
51.09100651741028,-1.86,0
52.44164967536926,-1.9,0
53.7398624420166,-1.83,0
58.327951192855835,266.0,1
59.73941993713379,257.28,1
61.14871644973755,258.55,1
62.56509304046631,259.07,1
69.87432599067688,-1.34,0
71.18340063095093,-1.31,0
72.52442646026611,-1.31,0
73.82897877693176,-1.34,0
75.13617658615112,-1.31,0
76.44442987442017,-1.31,0
77.75332307815552,-1.28,0
79.06142377853394,-1.24,0
83.65479612350464,401.76,1
84.99016642570496,668.31,1
86.40863275527954,395.9,1
87.82016372680664,141.1,1
95.14401125907898,-1.21,0
96.45179319381714,-1.21,0
97.78333187103271,-1.17,0
99.09685730934143,-1.14,0
100.3904299736023,-1.14,0
101.75717639923096,-1.14,0
103.06452894210815,-1.21,0
104.38674259185791,-3.66,0
108.98910975456238,671.52,1
110.40854406356812,752.24,1
111.82239985466003,441.86,1
113.23807740211487,236.31,1
120.5520486831665,-3.03,0
121.90552973747253,-3.03,0
123.21638774871826,-2.93,0
124.55342125892639,-3.03,0
