1.1153509616851807,-1.79,0
2.353635311126709,-1.86,0
3.5589396953582764,-1.76,0
4.761096715927124,-1.86,0
5.966611862182617,-1.9,0
7.171677350997925,-1.83,0
11.749980926513672,851.69,1
13.164458274841309,813.48,1
14.576046228408813,439.79,1
15.987852096557617,216.55,1
23.274704456329346,-1.93,0
24.59378170967102,-1.9,0
25.898341417312622,-1.93,0
27.20871877670288,-2.03,0
28.521475791931152,-2.62,0
29.82801127433777,-1.79,0
31.136489629745483,1.79,0
32.499905586242676,7.72,0
33.80565404891968,10.28,0
35.11336278915405,10.66,0
36.42294526100159,11.0,0
37.72960686683655,11.24,0
39.025057792663574,11.31,0
40.3488929271698,11.9,0
41.67698693275452,11.97,0
42.984498262405396,12.14,0
47.58332943916321,12.17,1
48.9202778339386,29.03,1
50.342665672302246,45.9,1
51.75551414489746,69.48,1
53.17378759384155,60.59,1
54.57707715034485,61.86,1
55.983031034469604,59.41,1
57.40245532989502,61.14,1
58.818854570388794,58.72,1
60.15616416931152,59.66,1
61.576171875,61.38,1
62.988810539245605,61.03,1
64.38560843467712,61.0,1
65.74191546440125,61.31,1
67.14706707000732,57.72,1
68.55235481262207,60.24,1
69.89687943458557,60.79,1
71.23925542831421,61.17,1
72.59372806549072,60.62,1
73.92283725738525,56.41,1
75.27913451194763,59.1,1
76.68002676963806,60.07,1
78.09089756011963,60.03,1
79.51579165458679,60.21,1
80.92780375480652,60.07,1
82.33842897415161,59.86,1
83.67436814308167,59.69,1
85.09261059761047,59.55,1
86.4345190525055,59.28,1
87.83847761154175,59.24,1
89.2586419582367,59.24,1
90.6604278087616,59.14,1
92.00478029251099,59.17,1
93.42185735702515,62.24,1
94.76209568977356,63.62,1
96.17881202697754,64.17,1
97.5803771018982,60.28,1
98.9911413192749,63.1,1
100.41383647918701,63.97,1
101.81663656234741,59.93,1
103.16955065727234,58.59,1
104.58287358283997,58.45,1
105.9884557723999,62.45,1
107.40617322921753,63.1,1
108.74617505073547,59.59,1
116.12802648544312,15.28,0
117.44348001480103,15.48,0
118.764399766922,15.52,0
120.06194877624512,15.34,0
121.38693857192993,15.17,0
122.70806431770325,14.55,0
124.03103542327881,14.24,0
125.3737587928772,14.17,0
129.966646194458,23.48,1
131.36951899528503,55.79,1
132.78498148918152,80.69,1
134.2077567577362,94.0,1
135.6123969554901,97.72,1
137.0294053554535,98.48,1
138.43475723266602,98.86,1
139.78291845321655,99.66,1
141.18586802482605,98.79,1
142.60300850868225,99.34,1
144.02178049087524,99.86,1
145.43275713920593,100.0,1
146.8472719192505,101.28,1
148.2471113204956,100.86,1
149.6579554080963,101.1,1
151.06632900238037,101.72,1
152.4834520816803,102.17,1
153.89711546897888,101.17,1
155.3126299381256,101.07,1
156.71970796585083,101.45,1
158.13085961341858,101.34,1
159.54685044288635,98.0,1
160.95991468429565,96.34,1
162.30176997184753,100.38,1
163.6404674053192,97.31,1
165.0574927330017,100.0,1
166.4589557647705,100.76,1
167.81426906585693,101.34,1
169.22656106948853,100.1,1
170.62714529037476,100.79,1
171.98145198822021,100.9,1
173.31993317604065,100.69,1
174.6668951511383,100.76,1
176.010822057724,100.97,1
177.34954833984375,100.45,1
178.68904876708984,101.0,1
180.0296289920807,101.14,1
181.44839310646057,100.14,1
182.78930759429932,100.79,1
184.1360514163971,96.62,1
185.47329950332642,99.03,1
186.81552505493164,99.93,1
188.15539002418518,100.86,1
189.50799989700317,100.76,1
190.84831309318542,97.07,1
192.2644875049591,100.1,1
199.57406044006348,9.55,0
200.88161945343018,8.07,0
202.18973684310913,6.24,0
203.49937748908997,3.31,0
204.80563735961914,-0.79,0
206.10046339035034,-1.28,0
207.40953040122986,-1.41,0
208.75675177574158,-1.55,0
209.96172761917114,-1.59,0
211.1633985042572,-1.62,0
212.36905145645142,-1.62,0
213.56841015815735,-1.76,0
214.77823281288147,-1.66,0
