1.1021952629089355,-1.83,0
2.3395440578460693,-1.83,0
3.535546064376831,-1.86,0
4.734999418258667,-1.86,0
5.939614295959473,-1.93,0
7.1386590003967285,-1.86,0
11.8032968044281,312.1,1
13.22354531288147,415.83,1
14.565543413162231,440.07,1
15.979236364364624,357.07,1
17.319615840911865,257.07,1
18.658310890197754,200.93,1
25.958539962768555,-1.86,0
27.252849817276,-1.9,0
28.561001300811768,-1.93,0
29.86881184577942,-1.86,0
31.178293466567993,-1.86,0
32.52062797546387,-1.83,0
33.81554865837097,-1.83,0
35.112908363342285,-1.83,0
36.40666961669922,-1.86,0
37.69568848609924,-1.97,0
38.990140199661255,-1.9,0
40.30020880699158,-1.86,0
41.60714530944824,-1.93,0
42.901963233947754,-1.83,0
44.24370837211609,-1.86,0
45.540122509002686,-1.86,0
50.224823236465454,323.07,1
51.566529750823975,409.72,1
52.922208309173584,442.03,1
54.32283139228821,381.66,1
55.743603467941284,267.59,1
57.14511203765869,198.28,1
64.47493958473206,-1.86,0
65.77338457107544,-1.9,0
67.07866740226746,-1.86,0
