1.1228375434875488,-1.9,0
2.3625080585479736,-1.83,0
3.569730520248413,-1.86,0
4.7736194133758545,-1.86,0
9.358858823776245,33.93,1
10.771176099777222,32.07,1
12.18300724029541,31.34,1
13.586638450622559,31.1,1
15.004790544509888,31.03,1
16.40995717048645,30.97,1
17.76525640487671,30.93,1
19.16874861717224,30.9,1
20.508923530578613,31.0,1
21.93160605430603,31.0,1
23.348552942276,30.76,1
24.754114151000977,30.9,1
26.159319162368774,30.72,1
27.57733416557312,30.79,1
28.994014978408813,30.97,1
30.400028944015503,30.48,1
31.823301553726196,30.48,1
33.226332902908325,30.62,1
34.64604330062866,30.48,1
36.04896426200867,30.59,1
37.464486837387085,30.55,1
38.883506298065186,30.59,1
40.28880953788757,30.62,1
41.704620122909546,30.69,1
43.10869359970093,30.69,1
44.53277349472046,30.66,1
45.93332505226135,30.79,1
47.35591983795166,30.31,1
48.76719856262207,30.24,1
56.07753920555115,-2.34,0
57.39112591743469,-2.24,0
58.71458983421326,-2.31,0
60.02434468269348,-2.28,0
61.35094952583313,-2.31,0
62.678282260894775,-2.31,0
64.02916979789734,-2.34,0
65.3203501701355,-2.34,0
69.89954447746277,35.28,1
71.32301712036133,32.14,1
72.73170137405396,31.21,1
74.14472079277039,31.0,1
75.56001543998718,30.83,1
76.97541952133179,30.66,1
