1.1196098327636719,-1.48
2.327918767929077,-1.52
3.561149835586548,-1.52
4.76574969291687,-1.52
9.342939138412476,0.03
10.741729497909546,307.28
12.15846562385559,117.9
13.572159051895142,51.93
14.992668867111206,26.31
16.40232276916504,20.07
17.736797094345093,13.28
19.154402256011963,16.93
20.502496004104614,15.86
21.84558892250061,9.59
23.194300413131714,1.79
24.59733009338379,1.72
25.947099924087524,10.1
27.34805655479431,10.72
28.703288316726685,7.69
30.10475754737854,9.41
31.518991470336914,10.48
32.93572020530701,5.76
34.284361600875854,3.86
35.696404457092285,10.17
37.03736615180969,4.59
38.44323992729187,12.48
39.798269748687744,13.72
41.14573574066162,9.79
42.55621957778931,14.52
43.96923518180847,11.45
45.379541635513306,11.62
46.723068714141846,4.69
48.13574457168579,2.28
49.53878045082092,9.21
50.962074995040894,12.24
52.36122369766235,0.62
53.78920936584473,8.72
55.20033621788025,14.62
56.61292791366577,14.79
58.01516079902649,8.24
59.42558932304382,14.62
60.84005832672119,10.76
62.252798557281494,8.45
63.66423225402832,17.52
65.08229541778564,12.14
66.49428081512451,11.24
67.90740132331848,10.62
69.31163024902344,13.24
70.7291030883789,14.34
72.1465311050415,14.1
73.55610251426697,15.59
74.96851682662964,10.03
76.38749551773071,8.59
77.7911524772644,3.69
79.20574736595154,12.83
80.61228728294373,11.1
82.02555441856384,3.9
83.37759137153625,11.1
84.78302502632141,12.66
86.13827347755432,4.0
87.48187494277954,2.14
88.81632089614868,10.93
90.15798473358154,13.14
97.53637909889221,0.83
98.86162328720093,0.14
100.15710210800171,-0.24
101.47069716453552,-0.45
102.78854393959045,-0.59
104.09865975379944,-0.69
105.40824103355408,-0.79
106.73422503471375,-0.83
111.35381150245667,863.1
112.77252101898193,716.38
114.17523550987244,393.72
121.48675560951233,2.79
122.78942251205444,3.0
124.10143494606018,2.97
125.4083731174469,2.93
126.73845171928406,2.9
128.08838319778442,3.03
129.3985116481781,3.07
130.70146346092224,3.0
135.3035271167755,2.97
136.71442198753357,2.83
138.11891555786133,2.93
139.5363323688507,2.83
140.9541585445404,2.83
142.35410451889038,9.86
143.78171277046204,12.21
145.18014407157898,19.66
146.60511684417725,15.86
148.00887966156006,21.1
149.4289674758911,17.28
150.8421070575714,16.55
152.24084210395813,16.14
153.65938353538513,20.59
155.08022356033325,16.41
156.49402952194214,21.03
157.89385795593262,21.83
159.30541348457336,17.31
160.65439176559448,20.93
161.99318528175354,17.48
163.4045925140381,16.59
164.7584364414215,16.38
166.0969681739807,20.48
167.43826413154602,21.55
168.78574776649475,17.79
170.12131023406982,20.83
171.46778964996338,21.62
172.81321930885315,21.66
174.22388982772827,17.69
175.56541514396667,20.72
176.9053499698639,17.55
178.25027084350586,20.28
179.5969545841217,20.97
180.94233536720276,21.14
182.35542368888855,21.21
183.69848895072937,17.21
185.11145114898682,20.21
186.52014422416687,20.83
187.85667300224304,17.14
189.2085461616516,19.93
190.62164115905762,16.9
191.95232820510864,19.66
193.36191248893738,20.86
194.78543639183044,20.93
196.1859130859375,17.34
197.59772300720215,19.9
198.9454755783081,20.9
200.28482389450073,20.72
201.7014901638031,21.0
203.12064838409424,20.86
204.451491355896,17.31
211.76846051216125,3.1
213.09372067451477,3.1
214.3998384475708,3.03
215.72624969482422,3.0
217.03364038467407,3.03
218.34470105171204,3.0
219.64439368247986,3.0
220.95121693611145,3.0
225.5301375389099,2.9
226.93439292907715,2.93
228.2734453678131,2.9
229.68913745880127,2.86
231.1054244041443,9.97
232.51863479614258,12.86
233.8556728363037,17.86
235.20773434638977,20.03
236.61696076393127,20.83
238.03521537780762,21.76
239.37550449371338,25.55
240.7887258529663,26.38
242.20473718643188,23.1
243.6149821281433,25.62
245.0172073841095,26.24
246.43084502220154,26.41
247.77164673805237,23.07
249.1874442100525,25.69
250.59788727760315,23.14
252.01853942871094,22.14
253.35400414466858,25.1
254.76753783226013,22.69
256.1734137535095,25.38
257.5964572429657,26.03
259.01096391677856,26.41
260.3391239643097,26.34
261.68212604522705,23.03
263.1018793582916,22.17
264.50672674179077,25.48
265.927526473999,22.66
267.34089255332947,25.38
268.7400071620941,22.55
270.0944185256958,25.52
271.49733448028564,22.79
272.91377234458923,25.52
274.32343912124634,25.97
275.74129486083984,22.79
277.1387343406677,22.17
278.55228877067566,25.31
279.96998405456543,23.07
281.3832712173462,25.34
288.6747086048126,3.03
289.98641777038574,2.97
291.2915675640106,3.1
292.5961928367615,2.93
293.95974707603455,2.9
295.2768633365631,2.93
296.5814678668976,2.93
297.9057388305664,2.9
302.5037121772766,2.72
303.91629934310913,2.93
305.3232367038727,2.79
306.7442903518677,2.69
308.15006923675537,10.31
309.56892919540405,17.14
310.9841079711914,19.66
312.38531494140625,24.41
313.8048565387726,26.34
315.2224016189575,27.34
316.6291651725769,31.0
318.04104804992676,28.52
319.4604778289795,31.1
320.79496479034424,31.62
322.1371488571167,28.55
323.486221075058,27.62
324.81939220428467,30.28
326.1701171398163,31.14
327.57865929603577,28.31
328.99081349372864,30.76
330.3285081386566,31.14
331.66857385635376,31.52
333.021479845047,31.52
334.35861015319824,31.79
335.70822858810425,31.28
337.0412313938141,31.31
338.4624161720276,28.07
339.86119651794434,27.52
341.27136754989624,30.48
342.6202652454376,28.31
343.969468832016,30.66
345.3021593093872,28.03
346.6562716960907,27.41
347.99616289138794,30.14
349.33143639564514,31.03
350.6852447986603,31.41
357.9925887584686,2.97
359.2969012260437,2.86
360.5956289768219,2.93
361.9107050895691,2.83
363.21642231941223,2.79
364.53626132011414,2.79
365.82595133781433,2.9
367.1448311805725,2.76
371.7667803764343,2.72
373.10479831695557,2.69
374.45329236984253,2.69
375.79156851768494,9.31
377.14787769317627,16.45
378.5483682155609,23.45
379.89795327186584,29.59
381.2444438934326,36.38
382.65784096717834,42.9
384.0687096118927,49.59
385.4681179523468,46.38
386.8855404853821,49.24
388.29881715774536,46.38
389.71597051620483,49.31
391.1199460029602,50.24
392.5394811630249,50.45
393.87848711013794,50.24
395.2197880744934,49.93
396.63202261924744,49.69
398.0480673313141,49.55
399.4588723182678,49.69
400.80222487449646,50.0
402.21084809303284,49.93
403.6219301223755,49.83
405.02889704704285,49.83
406.43823289871216,49.62
407.8514664173126,50.14
409.2063009738922,49.86
410.60868787765503,49.72
412.0263454914093,49.66
413.4389510154724,50.21
414.8399147987366,50.34
416.2697448730469,50.21
417.66715955734253,49.83
419.0214672088623,50.07
420.3589367866516,49.86
421.77228474617004,49.52
423.11851167678833,49.97
424.52255177497864,50.1
425.8730809688568,50.21
427.21415400505066,50.31
428.55637550354004,49.83
435.8426353931427,2.66
437.1483745574951,2.79
438.4465022087097,2.59
439.7472975254059,2.55
441.0902523994446,2.69
442.40219163894653,2.69
443.7080891132355,2.48
445.0185408592224,2.62
449.60239005088806,2.59
451.01501989364624,2.66
452.3534963130951,9.1
453.69880175590515,16.21
455.1116418838501,26.66
456.46295833587646,35.41
457.80599308013916,43.03
459.1426842212677,54.76
460.49484181404114,61.21
461.83086013793945,63.03
463.25065875053406,68.28
464.59452390670776,69.93
465.9936592578888,70.17
467.4069457054138,70.34
468.7577211856842,70.41
470.1005699634552,70.48
471.5033633708954,65.83
472.85296392440796,69.24
474.2691259384155,70.21
475.60660886764526,70.62
477.01338505744934,70.24
478.42295265197754,70.59
479.7731227874756,70.48
481.191055059433,70.07
482.52368688583374,70.48
483.875070810318,70.52
485.2860462665558,70.41
486.6943824291229,70.31
488.10409665107727,70.38
489.52325963974,70.34
490.9238488674164,70.07
492.2703101634979,70.21
499.5861098766327,2.31
500.89225363731384,2.38
502.19443917274475,2.38
503.5462181568146,2.41
504.841579914093,2.45
506.1597340106964,2.38
507.4699227809906,2.41
508.7749752998352,2.34
513.3603708744049,2.31
514.7705018520355,2.38
516.1902754306793,13.72
517.5874526500702,22.41
518.999787569046,34.52
520.415144443512,47.79
521.8341691493988,60.69
523.1685779094696,68.66
524.5882022380829,79.52
525.9373626708984,86.59
527.2714438438416,88.79
528.6904456615448,89.34
530.0888254642487,89.52
531.5050764083862,89.38
532.920346736908,89.24
534.3223388195038,89.17
535.7365753650665,89.41
537.0769584178925,89.34
538.4958746433258,89.34
539.909236907959,89.38
541.3117141723633,89.52
542.6641621589661,89.72
544.0662949085236,89.66
545.4804623126984,89.55
546.8874940872192,89.07
548.311351776123,89.55
555.6836881637573,2.1
556.9865655899048,2.1
558.2940986156464,2.14
559.6193068027496,2.17
560.9192953109741,2.14
562.2368907928467,2.14
563.5503785610199,2.1
564.9017426967621,2.1
566.1096799373627,2.14
567.3237342834473,2.17
568.5203557014465,2.14
569.728034734726,2.14
570.9353394508362,2.03
572.1608645915985,2.1
573.3618681430817,2.07
574.6166207790375,2.1
575.8392355442047,2.14
577.0457630157471,2.14
578.2621066570282,2.17
579.4740035533905,2.14
580.6868951320648,2.17
581.9035925865173,2.17
583.1440813541412,2.14
584.3655879497528,2.1
585.5754709243774,2.07
586.7861886024475,2.17
587.995521068573,2.1
589.2182102203369,2.03
590.4256634712219,2.14
591.6763410568237,2.14
592.8799390792847,2.14
594.1049120426178,2.07
595.318122625351,2.14
596.5278177261353,2.1
597.7335574626923,2.1
598.9453418254852,2.17
600.1621448993683,2.17
601.4008257389069,2.14
602.625908613205,2.14
603.8282930850983,2.03
605.0364923477173,2.1
606.2582335472107,2.07
607.4777975082397,2.17
608.68714594841,2.1
609.9293162822723,2.14
611.1492235660553,2.24
612.3530328273773,2.14
613.5655097961426,2.24
614.7764122486115,2.24
615.9987485408783,2.24
617.1946127414703,2.17
618.4026472568512,2.28
619.6456139087677,2.31
620.8878257274628,2.24
622.0955059528351,2.24
623.3106367588043,2.21
624.524560213089,2.21
625.7343738079071,2.21
626.9400243759155,2.28
628.1930952072144,2.28
629.405042886734,2.31
630.6199231147766,2.21
631.816903591156,2.24
633.0412509441376,2.31
634.2535493373871,2.21
635.4701912403107,2.17
636.7099504470825,2.17
637.917519569397,2.17
639.1210527420044,2.21
640.3238506317139,2.14
641.5356364250183,2.17
642.7442591190338,2.17
643.9370865821838,2.21
645.1319713592529,2.24
646.3470914363861,2.24
647.5818905830383,2.14
648.774007320404,2.17
649.9837968349457,2.28
651.1781027317047,2.14
652.3801159858704,2.21
653.5870218276978,2.24
654.7866859436035,2.14
655.9914453029633,2.21
657.2240102291107,2.14
658.4168186187744,2.21
659.6173143386841,2.24
660.8104023933411,2.17
662.0179297924042,2.1
663.224488735199,2.17
664.4268043041229,2.1
665.6199681758881,2.14
666.8573031425476,2.14
668.0739617347717,2.03
669.2790951728821,2.1
670.4718940258026,2.14
671.6665439605713,2.03
672.8755753040314,2.24
674.0733609199524,2.14
675.2843863964081,2.24
676.4854946136475,2.1
677.725447177887,2.14
678.9319953918457,2.14
680.143851518631,2.17
681.3381037712097,2.21
682.5330152511597,2.07
683.7453987598419,2.17
684.9486989974976,2.14
686.1553633213043,2.14
687.3883910179138,2.14
688.5889551639557,2.1
689.7952527999878,2.14
690.9873147010803,2.14
692.1942474842072,2.17
693.3959867954254,2.21
694.5958516597748,2.14
695.8083863258362,2.14
697.0378584861755,2.1
698.2340297698975,2.1
699.4417598247528,2.1
700.6426522731781,2.1
701.8533883094788,2.17
703.050966501236,2.1
704.2610893249512,2.17
705.4735610485077,2.28
706.667991399765,2.1
707.9070217609406,2.1
709.100855588913,2.24
710.2971363067627,2.28
711.5183446407318,2.21
712.7274861335754,1.93
713.936173915863,2.14
715.1454365253448,2.07
716.3386340141296,2.1
717.5784733295441,2.17
718.7723846435547,2.21
719.9824085235596,2.21
721.194842338562,2.17
722.3804528713226,2.21
723.5934617519379,2.17
724.7948825359344,2.1
726.0214774608612,2.21
727.2645978927612,2.17
728.4752519130707,2.17
729.687970161438,2.14
730.886759519577,2.21
732.0977368354797,2.17
733.3078470230103,2.24
734.5279655456543,2.17
