1.111900806427002,5.86
2.333509922027588,5.83
3.5719056129455566,5.79
4.77244234085083,5.83
9.3600435256958,152.28
10.703567743301392,203.14
12.114039897918701,220.72
13.525948762893677,226.41
14.94132924079895,212.55
16.348697662353516,183.66
23.657088041305542,-1.03
24.952114820480347,-0.97
26.254043102264404,-1.07
27.571854829788208,-0.9
28.888360261917114,-1.03
30.194091081619263,-1.07
31.50902795791626,-0.93
32.82647132873535,-1.03
37.44817590713501,150.62
38.783265590667725,203.17
40.1949896812439,219.55
41.54813742637634,224.69
42.96143317222595,218.21
44.30264449119568,197.93
51.60621762275696,-1.17
52.95557904243469,-1.24
54.273282051086426,-1.24
55.594197273254395,-1.21
