1.110398769378662,-2.17,0
2.3478479385375977,-2.21,0
3.5500524044036865,-2.17,0
4.7508978843688965,-2.28,0
5.958600997924805,-2.14,0
7.174017429351807,-2.17,0
8.382169246673584,-2.24,0
9.586501836776733,-2.17,0
10.795600652694702,-2.17,0
12.024246215820312,-2.21,0
13.247453451156616,-2.28,0
16.449466228485107,-2.14,0
19.660828113555908,32.79,0
22.87368941307068,112.0,0
24.077462673187256,121.34,0
25.2854962348938,139.79,0
26.500534057617188,156.69,0
27.730916738510132,165.31,0
28.94826602935791,175.52,0
30.149147748947144,186.41,0
31.36336636543274,200.93,0
32.58551836013794,215.72,0
33.776517152786255,224.97,0
34.974340200424194,227.07,0
38.22802972793579,239.55,0
41.43766736984253,221.72,0
42.633039474487305,207.28,0
43.84852457046509,200.0,0
45.047847509384155,192.07,0
46.256108045578,4.83,0
47.464242458343506,-4.83,0
48.67017984390259,-9.45,0
49.915151834487915,-2.48,0
51.12525010108948,-2.24,0
52.33329916000366,-2.28,0
56.928560733795166,-2.21,1
58.3430552482605,-2.17,1
59.755576848983765,-2.21,1
61.1565203666687,-2.21,1
62.571561336517334,-2.24,1
63.987789154052734,-2.17,1
65.4042866230011,-2.14,1
66.74762225151062,-2.1,1
68.15252375602722,-2.24,1
69.50248885154724,-2.24,1
70.83903527259827,-2.17,1
72.1872148513794,-2.24,1
73.59888911247253,-2.17,1
75.00719690322876,-2.14,1
76.41863012313843,-2.24,1
77.76969575881958,-2.24,1
79.10787391662598,-2.24,1
80.45767664909363,-2.24,1
81.87858510017395,-2.28,1
83.28279304504395,-2.17,1
84.70432186126709,-2.21,1
86.107266664505,-2.21,1
87.5223560333252,-2.14,1
89.42538356781006,-2.14,1
90.83833646774292,-2.21,1
