1.1053943634033203,-5.1,0
2.345754861831665,-5.86,0
3.5544612407684326,-7.17,0
4.755785942077637,-8.83,0
5.959803104400635,-2.76,0
10.547758340835571,1.9,1
11.89792776107788,2.21,1
13.311955690383911,13.76,1
14.725422859191895,27.31,1
16.137014389038086,33.28,1
17.48086142539978,39.48,1
18.882417678833008,42.52,1
20.22618055343628,41.1,1
21.650125980377197,40.55,1
22.988933801651,46.69,1
24.336279153823853,49.07,1
25.739715576171875,46.76,1
27.15093684196472,44.72,1
28.50133180618286,51.48,1
29.912232160568237,52.14,1
31.32148814201355,48.79,1
32.72923016548157,48.83,1
34.07925319671631,46.69,1
35.4237220287323,44.69,1
36.821571826934814,54.31,1
38.23499131202698,60.24,1
39.58266258239746,52.72,1
40.993035316467285,56.79,1
42.399142265319824,54.34,1
43.82416868209839,50.9,1
45.22603893280029,48.83,1
46.58062291145325,46.24,1
47.92280864715576,50.41,1
49.32306218147278,47.66,1
50.67438244819641,47.86,1
52.08722996711731,47.69,1
53.43117713928223,48.62,1
54.839725494384766,47.1,1
56.24687480926514,45.14,1
57.662569999694824,49.45,1
59.06646156311035,51.48,1
60.485785484313965,54.62,1
61.897664070129395,52.59,1
63.30494141578674,50.62,1
64.72117972373962,49.03,1
66.05711841583252,47.59,1
73.37715411186218,-7.66,0
74.66999936103821,-8.69,0
76.01375985145569,-10.76,0
77.32880520820618,-3.41,0
78.63927745819092,-2.59,0
79.95630121231079,-2.38,0
81.26597428321838,-2.31,0
82.58341026306152,-2.21,0
87.17778468132019,340.62,1
88.58946347236633,352.52,1
89.99890661239624,296.38,1
91.34374737739563,245.38,1
92.74569916725159,200.45,1
94.08489179611206,169.34,1
95.43048858642578,152.86,1
96.78462433815002,133.55,1
98.18781542778015,120.66,1
99.60592222213745,113.38,1
101.0061891078949,111.93,1
102.42523741722107,105.59,1
103.82794547080994,98.0,1
105.25480675697327,95.28,1
106.66325259208679,92.14,1
108.07414746284485,92.48,1
109.47912669181824,89.59,1
110.90231156349182,87.72,1
112.30385637283325,84.79,1
113.64993739128113,84.41,1
114.99938869476318,89.24,1
116.39704895019531,92.97,1
117.81011056900024,95.79,1
119.22720241546631,98.9,1
120.64442873001099,98.0,1
122.04882764816284,90.66,1
123.45588684082031,88.55,1
124.87926149368286,83.76,1
126.2841444015503,82.07,1
127.70111036300659,87.38,1
129.04057931900024,85.59,1
136.34123921394348,-2.0,0
137.65893268585205,-2.0,0
138.99896001815796,-2.0,0
140.3230106830597,-2.03,0
141.6373794078827,-2.1,0
142.94235825538635,-2.1,0
144.2618546485901,-2.14,0
145.5609860420227,-2.14,0
150.16955375671387,253.52,1
151.57499384880066,331.62,1
152.98339128494263,354.55,1
154.40218687057495,314.48,1
155.80816912651062,278.21,1
157.21751475334167,235.07,1
158.63095259666443,185.14,1
160.05282711982727,150.93,1
161.4573631286621,76.17,1
162.86448740959167,59.59,1
