1.106736183166504,-1.1,0
2.348820209503174,-1.17,0
3.562140464782715,-1.17,0
4.764837980270386,-1.24,0
9.357702493667603,0.28,1
10.77055549621582,10.9,1
12.184369564056396,16.38,1
13.598131656646729,21.28,1
15.008461713790894,25.55,1
16.419872999191284,27.28,1
17.82194423675537,29.55,1
19.24314832687378,31.62,1
20.646947145462036,33.79,1
22.066067457199097,36.21,1
23.40572690963745,35.03,1
24.825796842575073,37.34,1
26.22705101966858,36.66,1
27.65108370780945,39.76,1
29.05350661277771,39.07,1
30.473204374313354,38.69,1
31.888416528701782,38.45,1
33.30672860145569,38.59,1
34.71046829223633,38.76,1
36.0490927696228,38.62,1
37.40762400627136,38.52,1
38.80625128746033,41.14,1
40.22841167449951,40.76,1
41.630265951156616,40.76,1
43.048285484313965,40.83,1
44.464221477508545,40.62,1
45.87334632873535,40.28,1
47.295159339904785,40.21,1
48.696171045303345,40.28,1
50.050275802612305,40.52,1
51.38965606689453,40.48,1
52.80630588531494,40.31,1
54.22262763977051,40.24,1
55.624804973602295,40.28,1
57.04623007774353,40.38,1
58.450008392333984,40.31,1
59.859347105026245,40.03,1
61.280147075653076,40.17,1
62.698716163635254,40.41,1
64.10655975341797,40.34,1
65.51116681098938,40.21,1
66.93649339675903,39.86,1
68.276123046875,40.07,1
69.62340426445007,40.14,1
71.03445053100586,40.1,1
72.37223839759827,40.17,1
73.79190707206726,39.93,1
75.13669943809509,39.93,1
76.54800224304199,40.1,1
83.84716415405273,-1.69,0
85.15250968933105,-1.69,0
86.47609758377075,-1.69,0
87.81171798706055,-1.76,0
89.12214827537537,-1.76,0
90.439368724823,-1.72,0
91.74606728553772,-1.76,0
93.05828380584717,-1.69,0
97.65766954421997,252.52,1
99.06185531616211,234.9,1
100.47784495353699,236.21,1
101.88055849075317,236.9,1
103.29867815971375,235.66,1
104.70420408248901,235.24,1
106.12494111061096,206.9,1
107.53689479827881,179.97,1
108.93802690505981,157.48,1
116.25970888137817,-2.03,0
117.61415505409241,-2.07,0
118.92528915405273,-2.0,0
120.25026655197144,-1.97,0
121.56092238426208,-1.93,0
122.87084174156189,-1.93,0
124.19549107551575,-2.03,0
125.50061702728271,-1.86,0
130.13499450683594,250.83,1
131.5530664920807,234.17,1
132.95464897155762,235.52,1
134.36314797401428,236.03,1
135.7836718559265,235.72,1
137.19176983833313,235.0,1
138.61035299301147,206.9,1
140.01457715034485,179.52,1
141.43332505226135,156.45,1
148.73851776123047,-2.0,0
150.06014895439148,-2.0,0
151.3736674785614,-2.0,0
152.69605112075806,-1.97,0
154.0112326145172,-1.97,0
155.33396887779236,-2.07,0
156.68695259094238,-1.97,0
157.9935212135315,-1.97,0
162.579683303833,25.59,1
163.9353711605072,37.48,1
165.34579634666443,48.31,1
166.67872071266174,62.9,1
168.0342526435852,70.76,1
169.3662929534912,78.83,1
170.72175765037537,86.76,1
172.130229473114,94.38,1
173.53099393844604,103.1,1
174.9526331424713,109.31,1
176.35523009300232,116.79,1
