1.1024158000946045,-1.86,0
2.3517937660217285,-1.86,0
3.5618345737457275,-1.83,0
4.768861532211304,-1.79,0
9.331535577774048,-4.48,1
10.757036209106445,-3.03,1
12.159538507461548,-2.45,1
13.575594663619995,-2.07,1
14.993642568588257,-1.07,1
16.395067930221558,-1.17,1
17.737738847732544,-1.55,1
19.154601573944092,-1.48,1
20.566755533218384,-1.24,1
21.987268924713135,-1.31,1
23.39114809036255,-1.28,1
24.81050992012024,-1.62,1
26.214613914489746,-1.41,1
27.63509464263916,-1.34,1
29.045733213424683,-1.21,1
30.46634554862976,-0.66,1
31.863357305526733,2.79,1
33.22043466567993,3.72,1
34.561195611953735,4.03,1
35.89655828475952,3.59,1
37.25190854072571,4.07,1
38.6583034992218,3.69,1
39.99664068222046,4.03,1
41.42204165458679,4.52,1
42.762643814086914,1.79,1
44.17413902282715,4.41,1
45.51624035835266,4.31,1
46.85862898826599,4.17,1
48.28041696548462,4.07,1
49.685622215270996,4.24,1
51.02885150909424,4.31,1
52.439571142196655,4.45,1
53.783053398132324,4.62,1
55.204633712768555,4.66,1
56.62063407897949,4.59,1
58.026211977005005,4.59,1
59.44595956802368,4.86,1
60.85875582695007,4.59,1
62.2644305229187,5.1,1
63.67023754119873,4.93,1
65.015145778656,4.83,1
66.36993312835693,4.93,1
67.71082520484924,4.79,1
69.05582427978516,5.0,1
70.47135591506958,4.86,1
71.81476640701294,4.86,1
73.1569333076477,5.0,1
74.49794101715088,4.76,1
75.85101652145386,5.24,1
77.19408321380615,4.86,1
78.5241916179657,5.03,1
79.94807362556458,4.72,1
81.35475373268127,4.76,1
82.77456903457642,5.03,1
84.11342787742615,5.55,1
85.53347277641296,5.38,1
86.87406992912292,5.55,1
88.28135395050049,5.69,1
89.63029623031616,5.52,1
90.97053647041321,5.31,1
92.38140726089478,5.41,1
93.79933309555054,5.48,1
95.13817238807678,5.48,1
96.55947041511536,5.66,1
97.97318243980408,5.69,1
99.37472295761108,5.66,1
100.79541110992432,5.69,1
102.13500785827637,5.41,1
103.54776549339294,5.45,1
104.95425295829773,5.38,1
106.37477922439575,5.41,1
107.7913568019867,5.41,1
109.19164562225342,5.31,1
110.61126589775085,5.24,1
112.02488422393799,5.21,1
113.43010783195496,5.24,1
114.84209966659546,5.17,1
116.26004815101624,4.79,1
117.67481684684753,4.9,1
119.09375143051147,4.97,1
120.49807834625244,5.1,1
121.91887545585632,5.1,1
123.32450866699219,5.14,1
124.73131227493286,4.79,1
126.15090489387512,4.69,1
127.56210446357727,4.76,1
134.85620522499084,-1.79,0
136.16325759887695,-1.72,0
137.47261834144592,-1.76,0
138.78619623184204,-1.9,0
140.1402952671051,-1.86,0
141.4502456188202,-1.83,0
142.7578637599945,-1.83,0
144.06962823867798,-1.86,0
148.66195273399353,97.1,1
150.07459902763367,97.55,1
151.48078417778015,97.62,1
152.89210057258606,96.0,1
154.30925250053406,90.93,1
155.72710061073303,84.97,1
157.12680196762085,79.62,1
158.54397320747375,74.24,1
159.96527457237244,69.72,1
161.37645626068115,65.55,1
162.7209029197693,62.72,1
164.13512015342712,59.17,1
