1.1098296642303467,-1.62
2.3208847045898438,-1.55
3.5594375133514404,-1.66
4.758500576019287,-1.59
9.34395718574524,11.83
10.757063150405884,16.34
12.170069217681885,17.93
13.574010610580444,18.59
14.990980386734009,19.45
16.406606912612915,21.97
17.75257897377014,20.72
19.09104871749878,21.17
20.499868154525757,23.62
21.852563619613647,25.45
23.251474618911743,25.38
24.600560903549194,26.17
26.016122817993164,23.41
27.428853750228882,23.62
28.83703875541687,23.93
30.18855857849121,23.55
31.59303617477417,23.24
33.00607252120972,22.62
34.358638525009155,17.28
35.69819164276123,14.97
37.03476667404175,15.52
38.44686317443848,9.0
39.80154585838318,6.14
41.2029025554657,6.97
42.54684114456177,5.07
43.89628028869629,9.69
45.23334860801697,5.79
46.64777183532715,13.03
48.059513092041016,4.97
49.481558322906494,9.14
50.89484715461731,8.21
52.30766439437866,1.9
53.72199749946594,3.31
55.136435747146606,21.03
56.54719305038452,6.62
57.95925784111023,2.9
59.366416931152344,14.38
60.784369468688965,9.28
62.19156050682068,8.69
63.598708629608154,6.66
65.01476955413818,13.97
66.35494303703308,10.76
67.70733761787415,17.41
69.05452489852905,12.17
70.45484280586243,7.55
71.80618190765381,8.59
73.142911195755,16.1
74.55911469459534,11.79
75.90808582305908,10.48
77.24365401268005,10.83
78.66404485702515,6.1
80.077889919281,8.31
81.48415517807007,8.34
82.8359375,15.9
84.25145030021667,11.97
85.5875985622406,10.45
87.00506472587585,10.24
88.4135000705719,8.52
89.83181047439575,17.97
91.23930668830872,12.9
92.6492567062378,7.41
93.99256992340088,12.52
95.40423798561096,7.86
96.82368755340576,7.07
98.2287847995758,12.21
99.64109492301941,26.69
101.05502414703369,20.72
102.4671311378479,16.14
109.78447008132935,-1.28
111.0950562953949,-1.31
112.41526675224304,-1.45
113.71784663200378,-1.45
115.02980375289917,-1.41
116.34865927696228,-1.48
117.6596987247467,-1.45
119.00240755081177,-1.55
123.61307430267334,694.0
125.02272415161133,793.66
126.42826318740845,282.69
133.72358417510986,-1.79
135.05267715454102,-1.86
136.35556316375732,-1.9
137.72483372688293,-1.79
139.0307114124298,-1.93
140.3531334400177,-1.76
141.6495943069458,-1.83
142.97289109230042,-1.83
147.55761098861694,1096.59
148.98329210281372,1079.03
156.26761317253113,-1.17
157.61825013160706,-1.34
158.9431290626526,-1.41
160.25128746032715,-1.24
161.56251859664917,-1.28
162.87349367141724,-1.34
164.17195558547974,-1.34
165.47735619544983,-1.34
170.0539186000824,1094.31
173.59954500198364,613.24
180.91627168655396,1.76
184.23428010940552,1.83
185.54852294921875,1.83
186.8554081916809,1.86
188.1695683002472,1.79
189.45849323272705,1.79
190.77845454216003,1.79
195.3647062778473,13.76
196.78255605697632,20.0
198.12708139419556,22.1
199.53542923927307,22.79
200.86910223960876,22.97
202.28956627845764,22.97
203.70126080513,22.83
205.11303091049194,22.79
206.52429008483887,22.76
207.93694400787354,24.28
209.29081535339355,25.24
210.69994711875916,33.0
212.1160717010498,26.83
213.52091550827026,25.14
214.87234663963318,32.55
216.28238248825073,34.17
217.69997334480286,35.0
219.1027054786682,34.86
220.51403284072876,35.55
221.85912895202637,27.31
223.1989130973816,25.28
224.6211085319519,25.45
226.0286250114441,24.72
227.44188046455383,24.86
228.85638976097107,24.31
230.2657322883606,24.41
231.6892695426941,24.28
233.10224652290344,33.72
234.51570868492126,35.66
235.92731928825378,35.79
237.33934903144836,36.0
238.74047136306763,35.97
