1.109478235244751,-2.34,0
2.318425178527832,-2.31,0
3.5179994106292725,-2.34,0
4.717784643173218,-2.34,0
9.294703722000122,35.14,1
10.707304000854492,8.21,1
12.118604183197021,0.76,1
13.530497074127197,-0.62,1
14.943789005279541,-1.59,1
16.35756516456604,-1.79,1
17.77066421508789,-1.86,1
19.18391489982605,-1.93,1
20.595815896987915,-2.0,1
22.00847053527832,-2.03,1
23.42082142829895,-2.03,1
24.833181381225586,-2.34,1
26.2443790435791,-2.0,1
27.658572673797607,-2.14,1
29.071919918060303,-2.17,1
30.485208988189697,-1.97,1
31.897847652435303,-1.79,1
33.31025815010071,-0.62,1
34.72260141372681,-2.59,1
36.13421130180359,-2.1,1
37.47919273376465,-2.24,1
38.89216613769531,-2.21,1
40.30504393577576,-2.24,1
41.71836972236633,-2.21,1
43.06301403045654,-2.21,1
44.475618839263916,-2.28,1
45.88905620574951,-2.28,1
47.301674127578735,-2.24,1
