1.0953121185302734,-1.41
2.313058614730835,-1.52
3.5477287769317627,-1.48
4.754348278045654,-1.41
9.337936878204346,-1.48
10.670812845230103,-1.52
12.023558139801025,-1.55
13.4333016872406,-1.38
14.844423294067383,-1.48
16.256367921829224,-1.45
17.60663390159607,-1.52
19.018660068511963,-1.52
20.43031096458435,-1.31
21.76603102684021,-1.38
23.113306760787964,-1.38
24.538657426834106,-1.41
25.94794487953186,-1.48
27.348395586013794,-1.45
28.698321104049683,-1.41
30.110458850860596,-1.38
31.52396869659424,-1.45
32.93590784072876,-1.52
34.2841579914093,-1.41
35.63313865661621,-1.45
36.967451333999634,-1.52
38.377808809280396,-1.41
39.72738456726074,-1.55
41.14744782447815,-1.45
42.48670768737793,-1.41
43.896029472351074,-1.38
45.24379849433899,-1.34
46.65701150894165,-1.41
47.99293875694275,-1.34
49.407665491104126,37.86
50.830732107162476,8.38
52.24278521537781,1.72
53.65524363517761,0.41
55.064521074295044,-0.17
56.47505784034729,-0.97
57.89137840270996,-0.86
59.30210256576538,-1.1
60.71581196784973,-1.21
62.130186796188354,-1.24
63.54413437843323,-1.14
64.95800614356995,-1.03
66.29202461242676,-1.17
67.64157390594482,-1.14
69.05344796180725,-311.31
70.46856379508972,-67.07
71.80389189720154,-2.86
73.14633345603943,480.21
74.49434018135071,274.03
75.90527272224426,-426.69
77.25409865379333,-65.97
78.66586756706238,-2.86
79.99866700172424,-1.83
81.42358326911926,-4.52
82.75540137290955,-3.0
84.16665291786194,-1.66
85.51467156410217,-1.9
86.92368340492249,-1.62
88.27150201797485,-1.59
89.60424256324768,-2.24
90.95375180244446,-1.86
92.3638322353363,-1.72
93.790696144104,-1.66
95.13436222076416,-1.62
96.46385097503662,-2.72
97.8776695728302,-1.79
99.22557187080383,-1.62
100.57274174690247,-5.79
101.98369002342224,-6.76
103.33465600013733,-5.07
104.73444414138794,-4.45
106.14739680290222,-4.28
107.57350158691406,-4.48
108.90810441970825,-4.1
110.32198572158813,-7.14
111.73961091041565,-3.86
113.15530490875244,-3.28
114.5671374797821,-2.83
115.98211717605591,-3.03
117.3941581249237,-3.28
118.80628180503845,-3.38
120.21031355857849,-3.1
121.62139868736267,-2.38
123.03541803359985,4.03
124.4496853351593,573.14
125.78571009635925,196.48
127.2021152973175,30.66
128.62330722808838,4.03
130.03161120414734,-0.93
131.4411187171936,-0.83
132.84654068946838,-433.66
134.25838708877563,200.93
135.67048501968384,45.52
137.08269882202148,16.66
138.50837230682373,12.9
139.84249544143677,8.1
141.25934720039368,10.38
142.66320610046387,9.55
144.07714653015137,11.83
145.48863196372986,14.31
146.8382167816162,6.31
148.24323916435242,5.34
149.657860994339,2.86
151.0704607963562,-1078.17
152.48220658302307,-141.76
153.8404462337494,-2.55
155.2458267211914,-1.9
156.66076517105103,-1.83
158.07284092903137,-1.86
159.4836871623993,-1.83
160.83113622665405,-219.62
162.1646499633789,-29.93
163.5774028301239,-4.0
164.9882209300995,-1.9
