1.1035981178283691,-1.76,0
2.3420157432556152,-1.79,0
3.553915023803711,-1.83,0
4.760082960128784,-1.72,0
9.341399908065796,1089.93,1
10.685418128967285,1008.17,1
12.097838640213013,530.62,1
13.50217580795288,245.03,1
14.919288873672485,113.93,1
16.320472717285156,62.86,1
17.734845876693726,47.86,1
19.075818300247192,44.21,1
20.493919610977173,36.62,1
21.836978435516357,36.66,1
23.23901891708374,36.28,1
24.596101999282837,43.52,1
26.001553297042847,42.69,1
27.406737089157104,42.03,1
28.82565450668335,38.97,1
30.23281168937683,41.69,1
31.652347803115845,39.28,1
33.063610792160034,38.69,1
34.47429060935974,40.83,1
35.8173131942749,39.03,1
43.12684369087219,4.79,0
44.46682119369507,4.83,0
45.79080319404602,4.72,0
47.11498165130615,4.76,0
48.41435742378235,4.83,0
49.728469133377075,4.76,0
51.05019402503967,4.79,0
52.36470437049866,4.79,0
56.988259077072144,6.72,1
58.39919137954712,9.34,1
59.80617094039917,13.79,1
61.22367596626282,19.76,1
62.63196063041687,26.79,1
64.04966259002686,33.93,1
65.39427495002747,40.28,1
66.80508399009705,45.52,1
68.14761424064636,49.34,1
69.5505518913269,52.62,1
70.89287185668945,54.38,1
72.24587655067444,55.69,1
73.58767366409302,55.76,1
74.93477082252502,55.55,1
76.26432061195374,54.52,1
77.6728367805481,52.1,1
79.03205990791321,49.9,1
80.43566966056824,47.72,1
81.77295470237732,45.93,1
83.19364976882935,43.9,1
84.53366827964783,42.28,1
85.94776129722595,40.62,1
87.35763168334961,39.07,1
88.77186489105225,37.55,1
90.18190097808838,36.24,1
91.59180116653442,34.86,1
92.93889045715332,34.62,1
94.35447764396667,34.48,1
95.69564294815063,34.52,1
97.03459668159485,34.62,1
98.44761109352112,35.1,1
99.85221695899963,36.31,1
101.2678165435791,37.24,1
102.67836856842041,38.34,1
104.01780891418457,39.0,1
105.43416118621826,39.97,1
106.85034656524658,40.76,1
108.2584822177887,41.45,1
109.67720866203308,42.21,1
111.07858920097351,42.9,1
112.49410820007324,42.79,1
113.90235662460327,42.9,1
115.31681418418884,42.62,1
116.73409843444824,42.41,1
118.14682126045227,42.28,1
119.54969906806946,42.17,1
120.96948432922363,41.34,1
122.37110900878906,40.66,1
123.7903823852539,39.93,1
125.19417119026184,39.38,1
126.61301445960999,38.97,1
128.020348072052,38.86,1
129.44114518165588,38.72,1
130.84212231636047,38.79,1
132.26412653923035,38.59,1
133.66885113716125,38.55,1
135.0874457359314,38.38,1
136.49435663223267,38.55,1
137.91139554977417,38.83,1
139.313161611557,39.0,1
140.73457646369934,39.38,1
142.14657473564148,39.45,1
143.54715299606323,39.66,1
144.9621913433075,39.79,1
146.37413620948792,39.9,1
147.7798330783844,40.14,1
149.2019715309143,40.31,1
150.6050248146057,40.41,1
152.02423286437988,40.52,1
153.43252658843994,40.48,1
154.8468644618988,40.59,1
156.26309204101562,40.48,1
157.67536687850952,40.76,1
159.0834186077118,40.76,1
160.4869863986969,40.76,1
161.9055483341217,40.76,1
163.24343490600586,40.55,1
164.66319108009338,40.38,1
166.07590556144714,40.31,1
167.48803806304932,40.21,1
168.89409279823303,40.28,1
170.3134319782257,40.0,1
171.65322947502136,39.97,1
172.99928879737854,39.83,1
174.3397240638733,39.62,1
175.68268537521362,39.59,1
177.09306597709656,39.52,1
178.43355011940002,39.48,1
179.77803301811218,39.45,1
181.1856071949005,39.38,1
182.53492951393127,39.38,1
183.95245385169983,39.24,1
185.2828187942505,39.41,1
186.63894844055176,39.48,1
188.04102516174316,39.69,1
189.46367478370667,39.66,1
190.8046271800995,39.79,1
192.21842241287231,39.86,1
193.62526845932007,40.0,1
195.03584146499634,39.79,1
196.44095516204834,40.0,1
197.7824296951294,40.03,1
199.19931197166443,40.14,1
200.60448956489563,40.14,1
202.0213041305542,40.14,1
203.4311215877533,40.24,1
204.8482780456543,40.14,1
206.25413298606873,40.31,1
207.59587264060974,40.38,1
209.01373863220215,40.55,1
210.35511922836304,40.31,1
211.75945043563843,40.21,1
213.10324263572693,40.14,1
214.5255265235901,40.03,1
215.86666560173035,39.76,1
217.2688479423523,39.72,1
218.6865794658661,40.28,1
220.10456919670105,40.14,1
221.4501829147339,40.21,1
222.85510849952698,40.1,1
224.1964349746704,40.14,1
225.61617064476013,40.1,1
227.01940441131592,40.07,1
228.43416380882263,40.14,1
229.84650421142578,40.03,1
231.25169277191162,40.1,1
232.604647397995,40.07,1
234.01526641845703,39.93,1
235.42496752738953,40.03,1
236.83559036254883,40.14,1
238.23568081855774,40.1,1
245.62485361099243,6.21,0
246.93362307548523,6.24,0
248.24161291122437,6.24,0
249.5529706478119,1.97,0
250.87400603294373,-12.07,0
252.1867060661316,-3.93,0
253.50239491462708,-4.41,0
254.80095553398132,-5.0,0
256.0538408756256,-14.28,0
257.26842761039734,-8.07,0
258.49111223220825,-17.55,0
259.6951205730438,-2.86,0
260.9058163166046,-2.41,0
262.1193656921387,-2.55,0
263.3321256637573,-2.1,0
264.54160952568054,-1.97,0
265.78853368759155,-2.14,0
266.99060916900635,-17.0,0
268.2143166065216,-191.03,0
269.42812943458557,-232.28,0
270.6267726421356,-23.62,0
271.8464276790619,-3.52,0
273.03696846961975,-2.86,0
274.24878334999084,-2.21,0
275.5079174041748,-2.21,0
276.71994972229004,-2.07,0
277.92557883262634,-2.03,0
279.14131689071655,-2.0,0
280.35318899154663,-2.0,0
281.56805443763733,-1.97,0
282.7691659927368,-1.93,0
284.02203273773193,-1.97,0
