1.1132736206054688,8.14
2.3616676330566406,8.1
3.569751024246216,8.17
4.774733543395996,8.03
9.35588526725769,8.24
10.768629550933838,9.45
12.18083381652832,12.34
13.524537563323975,15.72
14.934061527252197,20.24
16.342920064926147,25.17
17.690738201141357,29.93
19.103420734405518,34.97
20.518746852874756,39.66
21.854713439941406,43.28
23.274860858917236,46.76
24.616124153137207,49.1
25.96314024925232,51.14
27.364168643951416,52.48
28.77971053123474,53.55
30.19120764732361,53.79
31.603644132614136,53.31
33.01675534248352,52.62
34.424781799316406,51.52
35.77379536628723,49.66
37.176435470581055,47.14
38.5880765914917,44.83
40.00364112854004,42.66
41.33953404426575,40.76
42.67842650413513,39.1
44.03613018989563,37.41
45.44899940490723,35.86
46.78673601150513,34.66
48.19532132148743,34.14
49.53257513046265,34.07
50.95434880256653,34.0
52.29587483406067,34.31
53.70049262046814,34.86
55.11741280555725,35.28
56.53428554534912,36.07
57.947221517562866,36.83
59.36085772514343,37.86
60.77157139778137,38.86
62.1853392124176,39.52
63.580862283706665,40.45
64.99318027496338,41.21
66.3456437587738,41.66
67.67978525161743,41.97
69.03529191017151,42.24
70.43554544448853,42.72
71.86145067214966,42.69
73.20190811157227,42.72
74.5344488620758,42.79
75.88450598716736,42.59
77.2235198020935,42.28
78.57482051849365,41.9
79.91922736167908,41.83
81.3232262134552,41.69
82.67262959480286,41.03
84.08324360847473,40.66
85.49568605422974,40.1
86.89463067054749,39.59
88.25071215629578,39.28
89.65372610092163,39.17
91.00282907485962,39.1
92.41533136367798,39.07
93.82655549049377,39.14
95.24338603019714,38.97
96.6545262336731,39.0
98.05339217185974,38.83
99.47135376930237,38.79
100.88608431816101,39.14
102.29355025291443,39.48
103.6994104385376,39.72
105.05184054374695,40.0
106.46852540969849,40.24
107.80612707138062,40.48
109.1447012424469,40.17
110.5554780960083,40.1
111.96884083747864,39.93
113.38060235977173,39.86
114.78884983062744,39.79
116.20283699035645,39.72
117.61734867095947,39.97
119.02393364906311,40.24
120.43385791778564,40.34
121.85574626922607,40.21
123.26889657974243,40.34
124.66755414009094,40.45
126.08443140983582,40.28
127.50517463684082,40.1
128.90241742134094,40.0
130.3147542476654,39.97
131.7303385734558,39.59
133.08138132095337,39.93
134.4920778274536,40.24
135.8328275680542,40.34
137.1722526550293,40.24
138.5156545639038,40.14
139.92467212677002,40.07
141.34016871452332,39.76
142.7536461353302,39.55
144.1611020565033,39.62
145.57305073738098,39.86
146.98739171028137,39.79
148.39960026741028,39.72
149.80676198005676,40.1
151.2231662273407,40.21
152.63405680656433,40.1
154.04692602157593,39.86
155.45773768424988,39.76
156.86870884895325,40.14
158.28124856948853,39.83
159.68391227722168,40.14
161.03908586502075,40.0
162.45175290107727,39.83
163.7927062511444,39.76
165.2053394317627,40.1
166.6169457435608,39.9
167.94955253601074,39.66
169.29259705543518,40.07
170.6439824104309,40.17
171.98047971725464,40.07
173.32893252372742,39.86
174.67247223854065,39.66
176.07710075378418,39.52
177.4310965538025,39.72
178.83090686798096,39.86
180.18546676635742,39.97
181.52153277397156,40.0
182.92822694778442,39.93
184.27559447288513,40.1
185.6286973953247,40.1
186.97238159179688,40.28
188.38354110717773,40.31
189.71245121955872,40.38
191.13785576820374,40.17
198.44691920280457,7.72
199.7438771724701,7.76
201.07741284370422,7.79
