1.1097540855407715,-2.0
2.349393367767334,-1.97
3.559399127960205,-2.0
4.767045736312866,-2.07
5.978317499160767,-2.0
7.1889355182647705,-2.07
11.740135431289673,0.52
13.167665243148804,1.31
14.58145022392273,2.24
15.993693828582764,2.55
17.391735553741455,9.97
18.74947762489319,22.55
20.15823006629944,65.1
21.504568099975586,170.17
22.918044328689575,277.9
24.25914478302002,297.45
25.672293424606323,303.17
27.086427211761475,301.62
28.48740267753601,320.07
35.789870262145996,0.17
37.109598875045776,-0.17
38.41935086250305,-0.21
39.72953772544861,-0.41
41.04633378982544,-0.38
42.404860973358154,-0.38
43.71876621246338,-0.38
45.0302939414978,-0.45
46.34419298171997,-0.45
47.66715621948242,-0.48
48.982625007629395,-0.45
50.31286072731018,-0.34
