1.1057429313659668,-0.34
2.3524129390716553,-0.24
3.559438705444336,-0.28
4.760610342025757,-0.24
7.517613172531128,20.14
8.927613258361816,45.45
10.335249662399292,67.72
11.754600286483765,86.62
13.165631532669067,103.24
14.576655149459839,119.83
15.987604141235352,135.24
19.513185501098633,9.72
20.9277663230896,12.66
22.26002311706543,13.41
23.68168568611145,13.55
25.09148383140564,13.45
26.496379375457764,13.07
27.9063241481781,12.86
29.328293323516846,12.52
30.74011254310608,12.14
32.1474609375,11.69
33.485098361968994,11.45
37.177287340164185,0.31
38.49857711791992,0.1
39.8032968044281,0.03
41.14460635185242,-0.07
42.455418825149536,-0.21
43.76222348213196,-0.17
45.08025407791138,-0.17
46.372225284576416,-0.28
47.67927956581116,-0.14
48.99934649467468,-0.28
50.332231521606445,-0.21
51.64697504043579,-0.24
52.96016216278076,-0.21
54.273149251937866,-0.17
55.590044260025024,-0.31
56.897886514663696,-0.28
59.664856910705566,365.79
61.0632004737854,485.03
62.48923635482788,267.76
66.17789435386658,-3.28
67.48077511787415,-3.24
68.79174780845642,-3.28
70.09584712982178,-3.31
71.38721680641174,-3.34
72.70417642593384,-3.34
74.0019953250885,-3.31
75.30056238174438,-3.34
76.64416313171387,-3.31
77.94613265991211,-3.38
79.24869441986084,-3.38
80.56251859664917,-3.34
81.85913419723511,-3.34
83.17224192619324,-3.34
84.48728346824646,-3.28
85.82406306266785,-3.31
88.59871578216553,234.79
90.00039529800415,310.79
91.34450817108154,304.76
95.04491853713989,-3.41
96.35653591156006,-3.45
97.67584109306335,-3.45
98.99396777153015,-3.48
100.32748794555664,-3.48
101.63537573814392,-3.48
102.94231057167053,-3.55
104.2422137260437,-3.52
107.0146005153656,222.79
108.43162202835083,302.52
109.84455609321594,312.41
111.24128913879395,248.55
112.66743302345276,142.79
114.07762908935547,64.62
115.48652696609497,31.76
119.18174266815186,-3.72
120.50274610519409,-3.86
121.82281112670898,-3.93
123.12444496154785,-3.93
124.4876754283905,-4.0
