1.1100432872772217,-1.79
2.3562047481536865,-1.76
3.5662145614624023,-1.72
4.772103548049927,-1.83
7.545182228088379,0.79
8.9571852684021,0.55
10.28803539276123,0.28
11.705261468887329,0.28
13.126190185546875,2.07
14.540735483169556,4.24
15.95298457145691,5.03
17.286255598068237,5.34
18.697497606277466,5.07
20.046202421188354,5.0
21.384430408477783,9.83
22.798813581466675,9.59
24.146547317504883,9.0
25.560574293136597,8.38
26.910182237625122,8.79
28.325246810913086,12.48
29.72750687599182,11.62
31.139935970306396,10.79
32.48713159561157,10.17
33.836042642593384,9.31
35.170607805252075,8.72
36.59321117401123,9.1
37.92862915992737,12.59
39.283989906311035,11.69
40.684715032577515,10.83
42.09363007545471,10.24
43.5164213180542,9.41
44.86432147026062,9.1
46.19425368309021,9.1
47.616949796676636,13.28
48.96017503738403,12.21
50.37275314331055,11.31
51.7840051651001,10.34
53.193989992141724,9.45
54.53577899932861,10.34
55.95620369911194,12.83
57.37167572975159,11.34
58.778505086898804,10.03
60.18491888046265,9.66
61.6111798286438,9.48
63.016353607177734,8.93
64.43146014213562,8.34
65.84365463256836,11.31
67.17763686180115,7.1
68.60035252571106,6.17
70.00162601470947,7.34
71.3533775806427,7.34
72.70406436920166,7.62
74.10383081436157,8.14
75.52353811264038,8.17
76.8658447265625,7.72
78.2755515575409,7.45
79.69805836677551,11.1
81.1099624633789,9.83
82.52195262908936,8.72
83.9349639415741,7.83
85.34799909591675,8.07
86.75977516174316,8.0
88.16377758979797,7.41
89.51094341278076,7.69
90.9282455444336,11.28
92.26848435401917,6.52
93.68383312225342,5.83
