1.1038973331451416,-1.76,0
2.337996482849121,-1.86,0
3.5379176139831543,-1.83,0
4.737049341201782,-1.76,0
9.318689107894897,818.76,1
10.660233974456787,932.34,1
12.072054147720337,551.72,1
13.475186586380005,274.07,1
20.777820587158203,5.97,0
22.117307424545288,4.93,0
23.429445505142212,3.48,0
24.738645792007446,1.93,0
26.03958749771118,1.38,0
27.34818720817566,-0.28,0
28.657874584197998,-1.45,0
29.965718507766724,-1.55,0
31.273792505264282,-1.66,0
32.62447142601013,-1.62,0
33.929163455963135,-1.76,0
35.21008849143982,-1.72,0
36.54670429229736,-1.76,0
37.845163106918335,-1.72,0
39.15070414543152,-1.76,0
40.469871282577515,-1.72,0
45.052844524383545,801.79,1
46.4649293422699,840.1,1
47.79835629463196,541.62,1
49.21466588973999,286.69,1
50.62117648124695,150.52,1
52.04246425628662,91.45,1
53.446401596069336,67.1,1
60.741135358810425,7.24,0
62.06404209136963,6.07,0
63.420456647872925,4.97,0
64.73337912559509,3.62,0
66.04223394393921,2.59,0
67.35354971885681,1.79,0
68.64662504196167,0.69,0
69.95595860481262,-1.34,0
74.54475474357605,784.69,1
75.96299767494202,880.76,1
77.36211609840393,535.31,1
78.77847862243652,293.9,1
80.12004470825195,179.9,1
81.46407079696655,127.55,1
82.86992526054382,104.9,1
84.21307277679443,98.24,1
85.57070469856262,99.62,1
86.90957260131836,99.59,1
88.31330370903015,99.48,1
89.73361897468567,98.93,1
91.07135939598083,98.72,1
92.41068434715271,99.45,1
