1.1188061237335205,0.03,0
2.3511440753936768,0.17,0
3.558056354522705,0.14,0
4.768232583999634,0.17,0
9.350793838500977,17.97,1
10.764631509780884,21.03,1
12.108439683914185,34.72,1
13.509900569915771,41.79,1
14.929843664169312,47.83,1
16.34077548980713,49.62,1
17.680455684661865,50.21,1
19.023900985717773,50.28,1
20.36510133743286,50.45,1
21.777922868728638,50.76,1
23.133774280548096,51.21,1
24.46646213531494,51.41,1
25.887871980667114,52.28,1
27.298914909362793,52.76,1
28.701051712036133,52.17,1
30.12247109413147,47.48,1
31.535042762756348,50.48,1
32.93516826629639,55.59,1
34.35911464691162,48.03,1
35.70286965370178,56.41,1
37.10244083404541,48.52,1
38.52445602416992,41.03,1
39.85682654380798,54.1,1
41.203125953674316,48.1,1
42.55593776702881,49.76,1
43.89447283744812,67.83,1
45.30527639389038,58.79,1
46.64191174507141,47.72,1
48.06403636932373,50.52,1
49.47648072242737,48.0,1
50.87626314163208,42.83,1
52.29867076873779,49.0,1
53.70025587081909,41.17,1
55.10989284515381,46.97,1
56.524982929229736,67.83,1
57.94132328033447,59.07,1
59.3506224155426,43.55,1
60.76064705848694,49.59,1
62.18297362327576,49.17,1
63.57908606529236,51.1,1
65.00518894195557,41.24,1
66.34241247177124,45.24,1
67.75722670555115,44.45,1
69.08862328529358,49.55,1
70.51420903205872,50.69,1
71.92015194892883,50.76,1
