1.1163642406463623,-1.14
2.3332061767578125,-1.14
3.5733954906463623,-1.14
4.773991584777832,-1.14
9.37648630142212,1.66
10.70647406578064,1.62
12.11919379234314,1.66
13.5337073802948,1.59
14.952800989151001,1.48
16.368112564086914,1.55
17.770679235458374,1.62
19.197301387786865,1.52
20.607255697250366,1.59
21.946134567260742,1.48
23.363990306854248,1.48
24.704941987991333,1.48
26.052727222442627,1.52
27.455480098724365,1.55
28.87039804458618,1.59
30.289937734603882,1.66
31.69266700744629,1.69
33.04472517967224,1.69
34.460062742233276,1.69
35.797847032547,1.66
37.212900161743164,1.66
38.63217496871948,1.66
40.03252577781677,1.66
41.45362377166748,1.59
42.87062931060791,1.55
44.28569006919861,1.55
45.683351039886475,1.62
47.03353667259216,1.66
48.45206141471863,1.62
49.8549485206604,1.41
51.2772958278656,1.59
52.69090032577515,1.48
54.1026337146759,1.34
