1.106963872909546,-1.45,0
2.3374574184417725,-1.45,0
3.5430715084075928,-1.48,0
4.743310213088989,-1.48,0
5.9521870613098145,-1.34,0
7.161236763000488,-1.52,0
8.380521297454834,-1.48,0
9.57387375831604,-1.45,0
10.789417028427124,-1.48,0
12.024526596069336,-1.45,0
13.241520404815674,-1.48,0
14.44958209991455,-1.48,0
15.654903888702393,-1.52,0
16.870355367660522,-1.59,0
18.07611656188965,-1.52,0
19.27458095550537,-1.41,0
20.491857290267944,-1.48,0
21.72991633415222,-1.45,0
22.928969383239746,-1.41,0
24.11899185180664,-1.55,0
25.340100049972534,-1.52,0
26.52932333946228,-1.41,0
27.74243927001953,-1.48,0
28.95562505722046,-1.48,0
30.164064645767212,-1.48,0
31.41614079475403,-1.45,0
32.62088084220886,-1.52,0
33.82586646080017,-1.48,0
35.020822048187256,-1.55,0
36.21832847595215,-1.45,0
37.419102907180786,-1.52,0
38.61982488632202,-1.48,0
39.82873725891113,-1.52,0
41.07532286643982,-1.48,0
42.273940086364746,-1.52,0
43.473541259765625,-1.41,0
44.66864991188049,-1.55,0
45.879863023757935,-1.52,0
47.080095052719116,-1.45,0
48.277140855789185,-1.52,0
49.48620080947876,-1.45,0
50.71595740318298,-1.52,0
51.92538595199585,-1.45,0
53.13882374763489,-1.45,0
54.347243547439575,-1.48,0
55.54380917549133,-1.52,0
56.74996590614319,-1.48,0
57.96838879585266,-1.52,0
59.209235429763794,-1.48,0
60.42007303237915,-1.41,0
61.63231348991394,-1.55,0
62.84557318687439,-1.38,0
64.05653214454651,-1.48,0
65.25444674491882,-1.52,0
66.45024585723877,-1.45,0
67.65250325202942,-1.45,0
68.90312147140503,-1.41,0
70.10949802398682,-1.48,0
71.30002522468567,-1.45,0
72.51350831985474,-1.45,0
73.7266640663147,-1.45,0
74.92568898200989,-1.52,0
76.28322196006775,-1.48,0
77.50595617294312,-1.52,0
78.72802686691284,-1.48,0
80.26459765434265,-1.48,0
81.48538875579834,-1.45,0
82.67831611633301,-1.45,0
1.2158641815185547,-1.48,1
2.4977071285247803,-1.55,1
3.773141622543335,-1.45,1
5.049187660217285,-1.52,1
6.462272644042969,-1.45,1
7.806932687759399,-1.55,1
9.148282051086426,-1.52,1
10.493198871612549,-1.52,1
11.82375168800354,-1.52,1
13.252072811126709,-1.55,1
14.650657892227173,-1.45,1
16.06247305870056,-1.55,1
17.48676609992981,-1.52,1
18.82472324371338,-1.52,1
20.169986963272095,-1.52,1
21.513675451278687,-1.52,1
22.91945505142212,-1.45,1
24.26652193069458,-1.48,1
25.614484548568726,-1.52,1
26.96021556854248,-1.48,1
28.379164695739746,-1.55,1
29.71808910369873,-1.48,1
31.13634753227234,-1.52,1
32.54057478904724,-1.55,1
33.961249589920044,-1.45,1
35.296196937561035,-1.59,1
36.70961403846741,-1.48,1
38.060678482055664,-1.48,1
39.47481036186218,-1.52,1
40.80562472343445,-1.45,1
42.149940729141235,-1.48,1
