1.1104533672332764,-1.59,0
2.3449783325195312,-1.59,0
3.557990550994873,-1.66,0
4.7641472816467285,-1.59,0
5.968730211257935,-1.55,0
10.568129062652588,1012.83,1
11.99422550201416,0.59,1
13.40689730644226,269.83,1
14.81790542602539,-1.14,1
16.22375249862671,-1.38,1
17.63107419013977,-0.76,1
18.974228382110596,-0.28,1
20.3224356174469,0.45,1
21.74045205116272,1.45,1
23.151702642440796,1.79,1
24.48438549041748,1.72,1
25.905202388763428,1.83,1
27.320573091506958,9.55,1
28.72267723083496,54.24,1
30.14113163948059,45.76,1
31.553494215011597,36.38,1
32.96682024002075,-414.59,1
34.383784770965576,18.34,1
35.7217218875885,-0.62,1
37.128623723983765,-0.72,1
38.54414510726929,0.62,1
39.953999519348145,4.34,1
41.37656283378601,9.93,1
42.78138709068298,19.9,1
44.18897485733032,10.31,1
45.60306096076965,0.41,1
47.02015495300293,1.41,1
48.42802691459656,5.28,1
49.84752368927002,20.03,1
51.256545543670654,27.52,1
52.67771887779236,5.31,1
54.08046340942383,6.69,1
55.5028760433197,60.1,1
56.9081289768219,42.66,1
58.32538557052612,34.38,1
59.737149477005005,26.69,1
61.142701148986816,28.28,1
62.552175760269165,33.14,1
63.96800708770752,31.76,1
65.38854789733887,31.41,1
66.78601861000061,28.9,1
68.20086073875427,33.17,1
69.61778330802917,23.03,1
71.0335922241211,18.07,1
72.36615896224976,11.45,1
73.70718288421631,23.69,1
75.12020540237427,28.1,1
76.46279883384705,23.79,1
77.87527823448181,27.62,1
