1.1196560859680176,-1.83,0
2.355527639389038,-1.9,0
3.559236764907837,-1.86,0
4.7573630809783936,-1.86,0
5.958136320114136,-1.83,0
10.550167083740234,5.76,1
11.963106632232666,26.31,1
13.375174283981323,35.28,1
14.781325340270996,38.34,1
16.18606424331665,40.31,1
17.543038606643677,41.41,1
18.882067441940308,39.28,1
20.224468231201172,39.28,1
21.56786274909973,39.97,1
22.91820979118347,39.59,1
24.25721025466919,39.9,1
25.59632706642151,39.31,1
27.020123720169067,38.66,1
28.360711097717285,39.72,1
29.770037412643433,39.17,1
31.177605152130127,38.38,1
32.59637975692749,38.07,1
33.941195249557495,38.14,1
35.28259992599487,36.69,1
36.62954616546631,36.31,1
38.03147315979004,38.79,1
39.381481885910034,39.72,1
40.72517418861389,39.79,1
42.0696542263031,39.69,1
43.472434282302856,35.07,1
44.89151215553284,32.86,1
46.23048400878906,35.1,1
47.57491970062256,35.66,1
48.992008209228516,37.62,1
50.3325936794281,37.79,1
51.6695556640625,37.83,1
53.08781981468201,39.86,1
54.42588925361633,39.24,1
55.776963233947754,40.24,1
57.11894154548645,41.14,1
58.53038048744202,40.24,1
59.9313223361969,37.45,1
61.34950566291809,39.34,1
62.757601737976074,39.86,1
64.18016600608826,40.28,1
65.58500981330872,41.97,1
66.935622215271,40.52,1
68.34213924407959,40.24,1
69.76041436195374,40.0,1
71.10165166854858,40.38,1
72.43815755844116,39.41,1
73.77932953834534,39.55,1
75.12705373764038,40.28,1
82.42790532112122,-0.31,0
83.73067665100098,-0.48,0
85.0362765789032,-0.45,0
86.37618970870972,-0.41,0
87.67522668838501,-0.48,0
88.98415946960449,-0.55,0
90.29587364196777,-0.45,0
91.60572266578674,-0.66,0
92.90719151496887,-0.76,0
94.20215940475464,-0.83,0
95.51049399375916,-0.79,0
96.85784459114075,-0.97,0
98.17991232872009,-1.03,0
99.48673415184021,-1.07,0
100.78241968154907,-1.1,0
102.08557033538818,-1.14,0
106.67297387123108,623.72,1
108.07520151138306,712.66,1
109.48161172866821,465.9,1
110.9009370803833,294.69,1
112.31299376487732,192.31,1
113.72725439071655,128.76,1
115.12698101997375,94.45,1
116.54205369949341,77.97,1
117.96217441558838,69.55,1
119.37310028076172,62.83,1
126.66473269462585,-0.76,0
128.00965929031372,-0.62,0
129.31589818000793,-0.72,0
130.62429356575012,-0.76,0
131.95413088798523,-0.69,0
133.26637387275696,-0.83,0
134.5747480392456,-0.97,0
135.88200163841248,-1.07,0
140.5089201927185,611.1,1
141.8446249961853,783.24,1
143.26207733154297,555.34,1
144.66599225997925,362.62,1
146.08375144004822,249.76,1
147.4941246509552,181.9,1
148.90856432914734,143.86,1
150.32182598114014,120.41,1
151.72192358970642,109.69,1
153.13989520072937,105.66,1
154.55756664276123,101.07,1
155.96390891075134,99.72,1
157.37043118476868,99.28,1
158.7884042263031,102.0,1
160.1933991909027,99.93,1
161.6111433506012,102.31,1
163.0118124485016,102.79,1
164.3646113872528,99.52,1
165.70364618301392,101.31,1
167.04238390922546,102.38,1
168.46379375457764,100.59,1
169.80128574371338,99.28,1
171.20684242248535,101.48,1
172.62320041656494,99.76,1
179.92769956588745,-1.38,0
181.23795890808105,-1.38,0
182.53983306884766,-1.38,0
183.8526520729065,-1.41,0
185.14629197120667,-1.38,0
186.4586250782013,-1.41,0
187.76691365242004,-1.45,0
189.10416078567505,-1.45,0
190.30048990249634,-1.55,0
191.49821019172668,-1.59,0
192.70940971374512,-1.59,0
193.90566396713257,-1.72,0
195.117436170578,-1.62,0
196.32927346229553,-1.72,0
197.5241572856903,-1.72,0
198.76776504516602,-1.69,0
199.98083448410034,-1.79,0
201.17999172210693,-1.72,0
202.38486886024475,-1.69,0
203.59808206558228,-1.66,0
204.79650163650513,-1.72,0
206.0081992149353,-1.69,0
207.23784041404724,-1.72,0
208.44180941581726,-1.72,0
209.64449286460876,-1.69,0
210.85656666755676,-1.76,0
212.06780004501343,-1.72,0
213.28261876106262,-1.69,0
214.4769377708435,-1.72,0
215.67391443252563,-1.69,0
216.92640805244446,-1.69,0
218.12545466423035,-1.69,0
219.33019876480103,-1.72,0
220.5438838005066,-1.72,0
221.7431640625,-1.72,0
222.95677947998047,-1.76,0
224.15296745300293,-1.76,0
225.35670590400696,-1.79,0
226.59827089309692,-1.79,0
227.8001401424408,-1.72,0
228.99754166603088,-1.72,0
230.21004796028137,-1.66,0
231.4257607460022,-1.72,0
