1.1082422733306885,2.14,0
2.341506004333496,2.07,0
3.543458938598633,2.14,0
4.737681865692139,2.14,0
5.9378721714019775,2.07,0
10.51741623878479,3.31,1
11.861983060836792,3.17,1
13.275442361831665,3.59,1
14.687774419784546,4.41,1
16.102272748947144,5.69,1
17.44538903236389,5.1,1
18.790510416030884,6.52,1
20.132755756378174,5.9,1
21.478108644485474,8.24,1
22.890612602233887,6.66,1
24.301079750061035,7.52,1
25.646437644958496,8.83,1
27.059526205062866,8.52,1
28.473591089248657,8.34,1
29.885963201522827,8.1,1
31.297964572906494,8.07,1
32.71000623703003,9.31,1
34.053513288497925,9.21,1
35.4679594039917,9.0,1
36.810372829437256,8.72,1
38.22295880317688,8.76,1
39.635653018951416,9.17,1
41.04860854148865,9.07,1
42.392969846725464,8.86,1
43.80555963516235,11.1,1
45.149484395980835,9.97,1
46.492658853530884,10.31,1
47.90555024147034,9.86,1
49.31700563430786,9.72,1
50.662659883499146,10.1,1
52.004440784454346,9.86,1
53.41859221458435,9.72,1
54.83094096183777,9.41,1
56.24486756324768,10.31,1
57.65794587135315,9.69,1
59.071635007858276,10.17,1
60.415297746658325,9.93,1
61.759599447250366,10.17,1
63.172499895095825,10.0,1
64.58460879325867,10.07,1
65.99622583389282,9.97,1
67.34128952026367,9.9,1
68.68345642089844,10.03,1
70.09593963623047,10.14,1
71.44085764884949,10.07,1
72.78385710716248,9.83,1
74.12821555137634,10.48,1
75.47237610816956,10.21,1
76.81695246696472,10.0,1
78.15978026390076,10.17,1
79.50468373298645,10.1,1
80.84876418113708,9.69,1
82.26093554496765,10.03,1
83.60473394393921,9.86,1
84.94791197776794,10.31,1
86.29293155670166,9.9,1
87.70570731163025,9.52,1
89.04992318153381,10.14,1
90.3924674987793,8.07,1
91.80495810508728,10.52,1
93.21693420410156,10.21,1
94.56183409690857,10.1,1
95.97491836547852,10.03,1
97.38728904724121,9.86,1
98.79884076118469,10.03,1
100.2108986377716,9.62,1
101.62369179725647,9.76,1
103.03499960899353,10.1,1
104.44887948036194,10.07,1
105.86188673973083,10.31,1
107.27507948875427,9.9,1
108.6882381439209,10.03,1
110.0322093963623,9.9,1
111.44490909576416,10.0,1
112.85750603675842,9.93,1
114.2714192867279,9.93,1
115.68383288383484,9.55,1
117.09669852256775,10.1,1
118.50890517234802,10.03,1
119.92142343521118,9.76,1
121.33364415168762,9.59,1
122.74589610099792,9.59,1
124.15890216827393,10.21,1
125.57269096374512,9.79,1
126.98479986190796,10.07,1
128.3979139328003,9.55,1
129.8107192516327,9.97,1
131.15476632118225,9.76,1
132.49929451942444,10.1,1
133.91089701652527,9.48,1
135.3224320411682,10.31,1
136.7359368801117,9.86,1
138.14799642562866,9.52,1
139.4916431903839,9.66,1
140.9050531387329,9.86,1
142.31689071655273,10.1,1
143.72889065742493,9.9,1
145.14181280136108,10.03,1
146.55390691757202,9.48,1
147.9669270515442,9.76,1
149.37988686561584,9.83,1
150.72305393218994,10.17,1
152.06849431991577,9.69,1
153.48174571990967,9.41,1
154.89320373535156,9.93,1
156.30667448043823,10.14,1
157.71919751167297,9.93,1
159.13189721107483,9.55,1
160.4758961200714,10.14,1
161.82079887390137,9.48,1
163.16401648521423,9.48,1
164.50787210464478,10.14,1
165.85248041152954,9.83,1
167.26487636566162,9.45,1
168.67754745483398,9.72,1
170.02211713790894,9.83,1
171.43489170074463,9.55,1
172.77786779403687,9.79,1
174.19139456748962,9.93,1
175.53532314300537,9.93,1
176.87879538536072,9.48,1
178.29138255119324,9.79,1
179.63486909866333,9.69,1
180.97900342941284,9.55,1
182.32206869125366,10.07,1
183.66668009757996,9.79,1
185.01073622703552,9.86,1
186.35494661331177,9.52,1
187.69885087013245,9.55,1
189.0428786277771,9.69,1
190.45476245880127,10.03,1
191.79886198043823,9.59,1
193.14303135871887,10.07,1
194.486093044281,10.03,1
195.83085989952087,9.97,1
197.17488074302673,9.69,1
198.5186846256256,9.38,1
199.86287569999695,10.07,1
201.27683806419373,9.97,1
208.5796446800232,2.17,0
209.8911349773407,2.17,0
211.1903772354126,2.1,0
212.49082565307617,2.21,0
213.79132795333862,2.14,0
215.1037974357605,2.21,0
216.44383335113525,2.17,0
217.7550437450409,2.14,0
219.0594048500061,2.24,0
220.3628270626068,2.21,0
221.66898012161255,2.28,0
222.9781186580658,2.28,0
224.2828450202942,2.24,0
225.62487649917603,2.34,0
226.92691588401794,2.31,0
228.23724174499512,2.14,0
232.81333351135254,3.83,1
234.22455024719238,12.31,1
235.5687656402588,15.83,1
236.9121904373169,19.17,1
238.32408809661865,23.07,1
239.73619055747986,26.86,1
241.08170771598816,29.0,1
242.49425888061523,32.03,1
243.90689897537231,34.93,1
245.31816983222961,36.59,1
246.66202759742737,39.03,1
248.00447034835815,40.86,1
249.4154269695282,42.62,1
250.75908613204956,44.72,1
252.10248684883118,47.1,1
253.51346683502197,47.38,1
254.85687351226807,48.38,1
256.2688446044922,49.28,1
257.68119168281555,50.07,1
259.0931348800659,50.9,1
260.50401306152344,51.93,1
261.84780049324036,53.24,1
263.2594475746155,52.86,1
264.67107582092285,54.34,1
266.0140652656555,53.79,1
267.42482566833496,55.38,1
268.7694466114044,55.14,1
270.1103961467743,56.38,1
271.5220329761505,56.03,1
272.93274450302124,57.48,1
274.34481406211853,57.93,1
275.75769090652466,57.17,1
277.1698999404907,59.21,1
278.5817346572876,58.41,1
279.99374413490295,59.24,1
281.40525102615356,58.59,1
282.8167881965637,59.0,1
284.22832584381104,59.52,1
285.6392946243286,60.31,1
287.0499131679535,60.03,1
288.4617819786072,59.86,1
289.8714556694031,59.86,1
291.2855484485626,59.93,1
292.6967976093292,60.03,1
294.1088025569916,60.0,1
295.52050042152405,60.14,1
296.9327800273895,60.17,1
298.34481477737427,59.66,1
299.755610704422,60.34,1
301.166734457016,60.0,1
302.5775430202484,59.48,1
303.98895478248596,60.31,1
305.40082812309265,59.79,1
306.81292057037354,60.38,1
314.1027920246124,0.59,0
315.4167695045471,0.83,0
316.72492003440857,0.83,0
318.04215145111084,0.97,0
319.38844561576843,1.07,0
320.70079016685486,1.14,0
322.00519609451294,1.07,0
323.30640506744385,1.17,0
327.885782957077,4.62,1
329.2979738712311,19.31,1
330.64227867126465,25.03,1
331.98585867881775,30.62,1
333.39905548095703,38.24,1
334.8122842311859,44.31,1
336.1545033454895,49.76,1
337.49770426750183,53.03,1
338.840505361557,55.69,1
340.2519545555115,61.38,1
341.59475541114807,63.86,1
342.9377694129944,66.86,1
344.2807595729828,70.34,1
345.6933877468109,74.28,1
347.0357050895691,75.24,1
348.378466129303,77.66,1
349.7215003967285,80.83,1
351.1329643726349,82.45,1
352.47578716278076,84.14,1
353.88763904571533,85.41,1
355.2309272289276,86.0,1
356.6424210071564,87.69,1
357.9847686290741,88.55,1
359.32775020599365,89.17,1
360.6714951992035,90.24,1
362.0831115245819,91.31,1
363.4256875514984,94.21,1
364.76930713653564,94.52,1
366.1114134788513,94.48,1
367.52283668518066,94.79,1
368.86569380760193,94.86,1
370.2777509689331,94.79,1
371.6213960647583,94.72,1
373.031756401062,94.9,1
374.37527203559875,94.86,1
375.78789043426514,95.1,1
377.1987371444702,95.07,1
378.60973381996155,95.03,1
385.91076397895813,-2.21,0
387.22510743141174,-2.14,0
388.53167605400085,-2.14,0
389.8437469005585,-2.1,0
391.1497483253479,-2.0,0
392.4587254524231,-2.14,0
393.7637424468994,-2.07,0
395.11141872406006,-2.0,0
396.31497859954834,-2.03,0
397.52036452293396,-1.97,0
398.72465085983276,-1.97,0
399.94572734832764,-2.03,0
