1.1095285415649414,-2.03,0
2.353954553604126,-1.97,0
3.5667688846588135,-2.03,0
4.766711473464966,-2.03,0
5.977351665496826,-1.97,0
7.197566032409668,-2.07,0
8.395044803619385,-2.03,0
9.80209493637085,-1.93,0
11.05785322189331,-2.0,0
12.314794063568115,-2.0,0
13.819529294967651,-2.0,0
15.02186632156372,-2.0,0
16.225300073623657,-1.97,0
17.4300479888916,-1.93,0
18.62490749359131,-1.9,0
23.215587854385376,-1.97,1
24.627504348754883,-1.93,1
26.039647340774536,-2.03,1
27.44960856437683,-1.9,1
28.855409383773804,-1.97,1
30.265690803527832,-2.0,1
31.691077947616577,-1.9,1
33.08986830711365,-2.03,1
34.517584800720215,-1.97,1
35.92428946495056,-1.86,1
