1.1085832118988037,-1.79,0
2.3421130180358887,-1.79,0
3.553138494491577,-1.76,0
4.754846811294556,-1.79,0
5.967326879501343,-1.83,0
10.561517715454102,10.31,1
11.974515438079834,19.97,1
13.38750147819519,27.41,1
14.800382375717163,34.07,1
16.213050603866577,40.45,1
17.626367568969727,46.52,1
18.968716382980347,51.55,1
20.311314582824707,55.83,1
21.723459482192993,59.48,1
23.134051084518433,61.69,1
24.54538106918335,65.45,1
25.956121921539307,68.72,1
27.36818838119507,72.24,1
28.781225204467773,75.45,1
30.192302703857422,78.38,1
31.60439157485962,81.48,1
33.01641368865967,84.17,1
34.42848777770996,86.66,1
35.77254319190979,89.14,1
37.18550109863281,91.38,1
38.52685856819153,93.59,1
39.87120723724365,95.59,1
41.282989263534546,97.76,1
42.695467710494995,99.69,1
44.10691857337952,101.52,1
45.51841187477112,103.41,1
46.93262815475464,104.9,1
48.34332895278931,106.62,1
49.686140060424805,107.79,1
51.098899126052856,109.24,1
52.510263204574585,110.86,1
53.92240595817566,111.72,1
55.335371017456055,112.97,1
56.74580478668213,113.52,1
58.15750527381897,113.9,1
59.568570613861084,113.86,1
60.97948622703552,113.21,1
62.39068937301636,112.72,1
63.80156946182251,111.66,1
65.2140851020813,110.76,1
66.55775451660156,109.17,1
67.96895408630371,107.34,1
69.38074088096619,105.38,1
70.79095649719238,103.69,1
72.20218992233276,101.52,1
73.54548192024231,99.86,1
74.95771050453186,97.72,1
76.30119848251343,95.52,1
77.71134948730469,93.28,1
79.12380862236023,90.97,1
80.53545880317688,88.59,1
81.94745659828186,86.24,1
83.29058980941772,84.03,1
84.70137929916382,81.86,1
86.11296272277832,79.72,1
87.52406287193298,77.66,1
88.9347836971283,75.28,1
90.34689974784851,73.07,1
91.75895428657532,70.97,1
93.17151236534119,69.31,1
94.58484601974487,67.21,1
95.9961404800415,65.31,1
97.4088180065155,63.66,1
98.81917595863342,62.03,1
100.2307300567627,60.62,1
101.64187002182007,59.0,1
103.05321455001831,57.59,1
104.46350359916687,56.45,1
105.87543797492981,55.14,1
107.2876079082489,53.93,1
108.70234608650208,52.93,1
110.11282634735107,52.14,1
111.52480792999268,51.41,1
112.93677568435669,50.69,1
114.34830951690674,50.07,1
115.75976753234863,49.52,1
117.17103099822998,48.97,1
118.58195519447327,48.79,1
119.99292778968811,48.62,1
121.40304899215698,48.34,1
122.81461000442505,48.28,1
124.22834038734436,48.28,1
125.64042067527771,48.31,1
127.05336833000183,48.38,1
128.46542954444885,48.59,1
129.87661361694336,48.62,1
131.28829312324524,48.93,1
132.69872069358826,49.14,1
134.11007404327393,49.59,1
135.52127170562744,50.28,1
136.9323079586029,50.55,1
138.34367752075195,51.17,1
139.75662112236023,51.79,1
141.1685106754303,52.28,1
142.5805480480194,52.69,1
143.99221324920654,53.17,1
145.40514993667603,53.69,1
146.81663751602173,54.28,1
148.2282359600067,54.76,1
149.63936018943787,55.41,1
151.04980206489563,55.66,1
152.46025848388672,56.28,1
153.87237191200256,56.83,1
155.28401017189026,57.28,1
156.6957869529724,57.62,1
158.1084303855896,58.1,1
159.5202660560608,58.55,1
160.86216831207275,58.97,1
162.27316308021545,59.34,1
163.6839828491211,59.66,1
165.09604573249817,60.07,1
166.50717568397522,60.21,1
167.85023498535156,60.45,1
169.19421291351318,60.86,1
170.6057448387146,61.07,1
172.01766633987427,61.28,1
173.42914366722107,61.48,1
174.841472864151,61.69,1
176.25426197052002,61.9,1
177.6661319732666,62.14,1
179.07756662368774,62.17,1
180.48778247833252,62.21,1
181.8992931842804,62.31,1
183.2423574924469,62.31,1
184.65481400489807,62.38,1
185.9981050491333,62.41,1
187.40901613235474,62.62,1
188.82014346122742,62.41,1
190.1631989479065,62.34,1
191.50699877738953,62.34,1
192.9177827835083,62.48,1
194.33021211624146,62.48,1
195.7412452697754,62.41,1
197.15412163734436,62.34,1
198.4962499141693,62.38,1
199.90819025039673,62.31,1
201.3189733028412,62.21,1
202.73038625717163,62.14,1
204.1406021118164,62.21,1
205.55286121368408,62.0,1
206.96485114097595,61.97,1
208.37716102600098,61.76,1
209.78919410705566,61.76,1
211.20090675354004,61.66,1
212.6136658191681,61.52,1
214.02565383911133,61.41,1
215.4368314743042,61.31,1
216.77980971336365,61.24,1
218.19225215911865,61.14,1
219.60354590415955,61.14,1
221.01560139656067,60.93,1
228.3199553489685,-1.83,0
229.63225555419922,-1.9,0
230.944979429245,-1.79,0
232.25498294830322,-1.83,0
233.567688703537,-1.72,0
234.8811240196228,-1.83,0
236.19463992118835,-1.79,0
237.53785753250122,-1.83,0
242.12243509292603,-2.52,1
243.53549814224243,2.79,1
244.94914031028748,9.07,1
246.36263799667358,16.24,1
247.7745246887207,20.45,1
249.18674516677856,24.24,1
250.59902453422546,27.97,1
252.01078176498413,31.59,1
253.42304754257202,34.21,1
254.8365831375122,36.66,1
256.24797677993774,38.1,1
257.66076922416687,40.45,1
259.0738286972046,42.0,1
260.4852316379547,43.52,1
261.89792037010193,44.9,1
263.30830001831055,43.62,1
264.71931862831116,44.93,1
266.13047337532043,46.52,1
267.5420923233032,47.34,1
268.9530999660492,48.79,1
270.3651671409607,49.76,1
271.776682138443,50.41,1
273.1887776851654,51.31,1
274.60167241096497,52.14,1
276.0162134170532,53.0,1
277.42639350891113,52.97,1
278.83726263046265,53.62,1
280.2480103969574,54.59,1
281.6596610546112,54.59,1
283.0707402229309,55.24,1
284.48192954063416,55.34,1
285.89232087135315,56.07,1
287.3048024177551,55.97,1
288.7176434993744,56.24,1
290.12950897216797,56.86,1
291.5415277481079,57.0,1
292.9540927410126,57.0,1
294.36649441719055,57.17,1
295.7773666381836,57.97,1
297.18781185150146,57.72,1
298.5994117259979,57.76,1
300.01069259643555,58.72,1
301.4209930896759,58.76,1
302.83254885673523,58.66,1
304.2448842525482,58.76,1
305.65727376937866,58.62,1
307.0691945552826,59.52,1
308.4821746349335,59.34,1
309.89398288726807,59.52,1
311.30541491508484,59.62,1
312.71694111824036,59.31,1
314.1281261444092,59.52,1
315.5390570163727,59.69,1
316.9505546092987,59.45,1
318.3606731891632,59.41,1
319.70478534698486,59.48,1
321.1168489456177,59.93,1
322.52996039390564,59.55,1
323.94063234329224,59.59,1
325.3517196178436,60.45,1
326.76273822784424,59.9,1
328.1731517314911,60.38,1
329.51736545562744,60.21,1
330.93018198013306,60.1,1
332.27289605140686,59.86,1
333.683931350708,59.69,1
335.0263171195984,59.9,1
336.43850588798523,59.59,1
337.84957909584045,59.66,1
339.26088643074036,59.59,1
340.60498428344727,59.45,1
342.01714181900024,59.76,1
343.35908341407776,60.59,1
344.77088689804077,60.41,1
346.18225955963135,60.34,1
347.59298968315125,60.21,1
349.00504779815674,60.0,1
350.41766357421875,59.9,1
351.75916600227356,59.66,1
353.1708736419678,59.72,1
354.5823895931244,60.52,1
355.99348425865173,60.55,1
357.3367586135864,60.59,1
358.7486569881439,60.66,1
360.1605088710785,60.41,1
361.57183957099915,60.48,1
362.98260736465454,60.34,1
364.3952531814575,60.52,1
365.8063416481018,60.34,1
367.2168085575104,60.17,1
368.6278259754181,60.45,1
370.0403914451599,59.93,1
371.45191955566406,59.86,1
372.7944860458374,59.76,1
374.2064290046692,59.66,1
375.6165907382965,60.52,1
376.9605484008789,60.21,1
378.30330657958984,60.66,1
385.61262679100037,-1.79,0
386.926397562027,-1.86,0
388.27474093437195,-1.83,0
389.58467268943787,-1.83,0
390.8918511867523,-1.79,0
392.2121014595032,-1.79,0
393.52584505081177,-1.79,0
394.8468179702759,-1.79,0
399.43246698379517,-2.34,1
400.84628224372864,4.17,1
402.2596666812897,10.48,1
403.67244386672974,16.34,1
405.01703548431396,19.93,1
406.4285225868225,23.69,1
407.84078788757324,27.48,1
409.25364446640015,30.83,1
410.6670002937317,33.52,1
412.0799264907837,35.97,1
413.494188785553,37.97,1
414.9070930480957,37.62,1
416.31953406333923,39.9,1
417.7299726009369,41.52,1
419.1410701274872,43.17,1
420.5525426864624,44.79,1
421.9623930454254,46.24,1
423.37468123435974,47.28,1
424.7875816822052,48.79,1
426.19993352890015,49.55,1
427.6123468875885,50.48,1
429.0243875980377,51.17,1
430.3663442134857,52.03,1
431.77761459350586,52.93,1
433.19012475013733,53.9,1
434.60218334198,54.66,1
436.0137994289398,54.66,1
437.42759823799133,54.76,1
438.83964133262634,55.62,1
440.2511308193207,55.48,1
441.662166595459,56.21,1
443.07411885261536,56.17,1
444.4838819503784,57.14,1
445.89568305015564,57.21,1
447.306941986084,57.31,1
448.7173595428467,57.83,1
450.12996435165405,58.0,1
451.5415506362915,57.83,1
452.9547746181488,57.86,1
454.36710476875305,58.69,1
455.7786498069763,58.72,1
457.19071197509766,58.79,1
458.6015577316284,58.66,1
460.01345562934875,58.83,1
461.4238934516907,58.79,1
462.834924697876,59.62,1
464.2462821006775,59.72,1
465.65789318084717,59.66,1
467.0695388317108,59.79,1
468.4823040962219,59.62,1
469.8242566585541,59.79,1
471.235800743103,59.55,1
472.6467192173004,59.66,1
474.0574359893799,59.62,1
475.46878933906555,59.66,1
476.87996888160706,59.66,1
478.2936336994171,59.45,1
479.7060921192169,59.66,1
481.11791920661926,59.72,1
482.5306088924408,59.59,1
483.94223976135254,59.66,1
485.3521840572357,59.72,1
486.76399970054626,59.66,1
488.1755187511444,59.79,1
489.5859055519104,59.59,1
490.9973154067993,59.66,1
492.40877413749695,59.48,1
493.82147908210754,59.62,1
495.23335099220276,59.66,1
496.64519333839417,59.59,1
498.0574653148651,59.55,1
499.46993613243103,59.55,1
500.88155341148376,59.69,1
502.29348635673523,59.59,1
503.7043011188507,59.69,1
505.11518263816833,59.76,1
506.5252914428711,59.72,1
507.9375214576721,59.66,1
509.3488895893097,59.69,1
510.7610216140747,59.72,1
512.1730809211731,59.66,1
513.5843374729156,59.55,1
514.9972023963928,59.76,1
516.409656047821,59.79,1
517.8218967914581,59.86,1
519.2322988510132,59.79,1
520.6434309482574,59.55,1
522.0553739070892,59.62,1
523.4665713310242,60.62,1
524.8777437210083,60.28,1
526.2896935939789,60.1,1
527.7004861831665,59.86,1
529.1130781173706,59.72,1
530.5253014564514,60.34,1
531.9367818832397,60.31,1
533.3490240573883,60.1,1
534.7612738609314,60.0,1
536.1717870235443,60.07,1
543.4764952659607,-1.76,0
544.7937483787537,-1.83,0
546.1115469932556,-1.86,0
547.4676043987274,-1.83,0
548.7841167449951,-1.9,0
550.1018407344818,-1.79,0
551.4166104793549,-1.83,0
552.7322864532471,-1.86,0
557.3397555351257,10.34,1
558.7513689994812,20.03,1
560.1643419265747,27.9,1
561.5758028030396,34.62,1
562.9882245063782,39.55,1
564.4013338088989,44.72,1
565.8144552707672,49.38,1
567.2274570465088,53.9,1
568.642418384552,58.14,1
570.0536308288574,62.0,1
571.4646382331848,65.72,1
572.8757011890411,69.45,1
574.2867782115936,72.93,1
575.6979594230652,76.31,1
577.109881401062,79.72,1
578.5222325325012,82.59,1
579.9348139762878,85.52,1
581.3468813896179,88.31,1
582.7580404281616,90.86,1
584.1717779636383,93.38,1
585.5833361148834,95.72,1
586.9933075904846,97.79,1
588.4050137996674,99.86,1
589.8157198429108,101.86,1
591.2264711856842,103.62,1
592.6375300884247,105.21,1
594.0496141910553,106.93,1
595.4615077972412,108.41,1
596.8746469020844,109.66,1
598.2857916355133,111.0,1
599.6994071006775,111.93,1
601.1109294891357,112.93,1
602.5224494934082,113.59,1
603.933037519455,113.69,1
605.3438050746918,113.83,1
606.7558977603912,113.03,1
608.1662232875824,112.48,1
609.5772063732147,111.31,1
610.9896731376648,110.0,1
612.4014022350311,108.34,1
613.8136341571808,106.79,1
615.2264292240143,105.0,1
616.6386551856995,103.03,1
618.0506267547607,101.0,1
619.462488412857,98.86,1
620.8727598190308,96.48,1
622.2845299243927,94.41,1
623.6948893070221,92.0,1
625.1065714359283,89.69,1
626.5170984268188,87.38,1
627.9296507835388,84.97,1
629.3412828445435,82.52,1
630.7548930644989,80.21,1
632.1662719249725,77.93,1
633.5783395767212,75.79,1
634.9903767108917,73.55,1
636.4017488956451,71.62,1
637.8133645057678,69.24,1
639.2235591411591,67.52,1
640.6346342563629,65.62,1
642.0459303855896,63.79,1
643.4567422866821,61.97,1
650.7560548782349,-1.93,0
652.1083483695984,-1.86,0
653.4183151721954,-1.9,0
654.7329125404358,-1.9,0
656.044195652008,-1.93,0
657.3593685626984,-1.9,0
658.6705865859985,-1.9,0
659.9879810810089,-1.9,0
661.1965107917786,-1.9,0
662.443813085556,-1.86,0
663.6577162742615,-1.86,0
664.8646302223206,-1.86,0
666.0773324966431,-1.93,0
667.2906920909882,-1.9,0
668.5037965774536,-1.93,0
669.7090849876404,-1.86,0
670.9189805984497,-1.86,0
672.1702861785889,-1.86,0
673.3749549388885,-1.93,0
674.5793106555939,-1.9,0
675.7827322483063,-1.86,0
