1.1080353260040283,0.14,0
2.34086537361145,0.14,0
3.5437819957733154,0.17,0
4.746484041213989,0.24,0
9.31645154953003,0.31,1
10.72818374633789,-0.34,1
12.142366886138916,0.21,1
13.541414976119995,0.28,1
14.966851949691772,0.14,1
16.380850315093994,0.1,1
17.790025234222412,0.17,1
19.137025356292725,0.07,1
20.472079277038574,0.21,1
21.81735348701477,0.0,1
23.164901971817017,0.24,1
24.572924613952637,2.31,1
25.981199026107788,0.97,1
27.404371976852417,2.48,1
28.811428546905518,-0.83,1
30.23292827606201,0.03,1
31.634761095046997,1.17,1
33.05746579170227,-0.07,1
34.45810103416443,14.45,1
35.87781620025635,23.24,1
37.297303676605225,24.28,1
38.70015001296997,14.21,1
40.11287260055542,8.66,1
41.45936155319214,10.86,1
42.80930852890015,1.34,1
44.14419460296631,0.83,1
45.560625314712524,0.86,1
46.97934412956238,0.41,1
49.333778619766235,-0.03,1
49.94557499885559,-0.1,1
50.56990146636963,1.59,1
51.19538736343384,-0.28,1
