1.1123623847961426,-1.83
2.3186354637145996,-1.79
3.5467710494995117,-1.79
4.750664234161377,-1.76
7.508386850357056,413.76
8.917569398880005,121.97
10.327253103256226,39.03
11.741608619689941,15.21
13.161020755767822,8.21
14.572026491165161,7.52
15.983006715774536,19.03
17.32724928855896,13.48
18.66982126235962,8.59
20.00715970993042,7.21
21.355255842208862,14.31
22.699989080429077,12.1
24.034600734710693,7.86
25.439606428146362,7.38
26.789177179336548,18.17
28.140487670898438,13.38
29.549912929534912,8.28
