1.1022310256958008,-1.79,0
2.351087808609009,-1.83,0
3.559061288833618,-1.86,0
4.754586935043335,-1.93,0
9.327955961227417,4.31,1
10.670096158981323,26.0,1
12.01235294342041,43.97,1
13.357369899749756,68.38,1
14.770857334136963,93.62,1
16.182830095291138,108.97,1
17.527034997940063,120.45,1
18.865222454071045,131.9,1
20.212152004241943,143.31,1
21.552146911621094,153.24,1
22.891793251037598,162.83,1
24.23198628425598,171.97,1
25.5816650390625,180.38,1
26.992082357406616,185.83,1
28.401942253112793,188.0,1
29.814536094665527,189.86,1
31.231991052627563,187.03,1
32.6418240070343,184.38,1
34.051966428756714,178.48,1
35.39297080039978,172.07,1
36.73315954208374,165.14,1
38.146286725997925,156.62,1
39.56177067756653,147.45,1
40.97169017791748,138.83,1
42.38137626647949,131.62,1
43.793736696243286,124.66,1
45.20395469665527,117.97,1
46.621203899383545,111.97,1
48.031455993652344,105.97,1
49.44255566596985,100.45,1
50.85720491409302,95.52,1
52.26148056983948,90.34,1
53.673946380615234,85.93,1
55.08130955696106,81.24,1
56.501259088516235,77.31,1
57.911123514175415,73.31,1
59.321382999420166,69.86,1
60.73100757598877,66.31,1
62.14137673377991,63.28,1
63.55139517784119,60.03,1
64.97109627723694,57.0,1
66.31083297729492,54.52,1
67.65139579772949,52.1,1
69.06553864479065,49.31,1
70.41096115112305,47.34,1
71.75085258483887,45.1,1
73.09116220474243,43.21,1
74.44107246398926,41.41,1
75.78094029426575,38.93,1
77.19076251983643,37.97,1
78.60610246658325,36.1,1
85.98586845397949,7.17,0
87.29331755638123,7.1,0
88.58527565002441,7.34,0
89.88583445549011,7.41,0
91.20650577545166,7.28,0
92.49525141716003,7.31,0
93.79999279975891,7.34,0
95.10629320144653,7.52,0
96.34886574745178,7.45,0
97.55700349807739,7.21,0
98.75281572341919,7.28,0
99.96481490135193,7.24,0
101.16093111038208,7.24,0
102.38803911209106,7.38,0
103.58529853820801,7.34,0
104.79645657539368,7.52,0
106.02404403686523,7.38,0
107.23390913009644,7.38,0
108.44578766822815,7.38,0
109.64391207695007,7.28,0
110.83934092521667,7.34,0
112.05162572860718,7.31,0
113.26387810707092,6.83,0
114.50398540496826,7.34,0
115.71916079521179,7.34,0
116.92544913291931,7.41,0
118.17486000061035,7.28,0
119.38670563697815,7.28,0
120.6108169555664,7.34,0
121.82158732414246,7.31,0
123.028888463974,7.34,0
124.26694464683533,7.41,0
125.479984998703,7.38,0
126.68500399589539,7.17,0
127.89463996887207,7.45,0
129.10582280158997,7.34,0
130.31446313858032,7.34,0
131.52503085136414,7.34,0
132.7305212020874,7.34,0
133.97084712982178,7.48,0
135.1749472618103,7.41,0
136.38483214378357,7.34,0
137.5850694179535,7.31,0
138.7997784614563,7.31,0
139.9994707107544,7.34,0
141.20940136909485,7.41,0
142.4168815612793,7.28,0
143.65678930282593,7.38,0
144.8683807849884,7.28,0
146.07463359832764,7.41,0
147.29463720321655,7.45,0
148.50467920303345,7.45,0
149.71436882019043,7.48,0
150.92631363868713,7.38,0
152.1693286895752,7.31,0
153.3842535018921,7.24,0
154.59440398216248,7.31,0
155.80470895767212,7.48,0
157.00401163101196,7.41,0
158.22805833816528,7.24,0
159.43440055847168,7.45,0
160.63446617126465,7.31,0
161.87449741363525,7.41,0
163.07885456085205,7.38,0
164.26972126960754,7.41,0
165.4762463569641,7.28,0
166.6791479587555,7.41,0
167.88410782814026,7.38,0
169.08405709266663,7.45,0
170.27798914909363,7.45,0
171.5167019367218,7.28,0
172.71437001228333,7.31,0
173.91410970687866,7.41,0
175.1144561767578,7.34,0
176.3144829273224,7.17,0
177.52406454086304,7.31,0
178.71429586410522,7.34,0
179.92398118972778,7.24,0
181.15563225746155,7.34,0
182.3592870235443,7.38,0
183.54618644714355,7.34,0
184.7543420791626,7.41,0
185.94716453552246,7.34,0
187.14423966407776,7.38,0
188.34973192214966,7.38,0
189.5444152355194,7.24,0
190.78515696525574,7.38,0
191.9899353981018,7.41,0
193.18451356887817,7.41,0
194.38876080513,7.38,0
195.5864200592041,7.31,0
196.79454851150513,7.38,0
198.00706458091736,7.38,0
199.22470784187317,7.31,0
200.46481561660767,7.38,0
201.66800904273987,7.28,0
202.87017250061035,7.34,0
204.07982325553894,7.24,0
205.28962445259094,7.31,0
206.48476719856262,7.34,0
207.68480730056763,7.24,0
208.89494490623474,7.28,0
210.13525319099426,7.31,0
211.33528637886047,7.31,0
212.5523076057434,7.34,0
213.75514674186707,7.34,0
214.9650843143463,7.41,0
216.16508769989014,7.21,0
217.37508940696716,7.34,0
218.5768964290619,7.31,0
219.8180546760559,7.34,0
221.01999616622925,7.31,0
222.22197556495667,7.31,0
223.41931200027466,7.31,0
224.62554359436035,7.34,0
225.82592940330505,7.31,0
227.0190725326538,7.31,0
228.25600671768188,7.31,0
229.45904541015625,7.24,0
230.66075587272644,7.34,0
231.8657259941101,7.31,0
233.06573009490967,7.31,0
234.27164793014526,7.28,0
235.48570919036865,7.34,0
236.69608640670776,7.41,0
237.93625569343567,7.38,0
239.1360204219818,7.1,0
240.33746099472046,7.28,0
241.54585123062134,7.28,0
242.75586342811584,7.24,0
243.95638060569763,7.31,0
245.1626877784729,7.24,0
246.36639761924744,7.28,0
247.6164162158966,7.34,0
248.82240891456604,7.24,0
250.0282335281372,7.24,0
251.22681713104248,7.31,0
252.4361388683319,7.28,0
253.63816213607788,7.28,0
254.84648990631104,7.28,0
256.0598623752594,7.38,0
257.29645347595215,7.34,0
258.5013370513916,7.31,0
259.6964855194092,7.28,0
260.90634632110596,7.31,0
262.11772990226746,7.34,0
263.32854080200195,7.28,0
264.5402443408966,7.34,0
265.77686071395874,7.28,0
266.97787165641785,7.28,0
268.18682074546814,7.31,0
269.3966133594513,7.31,0
270.59715127944946,7.31,0
271.79714918136597,7.28,0
272.99796891212463,7.21,0
274.20880579948425,7.17,0
275.4470536708832,7.24,0
276.6617636680603,7.24,0
277.86709213256836,7.34,0
279.07747077941895,7.31,0
280.29060792922974,7.28,0
281.5071973800659,7.28,0
282.71721267700195,7.28,0
283.91752648353577,7.31,0
285.17059111595154,7.28,0
286.37767362594604,7.24,0
287.58775639533997,7.24,0
288.7977352142334,7.24,0
290.0130527019501,7.28,0
291.2214322090149,7.21,0
292.4277732372284,7.17,0
293.6374933719635,7.17,0
294.8997585773468,7.28,0
296.1078543663025,7.24,0
297.3085470199585,7.34,0
298.53288745880127,7.34,0
299.7424030303955,7.31,0
300.9385483264923,7.17,0
302.15092182159424,7.24,0
303.39779353141785,7.24,0
304.61476016044617,7.24,0
305.81340980529785,7.28,0
307.05701184272766,7.34,0
308.27037262916565,7.24,0
309.47978377342224,7.28,0
310.68925881385803,7.24,0
311.9076626300812,7.24,0
313.16543221473694,7.21,0
314.3663773536682,7.28,0
315.5793650150299,7.24,0
316.7927849292755,7.31,0
318.0003523826599,7.34,0
319.21497344970703,7.28,0
320.4114143848419,7.24,0
321.6183979511261,7.31,0
322.8530731201172,7.31,0
324.067724943161,7.24,0
325.26479840278625,7.31,0
326.4667098522186,7.28,0
327.6715919971466,7.28,0
328.8727927207947,7.31,0
330.063200712204,7.31,0
331.25927734375,7.28,0
332.50911378860474,7.31,0
333.70641016960144,7.21,0
334.90913248062134,7.31,0
336.10790181159973,7.31,0
337.31825852394104,7.28,0
338.5220046043396,7.38,0
339.705441236496,7.28,0
340.9208879470825,7.34,0
342.16084361076355,7.38,0
343.35731625556946,7.31,0
344.55573415756226,7.28,0
345.7544107437134,7.31,0
346.9689965248108,7.38,0
348.16489720344543,7.28,0
349.35181522369385,7.28,0
350.5523808002472,7.31,0
351.7982189655304,7.41,0
352.99964237213135,7.34,0
354.21219849586487,7.41,0
355.4086105823517,7.41,0
356.60932636260986,7.34,0
357.81785798072815,7.38,0
359.01859855651855,7.38,0
360.22113251686096,7.41,0
361.4580445289612,7.45,0
362.65348982810974,7.38,0
363.85281467437744,7.41,0
365.0667464733124,7.45,0
366.2650611400604,7.34,0
367.4637825489044,7.38,0
368.6759316921234,7.41,0
369.87047004699707,7.45,0
371.1162312030792,7.41,0
372.31283807754517,7.45,0
373.5131902694702,7.45,0
374.7111668586731,7.48,0
375.91468811035156,7.41,0
377.1168031692505,7.41,0
378.3311884403229,7.48,0
379.5228691101074,7.48,0
380.7590317726135,7.41,0
381.9708387851715,7.55,0
383.16821026802063,7.48,0
384.3664057254791,7.41,0
385.5648286342621,7.41,0
386.7643883228302,7.48,0
387.9739627838135,7.52,0
389.1717209815979,7.34,0
390.4389464855194,7.48,0
391.63589906692505,7.41,0
392.8455641269684,7.48,0
394.04422307014465,7.45,0
395.2560045719147,7.45,0
396.452885389328,7.38,0
397.6684458255768,7.45,0
398.901816368103,7.52,0
400.09342908859253,7.38,0
401.30842113494873,7.48,0
402.5226409435272,7.41,0
403.71867966651917,7.48,0
404.9200277328491,7.41,0
406.12007331848145,7.41,0
407.33401322364807,7.41,0
408.56483340263367,7.45,0
409.7757544517517,7.48,0
410.9892768859863,7.41,0
412.19981384277344,7.45,0
413.39817070961,7.45,0
414.59809255599976,7.45,0
415.7966618537903,7.52,0
416.9951505661011,7.45,0
418.2378866672516,7.34,0
419.4417247772217,7.45,0
420.6467821598053,7.45,0
421.8485150337219,7.41,0
423.0539586544037,7.52,0
424.2586295604706,7.48,0
425.4656436443329,7.48,0
426.6650846004486,7.41,0
427.9077031612396,7.48,0
429.11742329597473,7.48,0
430.31738090515137,7.59,0
431.51752257347107,7.45,0
432.7220125198364,7.41,0
433.9266526699066,7.41,0
435.12993812561035,7.41,0
436.33300018310547,7.38,0
437.5677309036255,7.45,0
438.7654011249542,7.41,0
439.9661283493042,7.45,0
441.1646921634674,7.34,0
442.3799319267273,7.48,0
443.5841634273529,7.45,0
444.7817151546478,7.45,0
446.0348584651947,7.45,0
447.21633434295654,7.45,0
448.4289472103119,7.48,0
449.6259548664093,7.38,0
450.8402576446533,7.38,0
452.0525200366974,7.55,0
453.2526013851166,7.41,0
454.4352388381958,7.41,0
455.68208479881287,7.38,0
456.8768789768219,7.45,0
458.1051700115204,7.41,0
459.3031041622162,7.38,0
460.5006341934204,7.38,0
461.69830083847046,7.55,0
462.9124643802643,7.41,0
464.110244512558,7.45,0
465.36144828796387,7.38,0
466.5555274486542,7.45,0
467.76022815704346,7.41,0
468.9619154930115,7.45,0
470.174439907074,7.41,0
471.3875923156738,7.45,0
472.5913016796112,7.41,0
473.79116201400757,7.45,0
475.01692152023315,7.38,0
476.21694016456604,7.38,0
477.43924713134766,7.41,0
478.64428639411926,7.41,0
479.84771966934204,7.34,0
481.05836820602417,7.45,0
482.2595384120941,7.45,0
483.47420144081116,7.45,0
484.7183802127838,7.45,0
485.92746233940125,7.48,0
487.1336033344269,7.45,0
488.33923721313477,7.41,0
489.5444920063019,7.41,0
490.7511475086212,7.45,0
491.9474766254425,7.41,0
493.2005076408386,7.41,0
494.4061326980591,7.45,0
495.6114625930786,7.38,0
496.8264865875244,7.38,0
498.03427290916443,7.38,0
499.23335576057434,7.52,0
500.4336597919464,7.41,0
501.64501428604126,7.38,0
502.88847851753235,7.41,0
504.08767676353455,7.45,0
505.29650473594666,7.45,0
506.4975697994232,7.41,0
507.7061150074005,7.48,0
508.90819692611694,7.45,0
510.1242997646332,7.38,0
511.32575845718384,7.45,0
512.5695614814758,7.38,0
513.7845261096954,7.48,0
514.9906332492828,7.41,0
516.2067198753357,7.52,0
517.4011476039886,7.52,0
518.6195464134216,7.97,0
519.8164191246033,7.48,0
521.0214030742645,7.55,0
522.2662827968597,7.41,0
523.4683980941772,7.45,0
524.6854827404022,7.45,0
525.8947956562042,7.52,0
527.0874214172363,7.52,0
528.2954685688019,7.55,0
529.5105974674225,7.52,0
530.7442281246185,7.52,0
531.9418661594391,7.45,0
533.1553218364716,7.45,0
534.3590898513794,7.55,0
535.580060005188,7.48,0
536.784744977951,7.38,0
537.9984359741211,7.34,0
539.1966083049774,7.41,0
540.4423837661743,7.34,0
541.6571052074432,7.38,0
542.8533854484558,7.34,0
544.0536630153656,7.28,0
545.2539353370667,7.28,0
546.4659905433655,7.38,0
547.6793558597565,7.24,0
548.8762621879578,7.21,0
550.1124937534332,7.34,0
551.3234729766846,7.28,0
552.533132314682,7.31,0
553.7479107379913,7.31,0
554.9633483886719,7.24,0
556.1596026420593,7.28,0
557.3598117828369,7.14,0
558.5605430603027,7.31,0
559.8201580047607,7.24,0
561.0183231830597,7.28,0
562.2161436080933,7.24,0
563.4288530349731,7.31,0
564.6320254802704,7.31,0
565.8383631706238,7.28,0
567.0497465133667,7.28,0
568.2935121059418,7.21,0
569.5076715946198,7.28,0
570.7062697410583,7.34,0
571.9242358207703,7.24,0
573.1429183483124,7.28,0
574.3535752296448,7.28,0
575.5670251846313,7.34,0
576.7791044712067,7.34,0
578.0444085597992,7.34,0
579.2519581317902,7.28,0
580.451477766037,7.28,0
581.6628000736237,7.24,0
582.8772287368774,7.24,0
584.0925908088684,7.17,0
585.2962765693665,7.17,0
586.5163309574127,7.24,0
587.761244058609,7.24,0
588.9779798984528,7.21,0
590.1772763729095,7.34,0
591.3921830654144,7.03,0
592.6082196235657,7.14,0
593.8107645511627,7.21,0
595.0364987850189,7.1,0
596.2321119308472,7.17,0
597.492716550827,7.24,0
598.7078371047974,7.17,0
599.910400390625,7.21,0
601.1366310119629,7.17,0
602.3348162174225,7.21,0
603.5501103401184,7.1,0
604.7592585086823,7.21,0
605.9623870849609,7.21,0
607.2021515369415,7.38,0
608.4193959236145,7.28,0
609.6195688247681,7.17,0
610.8338506221771,7.21,0
612.0333790779114,7.1,0
613.2464764118195,7.21,0
614.4628477096558,7.1,0
615.7180638313293,7.21,0
616.9210550785065,7.21,0
618.1472880840302,7.45,0
619.3529932498932,7.17,0
620.5578739643097,7.03,0
621.7732439041138,7.17,0
622.9891316890717,7.21,0
624.2029354572296,7.21,0
625.4643950462341,7.34,0
626.6783082485199,7.0,0
627.8906123638153,7.31,0
629.0976676940918,7.31,0
630.33460521698,7.14,0
631.533668756485,7.14,0
632.7474253177643,7.24,0
633.9574196338654,7.28,0
635.2084934711456,7.24,0
636.4240579605103,7.24,0
637.6226279735565,7.38,0
638.8210515975952,7.21,0
640.0223922729492,7.07,0
641.2345035076141,7.17,0
642.4463982582092,7.17,0
643.6427338123322,7.03,0
644.8876087665558,7.1,0
646.0709979534149,7.07,0
647.270525932312,7.31,0
648.4764275550842,7.34,0
649.6879456043243,7.1,0
650.8877987861633,7.21,0
652.0854184627533,7.17,0
653.2705233097076,7.1,0
654.5244061946869,7.14,0
655.7152729034424,7.0,0
656.9271268844604,7.28,0
658.1388602256775,7.28,0
659.3368742465973,7.1,0
660.5414996147156,7.21,0
661.7383739948273,7.34,0
662.9340510368347,7.28,0
664.1641347408295,7.24,0
665.3638346195221,7.31,0
666.5649809837341,7.21,0
667.7772200107574,7.21,0
668.9754521846771,7.31,0
670.1718142032623,7.31,0
671.372064113617,7.17,0
672.574697971344,7.14,0
673.8106234073639,7.28,0
675.0042035579681,7.14,0
676.2006208896637,7.14,0
677.4140267372131,7.17,0
678.6104431152344,7.14,0
679.8147668838501,7.17,0
681.0279638767242,7.21,0
682.255383014679,7.21,0
683.452314376831,7.1,0
684.6577756404877,7.24,0
685.8450562953949,7.17,0
687.0458934307098,7.31,0
688.2484850883484,7.1,0
689.4503524303436,7.21,0
690.6543123722076,7.24,0
691.901839017868,7.1,0
693.100825548172,7.14,0
694.2961764335632,7.1,0
695.4930891990662,7.03,0
696.6905422210693,7.03,0
697.9030368328094,7.31,0
699.1031997203827,7.0,0
700.313042640686,7.17,0
701.5646731853485,7.28,0
702.759913444519,7.1,0
703.96284532547,7.21,0
705.1664550304413,7.38,0
706.3722743988037,7.1,0
707.5718734264374,7.21,0
708.7796821594238,7.24,0
709.981244802475,7.24,0
711.2114374637604,7.34,0
712.4082171916962,7.31,0
713.6243190765381,7.03,0
714.823004245758,7.17,0
716.0205025672913,7.38,0
717.2316393852234,7.41,0
718.432897567749,7.21,0
719.6306657791138,7.28,0
720.8737738132477,7.1,0
722.0901610851288,7.14,0
723.2871506214142,7.17,0
724.4869837760925,7.24,0
725.6832585334778,7.21,0
726.8801653385162,7.28,0
728.0773627758026,7.31,0
729.2765040397644,7.34,0
730.5311059951782,7.38,0
731.7188839912415,7.14,0
732.928507566452,7.1,0
734.125762462616,7.24,0
735.3311910629272,7.24,0
736.5284612178802,7.21,0
737.7168292999268,6.9,0
738.9535870552063,6.93,0
740.1998960971832,7.07,0
741.3982934951782,7.14,0
742.5950264930725,6.93,0
743.7974720001221,6.93,0
744.9974484443665,7.14,0
746.1950261592865,7.21,0
747.407683134079,7.28,0
748.6035602092743,7.24,0
749.8332133293152,7.14,0
751.0318999290466,7.31,0
752.2282972335815,7.21,0
753.4255349636078,7.17,0
754.6227788925171,7.21,0
755.8371272087097,7.07,0
757.0350868701935,7.21,0
758.2320184707642,7.21,0
759.4312670230865,7.17,0
760.6646337509155,7.0,0
761.8678057193756,7.03,0
763.06387758255,7.21,0
764.2758073806763,7.21,0
765.4753293991089,7.17,0
766.6861801147461,7.1,0
767.8953340053558,7.17,0
769.0934250354767,7.1,0
770.3368153572083,7.28,0
771.5380828380585,7.17,0
772.7318735122681,7.17,0
773.9275741577148,7.34,0
775.1344408988953,7.21,0
776.3489520549774,7.14,0
777.5493938922882,7.1,0
778.7588477134705,7.21,0
779.9855377674103,7.21,0
781.186842918396,7.24,0
782.3842763900757,7.1,0
783.5801503658295,7.14,0
784.7830584049225,7.21,0
785.9824373722076,7.14,0
787.1723654270172,7.28,0
788.3798387050629,7.28,0
789.5932261943817,7.38,0
790.8393723964691,7.14,0
792.0669295787811,7.21,0
793.264568567276,7.1,0
794.4757235050201,7.24,0
795.6779947280884,7.14,0
796.8884212970734,7.17,0
798.0991520881653,7.21,0
799.2923669815063,7.28,0
800.5276553630829,7.24,0
801.7395770549774,7.28,0
802.9518508911133,7.24,0
804.162458896637,7.07,0
805.3586249351501,7.1,0
806.5684766769409,7.03,0
807.7623736858368,7.1,0
808.9732377529144,7.21,0
810.2171721458435,7.31,0
811.4114181995392,7.24,0
812.6199538707733,7.17,0
813.8147277832031,7.28,0
815.0251798629761,7.31,0
816.2258377075195,7.21,0
817.41459441185,7.24,0
818.6221454143524,7.31,0
819.8740231990814,7.41,0
821.0729603767395,7.17,0
822.2621808052063,7.14,0
823.4602887630463,7.31,0
824.6691763401031,7.07,0
825.8773565292358,6.93,0
827.0746536254883,7.07,0
828.2741804122925,7.21,0
829.4782202243805,7.21,0
830.7222249507904,7.17,0
831.9216570854187,7.24,0
833.1408333778381,7.41,0
834.3390154838562,7.24,0
835.5403532981873,7.34,0
836.7411396503448,7.31,0
837.95001912117,7.14,0
839.1580045223236,6.97,0
840.4078230857849,7.14,0
841.6057863235474,7.34,0
842.8080670833588,7.34,0
844.0248301029205,7.17,0
845.2311508655548,7.24,0
846.4399809837341,7.28,0
847.636456489563,7.1,0
848.8404121398926,7.07,0
850.0837490558624,7.28,0
851.2913789749146,7.21,0
852.4947576522827,7.28,0
853.6928026676178,7.17,0
854.8975868225098,7.14,0
856.0911722183228,7.34,0
857.3064136505127,7.41,0
858.5210013389587,7.31,0
859.7546563148499,7.31,0
860.9575002193451,7.34,0
862.1576437950134,7.38,0
863.3428783416748,7.38,0
864.5563235282898,7.17,0
865.775637626648,7.31,0
866.9847567081451,7.34,0
868.1904373168945,7.14,0
869.3968298435211,7.21,0
870.6356880664825,7.38,0
871.8428039550781,7.21,0
873.0429058074951,7.38,0
874.2437853813171,7.28,0
875.4411544799805,7.28,0
876.6468539237976,7.52,0
877.8490090370178,7.14,0
879.0392019748688,7.07,0
880.2849631309509,7.07,0
881.4889018535614,7.21,0
882.6936285495758,7.07,0
883.8954544067383,7.14,0
885.1091358661652,7.14,0
886.3146235942841,7.0,0
887.5215849876404,7.31,0
888.7293560504913,7.03,0
889.9698977470398,7.17,0
891.1744735240936,7.21,0
892.3686420917511,7.28,0
893.5758199691772,7.1,0
894.7711777687073,7.14,0
895.9908032417297,6.93,0
897.1918919086456,7.21,0
898.3989262580872,7.21,0
899.6423397064209,7.24,0
900.8358814716339,7.1,0
902.0439696311951,7.1,0
903.251373052597,7.24,0
904.4581670761108,7.03,0
905.6517283916473,7.28,0
906.8551895618439,7.31,0
908.0524280071259,7.14,0
909.2573764324188,7.24,0
910.4983911514282,7.24,0
911.7032372951508,7.17,0
912.9071443080902,7.14,0
914.1025540828705,7.24,0
915.3104655742645,7.24,0
916.5048265457153,7.41,0
917.7092294692993,7.24,0
918.9172832965851,7.24,0
920.1569590568542,7.17,0
921.3727946281433,7.31,0
922.5534176826477,7.17,0
923.7748358249664,7.14,0
924.9710350036621,7.34,0
926.1764576435089,7.31,0
927.3714888095856,7.1,0
928.57715010643,6.97,0
929.8155143260956,7.0,0
931.0212061405182,7.21,0
932.2166833877563,7.28,0
933.4396982192993,7.28,0
934.6415874958038,7.21,0
935.8375182151794,7.28,0
937.0284497737885,7.21,0
938.2386357784271,7.14,0
939.4746389389038,7.24,0
940.6835289001465,7.07,0
941.8898220062256,7.21,0
943.0918478965759,7.17,0
944.2886853218079,7.1,0
945.4950246810913,7.14,0
946.7043151855469,7.17,0
947.8944861888885,7.21,0
949.1025304794312,7.31,0
950.343891620636,7.21,0
951.549596786499,7.38,0
952.7567005157471,7.31,0
953.9500267505646,7.24,0
955.1553754806519,7.34,0
956.3617351055145,7.45,0
957.5690035820007,7.52,0
958.7791204452515,7.34,0
960.0215287208557,7.21,0
961.221969127655,7.28,0
962.4155814647675,7.21,0
963.6258451938629,7.31,0
964.8450911045074,7.24,0
966.0387744903564,7.24,0
967.2594718933105,7.41,0
968.4702618122101,7.55,0
969.7132000923157,7.28,0
970.9176731109619,7.17,0
972.1273908615112,7.0,0
973.3459093570709,7.14,0
974.5444147586823,7.21,0
975.7479107379913,7.1,0
976.9545822143555,7.28,0
978.1744322776794,7.0,0
979.3989880084991,7.14,0
980.6066753864288,7.14,0
981.8137452602386,7.14,0
983.0206434726715,7.34,0
984.228574514389,7.28,0
985.436142206192,7.17,0
986.6451544761658,7.21,0
987.8652694225311,7.34,0
989.0743339061737,7.17,0
990.3117787837982,6.97,0
991.5360007286072,7.1,0
992.7422227859497,7.17,0
993.9652819633484,7.24,0
995.1626839637756,7.24,0
996.3658607006073,7.28,0
997.5727441310883,7.41,0
998.774600982666,7.17,0
1000.0047965049744,7.07,0
1001.2288737297058,7.0,0
1002.4379556179047,7.14,0
1003.6719405651093,7.24,0
1004.8642246723175,7.14,0
1006.0730607509613,7.24,0
1007.2773442268372,7.34,0
1008.4889748096466,7.28,0
1009.7304754257202,7.21,0
1010.9369764328003,7.34,0
1012.1377618312836,7.31,0
1013.3488736152649,7.28,0
1014.5567688941956,7.31,0
1015.7633843421936,7.24,0
1016.955367565155,7.21,0
1018.1607007980347,7.14,0
1019.4196300506592,7.17,0
1020.6245789527893,7.0,0
1021.8343305587769,7.0,0
1023.0242214202881,7.03,0
1024.2457783222198,7.07,0
1025.4631481170654,7.17,0
1026.6660940647125,7.14,0
1027.891515493393,7.07,0
1029.089076757431,7.1,0
1030.33158659935,6.93,0
1031.538337945938,7.1,0
1032.7454199790955,7.0,0
1033.9675261974335,7.21,0
1035.1676394939423,7.14,0
1036.389395236969,7.28,0
1037.5741505622864,7.31,0
1038.783115386963,7.17,0
1040.0230140686035,7.1,0
1041.2459046840668,7.34,0
1042.4395983219147,7.24,0
1043.6457986831665,7.1,0
1044.8665640354156,7.17,0
1046.0609683990479,7.17,0
1047.267184495926,7.17,0
1048.4912583827972,7.17,0
1049.725646018982,7.21,0
1050.982684135437,7.21,0
1052.1895427703857,7.14,0
1053.3963391780853,7.21,0
1054.6033101081848,7.24,0
1055.8282771110535,7.34,0
1057.0377824306488,7.17,0
1058.2476723194122,7.21,0
1059.4828219413757,7.24,0
1060.6915044784546,7.21,0
1061.8961865901947,7.17,0
1063.1038110256195,7.21,0
1064.311561346054,7.28,0
1065.5226769447327,7.24,0
1066.7140974998474,7.31,0
1067.9184358119965,7.31,0
1069.1278455257416,7.24,0
1070.379071712494,7.34,0
1071.5869510173798,7.24,0
1072.7851102352142,7.17,0
1074.0030884742737,7.31,0
1075.192139863968,7.28,0
1076.4004390239716,7.31,0
1077.6099944114685,7.28,0
1078.8158583641052,7.45,0
1080.0545935630798,7.34,0
1081.2652237415314,7.24,0
1082.4820590019226,7.31,0
1083.6910004615784,7.34,0
1084.9007132053375,7.31,0
1086.0948197841644,7.34,0
1087.3143544197083,7.31,0
1088.522724866867,7.34,0
1089.762853384018,7.34,0
1090.985468864441,7.31,0
1092.1757941246033,7.28,0
1093.3833270072937,7.31,0
1094.5924248695374,7.41,0
1095.7978684902191,7.41,0
1097.008814573288,7.28,0
1098.215356349945,7.28,0
1099.4546806812286,7.24,0
1100.660002708435,7.34,0
1101.8696069717407,7.41,0
1103.07576918602,7.41,0
1104.2823598384857,7.31,0
1105.5059912204742,7.41,0
1106.7282128334045,7.41,0
1107.9364771842957,7.34,0
1109.1430904865265,7.38,0
1110.3889846801758,7.31,0
1111.5921771526337,7.41,0
1112.7948231697083,7.38,0
1114.0193855762482,7.28,0
1115.228774547577,7.31,0
1116.432867050171,7.34,0
1117.6430196762085,7.45,0
1118.8487467765808,7.31,0
1120.0895183086395,7.34,0
1121.2948801517487,7.38,0
1122.4992671012878,7.34,0
1123.6998844146729,7.41,0
1124.9171960353851,7.45,0
1126.1263484954834,7.38,0
1127.3353567123413,7.38,0
1128.5449311733246,7.41,0
1129.793473482132,7.45,0
1131.0097558498383,7.34,0
1132.2112221717834,7.38,0
1133.416527748108,7.41,0
1134.6234421730042,7.34,0
1135.831836938858,7.41,0
1137.0265741348267,7.45,0
1138.2636942863464,7.38,0
1139.5201802253723,7.38,0
1140.71333193779,7.34,0
1141.9330010414124,7.45,0
1143.1537594795227,7.34,0
1144.3642055988312,7.45,0
1145.5787224769592,7.45,0
1146.7929527759552,7.45,0
1148.0012321472168,7.34,0
1149.2126553058624,7.52,0
1150.4501476287842,7.41,0
1151.6707150936127,7.38,0
1152.8774013519287,7.41,0
1154.083981513977,7.31,0
1155.2939965724945,7.41,0
1156.511790752411,7.38,0
1157.7228963375092,7.48,0
1158.9940490722656,7.38,0
1160.1989843845367,7.38,0
1161.4093556404114,7.45,0
1162.6310489177704,7.45,0
1163.839263677597,7.45,0
1165.0488011837006,7.31,0
1166.2684564590454,7.38,0
1167.476201057434,7.31,0
1168.715234041214,7.31,0
1169.9439582824707,7.41,0
1171.144439458847,7.38,0
1172.3582491874695,7.48,0
1173.5620965957642,7.41,0
1174.781765460968,7.38,0
1175.9926509857178,7.34,0
1177.1985931396484,7.41,0
1178.4524900913239,7.31,0
1179.658725976944,7.34,0
1180.8807456493378,7.31,0
1182.0918009281158,7.38,0
1183.2993078231812,7.38,0
1184.5070192813873,7.45,0
1185.7142403125763,7.41,0
1186.9357051849365,7.41,0
1188.175250530243,7.24,0
1189.3852298259735,7.41,0
1190.6065919399261,7.45,0
1191.813089132309,7.45,0
1193.025403022766,7.41,0
1194.2477900981903,7.41,0
1195.4502038955688,7.38,0
1196.6611578464508,7.34,0
1197.9169957637787,7.41,0
1199.1190276145935,7.41,0
1200.3170568943024,7.31,0
1201.5370931625366,7.41,0
1202.7589304447174,7.28,0
1203.9644184112549,7.28,0
1205.1748721599579,7.38,0
1206.3833639621735,7.52,0
1207.6343703269958,7.45,0
1208.8587198257446,7.48,0
1210.0682311058044,7.45,0
1211.2923624515533,7.41,0
1212.496200799942,7.41,0
1213.7046518325806,7.38,0
1214.911119222641,7.48,0
1216.1186487674713,7.45,0
1217.3750805854797,7.38,0
1218.582751750946,7.52,0
1219.803771018982,7.48,0
1221.0114433765411,7.41,0
1222.21746301651,7.45,0
1223.428687095642,7.41,0
1224.6348819732666,7.28,0
1225.8564445972443,7.45,0
1227.09863448143,7.38,0
1228.3022274971008,7.41,0
1229.5086076259613,7.34,0
1230.734905719757,7.41,0
1231.9499022960663,7.34,0
1233.152886390686,7.48,0
1234.3609900474548,7.41,0
1235.574534893036,7.38,0
1236.824091911316,7.41,0
1238.0385513305664,7.38,0
1239.2497322559357,7.45,0
1240.4540793895721,7.48,0
1241.6681356430054,7.38,0
1242.888337135315,7.41,0
1244.0944230556488,7.45,0
1245.3024966716766,7.45,0
1246.5478689670563,7.41,0
1247.756920337677,7.45,0
1248.9697709083557,7.41,0
1250.1785929203033,7.48,0
1251.3866794109344,7.48,0
1252.6100089550018,7.48,0
1253.8171746730804,7.48,0
1255.0247910022736,7.45,0
1256.2735695838928,7.45,0
1257.4842991828918,7.38,0
1258.6928083896637,7.38,0
1259.899607181549,7.48,0
1261.124015569687,7.45,0
1262.3302173614502,7.48,0
1263.55189037323,7.34,0
1264.7505927085876,7.38,0
1266.0010726451874,7.38,0
1267.2068974971771,7.45,0
1268.415992975235,7.48,0
1269.621664762497,7.38,0
1270.8521211147308,7.28,0
1272.0525743961334,7.24,0
1273.2623603343964,7.28,0
1274.4825167655945,7.28,0
1275.7209823131561,7.21,0
1276.9327087402344,7.28,0
1278.1527507305145,7.28,0
1279.3602459430695,7.17,0
1280.5583007335663,7.21,0
1281.7785811424255,7.28,0
1282.9760477542877,7.31,0
1284.1901862621307,7.24,0
1285.4078781604767,7.24,0
1286.648425579071,7.28,0
1287.8532061576843,7.07,0
1289.0652930736542,7.14,0
1290.2779366970062,7.31,0
1291.48992562294,7.38,0
1292.6867353916168,7.24,0
1293.9011585712433,7.31,0
1295.098263502121,7.24,0
1296.3642950057983,7.28,0
1297.5713980197906,7.24,0
1298.7713739871979,7.24,0
1299.9801054000854,7.21,0
1301.1928915977478,7.24,0
1302.3970804214478,7.34,0
1303.6087350845337,7.28,0
1304.8073661327362,7.17,0
1306.0517168045044,7.31,0
1307.2674162387848,7.24,0
1308.4643485546112,7.21,0
1309.6758034229279,7.34,0
1310.8797824382782,7.31,0
1312.0765693187714,7.28,0
1313.2990038394928,7.28,0
1314.509295463562,7.24,0
1315.7703409194946,7.34,0
1316.9824240207672,7.1,0
1318.199669122696,7.03,0
1319.4091312885284,7.28,0
1320.6261026859283,7.28,0
1321.8344793319702,7.17,0
1323.0497074127197,7.24,0
1324.2596983909607,7.28,0
1325.50874376297,7.21,0
1326.760747909546,6.97,0
1327.9694623947144,6.97,0
1329.1914689540863,7.14,0
1330.4018414020538,7.31,0
1331.621473312378,7.24,0
1332.8315420150757,7.24,0
1334.0499963760376,7.14,0
1335.280058145523,7.24,0
1336.5299849510193,7.41,0
1337.749878168106,7.17,0
1338.959790468216,7.1,0
1340.172862291336,7.1,0
1341.389970779419,7.21,0
1342.6011488437653,6.93,0
1343.8103501796722,7.03,0
1345.0304527282715,7.03,0
1346.2925918102264,7.31,0
1347.5001266002655,7.1,0
1348.7200603485107,7.07,0
1349.940497636795,7.14,0
1351.1605958938599,7.34,0
1352.372709274292,7.14,0
1353.590256690979,7.24,0
1354.8203086853027,7.17,0
1356.0745491981506,6.93,0
