1.1166117191314697,-0.14
2.3256595134735107,0.1
3.5625839233398438,-0.1
4.75463604927063,-0.28
9.359925270080566,1.93
10.690421342849731,36.34
12.103190898895264,138.45
13.517522811889648,246.69
14.937675714492798,376.38
16.3406925201416,514.97
17.690385103225708,624.45
19.031119108200073,744.41
20.450908422470093,879.24
21.86206364631653,941.07
23.204630136489868,964.97
24.548468589782715,980.72
25.959391593933105,987.03
27.372549772262573,983.52
28.78298568725586,992.21
30.196086168289185,992.24
37.49473810195923,1.31
38.78358268737793,1.38
40.10125470161438,1.34
41.41772794723511,1.38
42.73470854759216,1.34
44.06974649429321,1.41
45.38763070106506,1.45
46.690831899642944,1.41
51.288509368896484,1.41
52.70301032066345,1.52
54.11656332015991,1.48
55.5339891910553,1.45
56.93387508392334,1.41
58.34582257270813,7.03
59.76098108291626,9.86
61.1833701133728,11.52
62.58369159698486,12.59
63.99784064292908,12.52
65.34185719490051,12.79
66.75195860862732,12.34
68.16465759277344,13.14
69.5819137096405,13.86
70.92150473594666,14.48
72.3429217338562,14.34
73.67688322067261,18.41
75.02727007865906,16.03
76.37661647796631,15.14
77.78941631317139,14.62
