1.1078598499298096,-1.59,0
2.3506622314453125,-1.48,0
3.56330943107605,-1.48,0
4.766362428665161,-1.48,0
9.343202352523804,-1.52,1
10.741329669952393,-1.48,1
12.161675691604614,-1.52,1
13.580506563186646,-1.45,1
14.993462800979614,-1.48,1
16.405431509017944,-1.48,1
17.748878479003906,-1.52,1
19.154740571975708,-1.45,1
20.57468295097351,-1.41,1
21.980801582336426,-1.48,1
23.318359375,-1.48,1
24.739031314849854,-1.45,1
26.157911777496338,-1.45,1
27.566213607788086,-1.48,1
28.98114776611328,-1.52,1
30.38380718231201,-3.59,1
31.804081201553345,-1100.0,1
33.20955300331116,20.45,1
34.553086280822754,-6.41,1
35.96516823768616,-5.07,1
37.30630970001221,-1.86,1
38.72615671157837,-1.45,1
40.07439351081848,-1.52,1
41.48629546165466,-1.45,1
42.82587909698486,-1.52,1
44.24518084526062,-1.48,1
45.65624117851257,-1.48,1
