1.1119723320007324,-1.59
2.356635332107544,-1.62
3.568908929824829,-1.59
4.7721333503723145,-1.59
9.36311674118042,192.76
10.774219274520874,131.24
12.18648624420166,122.48
13.598137140274048,119.86
15.004607915878296,119.21
16.415063619613647,118.9
17.763668060302734,118.83
19.176079034805298,118.59
20.5868980884552,115.28
21.999688863754272,114.66
23.41167712211609,110.79
24.823523998260498,102.14
32.09930777549744,-2.34
33.44631743431091,-2.34
34.76218247413635,-2.28
36.06997299194336,-2.24
37.377928018569946,-2.1
