1.1130635738372803,-1.45,0
2.3580055236816406,-1.55,0
3.5582656860351562,-1.52,0
4.758674383163452,-1.59,0
5.969783067703247,-1.59,0
7.170835733413696,-1.55,0
11.782742500305176,10.1,1
13.205318450927734,3.76,1
14.61838674545288,6.14,1
16.03040647506714,16.0,1
17.429171085357666,23.79,1
18.781636953353882,29.52,1
20.18487000465393,32.28,1
21.605823278427124,30.21,1
22.95411968231201,29.45,1
24.357269048690796,27.14,1
25.783639430999756,28.55,1
27.19667148590088,30.52,1
28.60962152481079,29.66,1
29.951444387435913,28.83,1
31.358237981796265,28.9,1
32.78074884414673,30.0,1
34.18926453590393,27.9,1
35.535666704177856,30.48,1
36.88000416755676,31.83,1
38.2831768989563,30.34,1
39.70259666442871,30.86,1
41.04165029525757,28.97,1
42.38314414024353,30.45,1
43.72722935676575,30.07,1
45.07420802116394,28.93,1
46.42164659500122,27.79,1
47.83399534225464,30.28,1
49.255199909210205,30.41,1
50.66823625564575,27.86,1
52.07563328742981,28.34,1
53.483636140823364,30.28,1
54.89356827735901,30.72,1
56.315401792526245,29.28,1
57.716227769851685,29.79,1
59.13716173171997,28.03,1
60.54537081718445,29.76,1
61.96452307701111,30.28,1
63.379703760147095,30.45,1
64.79225707054138,29.03,1
66.12398409843445,29.17,1
67.54216170310974,29.79,1
68.89630889892578,29.28,1
70.29427361488342,29.86,1
71.65190958976746,29.97,1
73.06088900566101,30.86,1
74.40051293373108,30.24,1
75.74894690513611,30.17,1
77.09494233131409,30.31,1
78.49761748313904,29.9,1
79.91106152534485,30.38,1
81.32433533668518,29.34,1
82.67978191375732,22.55,1
84.08130145072937,25.97,1
85.49899125099182,30.07,1
86.90597462654114,32.48,1
88.3259744644165,30.79,1
89.73159551620483,30.21,1
91.15591239929199,30.9,1
92.56374382972717,30.69,1
93.97545719146729,29.76,1
95.32156682014465,30.59,1
96.73096370697021,30.72,1
98.14577913284302,28.48,1
99.48762202262878,30.24,1
100.90426564216614,30.86,1
102.31313967704773,30.24,1
103.73627352714539,30.66,1
105.14614081382751,28.59,1
106.48106503486633,30.52,1
107.82751131057739,32.62,1
109.23621392250061,30.72,1
110.5824282169342,28.28,1
112.00369834899902,29.76,1
113.41177034378052,30.69,1
114.83137440681458,30.17,1
116.23310041427612,31.31,1
117.65751957893372,30.0,1
119.06957340240479,32.0,1
120.4805977344513,33.59,1
121.88901424407959,32.55,1
123.30069327354431,30.17,1
124.72136855125427,29.1,1
126.128493309021,28.0,1
127.54492950439453,34.14,1
128.95621490478516,35.21,1
130.37415099143982,31.34,1
131.7800898551941,29.41,1
133.19274497032166,28.1,1
134.60993218421936,28.97,1
136.01362442970276,32.83,1
137.42558789253235,39.41,1
138.8404040336609,36.0,1
140.17815804481506,33.9,1
141.60340309143066,31.79,1
143.00256490707397,30.07,1
144.41961526870728,30.24,1
145.76446318626404,29.69,1
147.17531085014343,29.52,1
148.586332321167,33.07,1
150.01036953926086,33.93,1
151.41991925239563,33.83,1
152.83344960212708,32.66,1
154.24561953544617,35.14,1
155.6495144367218,28.38,1
157.07377362251282,32.97,1
158.48683786392212,22.52,1
159.88900804519653,27.45,1
161.23130440711975,31.21,1
162.65167760849,24.17,1
163.99723291397095,24.55,1
165.41370701789856,31.34,1
166.82500386238098,21.45,1
168.15783023834229,21.52,1
169.50942873954773,1.86,1
170.91601276397705,37.48,1
172.33506655693054,34.9,1
173.73725390434265,31.59,1
175.08738732337952,30.79,1
176.49915289878845,48.1,1
177.90596294403076,68.79,1
179.3196506500244,49.59,1
180.67045140266418,66.48,1
182.0155794620514,50.69,1
183.35719847679138,36.62,1
184.7582449913025,27.66,1
186.1154670715332,31.52,1
187.45350527763367,19.59,1
188.86774682998657,17.45,1
190.20227932929993,28.97,1
191.55587887763977,29.83,1
192.95921993255615,33.83,1
200.2889289855957,-1.38,0
201.58514261245728,-1.17,0
202.90337562561035,-1.24,0
204.20723009109497,-1.38,0
205.55559968948364,-1.38,0
206.86780548095703,-1.45,0
208.17243933677673,-1.45,0
209.4803590774536,-1.52,0
214.0739140510559,-1100.0,1
215.4847059249878,21.34,1
216.83914279937744,-0.79,1
218.18063855171204,-1.48,1
219.59485268592834,-1.55,1
220.99681997299194,-1.62,1
222.41424417495728,-1.62,1
223.8326313495636,-1.45,1
225.23597168922424,-1.38,1
226.57730388641357,-1.41,1
227.92696952819824,1.55,1
229.33804941177368,-1.72,1
230.74629020690918,-3.03,1
232.16854810714722,-0.86,1
233.51564526557922,0.38,1
234.92737555503845,1.79,1
236.2623426914215,1.93,1
237.68785214424133,2.17,1
239.086590051651,3.03,1
240.4981701374054,3.17,1
241.85529017448425,3.38,1
243.26380395889282,4.1,1
244.60296487808228,3.17,1
246.0136857032776,6.31,1
247.35958099365234,2.69,1
248.70814490318298,2.59,1
250.04318356513977,4.72,1
251.46930980682373,6.28,1
252.87528586387634,6.41,1
254.29030561447144,19.72,1
255.70642614364624,-19.1,1
257.11250162124634,-2.66,1
258.46413397789,-1.9,1
259.8760244846344,-1.41,1
261.2785153388977,-2.14,1
262.69475507736206,-2.52,1
264.1041557788849,-1.48,1
265.4537537097931,-1.41,1
266.800416469574,-1.52,1
268.2108931541443,-1.34,1
269.5436773300171,-2.45,1
270.96148920059204,-1.97,1
272.37674736976624,-2.38,1
273.77886748313904,-2.14,1
275.2023847103119,-0.97,1
276.61014223098755,-1.55,1
277.9552216529846,-2.31,1
279.3623058795929,-1.62,1
280.7053463459015,-1.21,1
282.05908155441284,-1.0,1
283.3985893726349,-1.0,1
284.818240404129,-1.93,1
286.2278001308441,-0.97,1
287.64670848846436,-1.28,1
289.058926820755,-1.21,1
290.45830631256104,-1.79,1
291.8827745914459,-1.41,1
293.28497648239136,2.21,1
294.7069139480591,-1.79,1
296.1210949420929,-1.28,1
297.4588255882263,-1.62,1
298.86851024627686,-1.62,1
300.2781867980957,-1.69,1
301.691121339798,-2.41,1
303.10259652137756,-1.76,1
304.5151026248932,-2.03,1
305.9260444641113,-1.1,1
307.34096908569336,-1.72,1
308.7643971443176,-1.45,1
310.17873430252075,-1.62,1
311.51025390625,-2.07,1
312.9313135147095,-1.79,1
314.34109449386597,-1.86,1
315.76009464263916,-2.28,1
317.17036843299866,-2.14,1
318.58383202552795,-1.69,1
319.92197489738464,-1.62,1
321.27264499664307,-1.66,1
322.6187436580658,-1.72,1
323.96116638183594,-2.0,1
325.3019390106201,-1.28,1
326.64438700675964,-1.66,1
327.9891505241394,-1.72,1
329.39641284942627,-1.66,1
330.75280141830444,-13.66,1
332.1520254611969,-4.07,1
333.5072326660156,21.34,1
334.847608089447,-1.07,1
336.18693590164185,-1.62,1
337.6076092720032,-1.66,1
338.94555020332336,-1.69,1
340.36613392829895,-1.72,1
341.69784116744995,-1.69,1
343.04620003700256,-1.1,1
344.3890030384064,-1.62,1
345.73600029945374,-1.66,1
347.0798020362854,-1.62,1
348.43245911598206,-1.69,1
349.77196764945984,-1.66,1
351.106365442276,-1.72,1
352.5344572067261,-1.66,1
353.86437368392944,-1.55,1
355.21423149108887,-1.55,1
356.62345719337463,-1.69,1
357.9766628742218,-1.66,1
359.3192641735077,-1.66,1
360.66230511665344,-1.62,1
361.9973065853119,-1.21,1
363.3458032608032,-27.9,1
364.7616138458252,-2.72,1
366.1107568740845,-1.97,1
367.443058013916,-1.93,1
368.79632472991943,2.28,1
370.1394157409668,36.55,1
371.55586314201355,12.93,1
372.8902611732483,6.93,1
374.2444808483124,4.31,1
375.6598582267761,3.52,1
376.9950258731842,1.83,1
378.3453769683838,1.07,1
379.6920394897461,0.72,1
381.0925843715668,10.59,1
382.4450798034668,-10.55,1
383.85247564315796,-3.9,1
385.26415276527405,-4.76,1
386.6152095794678,-3.34,1
388.02802419662476,-1.86,1
389.43843841552734,-1.86,1
390.7770462036133,-1.69,1
392.19475507736206,-1.31,1
393.54045844078064,-3.45,1
394.94958543777466,-1.83,1
396.3024411201477,-1.76,1
397.71583008766174,-1.69,1
399.05824065208435,-1.52,1
400.40066838264465,-2.31,1
401.7391176223755,-1.76,1
403.1555562019348,-1.79,1
404.5017864704132,-1.0,1
405.91490030288696,-1.34,1
407.3302867412567,-1.59,1
408.73924493789673,-1.76,1
410.07828855514526,-1.79,1
411.49984908103943,-0.62,1
412.8387062549591,-2.17,1
414.17714619636536,-1.48,1
415.5955698490143,-1.21,1
416.93951320648193,-1.34,1
418.27458596229553,-1.17,1
419.7022500038147,-1.34,1
421.034574508667,-1.38,1
422.45223927497864,-1.34,1
423.79555654525757,-1.0,1
425.13928413391113,-0.93,1
426.4916527271271,-2.34,1
427.82802844047546,-1.14,1
429.1764998435974,-1.59,1
430.58896470069885,-1.41,1
431.928391456604,-1.45,1
433.2741713523865,-1.52,1
434.6241900920868,-1.48,1
436.0361051559448,0.52,1
437.3740541934967,-1.41,1
438.78305554389954,-1.38,1
440.12742590904236,-2.34,1
441.54820704460144,-1.45,1
442.8925907611847,-1.45,1
444.3085193634033,-0.21,1
445.64765787124634,-2.07,1
447.05417704582214,-1.62,1
448.40574741363525,-2.24,1
449.75213623046875,-2.24,1
451.09679913520813,-1.59,1
452.49806118011475,-2.21,1
453.92286443710327,-1.83,1
455.2576138973236,-2.17,1
456.603755235672,-1.41,1
458.01766777038574,-1.69,1
459.36899399757385,-1.03,1
460.78085446357727,-1.34,1
462.1954243183136,-0.83,1
463.5975160598755,-1.41,1
465.0191626548767,-1.31,1
466.3631739616394,-1.24,1
467.6981825828552,-1.34,1
469.12124848365784,-1.45,1
470.4643692970276,-1.41,1
471.79582381248474,-1.45,1
473.21081280708313,-1.45,1
474.6211793422699,-1.41,1
476.040976524353,-1.38,1
477.4457609653473,-1.38,1
478.8701858520508,-1.41,1
480.2711269855499,-1.62,1
481.68459248542786,-1.21,1
483.095716714859,-1.45,1
484.51746439933777,-1.34,1
485.9313178062439,-1.69,1
487.33496594429016,-1.45,1
488.7491064071655,-1.28,1
490.17373037338257,-1.03,1
