1.1079277992248535,0.34,0
2.349626302719116,0.14,0
3.5616493225097656,0.69,0
4.76328444480896,-0.1,0
9.348415851593018,25.62,1
10.760881662368774,23.48,1
12.175588369369507,39.34,1
13.579650163650513,56.41,1
14.999620914459229,61.76,1
16.397579193115234,64.52,1
17.75017738342285,30.69,1
19.087201595306396,51.55,1
20.43689775466919,48.55,1
21.779300451278687,61.21,1
23.184402227401733,34.72,1
24.537765979766846,26.52,1
25.952058792114258,50.14,1
27.350556135177612,49.55,1
28.768712282180786,59.69,1
30.184245347976685,48.69,1
31.58828639984131,64.48,1
33.00671076774597,62.14,1
34.42053270339966,152.69,1
41.70603823661804,0.45,0
43.0526864528656,0.62,0
44.36656856536865,0.21,0
45.67799472808838,0.48,0
46.98555946350098,0.28,0
48.302002906799316,0.31,0
49.62296795845032,0.28,0
50.94518756866455,0.17,0
