1.1120994091033936,-1.41
2.3171684741973877,-1.48
3.5507073402404785,-1.41
4.749665260314941,-1.38
5.935603618621826,-1.38
10.521143436431885,189.34
11.944562911987305,126.66
13.357020616531372,119.34
14.76845669746399,117.97
16.17651104927063,116.83
17.510401964187622,117.1
18.859851360321045,117.0
20.209075927734375,113.0
21.607557773590088,112.31
22.95734405517578,110.14
24.306281566619873,102.69
25.717349767684937,97.0
27.128657579421997,92.21
28.46417474746704,88.55
29.814000844955444,85.79
31.22960376739502,82.97
32.627320766448975,80.41
33.97461247444153,78.34
35.317970275878906,76.76
36.66899299621582,75.76
38.0826096534729,74.17
39.42546105384827,72.76
40.75754499435425,72.17
42.108935832977295,72.45
43.44590735435486,72.14
44.79208970069885,71.79
46.13736605644226,71.9
47.54709434509277,71.0
48.958762884140015,71.76
50.295494079589844,72.79
51.706260442733765,73.48
53.05623650550842,74.76
54.4036819934845,74.9
55.73513388633728,75.48
57.084654092788696,75.9
58.432340145111084,78.62
59.843201637268066,79.69
61.25416326522827,81.07
62.6661741733551,82.31
64.07945346832275,84.28
65.49258160591125,86.07
66.8278226852417,87.66
68.1747977733612,90.17
69.58308935165405,91.83
70.99988555908203,93.0
72.34805035591125,95.48
73.680912733078,96.55
75.02360582351685,98.55
76.37446618080139,99.41
77.78439092636108,102.55
79.12182021141052,102.9
80.47520065307617,104.0
81.87609219551086,105.17
83.28937578201294,104.86
84.63917756080627,106.31
85.97032570838928,107.66
87.32091307640076,111.14
88.73209810256958,111.83
90.06987166404724,111.62
91.47934031486511,111.93
92.89045405387878,111.97
94.30409264564514,112.31
95.6559157371521,112.66
97.07071924209595,112.66
98.47980260848999,113.0
99.81240463256836,113.03
101.16760301589966,112.97
102.57969951629639,112.97
103.97899055480957,113.1
105.32259511947632,113.31
106.67377185821533,113.52
108.08441424369812,113.55
109.4203794002533,113.41
110.83655786514282,113.31
112.25622344017029,-28.1
113.66800093650818,-3.79
115.07861757278442,-2.62
116.41403079032898,-2.31
117.76181983947754,-2.21
119.17453336715698,-2.14
120.50762581825256,-2.14
121.93129873275757,-2.03
123.34752106666565,-2.03
124.68889164924622,-1.97
126.0990538597107,-1.79
127.51288652420044,-1.86
128.84640169143677,-1.83
130.1951344013214,-1.83
131.52987790107727,-1.93
132.87985587120056,-1.83
134.2955722808838,-1.79
135.64409494400024,-1.83
136.97995448112488,-1.79
138.32905793190002,-1.86
139.7463400363922,-1.83
141.07875895500183,-1.83
142.43442153930664,-1.83
143.8379101753235,-1.9
145.18307781219482,-1.76
146.53279757499695,-1.76
147.94619464874268,-1.76
149.27894949913025,-1.86
150.69201564788818,-1.79
152.0447702407837,-1.79
153.45976758003235,-1.79
154.87115025520325,-1.76
156.2842206954956,-1.79
157.69126987457275,-1.72
159.10504007339478,-1.76
160.4538757801056,-1.79
161.78795623779297,-1.79
163.13881373405457,-1.79
164.55989241600037,-1.72
165.88910460472107,-1.72
167.2479932308197,-1.76
168.58823704719543,-1.72
169.92805171012878,-1.72
171.27915239334106,-1.69
172.6136543750763,-1.72
173.96207642555237,-1.76
175.29852414131165,-1.79
176.72312211990356,-1.76
178.05418467521667,-1.66
179.39940190315247,-1.79
180.74971771240234,-1.69
182.0989990234375,-1.79
183.4322497844696,-1.72
184.77939200401306,-1.76
186.12719058990479,-1.72
187.54010772705078,-1.69
188.88690066337585,-1.76
190.21978187561035,-1.69
191.568603515625,-1.76
192.98118901252747,-1.72
194.3313295841217,-1.69
195.74994659423828,-1.76
197.0919406414032,-1.72
198.50398874282837,-1.72
199.8500154018402,-1.72
201.2499237060547,-1.76
202.6666603088379,-1.76
204.07895851135254,-1.76
205.43050575256348,-1.76
206.76114773750305,-1.66
208.1747808456421,-1.76
209.52995443344116,-1.76
210.8613133430481,-1.76
212.27338314056396,-1.72
213.62916660308838,-1.48
214.96125555038452,279.17
216.30815720558167,138.03
217.7206633090973,123.17
219.13281869888306,119.76
220.47559762001038,119.1
221.8254725933075,118.38
223.24040532112122,118.21
224.57277059555054,-64.24
225.98460817337036,-15.03
227.3361382484436,181.93
228.74729871749878,125.97
230.15866041183472,120.34
231.5711374282837,118.69
232.98383498191833,112.72
234.32044291496277,197.59
235.65903568267822,127.66
237.01431798934937,182.07
238.42523741722107,191.17
239.83626651763916,123.52
241.24866318702698,115.72
242.66098022460938,115.34
244.07294726371765,114.59
245.48269367218018,114.52
246.8171842098236,114.38
248.22904682159424,115.0
249.6410791873932,114.66
251.05497789382935,114.59
252.4013843536377,115.79
253.8116843700409,-750.14
255.14647364616394,-6.69
256.50051736831665,-2.03
257.83420634269714,0.86
259.1801493167877,97.93
260.5940434932709,56.28
262.0086569786072,63.45
263.3520085811615,-212.9
270.6675531864166,-2.07
271.96624851226807,-1.83
273.2863087654114,-2.0
274.58730483055115,-1.97
275.90552282333374,-1.9
277.2388596534729,-1.86
278.5562541484833,-1.97
279.871253490448,-1.9
284.44843578338623,187.9
285.86087012290955,-30.14
287.28641176223755,-2.83
288.6988661289215,-2.0
290.1085548400879,-1.97
291.5172505378723,-1.76
292.86528158187866,-1.38
294.27826595306396,-1.48
295.6904833316803,335.45
297.1038725376129,-25.72
298.51392889022827,-189.76
299.9241373538971,315.0
301.3387167453766,134.69
302.7502052783966,126.0
304.16186475753784,125.79
305.502228975296,119.17
306.9146902561188,115.62
308.3254933357239,112.97
309.73690152168274,101.66
311.1483516693115,94.76
312.56398129463196,87.17
313.97719526290894,82.31
315.39034628868103,74.41
316.80093240737915,70.03
318.1341094970703,66.28
319.54462695121765,62.1
320.9599938392639,60.17
322.3087828159332,55.97
323.7181327342987,52.07
325.1306357383728,52.79
326.46384835243225,50.31
327.821896314621,47.9
329.1641173362732,45.69
336.45610427856445,-1.76
337.7729682922363,-1.52
339.06881380081177,-0.14
340.4159071445465,-2.38
341.7023558616638,-2.28
343.0028142929077,-4.07
344.32086992263794,-2.72
345.62087059020996,-1.66
346.8127863407135,-1.55
348.020623922348,-1.93
349.2107677459717,-1.66
350.40573954582214,-1.59
351.64583468437195,-1.59
352.8640921115875,-1.66
