1.1083736419677734,6.41
2.3614866733551025,6.41
3.5615155696868896,6.52
4.769560813903809,6.55
9.363320112228394,15.14
10.70775318145752,21.55
12.12062931060791,23.38
13.53401803970337,24.07
14.941737651824951,23.9
16.345624208450317,23.97
17.70065426826477,23.76
19.038890838623047,23.66
20.385632038116455,23.79
21.720115423202515,23.72
23.13762903213501,23.93
24.4781756401062,23.93
25.897226095199585,23.72
27.307674646377563,24.93
28.712796926498413,24.55
30.128138780593872,24.07
31.53711724281311,23.66
33.014753580093384,23.93
34.50451111793518,23.55
35.978684186935425,23.55
37.391990184783936,23.72
38.93268322944641,23.55
40.413692235946655,23.66
41.896637201309204,23.48
43.375444650650024,23.59
44.86248064041138,23.55
46.34383416175842,23.79
47.818424701690674,23.59
49.298426151275635,23.69
50.788004636764526,23.62
52.261327266693115,23.55
53.81386852264404,23.52
55.28428101539612,23.41
56.705533504486084,23.48
58.120981216430664,23.52
59.52157759666443,23.45
60.93348455429077,23.59
62.35093808174133,23.45
63.7540066242218,23.52
