1.1033101081848145,-1.97,0
2.350386619567871,-1.79,0
3.562119483947754,-1.79,0
4.76383638381958,-1.93,0
5.978910684585571,-1.83,0
10.569047689437866,-0.79,1
11.995534658432007,10.62,1
13.408723592758179,16.07,1
14.820811033248901,21.03,1
16.223812580108643,25.76,1
17.57630205154419,27.72,1
18.914868354797363,29.76,1
20.261921405792236,32.14,1
21.602991104125977,34.28,1
23.020453214645386,35.9,1
24.422626972198486,35.31,1
25.8340060710907,35.14,1
27.246967792510986,35.24,1
28.67438054084778,37.48,1
30.07322120666504,37.48,1
31.492511749267578,36.72,1
32.90899658203125,36.97,1
34.2510621547699,39.83,1
35.66343903541565,39.66,1
37.00175476074219,39.0,1
38.41512179374695,38.9,1
39.83519697189331,38.62,1
41.25141906738281,41.93,1
42.59221696853638,41.45,1
43.99338698387146,39.45,1
45.339640378952026,41.0,1
46.765121936798096,41.07,1
48.173810958862305,41.31,1
49.57827425003052,41.07,1
50.997884035110474,40.83,1
52.4076874256134,40.76,1
53.82464575767517,40.97,1
55.22893953323364,41.1,1
56.64765477180481,41.28,1
58.05121088027954,40.79,1
59.46970248222351,40.79,1
60.887661933898926,41.03,1
62.29144024848938,39.21,1
63.70161700248718,39.66,1
65.0580244064331,39.31,1
66.40109896659851,39.34,1
67.80335855484009,39.48,1
69.21485424041748,39.31,1
70.64135599136353,39.28,1
72.0437171459198,39.14,1
73.3826813697815,39.28,1
74.80896234512329,41.21,1
76.15305733680725,41.34,1
77.56615424156189,39.0,1
84.87769651412964,-1.93,0
86.18926477432251,-1.86,0
87.53220629692078,-1.9,0
88.84480285644531,-1.9,0
90.1539478302002,-1.93,0
91.46330261230469,-1.97,0
92.77274250984192,-1.97,0
94.08068442344666,-1.93,0
98.67050004005432,257.72,1
100.07707977294922,239.72,1
101.4972631931305,239.45,1
102.83808755874634,239.48,1
104.25862097740173,239.41,1
105.65803694725037,238.21,1
107.08043956756592,211.93,1
108.48698782920837,182.52,1
109.90272545814514,159.69,1
117.27317094802856,-2.0,0
118.5951726436615,-2.0,0
119.90990924835205,-2.1,0
121.22064805030823,-2.07,0
122.53820490837097,-1.93,0
123.84909439086914,-2.03,0
125.17745661735535,-2.03,0
126.4895658493042,-2.1,0
131.12335443496704,25.59,1
132.52846884727478,38.72,1
133.94329023361206,49.34,1
135.36825799942017,64.72,1
136.76565742492676,73.34,1
138.18981409072876,82.1,1
139.59714221954346,90.62,1
141.00620651245117,98.41,1
142.42457842826843,106.07,1
143.83984208106995,113.52,1
145.24420833587646,120.93,1
146.66332387924194,127.45,1
