1.1201999187469482,6.14,0
2.3481478691101074,6.17,0
3.550157308578491,6.17,0
4.751373529434204,6.1,0
9.334266424179077,1.83,1
10.67830753326416,1.83,1
12.092463493347168,1.79,1
13.491731643676758,1.79,1
14.917102098464966,1.79,1
16.3279550075531,1.76,1
17.665329217910767,1.79,1
19.009292364120483,1.83,1
20.349596738815308,1.76,1
21.698055505752563,1.79,1
23.110451221466064,1.76,1
24.45158362388611,1.83,1
25.872445821762085,1.79,1
27.276412963867188,1.76,1
28.62886357307434,1.79,1
29.970686435699463,1.79,1
31.388394117355347,1.83,1
32.73376655578613,1.76,1
34.07288885116577,1.76,1
35.41372013092041,1.79,1
36.753100872039795,1.79,1
38.17142915725708,1.79,1
39.58381128311157,1.79,1
40.98770499229431,1.79,1
42.33375358581543,1.76,1
43.68772029876709,1.79,1
45.02724480628967,1.79,1
46.365389347076416,1.76,1
47.70871067047119,1.79,1
49.12734079360962,1.76,1
50.473206520080566,1.76,1
51.81176471710205,1.79,1
53.16750979423523,1.79,1
54.501749753952026,1.76,1
55.85110259056091,1.79,1
57.20365500450134,1.79,1
58.615192890167236,1.83,1
60.027106046676636,1.83,1
61.43840312957764,1.79,1
