1.1037123203277588,-2.0,0
2.3408544063568115,-2.03,0
3.548719882965088,-2.0,0
4.745813608169556,-2.0,0
5.95732045173645,-2.07,0
7.167378187179565,-2.07,0
11.744802474975586,-1.9,1
13.17151951789856,-2.07,1
14.583461999893188,-1.97,1
15.995351791381836,-1.79,1
17.326277494430542,-1.76,1
18.67957377433777,-1.66,1
20.08984398841858,-0.1,1
21.43954110145569,1.21,1
22.84585189819336,2.59,1
24.26410722732544,4.55,1
25.676536083221436,0.1,1
27.09093976020813,1.76,1
28.498160362243652,3.59,1
29.899903059005737,5.21,1
31.322021484375,8.21,1
32.73274278640747,8.9,1
34.081302642822266,9.55,1
35.48462653160095,9.48,1
36.83680725097656,10.28,1
38.2454879283905,8.66,1
39.65178966522217,8.24,1
40.9960036277771,11.62,1
42.417702436447144,12.14,1
43.76468229293823,12.03,1
45.17757439613342,10.86,1
46.5909149646759,11.38,1
47.98971915245056,10.72,1
49.40796971321106,13.34,1
50.82681202888489,13.03,1
52.239577770233154,13.45,1
53.639487981796265,11.0,1
55.051347970962524,12.45,1
56.47108244895935,10.07,1
57.878161668777466,10.79,1
59.30254244804382,10.38,1
60.71478247642517,11.03,1
62.12699604034424,9.76,1
63.53979015350342,10.41,1
64.93796706199646,9.97,1
66.28378319740295,10.55,1
67.70415592193604,8.76,1
69.11669254302979,8.76,1
70.51680994033813,9.21,1
71.9397222995758,9.48,1
73.34709334373474,9.93,1
74.76458239555359,10.1,1
76.18154430389404,9.17,1
77.59401059150696,9.0,1
79.00587892532349,9.97,1
80.40328812599182,9.93,1
81.82705569267273,10.83,1
83.2340235710144,10.28,1
84.64163208007812,8.9,1
85.99292755126953,9.24,1
87.33338236808777,13.93,1
88.7428207397461,14.93,1
90.14830088615417,12.69,1
91.56085300445557,13.31,1
92.98713254928589,12.79,1
94.40136098861694,11.83,1
95.81394004821777,10.28,1
97.22598433494568,10.21,1
98.63554549217224,10.38,1
