1.0968091487884521,-2.21,0
2.3510501384735107,-2.17,0
3.55708646774292,-2.1,0
4.760723829269409,-2.1,0
9.347129583358765,19.66,1
10.748469352722168,25.03,1
12.089820146560669,45.03,1
13.505782127380371,43.79,1
14.856474161148071,46.76,1
16.270325899124146,43.76,1
17.61489462852478,49.34,1
18.951237678527832,48.34,1
20.29930019378662,51.34,1
21.64014172554016,51.14,1
22.984262943267822,50.1,1
24.39352583885193,48.17,1
25.810537099838257,45.62,1
27.220342874526978,45.14,1
28.624468564987183,40.83,1
30.043474674224854,45.66,1
31.44603419303894,51.38,1
32.85451698303223,59.59,1
34.266499757766724,65.66,1
35.615944147109985,60.03,1
37.02016854286194,55.69,1
38.4335560798645,52.97,1
39.782532691955566,50.45,1
41.13024711608887,48.03,1
42.53922772407532,49.97,1
43.87508678436279,47.66,1
45.22407817840576,43.76,1
46.566983222961426,42.41,1
47.98485493659973,48.52,1
49.391921281814575,58.83,1
50.80903720855713,61.66,1
52.14726424217224,58.59,1
53.564069509506226,55.0,1
54.90856218338013,48.76,1
56.3084237575531,45.76,1
57.71920704841614,46.79,1
59.13192415237427,45.31,1
66.4337797164917,-1.86,0
67.73815560340881,-1.86,0
69.03671598434448,-1.97,0
70.35587334632874,-2.0,0
71.64944887161255,-2.03,0
72.94703435897827,-2.07,0
74.24359059333801,-2.1,0
75.56782293319702,-2.1,0
80.1855149269104,22.83,1
81.59809637069702,39.21,1
83.00967168807983,61.9,1
84.3514974117279,73.45,1
85.75909233093262,78.21,1
87.10386228561401,85.34,1
88.51208329200745,82.83,1
89.85746717453003,87.34,1
91.27208614349365,93.38,1
92.61516189575195,92.38,1
93.95538139343262,97.83,1
95.37294840812683,106.07,1
96.77783179283142,103.03,1
98.18811392784119,98.45,1
99.60002899169922,94.86,1
101.00815558433533,88.86,1
102.42607140541077,83.83,1
103.8353910446167,78.34,1
105.25266194343567,82.45,1
106.65285658836365,85.17,1
108.07155227661133,93.79,1
109.47866320610046,101.62,1
110.89417243003845,103.45,1
112.30213713645935,100.0,1
113.71739912033081,87.76,1
115.06336259841919,91.41,1
116.47486877441406,90.17,1
117.88163590431213,84.03,1
119.30081248283386,87.97,1
120.70731973648071,91.45,1
122.12494969367981,101.21,1
123.53251385688782,99.38,1
124.93551921844482,97.66,1
126.3577229976654,91.38,1
127.75586462020874,88.31,1
129.1016492843628,82.31,1
130.4536144733429,79.03,1
131.78785824775696,84.69,1
133.20704436302185,88.59,1
134.54363918304443,85.14,1
135.9605255126953,82.55,1
137.29796957969666,81.14,1
138.7121706008911,84.72,1
140.05003929138184,92.55,1
141.467755317688,92.03,1
142.88213896751404,91.07,1
150.1839566230774,-2.93,0
151.4978232383728,-2.31,0
152.81581377983093,-2.14,0
154.13762378692627,-2.21,0
155.45039010047913,-2.1,0
156.76432466506958,-2.14,0
158.07417464256287,-2.07,0
159.4264781475067,-2.1,0
164.01050972938538,31.21,1
165.357253074646,16.24,1
166.69821429252625,20.0,1
168.04880905151367,32.66,1
169.44662237167358,50.45,1
170.805349111557,56.21,1
172.13785004615784,54.24,1
173.56045985221863,64.83,1
174.90042519569397,63.97,1
176.24181723594666,66.93,1
177.65748572349548,63.93,1
178.98817420005798,64.79,1
180.34127259254456,62.86,1
181.6760950088501,58.24,1
183.09011268615723,59.1,1
184.44268345832825,64.34,1
185.84197974205017,60.59,1
187.19702887535095,64.07,1
188.53161191940308,56.38,1
189.95244932174683,52.45,1
191.29073858261108,57.45,1
192.63427329063416,53.55,1
193.98019766807556,58.69,1
195.38917112350464,58.97,1
196.78976678848267,59.45,1
198.13643145561218,55.69,1
199.54488110542297,62.1,1
200.88659644126892,62.0,1
202.31338906288147,60.59,1
203.72203826904297,56.28,1
205.12454843521118,59.38,1
206.54103136062622,61.34,1
207.94736337661743,58.79,1
209.3730959892273,55.66,1
210.7822561264038,53.55,1
212.19172191619873,57.97,1
213.5973024368286,56.41,1
215.00920939445496,57.03,1
216.42628526687622,57.17,1
217.8269236087799,54.24,1
219.1758029460907,58.48,1
220.5891706943512,60.79,1
221.99889135360718,56.31,1
223.41330099105835,54.17,1
224.82148694992065,50.97,1
226.23242664337158,59.97,1
227.64258360862732,59.86,1
228.98798990249634,57.86,1
236.3093376159668,-1.55,0
237.60338973999023,-1.83,0
238.91626739501953,-1.9,0
240.23072600364685,-2.0,0
241.55248093605042,-1.97,0
242.8851408958435,-2.03,0
244.20152282714844,-1.93,0
245.51349139213562,-1.86,0
