3.112269401550293,8.66
6.3552305698394775,8.62
9.564064264297485,8.62
12.780354738235474,8.59
19.373013019561768,1.72
22.91022229194641,-0.24
26.392677783966064,-1.07
29.94973587989807,-0.97
33.49978804588318,-1.21
37.04943299293518,-0.38
40.527127504348755,10.83
44.07780694961548,13.97
47.61703896522522,21.55
53.31632351875305,20.59
56.867063760757446,30.72
60.420104026794434,30.41
63.96701788902283,20.97
67.51671957969666,18.31
71.05833315849304,16.41
74.60724186897278,4.55
78.16734743118286,17.1
81.70933651924133,11.14
85.26427459716797,11.31
88.81724810600281,13.48
92.35723829269409,26.55
95.9180679321289,19.52
99.46064567565918,41.24
103.01562714576721,53.59
106.5666766166687,53.69
110.1177716255188,42.72
113.65715336799622,44.55
117.21264958381653,12.97
120.83059763908386,-1.72
