1.1178932189941406,-0.97
2.330101490020752,-0.86
3.567922353744507,-1.03
4.772758722305298,-1.0
9.357855319976807,1.86
10.772026062011719,1.83
12.169536828994751,1.86
13.595674514770508,1.83
15.006860733032227,6.97
16.41976761817932,12.14
17.753219604492188,16.69
19.10709309577942,20.66
20.443022966384888,28.0
21.858219861984253,28.28
23.270353078842163,28.55
24.620887279510498,28.34
26.034518480300903,28.72
27.441869020462036,28.45
28.853255033493042,34.34
30.26836109161377,29.97
31.668635606765747,34.62
33.083508014678955,32.59
34.503008127212524,32.41
35.84796380996704,32.76
37.25213265419006,31.9
38.603057861328125,27.07
40.00098276138306,31.0
41.35157132148743,28.34
42.764572620391846,27.9
44.179338455200195,27.66
45.59553861618042,27.93
46.991931438446045,27.9
48.41650462150574,27.93
49.821271896362305,27.93
51.2367148399353,27.9
52.64026093482971,30.59
54.05345392227173,28.41
55.467512130737305,28.03
56.87934899330139,27.83
58.282275438308716,27.62
59.698882818222046,27.83
61.11219072341919,27.69
62.52598524093628,27.76
63.934040546417236,30.28
65.34895277023315,31.1
66.697190284729,31.17
68.10346221923828,28.59
69.52363848686218,30.52
70.93156862258911,31.24
72.26924252510071,28.55
73.68310379981995,27.86
75.09022068977356,27.66
76.51071834564209,27.76
77.92152500152588,30.52
79.33019876480103,31.07
86.71531200408936,1.9
88.0235161781311,1.9
89.34081721305847,1.9
90.64377450942993,1.83
91.95967602729797,1.9
93.27490043640137,1.9
94.57813167572021,1.86
95.89981651306152,1.9
100.51777362823486,1.83
101.85716938972473,24.34
103.27152228355408,104.31
104.68329381942749,204.62
106.09404397010803,318.48
107.5052969455719,451.69
108.91882276535034,578.66
110.33277106285095,655.41
111.73967170715332,679.07
113.1534698009491,684.45
114.56623578071594,684.79
115.98735499382019,684.66
117.39829969406128,685.41
118.79546928405762,683.69
120.21762800216675,684.41
121.62937545776367,684.66
123.04263830184937,686.21
124.44095873832703,683.9
125.85309195518494,685.03
133.167094707489,0.86
134.47087049484253,1.0
135.79363346099854,0.93
137.13961052894592,0.97
138.47291207313538,1.0
139.7779140472412,1.0
141.10164880752563,1.1
142.40730381011963,1.14
147.01135301589966,1.07
148.42354893684387,1.1
149.83916544914246,1.07
151.2402892112732,1.03
152.6617510318756,1.07
154.0762801170349,4.76
155.48311710357666,7.1
156.8961477279663,12.69
158.30898356437683,15.41
159.72929883003235,15.93
161.13936591148376,2.45
162.55115294456482,1.62
163.885577917099,1.41
165.3086929321289,1.48
166.72059631347656,1.41
168.05561804771423,1.31
169.40623331069946,1.17
170.7562415599823,1.24
172.16414403915405,1.21
173.57925629615784,1.14
174.99121499061584,1.17
176.40318369865417,1.1
177.74100947380066,1.14
179.09412288665771,1.17
180.43726015090942,1.14
181.78481602668762,1.03
183.19854068756104,1.03
184.53220748901367,0.93
185.87973761558533,1.14
187.28860092163086,1.17
188.70231366157532,1.1
190.11910438537598,0.97
191.45588517189026,1.03
192.86767292022705,1.14
194.27960872650146,1.17
195.69326162338257,1.1
197.11660289764404,1.1
198.5141885280609,1.1
199.92623949050903,1.07
201.34368991851807,1.1
202.75782799720764,1.1
204.1652328968048,1.07
205.57818913459778,1.1
206.99493932724,1.1
208.41760396957397,0.97
209.8300793170929,1.0
211.24237275123596,1.14
212.65523648262024,1.07
214.05545353889465,1.03
215.47375631332397,1.03
216.89135575294495,1.03
218.30236768722534,1.07
219.71790647506714,1.07
221.12116289138794,1.1
222.53751611709595,1.07
223.9531638622284,1.07
225.36230897903442,1.03
226.7667031288147,1.07
228.1838493347168,1.03
229.53768181800842,1.03
230.94039916992188,1.0
232.35264992713928,1.07
233.7640609741211,1.1
235.17711782455444,1.07
236.59145712852478,0.97
238.00528168678284,1.0
239.42262744903564,1.03
240.84012937545776,1.0
242.23997497558594,1.03
243.65176343917847,1.03
245.06434750556946,1.07
246.48514556884766,1.0
247.90012907981873,1.03
249.31097221374512,1.03
250.72839307785034,1.1
252.14266920089722,1.0
253.5528998374939,1.14
