1.1007599830627441,-1.9,0
2.3456459045410156,-2.0,0
3.5576894283294678,-2.03,0
4.766750812530518,-1.97,0
5.966452360153198,-2.0,0
7.1887006759643555,-1.97,0
8.392925024032593,-2.0,0
9.60306453704834,-2.07,0
10.82607650756836,-1.97,0
12.072726726531982,-1.97,0
13.292924880981445,-1.86,0
14.481192111968994,-2.0,0
15.692344665527344,-2.0,0
16.893291234970093,-2.0,0
18.092140913009644,-1.97,0
19.28142547607422,-1.9,0
20.495858192443848,-2.14,0
21.73262858390808,-2.0,0
22.929723262786865,-2.07,0
24.13045835494995,-2.0,0
25.33754849433899,-2.1,0
26.553685426712036,-2.0,0
27.760170221328735,-2.24,0
28.972553491592407,-2.0,0
30.22406768798828,-1.9,0
31.425286293029785,-2.03,0
32.65610384941101,-1.93,0
33.85819864273071,-1.86,0
35.05913734436035,-1.9,0
36.26091003417969,-1.97,0
37.469040870666504,-1.93,0
38.66483497619629,-2.0,0
39.914990186691284,-2.0,0
41.116636753082275,-2.0,0
42.34570932388306,-1.97,0
43.550466537475586,-1.86,0
44.761579751968384,-1.93,0
45.97578430175781,-1.9,0
47.17605638504028,-1.93,0
48.38719367980957,-2.0,0
51.64710783958435,-2.07,0
54.875340700149536,-2.07,0
56.09059739112854,-1.83,0
57.302764654159546,-1.83,0
58.51674270629883,-1.93,0
59.723164558410645,-1.86,0
60.93026900291443,-1.93,0
62.17822623252869,-1.9,0
63.39173722267151,-1.86,0
64.59658575057983,-1.9,0
65.78730630874634,-1.93,0
66.99969220161438,-1.97,0
68.19819808006287,-1.97,0
69.40420079231262,-1.83,0
70.5867669582367,-1.86,0
71.79084730148315,-1.86,0
73.01533770561218,-1.9,0
74.21930003166199,-1.86,0
75.41447114944458,-1.9,0
76.60547065734863,-1.86,0
77.80752635002136,-1.9,0
79.0112087726593,-1.86,0
80.20088171958923,-1.93,0
81.40324568748474,-1.9,0
82.64056992530823,-1.93,0
83.85039138793945,-1.93,0
85.0455710887909,-1.93,0
86.23890686035156,-2.0,0
87.44585132598877,-1.9,0
88.63650274276733,-1.97,0
89.84664535522461,-1.79,0
91.04200792312622,-1.9,0
92.28956460952759,-1.93,0
93.4971559047699,-1.86,0
94.69031500816345,-1.83,0
95.89954209327698,-1.86,0
97.11166977882385,-2.0,0
98.31556797027588,-2.0,0
99.5039210319519,-2.03,0
100.75633764266968,-1.93,0
101.97939324378967,-1.97,0
103.18011116981506,-2.03,0
104.38639712333679,-1.97,0
105.58870387077332,-1.86,0
106.8000431060791,-1.97,0
108.012127161026,-2.0,0
109.20091342926025,-1.93,0
110.46146297454834,-1.86,0
111.67030477523804,-1.97,0
112.87693309783936,-1.97,0
114.09298801422119,-2.0,0
115.29747080802917,-1.86,0
116.50295448303223,-1.93,0
117.71478843688965,-1.9,0
118.97088074684143,-1.93,0
120.17922186851501,-1.93,0
121.38598370552063,-1.97,0
122.59276843070984,-1.86,0
123.80965948104858,-1.86,0
125.02039813995361,-1.93,0
126.2296359539032,-1.86,0
127.45030808448792,-2.0,0
128.68996334075928,-1.9,0
129.89650988578796,-1.9,0
131.09583973884583,-1.93,0
132.30545711517334,-2.0,0
133.50567388534546,-2.0,0
134.71777272224426,-1.86,0
135.92119359970093,-1.9,0
137.11570644378662,-1.86,0
138.38580346107483,-1.93,0
139.58802771568298,-1.93,0
140.7924280166626,-1.93,0
141.99998140335083,-1.9,0
143.2002182006836,-1.9,0
144.4152112007141,-1.97,0
145.60930132865906,-1.93,0
146.86014938354492,-1.83,0
148.07031536102295,-1.93,0
149.26510310173035,-2.0,0
150.47631549835205,-1.93,0
151.67591285705566,-1.86,0
152.88988423347473,-1.9,0
154.0933063030243,-1.97,0
155.30045104026794,-1.97,0
156.55344247817993,-1.9,0
157.7648582458496,-1.86,0
158.98292469978333,-1.93,0
160.18306970596313,-1.83,0
161.38723874092102,-1.93,0
162.57809805870056,-2.0,0
163.78360199928284,-1.93,0
164.9737708568573,-1.97,0
166.20889377593994,-1.86,0
167.40331292152405,-1.93,0
168.60698890686035,-1.97,0
169.8156578540802,-1.97,0
171.00408506393433,-1.97,0
172.20750284194946,-1.93,0
173.41370511054993,-1.86,0
174.61214423179626,-2.03,0
175.82405614852905,-1.93,0
177.06618189811707,-1.93,0
178.25412273406982,-1.9,0
179.44869804382324,-2.0,0
180.66950845718384,-1.93,0
181.86296105384827,-1.86,0
183.06676506996155,-1.9,0
184.2663116455078,-1.9,0
185.47490787506104,-1.97,0
186.67305898666382,-1.62,0
187.92176580429077,39.62,0
189.11075258255005,-227.55,0
190.31106901168823,-4.48,0
191.51755118370056,-61.52,0
192.71721076965332,-0.79,0
193.9389772415161,-0.79,0
195.14532494544983,-0.9,0
196.38207840919495,-0.76,0
197.58483028411865,-0.9,0
198.78518986701965,-0.79,0
200.00237584114075,-0.72,0
201.19856452941895,-0.45,0
202.40208649635315,-0.86,0
203.61868834495544,-0.76,0
204.81540751457214,-0.76,0
206.06111431121826,-0.72,0
207.26608657836914,-0.76,0
208.47305464744568,-0.72,0
209.68814158439636,-0.69,0
210.8766074180603,-0.62,0
212.0898950099945,-0.69,0
213.30387115478516,-0.72,0
214.54752826690674,-0.72,0
215.75753021240234,-0.76,0
