1.1033897399902344,-1.45,0
2.352194309234619,-1.41,0
3.5642952919006348,-1.48,0
4.77272629737854,-1.48,0
9.348320484161377,-1.48,1
10.752304315567017,-1.45,1
12.165279865264893,-1.41,1
13.58211064338684,-1.48,1
15.002785205841064,-1.52,1
16.400448322296143,-1.48,1
17.823582887649536,-1.41,1
19.224706649780273,-1.45,1
20.640493631362915,-1.52,1
22.05890703201294,-1.52,1
23.39569640159607,-1.48,1
24.753033876419067,-1.45,1
26.16736149787903,-1.48,1
27.57530164718628,-1.52,1
28.988784074783325,-1.45,1
30.404030323028564,-1.41,1
31.81307363510132,-1.45,1
33.2297306060791,-1.48,1
34.57348823547363,-1.52,1
35.984785318374634,-1.48,1
37.38758993148804,-1.45,1
38.742682456970215,-1.55,1
40.15042424201965,-1.52,1
43.50649070739746,-1.52,1
46.825926780700684,-1.52,1
48.13796901702881,-1.52,1
49.46188569068909,-1.48,1
50.77827334403992,-1.45,1
52.119489431381226,-1.41,1
53.44303059577942,-1.48,1
54.76349472999573,-1.52,1
56.079201459884644,-1.45,1
57.40139412879944,-1.52,1
58.71802544593811,-1.45,1
60.02539658546448,-1.41,1
63.399927616119385,-1.41,1
64.71778893470764,-1.45,1
66.0277578830719,-1.48,1
69.35033297538757,-1.52,1
70.66040444374084,-1.48,1
71.96700048446655,-1.52,1
73.26650476455688,-1.55,1
74.58612155914307,-1.45,1
75.9402027130127,-1.52,1
77.25301837921143,-1.59,1
78.56051087379456,-1.55,1
79.87930727005005,-1.52,1
81.1956684589386,-1.48,1
82.50381374359131,-1.41,1
83.81586217880249,-1.52,1
85.1307680606842,-1.48,1
86.4745762348175,-1.48,1
87.78841495513916,-1.48,1
89.0924003124237,-1.45,1
90.42429399490356,-1.45,1
91.72883296012878,-1.48,1
93.05456066131592,-1.48,1
94.36956143379211,-1.55,1
95.68447279930115,-1.48,1
97.04297137260437,-1.55,1
98.37587475776672,-1.52,1
