1.1139061450958252,3.0
2.3213019371032715,3.0
3.558804750442505,3.0
4.762812376022339,3.0
9.351675510406494,146.52
10.761457920074463,203.66
12.17299222946167,220.76
13.58341121673584,225.59
14.93323540687561,208.59
16.33488440513611,179.86
23.649383544921875,-2.34
24.94783306121826,-2.45
26.253783226013184,-2.34
27.572181463241577,-2.31
28.881004095077515,-2.28
30.198378324508667,-2.21
31.50642728805542,-2.24
32.863346099853516,-2.17
37.44837522506714,145.45
38.78242588043213,200.9
40.12914562225342,217.86
41.540451765060425,224.24
42.888174533843994,219.66
44.298991203308105,193.24
51.6129195690155,-2.66
52.95877408981323,-2.62
54.27375531196594,-2.66
55.572704553604126,-2.59
56.90359830856323,-2.66
58.20398545265198,-2.59
59.51218795776367,-2.48
60.82670569419861,-2.52
65.41730546951294,144.66
66.82786750793457,205.34
68.16404962539673,219.17
69.5126326084137,225.0
70.8620285987854,220.86
72.19375133514404,199.34
79.49298238754272,-2.86
80.81198692321777,-2.93
82.1152412891388,-2.9
83.47179055213928,-2.86
84.7717547416687,-2.86
86.07594275474548,-2.83
87.37808394432068,-2.83
88.69670820236206,-2.79
93.29165410995483,144.24
94.70167970657349,202.79
96.03386926651001,219.34
97.44920611381531,224.14
98.86149168014526,211.21
100.27483582496643,182.03
107.59033823013306,-3.24
108.90331625938416,-3.24
110.20525908470154,-3.24
111.52113080024719,-3.14
112.86703491210938,-3.03
114.17096900939941,-3.1
115.49065518379211,-3.03
116.79696607589722,-3.03
121.38333082199097,142.83
122.79693794250488,201.28
124.21270895004272,218.9
125.62554168701172,223.9
127.03784322738647,207.93
128.43985509872437,179.28
135.7486047744751,-3.69
137.06722712516785,-3.62
138.37904977798462,-3.69
139.69908380508423,-3.62
140.999125957489,-3.66
142.34801173210144,-3.76
143.664124250412,-3.48
144.96585154533386,-3.48
149.57428622245789,-3.41
