1.1045711040496826,-1.1,0
2.3452484607696533,-1.1,0
3.5494585037231445,-1.28,0
4.759615659713745,-1.07,0
5.960076093673706,-1.14,0
10.535351753234863,260.69,1
11.948873281478882,239.66,1
13.359768390655518,239.28,1
14.771911859512329,235.76,1
16.18550181388855,-5.14,1
17.52007031440735,-2.31,1
18.8684983253479,-2.14,1
20.21449089050293,-2.0,1
21.619803428649902,-2.45,1
22.970813751220703,284.14,1
24.37349557876587,254.9,1
25.783710479736328,238.69,1
27.20789623260498,240.31,1
28.60808563232422,239.83,1
35.91580772399902,-2.07,0
37.21833801269531,-1.97,0
38.533703327178955,-1.97,0
39.836819648742676,-2.0,0
41.15722465515137,-2.03,0
42.50325417518616,-2.03,0
43.85836338996887,-2.0,0
45.17868208885193,-1.97,0
49.77605652809143,25.14,1
51.17866277694702,38.76,1
52.59591460227966,51.21,1
54.017685413360596,60.83,1
55.3612494468689,73.1,1
56.77427816390991,81.69,1
58.17416954040527,90.31,1
59.584341287612915,98.07,1
60.99935221672058,106.07,1
62.4211962223053,113.55,1
63.82848501205444,121.07,1
65.23894667625427,127.59,1
66.57886290550232,133.83,1
67.99720478057861,139.79,1
69.4098789691925,145.72,1
70.75242209434509,150.69,1
72.092764377594,155.45,1
73.43955373764038,159.93,1
74.85461926460266,161.97,1
76.19244432449341,161.34,1
77.53585124015808,160.1,1
78.94359278678894,156.45,1
80.36564326286316,151.76,1
81.7078149318695,146.62,1
83.11380338668823,139.86,1
84.53217482566833,131.9,1
85.93295478820801,123.72,1
87.34364438056946,117.31,1
88.69216918945312,111.07,1
90.0984320640564,105.38,1
91.52185273170471,99.76,1
98.82572412490845,-2.03,0
100.13996648788452,-1.93,0
101.45717859268188,-1.93,0
102.77125477790833,-1.93,0
104.08573484420776,-1.83,0
105.43933725357056,-1.93,0
106.76147890090942,-1.93,0
108.08832883834839,-1.9,0
109.30251812934875,-1.86,0
110.51398134231567,-1.86,0
