1.1077611446380615,-2.1,0
2.354121208190918,-2.21,0
3.565669298171997,-2.28,0
4.7717039585113525,-2.17,0
5.991754770278931,-2.14,0
10.576881170272827,-4.31,1
11.989162921905518,-2.72,1
13.40198040008545,-1.93,1
14.746018171310425,-1.86,1
16.14500117301941,1.59,1
17.492726802825928,-3.14,1
18.837555408477783,0.41,1
20.18878746032715,-14.38,1
21.602179050445557,3.83,1
23.002639293670654,7.52,1
24.42214345932007,13.24,1
25.83948564529419,51.31,1
27.248385190963745,87.83,1
28.65843677520752,27.93,1
30.073853254318237,43.97,1
31.48139762878418,260.1,1
32.89668679237366,135.52,1
34.24592113494873,93.24,1
35.65363574028015,69.28,1
37.06160020828247,60.59,1
38.4692645072937,51.52,1
39.89209342002869,50.1,1
41.29580521583557,50.48,1
42.708836793899536,48.34,1
44.114115476608276,51.72,1
45.464197397232056,50.07,1
46.874926805496216,48.76,1
48.28604030609131,48.83,1
49.70669913291931,49.55,1
51.11035203933716,52.21,1
52.51813817024231,50.41,1
53.939653635025024,54.03,1
55.34342288970947,50.62,1
56.76224708557129,49.24,1
58.180469274520874,53.17,1
59.595301151275635,53.45,1
60.9991614818573,53.55,1
62.40917921066284,50.69,1
63.81751775741577,49.14,1
65.16625308990479,49.76,1
66.58163905143738,50.03,1
67.98700475692749,49.83,1
69.40866422653198,49.83,1
70.7384843826294,49.97,1
72.08796286582947,49.9,1
73.43778705596924,49.86,1
74.84584283828735,49.76,1
76.18629288673401,49.9,1
77.60210132598877,49.59,1
79.01565098762512,49.97,1
86.31617379188538,-0.79,0
87.64990139007568,-0.9,0
88.96528697013855,-0.93,0
90.27598667144775,-0.97,0
91.59284543991089,-0.9,0
92.89215016365051,-0.9,0
94.21541166305542,-0.9,0
95.51253414154053,-0.9,0
96.88015794754028,-0.86,0
98.19149422645569,-0.93,0
99.52392148971558,-0.83,0
100.84392523765564,-0.76,0
102.15965223312378,-0.86,0
103.46774220466614,-0.86,0
104.78578281402588,-0.86,0
106.10016393661499,-0.72,0
107.44454646110535,-0.79,0
108.76535820960999,-0.79,0
110.07081055641174,-0.79,0
111.39261484146118,-0.83,0
112.70363259315491,-1.62,0
114.021413564682,-1.0,0
115.34590554237366,-0.69,0
116.68030095100403,-0.72,0
118.02433896064758,-0.62,0
119.33950138092041,-0.66,0
120.65285301208496,-0.62,0
121.98194551467896,-0.59,0
123.29464507102966,-0.62,0
124.60389542579651,-0.55,0
125.9211905002594,-0.62,0
127.26612854003906,-0.55,0
128.58602333068848,-0.69,0
129.89104294776917,-0.59,0
131.21970582008362,-0.66,0
135.8106701374054,23.41,1
137.2237286567688,25.79,1
138.63276529312134,35.9,1
140.04986763000488,43.93,1
141.45139575004578,45.1,1
142.86745285987854,45.34,1
144.28405475616455,49.34,1
145.69332265853882,50.21,1
147.1073296070099,49.03,1
148.51629877090454,50.24,1
149.92710185050964,50.0,1
151.34877967834473,49.03,1
152.7574279308319,49.62,1
154.16613721847534,49.93,1
155.58671259880066,49.62,1
156.98480606079102,49.79,1
158.39754056930542,49.72,1
159.81875777244568,49.83,1
161.16465663909912,49.9,1
162.57311844825745,49.62,1
163.90548872947693,49.72,1
165.32840275764465,49.83,1
166.66858005523682,49.66,1
168.08666467666626,49.76,1
169.48682308197021,49.62,1
170.83915066719055,49.69,1
172.18139362335205,49.59,1
173.59197330474854,49.45,1
174.92901039123535,49.76,1
176.33901715278625,49.45,1
177.68574714660645,49.24,1
179.0966284275055,49.59,1
180.51471614837646,49.52,1
181.86107778549194,49.52,1
183.20281410217285,49.38,1
184.61377930641174,52.93,1
185.95820379257202,50.1,1
187.36460208892822,49.76,1
188.70558643341064,49.45,1
190.11878871917725,49.45,1
191.53072786331177,49.48,1
192.9328305721283,49.52,1
194.35684609413147,49.38,1
195.77057242393494,49.38,1
197.1688346862793,53.03,1
198.58748936653137,50.07,1
199.93755960464478,49.1,1
201.34667778015137,49.21,1
202.75969886779785,49.14,1
204.1622850894928,52.38,1
205.58378553390503,53.17,1
206.99327659606934,53.45,1
208.32765436172485,50.03,1
209.7460494041443,49.41,1
211.14953517913818,48.97,1
212.56567430496216,48.86,1
213.90627145767212,52.59,1
215.31875443458557,49.86,1
216.6583390235901,49.59,1
218.08381843566895,49.45,1
219.48669505119324,49.41,1
220.90545415878296,49.24,1
222.30804347991943,49.45,1
223.72341561317444,49.48,1
225.1343719959259,49.31,1
226.5542871952057,49.28,1
227.95619893074036,49.1,1
229.36771273612976,49.45,1
230.7173945903778,49.28,1
232.12115740776062,49.14,1
233.52982664108276,49.34,1
234.9545123577118,49.24,1
236.29700446128845,52.72,1
237.70776987075806,49.76,1
239.04228043556213,52.83,1
240.46148800849915,49.97,1
241.86455917358398,49.52,1
243.27686667442322,48.9,1
244.68758273124695,52.34,1
246.09515595436096,49.38,1
247.50978446006775,49.24,1
248.93362832069397,52.41,1
250.33201837539673,53.07,1
251.74579620361328,53.21,1
253.16855263710022,53.21,1
254.58165788650513,49.52,1
255.9905526638031,48.93,1
257.39218068122864,48.69,1
258.8170247077942,48.76,1
266.1108469963074,-2.45,0
267.4263586997986,-2.38,0
268.75306940078735,-2.38,0
270.0675437450409,-2.45,0
271.39077949523926,-2.34,0
272.68894934654236,-2.41,0
274.0597674846649,-2.41,0
275.36564898490906,-2.41,0
276.6813669204712,-2.34,0
278.0029752254486,-2.41,0
279.3212454319,-2.31,0
280.63354444503784,-2.24,0
281.9478178024292,-2.24,0
283.26421999931335,-2.28,0
284.608252286911,-2.28,0
285.9288375377655,-2.24,0
287.25105023384094,-2.24,0
288.5616798400879,-2.24,0
289.8769519329071,-2.14,0
291.190856218338,-2.17,0
292.51339530944824,-2.21,0
293.87216424942017,-2.24,0
295.200501203537,-2.21,0
296.51578307151794,-2.17,0
297.83181524276733,-2.14,0
299.16046380996704,-2.1,0
300.4754595756531,-2.21,0
301.7967367172241,-2.07,0
303.15430331230164,-2.07,0
304.46835708618164,-2.03,0
305.7863619327545,-2.1,0
307.10219264030457,-2.07,0
308.4091730117798,-2.14,0
309.7281906604767,-2.1,0
311.060977935791,-2.07,0
315.6487600803375,22.24,1
317.0751597881317,23.97,1
318.4826719760895,34.24,1
319.8920829296112,41.55,1
321.31330394744873,47.48,1
322.7258150577545,49.03,1
324.1306879520416,48.69,1
325.5355558395386,48.52,1
326.9474091529846,48.14,1
328.37205481529236,48.0,1
329.70932698249817,47.9,1
331.12336897850037,48.03,1
332.5252261161804,47.9,1
333.9443459510803,47.79,1
335.3600215911865,47.59,1
336.76379585266113,47.79,1
338.1838128566742,51.07,1
339.59498047828674,48.48,1
340.9933578968048,47.83,1
342.4096658229828,50.79,1
343.76150345802307,51.34,1
345.1615605354309,48.69,1
346.51478457450867,47.76,1
347.84545946121216,50.66,1
349.26354479789734,51.31,1
350.67758798599243,48.21,1
352.0165090560913,50.59,1
353.36152625083923,51.0,1
354.7074851989746,51.28,1
356.121958732605,51.07,1
357.52206349372864,48.14,1
358.94664001464844,47.24,1
360.3479359149933,47.1,1
361.76446986198425,50.21,1
363.10257840156555,50.93,1
364.5138530731201,51.17,1
365.86586022377014,51.03,1
367.2700262069702,51.07,1
368.6800100803375,50.86,1
370.0981459617615,47.9,1
371.5065379142761,47.07,1
372.9139904975891,49.76,1
374.2630560398102,50.55,1
375.6710150241852,47.28,1
377.01698565483093,49.79,1
378.42029666900635,50.52,1
379.7730190753937,50.52,1
381.18911480903625,50.62,1
382.59663248062134,50.45,1
384.0078823566437,50.41,1
385.342875957489,50.62,1
386.75818943977356,50.45,1
388.1076717376709,50.34,1
389.5213522911072,50.28,1
390.8525605201721,50.41,1
392.2623348236084,50.38,1
393.6727395057678,50.24,1
395.0927655696869,46.97,1
396.50121235847473,49.24,1
397.91360545158386,50.07,1
399.256308555603,50.07,1
400.66370248794556,50.17,1
402.0797073841095,50.24,1
403.48891258239746,50.24,1
404.90280628204346,49.72,1
406.31174874305725,49.48,1
407.6595718860626,49.24,1
409.0769250392914,48.79,1
410.4742395877838,43.21,1
411.89528703689575,48.76,1
413.3059813976288,47.97,1
414.7171297073364,48.97,1
416.13517236709595,49.72,1
417.54276180267334,51.41,1
418.87968134880066,52.86,1
420.2996428012848,54.55,1
421.71362686157227,52.76,1
423.121604681015,53.21,1
424.5216119289398,50.24,1
425.9363605976105,50.31,1
427.3520476818085,51.41,1
428.7681050300598,52.76,1
430.1695182323456,54.48,1
431.58413004875183,52.41,1
432.9319658279419,52.55,1
434.3402006626129,49.1,1
435.7591483592987,49.38,1
437.1602771282196,49.59,1
438.57781434059143,53.52,1
439.9889328479767,51.45,1
441.3893642425537,50.86,1
442.8149652481079,50.59,1
444.1586890220642,50.28,1
445.56597542762756,49.69,1
446.97006821632385,48.93,1
448.3821234703064,48.45,1
449.80317735671997,47.93,1
451.20358085632324,50.62,1
452.62572026252747,47.28,1
454.03433084487915,49.31,1
455.4409730434418,49.17,1
456.86171436309814,48.24,1
458.20511770248413,47.59,1
459.6164753437042,50.17,1
460.9580864906311,47.14,1
462.36639189720154,49.62,1
463.7783856391907,49.72,1
465.196772813797,49.17,1
466.52423334121704,48.45,1
467.9487578868866,47.97,1
469.36191606521606,47.55,1
470.7753732204437,47.52,1
472.1049473285675,47.34,1
473.529176235199,51.34,1
474.92987966537476,55.28,1
476.34468960762024,48.21,1
477.7508339881897,47.48,1
479.17683696746826,47.52,1
480.57712292671204,47.34,1
481.99720454216003,47.9,1
483.4114909172058,50.52,1
484.8106758594513,51.86,1
486.2254867553711,51.21,1
487.6463248729706,48.03,1
489.0578393936157,51.14,1
490.4651460647583,51.83,1
491.86600613594055,50.41,1
493.2941927909851,40.45,1
494.7053849697113,45.69,1
496.105060338974,32.86,1
497.52191734313965,36.69,1
498.93133902549744,36.93,1
500.3480281829834,28.52,1
501.75908851623535,47.55,1
503.16853523254395,56.9,1
504.5741560459137,54.38,1
505.9886016845703,66.69,1
507.4080047607422,50.24,1
508.8133428096771,68.17,1
510.22782039642334,47.41,1
511.6450638771057,33.41,1
513.0451142787933,29.45,1
514.4645726680756,27.03,1
515.8680856227875,32.66,1
517.2836246490479,45.72,1
518.690997838974,53.9,1
520.113409280777,52.14,1
521.5212190151215,56.62,1
522.9269757270813,55.45,1
524.3377969264984,-709.83,1
525.7614912986755,15.83,1
527.1702468395233,1.03,1
528.5865688323975,1.38,1
529.9958918094635,1.17,1
531.4031157493591,1.14,1
532.8146159648895,1.1,1
534.2257287502289,-1.38,1
535.6487755775452,-1.28,1
537.0616717338562,1.79,1
538.4748783111572,1.83,1
539.8189041614532,1.83,1
541.2289662361145,2.0,1
542.6388659477234,2.14,1
544.0446238517761,2.45,1
545.3859844207764,2.48,1
546.7322759628296,2.24,1
548.0881690979004,2.48,1
549.4953052997589,2.66,1
550.8401920795441,2.72,1
552.2475111484528,2.86,1
553.5994031429291,3.07,1
555.0142886638641,3.28,1
556.3590281009674,3.45,1
557.7715802192688,3.48,1
559.1777713298798,3.62,1
560.5964262485504,3.76,1
561.942284822464,3.86,1
563.3527553081512,3.76,1
564.7690870761871,3.69,1
566.1815192699432,3.66,1
567.5962603092194,3.59,1
569.0005414485931,3.76,1
570.3532984256744,3.69,1
571.764858007431,3.76,1
573.1791725158691,3.76,1
574.5834877490997,3.76,1
575.9985845088959,3.76,1
577.417028427124,3.76,1
578.8207840919495,3.76,1
580.2378108501434,3.69,1
581.6521835327148,3.79,1
583.0548944473267,3.76,1
584.4742538928986,3.69,1
585.8775148391724,3.72,1
587.3026194572449,3.76,1
588.7154648303986,3.79,1
590.131429195404,3.83,1
591.539290189743,3.72,1
592.9536719322205,3.76,1
594.3532893657684,3.76,1
595.772123336792,3.72,1
597.1854226589203,3.83,1
598.6075782775879,3.86,1
600.0121757984161,3.79,1
601.4291543960571,3.83,1
602.841867685318,3.76,1
604.2555794715881,3.79,1
605.6650009155273,3.72,1
607.0813722610474,3.79,1
608.4945194721222,3.76,1
609.8969538211823,3.79,1
611.3144600391388,3.76,1
612.7326810359955,3.79,1
614.1362459659576,3.76,1
615.5487284660339,3.69,1
616.9724781513214,3.76,1
618.3696393966675,3.83,1
619.7929768562317,3.69,1
621.1978368759155,3.72,1
622.6076714992523,3.76,1
624.0364534854889,3.86,1
625.4383726119995,3.79,1
626.8481960296631,3.72,1
628.2704646587372,3.79,1
629.686639547348,3.83,1
631.0937106609344,3.72,1
632.4992790222168,3.76,1
633.9233820438385,3.79,1
635.3348517417908,3.76,1
636.7433025836945,3.72,1
638.0825233459473,3.83,1
639.4987959861755,3.76,1
640.8509769439697,3.76,1
642.2637221813202,3.83,1
643.603230714798,3.72,1
644.9376647472382,3.76,1
646.2888593673706,3.76,1
647.6957082748413,3.76,1
649.0379273891449,3.72,1
650.3962068557739,3.76,1
651.8101623058319,3.76,1
653.1482815742493,3.76,1
654.4983904361725,3.76,1
655.8392858505249,3.79,1
657.1818141937256,3.76,1
658.599499464035,3.72,1
659.9358098506927,3.72,1
661.3547422885895,3.72,1
662.6928706169128,3.72,1
664.0338885784149,3.72,1
665.3734045028687,3.62,1
666.7964360713959,3.72,1
668.1448364257812,3.62,1
669.5537519454956,3.69,1
670.8905148506165,3.69,1
672.3006136417389,3.62,1
673.6592798233032,3.69,1
675.0720014572144,3.69,1
676.4848575592041,3.69,1
677.8961470127106,3.69,1
679.2284352779388,3.72,1
680.645665884018,3.59,1
681.9896836280823,3.69,1
683.341686964035,3.55,1
684.7487289905548,3.59,1
686.1572141647339,3.72,1
687.574410200119,3.79,1
688.9934198856354,3.72,1
690.4045040607452,3.62,1
691.8096840381622,3.72,1
693.2271480560303,3.66,1
694.6319437026978,3.69,1
695.9758207798004,3.72,1
697.3962554931641,3.76,1
698.7329964637756,3.66,1
700.0790758132935,3.66,1
701.421409368515,3.66,1
702.8449561595917,3.69,1
704.1818573474884,3.69,1
705.5892336368561,3.69,1
707.0041561126709,3.72,1
