1.109415054321289,-1.83,0
2.3490335941314697,-1.79,0
3.5636146068573,-2.0,0
4.769066095352173,-1.83,0
9.353838205337524,-0.52,1
10.765793323516846,1.62,1
12.178717613220215,6.59,1
13.591577291488647,7.07,1
15.003971576690674,5.45,1
16.4174542427063,5.31,1
17.83056879043579,4.07,1
19.175064086914062,3.59,1
20.587419271469116,3.03,1
21.999892234802246,2.79,1
23.414187908172607,2.76,1
24.826546669006348,2.07,1
26.239282846450806,1.83,1
27.65135407447815,1.62,1
29.064237356185913,1.59,1
30.478368282318115,1.62,1
31.888252019882202,1.59,1
33.300267934799194,0.9,1
34.713277101516724,1.0,1
36.05629301071167,0.83,1
37.40128135681152,0.62,1
38.81487202644348,0.07,1
40.22722625732422,0.0,1
41.64034938812256,-0.66,1
43.05335521697998,0.0,1
44.39771318435669,0.0,1
45.811893939971924,0.97,1
47.1559681892395,708.52,1
48.56638789176941,726.83,1
49.97736620903015,696.1,1
51.38825607299805,653.69,1
52.79924273490906,638.17,1
54.211909770965576,257.97,1
55.62396287918091,191.9,1
57.03628730773926,-0.31,1
58.44832944869995,694.31,1
59.86000728607178,556.59,1
61.27174615859985,440.69,1
68.60551333427429,-1.9,0
