1.1086583137512207,-7.03,0
2.3380625247955322,-1.52,0
3.544051170349121,-1.72,0
4.731579303741455,-1.93,0
5.945363759994507,-1.9,0
7.142560243606567,-1.9,0
8.34770154953003,-1.83,0
9.55722188949585,-1.76,0
10.758071184158325,-1.83,0
11.993184328079224,-1.93,0
13.200164318084717,-1.86,0
14.403784275054932,-1.97,0
15.61819577217102,-2.1,0
16.825374126434326,-2.9,0
18.01649808883667,-3.03,0
19.21502661705017,-2.21,0
20.429816961288452,-1.55,0
21.675488471984863,-0.45,0
22.873374462127686,-1.55,0
24.080331325531006,-1.86,0
25.27431559562683,-1.93,0
26.488590002059937,-1.83,0
27.68386197090149,-2.38,0
28.88340973854065,-21.03,0
30.097259044647217,-14.59,0
31.340196132659912,-13.76,0
32.54287004470825,-13.52,0
33.74177813529968,-13.55,0
34.95418310165405,-3.9,0
36.15086913108826,-2.62,0
37.338255405426025,-1.48,0
38.53689241409302,1.41,0
39.74666619300842,-1.9,0
40.976993799209595,-1.97,0
42.173436641693115,-1.97,0
46.8697452545166,634.86,1
48.216572523117065,779.0,1
49.629621267318726,526.21,1
51.0414183139801,307.34,1
58.33067464828491,-1.97,0
59.64275622367859,-1.97,0
60.9856972694397,-1.93,0
62.30798387527466,-1.93,0
63.63313055038452,-1.93,0
64.94984364509583,-1.97,0
66.25136232376099,-1.72,0
67.56687831878662,-1.79,0
68.87354278564453,-2.03,0
70.21334886550903,-1.62,0
71.50505113601685,37.72,0
72.82028579711914,47.86,0
74.12932872772217,47.28,0
75.41983819007874,48.0,0
76.72995257377625,47.55,0
78.02659726142883,42.07,0
82.71194624900818,37.48,1
84.12780857086182,37.0,1
85.46812319755554,36.41,1
86.80794167518616,36.86,1
88.15001320838928,36.17,1
89.4891791343689,28.34,1
90.90803027153015,31.38,1
92.24503803253174,30.9,1
93.66557502746582,19.83,1
95.06953620910645,0.28,1
96.4210729598999,18.79,1
97.8314311504364,38.07,1
99.23482155799866,40.38,1
100.65573644638062,48.0,1
102.0006856918335,58.17,1
103.40275478363037,57.21,1
104.82226300239563,50.86,1
106.23126077651978,46.76,1
107.63113689422607,47.9,1
109.05562925338745,46.97,1
110.46841716766357,44.79,1
111.87066841125488,44.24,1
113.29276180267334,40.41,1
114.69556975364685,41.76,1
116.11351656913757,35.62,1
117.52290177345276,33.79,1
118.92593836784363,35.31,1
120.34593868255615,35.38,1
121.75229072570801,38.34,1
123.16790819168091,39.24,1
124.5712616443634,39.31,1
125.98862767219543,39.1,1
127.39537143707275,39.1,1
128.81223225593567,39.14,1
130.15354084968567,39.07,1
131.5699758529663,38.97,1
132.9829089641571,40.03,1
