1.1218469142913818,22.34,0
2.360840082168579,14.28,0
3.5770206451416016,1.55,0
4.775163650512695,-0.31,0
9.349107503890991,41.9,1
10.759968280792236,75.55,1
12.100440502166748,88.52,1
13.514367580413818,87.93,1
14.919177055358887,95.34,1
16.330137968063354,94.55,1
17.678150415420532,88.31,1
19.01290512084961,83.52,1
20.360106468200684,84.07,1
21.78162121772766,75.93,1
23.18428921699524,89.03,1
24.532081127166748,90.86,1
25.868948936462402,91.69,1
27.28754448890686,99.83,1
28.63276219367981,92.21,1
29.979262828826904,91.76,1
31.38694739341736,88.97,1
32.80328440666199,83.55,1
34.14570450782776,75.79,1
35.4820876121521,64.52,1
36.819416522979736,78.69,1
38.234872579574585,82.34,1
39.57494306564331,84.07,1
40.92813181877136,84.34,1
42.26404309272766,94.0,1
43.672303199768066,93.59,1
45.01919412612915,91.72,1
46.3590202331543,85.72,1
47.70828938484192,89.1,1
49.11486053466797,88.21,1
50.5299608707428,88.24,1
51.93816065788269,94.76,1
53.28212785720825,96.24,1
54.68826723098755,94.03,1
56.101964235305786,92.03,1
57.52243781089783,88.28,1
58.92300271987915,86.1,1
60.3350031375885,85.24,1
61.758312940597534,87.52,1
63.16445732116699,88.31,1
64.57382988929749,88.93,1
65.99046349525452,89.59,1
67.32714819908142,87.34,1
68.66760230064392,88.28,1
70.08721137046814,96.21,1
71.42204594612122,96.69,1
78.75433874130249,-2.03,0
80.06183052062988,-2.14,0
81.35985851287842,-2.03,0
82.67620158195496,-2.07,0
83.97742652893066,-2.07,0
85.2815957069397,-2.1,0
86.63221526145935,-2.14,0
87.92903423309326,-2.07,0
92.50319123268127,11.86,1
93.90760135650635,19.28,1
95.32920837402344,32.62,1
96.73355865478516,38.34,1
98.14632439613342,45.66,1
99.55971264839172,54.41,1
100.9620931148529,45.79,1
102.38405656814575,50.34,1
103.79143619537354,46.48,1
105.20697045326233,40.69,1
106.55094742774963,46.48,1
107.95281481742859,43.14,1
109.36360907554626,44.07,1
110.78433036804199,49.83,1
112.1931562423706,47.34,1
113.60529160499573,50.28,1
114.95264148712158,58.31,1
116.3667540550232,55.41,1
117.77020406723022,50.9,1
119.18245434761047,51.59,1
120.59765243530273,52.55,1
122.01513600349426,47.59,1
123.42273902893066,40.83,1
124.82531070709229,45.86,1
126.25199913978577,46.83,1
127.65577340126038,43.97,1
129.00305485725403,50.17,1
130.35011959075928,48.62,1
131.6794559955597,43.17,1
133.10332798957825,50.69,1
134.44081473350525,49.1,1
135.85141110420227,42.79,1
137.19333171844482,49.52,1
138.60390186309814,47.83,1
139.9468183517456,47.69,1
141.29347896575928,54.45,1
142.7043857574463,51.55,1
144.04413270950317,45.1,1
145.45356464385986,50.24,1
152.7664041519165,-1.79,0
154.06466579437256,-1.86,0
155.39087653160095,-1.9,0
156.70264506340027,-1.97,0
158.0181360244751,-2.03,0
159.35882186889648,-2.03,0
160.65745735168457,-2.03,0
161.9604573249817,-1.97,0
