1.115257740020752,7.31
2.3461740016937256,7.45
3.5522208213806152,7.41
4.7522430419921875,7.34
9.336599588394165,2.76
10.683759927749634,2.59
12.026344776153564,2.55
13.43312931060791,2.48
14.780827760696411,2.52
16.19552445411682,2.52
17.525649309158325,2.48
18.88352680206299,2.52
20.21433401107788,2.59
21.562801599502563,2.48
22.915623903274536,2.45
24.323212385177612,2.41
25.671773433685303,2.41
27.085704565048218,2.48
28.487476110458374,2.41
29.830636739730835,2.45
31.243057250976562,6.86
32.66434383392334,13.9
34.00067687034607,2.72
35.354148149490356,2.9
36.68994665145874,8.17
38.09978938102722,2.24
39.45481085777283,2.38
40.86996603012085,2.41
42.209919691085815,2.34
43.61477780342102,2.45
45.0360541343689,2.48
46.37470579147339,2.48
47.72990274429321,2.55
49.140225648880005,2.52
50.549479484558105,2.52
51.89389085769653,2.52
53.24386668205261,2.52
54.58724331855774,2.28
55.98836827278137,2.62
57.337852478027344,2.62
58.74574255943298,2.52
60.160733222961426,2.45
61.57290029525757,2.52
62.98435640335083,2.52
64.39360976219177,2.45
65.74363422393799,2.48
67.09577631950378,2.48
68.43286871910095,2.52
69.8442029953003,2.41
71.18266820907593,2.55
72.52779912948608,2.48
73.87982630729675,2.41
75.22665166854858,2.52
76.57147550582886,2.38
77.97061610221863,2.52
79.32104158401489,2.55
80.74176335334778,2.41
82.15097069740295,2.48
83.48775267601013,2.55
84.8397901058197,2.45
86.1744294166565,2.52
87.5311222076416,2.41
88.85926413536072,2.41
90.2809636592865,2.55
91.61649537086487,2.45
93.04017496109009,2.48
94.37337160110474,2.45
95.72114133834839,2.45
97.13273620605469,2.48
98.54849052429199,2.52
99.89603281021118,2.52
101.30317258834839,2.52
102.6571912765503,2.52
104.06945037841797,2.45
105.4140191078186,2.52
106.75348949432373,2.41
108.16129660606384,2.48
109.5819263458252,2.48
110.98614716529846,2.41
112.40568041801453,2.45
113.81584167480469,2.45
115.23645281791687,2.45
116.64884948730469,2.38
118.0595121383667,2.45
119.47134399414062,2.55
120.87782430648804,2.41
122.29760956764221,2.41
123.69677734375,2.45
125.11396980285645,2.48
126.46757173538208,2.45
127.8761818408966,2.52
129.21989631652832,2.48
130.63463878631592,2.48
132.0481312274933,2.48
133.45318031311035,2.31
134.87484622001648,2.52
136.28688955307007,2.45
137.6982705593109,2.41
139.11099648475647,2.38
140.51337885856628,2.38
141.9335219860077,2.38
143.34446358680725,2.52
144.76402592658997,2.41
146.1753134727478,2.45
147.5892355442047,2.55
149.00111985206604,2.45
150.41313695907593,2.34
151.82619976997375,2.41
153.23921370506287,2.48
154.6512312889099,2.41
156.0652711391449,2.45
157.4792993068695,2.45
158.89132690429688,2.38
160.30335521697998,2.41
161.64748430252075,2.38
163.06096625328064,2.48
164.40444922447205,2.41
165.8164689540863,2.52
167.14721584320068,2.41
168.5704972743988,2.45
169.97399473190308,2.41
171.39200282096863,2.45
172.80532050132751,2.45
174.14203143119812,2.48
175.5638246536255,2.45
176.9784665107727,2.52
178.32473278045654,2.38
179.73822498321533,2.38
181.0783245563507,2.45
182.42233848571777,2.41
183.7585484981537,2.41
185.09905648231506,2.38
186.44669151306152,2.34
187.87037920951843,2.45
189.28185868263245,2.48
190.6268928050995,2.45
192.03596830368042,2.45
193.4448459148407,2.45
194.86289167404175,2.41
196.1945400238037,2.38
197.61070942878723,2.48
