1.111518383026123,-1.76,0
2.3490781784057617,-1.48,0
3.5522334575653076,-1.48,0
4.74778938293457,-1.45,0
5.950197219848633,-1.59,0
7.159410238265991,-1.48,0
8.359097719192505,-1.48,0
9.555554628372192,-1.52,0
10.772894859313965,-1.48,0
12.006460905075073,-1.52,0
13.224400758743286,-1.41,0
14.434439659118652,-1.52,0
15.648130178451538,-1.45,0
16.868512630462646,-1.38,0
18.05931329727173,-1.38,0
19.26558232307434,-1.55,0
20.462268352508545,-1.9,0
21.6955349445343,-1.48,0
22.901083946228027,-1.45,0
24.092395782470703,-1.45,0
25.30395770072937,-1.41,0
26.50121831893921,-1.48,0
27.71249294281006,-1.48,0
28.936007499694824,-1.41,0
30.14635705947876,-1.48,0
31.381287097930908,-1.52,0
32.60108304023743,-1.45,0
33.80732274055481,-1.41,0
35.005926847457886,-1.45,0
36.198495864868164,-1.52,0
37.403228998184204,-1.45,0
38.59853196144104,-1.45,0
39.80598330497742,-1.41,0
41.04208827018738,-0.31,0
42.23998045921326,-1.28,0
43.46031928062439,-1.45,0
44.663360595703125,-2.03,0
45.86623764038086,-1.41,0
47.07249116897583,-1.52,0
48.26408076286316,-1.41,0
49.51386284828186,-1.38,0
50.720855712890625,-1.38,0
51.93000817298889,-1.45,0
53.14161038398743,-1.41,0
54.356663942337036,-1.45,0
55.562681913375854,-1.41,0
56.77871870994568,-1.52,0
57.988956451416016,-1.38,0
59.22548532485962,-1.41,0
60.44078707695007,-1.41,0
61.66286778450012,-1.41,0
62.87623620033264,-1.41,0
64.08977031707764,-1.38,0
65.2927017211914,-1.41,0
66.50315856933594,-1.45,0
67.70704984664917,-1.45,0
68.93920350074768,-1.48,0
70.13766813278198,-1.41,0
71.34408283233643,-1.41,0
72.54863286018372,-1.52,0
73.75684833526611,-1.45,0
74.96669840812683,-1.52,0
76.15729856491089,-1.45,0
77.40534377098083,-1.48,0
78.60769748687744,-1.48,0
79.81773447990417,-1.55,0
81.02163553237915,-1.41,0
82.23390007019043,-1.48,0
83.44539952278137,-1.41,0
84.65754771232605,-1.48,0
85.86086821556091,-1.55,0
87.10523915290833,-1.52,0
88.3090124130249,-1.59,0
89.5187087059021,-1.48,0
90.72463822364807,-1.48,0
95.30161213874817,-1.52,1
96.71893119812012,-1.48,1
98.13297700881958,-1.52,1
99.547030210495,-1.45,1
100.95457553863525,-1.52,1
102.36943435668945,-1.52,1
103.78615808486938,-1.45,1
105.19297313690186,-1.52,1
106.60847449302673,-1.55,1
108.02384972572327,-1.45,1
