1.106482744216919,-0.34
2.3538708686828613,-0.31
3.5680367946624756,-0.24
4.780919551849365,-0.38
7.542866468429565,10.97
8.953700304031372,25.17
10.284852027893066,38.17
11.700674772262573,50.69
13.120136737823486,61.69
14.523772478103638,71.34
15.93848705291748,80.66
17.344070196151733,89.48
18.69360375404358,97.76
20.029955625534058,105.72
23.725735664367676,1.17
25.016841173171997,0.41
26.32906675338745,0.03
27.667190551757812,-0.14
28.96953773498535,-0.21
30.287294387817383,-0.28
31.6035315990448,-0.31
32.91755247116089,-0.24
34.22068524360657,-0.24
35.51863193511963,-0.76
36.80340886116028,-0.38
38.14103579521179,-0.31
39.45446801185608,-0.38
40.77255058288574,-0.52
42.07300114631653,-0.38
43.378340005874634,-0.34
46.1415901184082,146.45
47.49527716636658,100.24
48.905662059783936,105.45
50.307169914245605,73.66
51.721611976623535,34.72
53.065818786621094,26.83
54.47871112823486,23.28
58.15609693527222,1.48
59.478081464767456,1.48
60.792269229888916,1.45
62.09629797935486,1.34
63.463539838790894,1.31
