1.109783411026001,1.76
2.3571560382843018,1.79
3.574969530105591,1.69
4.783410310745239,1.76
6.000277996063232,1.83
10.574416637420654,1.76
11.987443447113037,2.14
13.401188611984253,4.41
14.80522108078003,7.83
16.210189819335938,12.28
17.559406042099,17.07
18.97353219985962,23.21
20.324622631072998,28.9
21.726848125457764,35.69
23.137418270111084,38.21
24.562148571014404,42.34
25.973128080368042,47.03
27.38613247871399,49.86
28.795971155166626,52.0
30.207425594329834,54.83
31.60746693611145,57.83
33.02085614204407,60.0
34.44278025627136,60.93
35.847535371780396,62.48
37.25813412666321,63.31
38.67369842529297,63.21
40.08653235435486,62.52
41.495063066482544,62.14
42.906999588012695,61.17
44.31899857521057,61.38
45.73745393753052,60.52
47.14779853820801,60.86
48.55471920967102,58.9
49.96525192260742,57.48
51.37596893310547,56.52
52.794304847717285,53.86
54.193910121917725,52.45
55.61410403251648,51.34
57.022475242614746,49.97
58.44074106216431,48.79
59.84356093406677,47.62
61.254597663879395,47.0
62.677589893341064,46.79
64.09051012992859,46.1
65.49093627929688,46.28
66.9036967754364,46.41
68.31642580032349,45.48
69.73415064811707,45.59
71.1373405456543,44.9
72.54556441307068,45.21
73.90067791938782,44.9
75.29844093322754,45.41
76.7190351486206,44.9
78.12051463127136,45.45
79.53716945648193,46.03
80.94943118095398,46.28
82.36513257026672,47.21
83.7658703327179,47.9
85.18821835517883,47.93
86.60188364982605,48.59
88.01111960411072,49.17
89.4216239452362,49.66
90.83923172950745,50.34
92.2413010597229,51.07
93.6534276008606,50.97
95.00603866577148,51.14
96.41233038902283,51.62
97.82692337036133,51.21
99.23850083351135,51.76
100.6466748714447,51.76
102.06515669822693,51.76
103.46757364273071,51.83
104.88295602798462,52.21
106.29444980621338,52.14
107.70500040054321,51.72
109.12209057807922,51.48
