1.1089982986450195,6.48
2.3516409397125244,6.45
3.5639631748199463,6.48
4.768430948257446,6.41
9.3495614528656,16.86
10.692622661590576,44.62
12.105753660202026,44.86
13.508712530136108,44.62
14.921335697174072,44.24
16.33220934867859,51.0
17.673086404800415,44.97
19.085931539535522,44.21
20.499279499053955,43.66
21.836667776107788,43.45
23.257867574691772,43.62
24.593148946762085,50.59
26.01751399040222,51.59
27.424460887908936,51.72
28.83129119873047,51.52
30.249762058258057,51.28
31.658668518066406,51.69
33.07406139373779,51.59
34.40748143196106,52.07
35.7491979598999,45.28
37.08958292007446,50.28
38.51551270484924,44.72
39.917983293533325,43.76
41.329458236694336,43.41
42.68128180503845,50.34
44.022218465805054,51.62
45.364479780197144,51.76
46.77362108230591,51.48
48.181241035461426,44.38
49.603851318359375,49.76
51.015562295913696,51.55
52.41586256027222,44.83
53.833566188812256,50.41
55.24803280830383,44.72
56.64839315414429,43.52
58.069093227386475,43.52
59.48073434829712,43.72
60.88374948501587,49.97
62.30725812911987,44.52
63.714930057525635,43.79
65.05618715286255,43.38
66.39623808860779,49.76
67.81531071662903,50.72
69.146075963974,50.79
70.55901789665222,50.9
71.91310954093933,51.1
73.32815170288086,50.97
74.66642832756042,50.9
76.01432156562805,51.76
77.34285283088684,51.79
78.76603245735168,51.55
80.10572028160095,52.0
81.51379919052124,51.48
82.92609691619873,51.83
84.33143711090088,52.28
85.74678492546082,44.86
87.16345572471619,50.0
88.57731509208679,51.07
89.98910903930664,50.97
91.39228820800781,50.9
92.80249238014221,50.9
94.15284585952759,44.86
95.49725866317749,51.17
96.8422999382019,52.07
98.25139474868774,51.45
99.66212582588196,44.83
101.06446576118469,43.31
102.4878556728363,43.52
103.89803457260132,43.41
105.30243372917175,43.21
106.72830057144165,43.21
108.12647223472595,50.03
109.5413064956665,44.59
110.95668935775757,50.66
112.37387561798096,44.55
113.77463674545288,43.31
115.19576478004456,43.31
116.60268211364746,43.17
118.01860809326172,43.45
119.42359828948975,43.21
120.83279371261597,43.07
122.24456715583801,50.79
123.65493535995483,51.76
125.07975673675537,51.1
126.48140668869019,50.66
127.89549016952515,50.83
129.31327986717224,44.59
130.7244610786438,49.66
132.1263084411621,44.34
133.54574394226074,50.0
134.9577293395996,50.45
142.2587926387787,1.76
143.57130646705627,1.79
144.86884427070618,1.76
146.18601655960083,1.83
147.50628066062927,1.83
148.80887651443481,1.79
150.1598515510559,1.79
151.47613263130188,1.83
156.0656988620758,15.07
157.48070883750916,21.07
158.8243646621704,32.38
160.2332158088684,30.34
161.577152967453,29.59
162.97997307777405,28.93
164.40629363059998,29.69
165.74277758598328,29.1
167.08414125442505,34.66
168.42680382728577,30.62
169.76607489585876,29.14
171.11549305915833,35.52
172.4545681476593,31.03
173.80982208251953,29.31
175.14746809005737,35.34
176.56245040893555,30.41
177.89512419700623,29.21
179.24700093269348,29.31
180.58047223091125,28.83
181.99899744987488,28.38
183.34834504127502,28.69
184.67854523658752,29.28
186.03222155570984,28.83
187.4478805065155,28.97
188.79030847549438,28.41
190.12966465950012,28.0
191.47459435462952,28.41
192.8194375038147,34.45
194.1520447731018,30.52
195.4919626712799,29.21
196.84157824516296,34.38
198.2616114616394,30.34
199.60466742515564,29.1
201.0070879459381,29.1
202.35272359848022,28.62
203.69835996627808,34.34
205.04054617881775,30.59
206.44257140159607,29.1
207.78991746902466,29.17
209.2059006690979,35.0
210.55025386810303,30.66
211.89235138893127,29.21
213.23722290992737,34.62
214.65060806274414,30.59
215.9956636428833,29.07
217.33207321166992,33.93
218.74632787704468,30.28
220.14799571037292,34.66
221.49008560180664,30.69
222.91641354560852,28.86
224.31335949897766,28.69
225.73089790344238,34.21
227.06853485107422,30.38
228.4168577194214,35.0
229.83221626281738,30.45
231.24866795539856,35.31
232.57725405693054,30.41
233.99059414863586,28.97
235.33710503578186,29.17
236.74494695663452,29.28
238.09749102592468,28.66
239.5038707256317,28.17
240.8496561050415,28.45
242.25903987884521,28.41
243.60844016075134,34.38
245.0163962841034,30.45
246.3654224872589,28.97
247.70423412322998,29.21
249.11983036994934,28.69
250.53227925300598,28.72
251.86618518829346,34.69
253.28874921798706,30.03
254.68727135658264,35.03
256.1089069843292,30.55
257.45252227783203,35.28
258.8556888103485,30.52
260.26860189437866,28.9
261.6827652454376,28.79
263.02526354789734,28.76
264.4362187385559,34.97
265.84121966362,30.28
267.25423526763916,34.97
268.6105260848999,30.55
270.02021622657776,29.0
271.4244792461395,28.72
272.83071660995483,28.66
274.25253796577454,28.59
275.5933997631073,28.62
276.9316396713257,27.86
278.3531746864319,28.07
279.6949396133423,27.62
281.0983374118805,28.86
282.4480924606323,28.41
283.85979104042053,34.38
285.19434785842896,30.48
286.60718059539795,29.03
288.0166189670563,28.72
289.43290090560913,28.83
290.8403105735779,28.76
292.2554099559784,28.69
293.6678762435913,29.1
295.081529378891,28.52
296.48938941955566,28.41
297.9107575416565,28.62
299.31192231178284,33.86
300.7355098724365,30.1
302.1334373950958,34.59
303.55921268463135,30.17
304.9646255970001,29.34
306.37326526641846,28.66
307.7845015525818,28.48
309.19347071647644,28.59
310.6120491027832,34.34
312.01907300949097,30.14
313.43844509124756,34.69
314.8459029197693,30.38
316.24973225593567,34.45
317.66517663002014,30.14
319.07195830345154,34.59
320.4252870082855,30.03
321.7714099884033,28.72
323.1812744140625,29.24
324.52507424354553,28.38
325.8673872947693,27.97
327.27616143226624,28.1
328.6225953102112,28.17
329.965026140213,34.55
331.304162979126,30.38
332.65491580963135,34.83
333.98490500450134,30.31
335.39839458465576,34.24
336.8175263404846,30.07
338.15407490730286,34.69
339.5000174045563,29.9
340.84900975227356,28.59
342.1922333240509,33.93
343.52798342704773,29.93
344.8738536834717,29.34
346.28289794921875,29.24
347.6183879375458,28.9
348.9754476547241,28.72
350.31509804725647,34.0
351.6511821746826,30.24
353.0727801322937,34.24
354.4133176803589,30.38
355.7547433376312,34.97
357.0996825695038,30.34
364.3974943161011,1.72
365.7109854221344,1.69
367.0140264034271,1.69
368.31013679504395,1.72
369.60753083229065,1.69
370.91037368774414,1.69
372.2204055786133,1.69
373.5113980770111,1.69
378.0928432941437,15.52
379.5048735141754,21.55
380.84188890457153,22.14
382.1965584754944,23.07
383.6086151599884,22.62
385.0131154060364,22.97
386.42293095588684,22.62
387.7708990573883,23.17
389.11790204048157,22.9
390.52689838409424,22.79
391.9379870891571,22.69
393.2816081047058,22.86
394.6912434101105,22.72
396.03709650039673,22.31
397.3811094760895,23.14
398.796555519104,22.72
400.13326930999756,22.28
401.54486989974976,23.21
402.9538176059723,22.93
404.2902684211731,22.52
405.7094044685364,22.66
407.04553747177124,23.0
408.3894097805023,22.62
409.8071503639221,22.28
411.2244281768799,22.38
412.63209557533264,22.86
414.04630160331726,23.0
415.3874523639679,22.66
416.79423666000366,22.24
418.13502502441406,23.03
419.48870754241943,22.76
420.8307194709778,23.21
422.16393995285034,23.24
423.5860929489136,22.83
424.98638916015625,22.97
426.4064939022064,22.97
427.8210413455963,22.72
429.1500072479248,22.62
430.5730924606323,23.14
431.9161949157715,22.97
433.25028586387634,22.62
434.6623673439026,22.41
436.0072581768036,23.38
437.3602328300476,23.24
438.77238273620605,22.79
440.1019444465637,22.79
441.45324635505676,22.93
442.79558062553406,22.72
444.1423165798187,23.17
445.54329466819763,22.93
446.9695897102356,23.0
448.3105092048645,22.79
449.6562614440918,23.69
450.9865794181824,23.41
452.397789478302,23.07
453.8091471195221,23.03
455.1648337841034,23.31
456.5666468143463,22.93
457.9869260787964,23.03
459.3263268470764,23.03
460.6620292663574,23.14
462.0091269016266,23.07
463.4194996356964,22.93
464.7573273181915,23.41
466.11518692970276,23.07
467.51962184906006,23.1
468.86810874938965,22.83
470.20397901535034,23.03
471.62209606170654,22.55
473.03645157814026,23.45
