1.109302282333374,-1.48,0
2.343675374984741,-1.38,0
3.5469706058502197,-1.55,0
4.751132249832153,-1.45,0
5.96317982673645,-1.52,0
7.180355787277222,-1.41,0
11.778345346450806,132.07,1
13.192217111587524,183.52,1
14.60349416732788,195.45,1
16.01543879508972,202.55,1
17.426991939544678,205.14,1
18.769908905029297,201.93,1
20.182027101516724,183.72,1
21.59336829185486,166.45,1
23.00557565689087,147.79,1
24.417678594589233,130.55,1
25.829471588134766,113.21,1
33.19236397743225,-1.72,0
34.50148010253906,-1.93,0
35.80777668952942,-1.79,0
37.1168098449707,-1.79,0
38.42088532447815,-1.83,0
39.735862255096436,-1.9,0
41.03788948059082,-1.93,0
42.353588342666626,-1.86,0
43.69445848464966,-1.83,0
45.002042055130005,-1.72,0
46.31391716003418,-1.69,0
47.627092599868774,-1.86,0
48.93515133857727,-1.79,0
50.23998951911926,-1.79,0
51.559831857681274,-1.79,0
52.87521696090698,-1.79,0
57.48732805252075,130.45,1
58.89933729171753,181.79,1
60.242241859436035,195.72,1
61.65441918373108,202.76,1
63.0664496421814,205.38,1
64.47868299484253,200.03,1
65.82200622558594,189.62,1
67.16538262367249,174.1,1
68.57820248603821,155.72,1
69.91952395439148,140.83,1
71.26355385780334,123.76,1
78.56814050674438,-13.66,0
79.87523102760315,-13.41,0
81.18405270576477,-12.62,0
82.49474453926086,-11.66,0
83.81172204017639,-7.45,0
85.15534353256226,-1.97,0
86.47147059440613,-1.79,0
87.78105664253235,-1.72,0
88.98394083976746,-1.62,0
