1.1063365936279297,5.9
2.3114781379699707,5.83
3.544205904006958,5.72
4.742470026016235,5.76
5.936692476272583,5.83
7.146192789077759,5.83
11.731669902801514,-5.97
13.157765865325928,-6.1
14.569842100143433,-6.21
15.982182025909424,-6.24
17.326841115951538,-6.24
18.671204805374146,-6.34
20.079806327819824,-6.34
21.49338722229004,-6.34
22.91052007675171,-6.24
24.315105676651,-6.38
25.73682975769043,-6.31
27.139901399612427,-6.34
28.56024479866028,-6.38
29.965357542037964,-6.38
31.38226842880249,-6.38
32.78739666938782,-6.31
34.20235085487366,-6.34
35.553455114364624,-6.28
36.96222496032715,-6.31
38.37356615066528,-6.38
39.721065521240234,-5.38
41.12717533111572,-5.14
42.54779934883118,-5.0
43.961907386779785,-4.97
45.30288100242615,-4.97
46.71526598930359,-4.9
48.12148308753967,-4.86
50.14876651763916,-4.9
51.566585540771484,-4.72
