1.099372148513794,-0.66
2.344454526901245,-0.69
3.5477750301361084,-0.76
4.748780965805054,-0.69
7.518796443939209,2.45
8.864211559295654,11.83
10.276829242706299,26.03
11.690736293792725,31.28
13.101831674575806,32.62
14.502008199691772,30.72
15.919358253479004,29.72
17.254602670669556,29.62
18.61084485054016,29.21
19.94539976119995,29.41
21.362728118896484,31.55
22.778913259506226,29.76
24.19083023071289,29.1
25.602603673934937,31.24
27.010780334472656,29.55
28.41200542449951,30.83
29.83355140686035,29.1
31.24130892753601,30.79
32.657715797424316,29.38
34.0020272731781,30.69
35.341009855270386,29.48
36.7530312538147,30.79
38.098814249038696,29.34
39.42963147163391,30.48
40.78683066368103,29.24
42.11946964263916,30.72
43.54313588142395,29.21
44.95117211341858,30.72
46.36028718948364,29.0
47.77315044403076,30.9
49.18333578109741,29.07
50.6021933555603,30.66
52.00400900840759,29.52
53.41279363632202,30.86
54.827215909957886,29.48
56.235560178756714,30.76
57.64640498161316,29.28
59.069782972335815,30.69
60.46812701225281,29.21
61.88879132270813,30.83
63.3009672164917,29.55
64.70428991317749,30.86
66.06034731864929,29.59
67.39027643203735,30.66
68.81603384017944,29.21
70.1462721824646,30.62
73.86129570007324,2.48
75.16241478919983,2.34
76.47406649589539,2.38
77.79130721092224,2.24
79.09805917739868,2.31
80.41204500198364,2.28
81.76579880714417,2.28
83.0751543045044,2.28
84.39193892478943,2.24
85.7007966041565,2.21
87.00924062728882,2.24
88.31481695175171,2.17
89.62983083724976,2.21
90.98656272888184,2.24
92.27677941322327,2.1
93.60462474822998,2.17
96.3844485282898,2.17
97.78867435455322,21.48
99.20894503593445,37.03
100.6069688796997,39.66
102.02481269836426,41.31
103.3652012348175,42.0
104.70473718643188,40.24
106.12792181968689,41.93
107.52819919586182,39.69
108.94058918952942,38.41
110.36634516716003,39.24
111.76311564445496,39.76
113.18745446205139,41.69
114.60231280326843,40.59
116.01190161705017,37.69
117.42080521583557,39.45
118.83262825012207,39.45
120.24546551704407,40.66
121.6493513584137,38.86
123.06562662124634,39.69
124.47679257392883,40.1
125.89177584648132,40.0
127.29239511489868,40.69
128.71699261665344,39.07
130.12759518623352,40.48
131.53888487815857,40.83
132.93864941596985,39.38
134.36309432983398,40.55
135.69950246810913,40.59
137.1163718700409,42.03
138.52329754829407,38.48
139.94314289093018,38.59
141.35510349273682,38.9
142.75854444503784,38.72
144.16934204101562,41.28
145.5871684551239,40.31
146.99004411697388,39.9
148.4046914577484,39.97
149.81985187530518,39.59
151.2306137084961,39.69
152.63519978523254,41.66
154.05337357521057,40.97
155.46090531349182,40.07
156.8832597732544,39.52
158.21635341644287,41.72
159.62377882003784,40.59
161.04467368125916,39.52
162.37842321395874,38.9
163.72496938705444,39.59
165.0738160610199,40.59
166.47767663002014,41.14
167.89161157608032,40.52
169.24455046653748,40.34
170.65626406669617,40.66
171.99535632133484,39.24
173.39770412445068,40.9
177.11373043060303,2.52
178.40222549438477,2.31
179.73990035057068,2.28
181.04546308517456,2.38
182.35434079170227,2.24
183.66132473945618,2.28
184.95779752731323,2.21
186.27186059951782,2.21
187.5805745124817,2.17
188.88162422180176,2.28
190.17691683769226,2.31
191.5254225730896,2.31
192.82688546180725,2.21
194.1491255760193,2.28
195.45865035057068,2.28
196.75976395606995,2.21
199.51067328453064,-0.41
200.86387991905212,5.07
202.19642901420593,18.86
203.61232495307922,22.34
204.9603340625763,20.93
206.2993767261505,20.48
207.65207767486572,20.41
209.05601739883423,20.38
210.41180062294006,20.48
211.82358717918396,20.41
213.16213083267212,20.34
214.57171440124512,18.24
215.97992968559265,20.03
217.3250448703766,20.48
218.73949813842773,20.59
220.15150475502014,20.59
221.48655891418457,18.69
222.90893054008484,20.28
224.25330305099487,20.93
225.66524481773376,18.76
226.99910187721252,20.52
228.42051649093628,19.03
229.7553060054779,20.66
231.10617089271545,19.21
232.44981789588928,21.0
233.85169100761414,19.34
235.27505111694336,20.76
236.6870687007904,19.28
238.01576018333435,21.03
239.4305398464203,19.48
240.8544626235962,19.24
242.26193809509277,21.45
243.6726975440979,19.62
245.08077192306519,19.28
246.50109457969666,21.03
247.9056978225708,19.72
249.32502126693726,19.66
250.72884058952332,21.55
252.15273475646973,20.07
253.5615155696869,19.9
254.96382093429565,19.86
256.389044046402,19.72
257.79388308525085,19.86
259.2022614479065,19.93
260.5513231754303,19.97
261.96631598472595,20.0
263.3085927963257,20.24
264.72023701667786,20.38
266.054447889328,20.45
267.4611268043518,20.48
268.8854308128357,20.45
270.28799057006836,20.41
271.7039108276367,20.41
273.10746788978577,20.59
274.5334641933441,20.69
275.9442117214203,18.76
277.3441159725189,20.41
278.7659978866577,20.83
280.16763281822205,18.9
281.5219876766205,20.41
282.9334805011749,20.93
284.34664273262024,18.76
285.7603075504303,20.52
287.1631238460541,21.07
288.5817930698395,19.0
290.00058031082153,20.55
291.4062671661377,19.21
295.1038987636566,8.1
296.4179458618164,8.03
297.7511739730835,8.0
299.0596787929535,7.97
300.38065457344055,8.03
301.70027470588684,8.03
303.0516641139984,8.14
304.3688049316406,8.1
307.15120911598206,2.21
308.5711076259613,24.0
309.982097864151,44.79
311.3873414993286,53.34
312.8118522167206,52.59
314.2238624095917,51.97
315.62545704841614,49.03
317.046870470047,50.28
318.4482319355011,51.0
319.80278182029724,48.59
321.20228719711304,50.66
322.61454367637634,51.41
323.9687063694,48.76
325.3698236942291,50.48
326.7904939651489,51.41
328.1948206424713,49.21
329.6001296043396,50.69
330.9503617286682,49.17
332.35951018333435,50.83
333.71293020248413,48.41
335.04020142555237,50.72
336.4609725475311,51.52
337.8768446445465,48.93
339.28917694091797,50.76
340.6993079185486,49.21
342.10882663726807,51.1
343.5109598636627,49.48
344.92041873931885,50.83
348.62477707862854,2.21
349.9384274482727,2.24
351.2769122123718,2.21
352.5890893936157,2.14
353.9057261943817,2.21
355.1997742652893,2.17
356.51588559150696,2.07
357.83204674720764,2.21
