1.11614990234375,-2.03,0
2.35078763961792,-2.1,0
3.5533230304718018,-2.07,0
4.752305269241333,-2.17,0
9.338895082473755,6.1,1
10.682536363601685,9.45,1
12.09441614151001,25.45,1
13.494149684906006,30.97,1
14.918493032455444,39.34,1
16.316965579986572,41.97,1
17.671637296676636,47.14,1
19.006058931350708,57.24,1
20.34956407546997,56.45,1
21.700746059417725,58.38,1
23.11124539375305,60.41,1
24.521154403686523,55.07,1
25.92842197418213,52.14,1
27.342013597488403,47.59,1
28.760127305984497,44.28,1
30.169474124908447,47.83,1
31.579840183258057,49.55,1
32.915202617645264,50.1,1
34.26172971725464,49.55,1
35.61043572425842,48.59,1
37.02366399765015,46.55,1
38.429593086242676,43.83,1
39.847511768341064,41.93,1
41.19436693191528,47.31,1
42.6052188873291,56.48,1
44.00619888305664,58.03,1
45.41960263252258,61.14,1
46.75810480117798,64.72,1
48.1131546497345,59.59,1
49.52409648895264,60.31,1
50.929466009140015,58.03,1
52.33971858024597,54.28,1
53.75984239578247,50.34,1
55.16175413131714,47.79,1
56.58229398727417,44.31,1
57.98895883560181,41.86,1
59.40734028816223,48.55,1
60.81387424468994,56.52,1
68.10982251167297,-1.9,0
69.4162163734436,-1.97,0
70.72160696983337,-1.97,0
72.00941824913025,-2.0,0
73.31094932556152,-2.1,0
74.62169909477234,-2.03,0
75.95201086997986,-2.03,0
77.2562186717987,-2.03,0
81.84847068786621,9.28,1
83.1937620639801,22.72,1
84.53056073188782,38.45,1
85.87647604942322,60.62,1
87.29635524749756,69.66,1
88.70264172554016,76.28,1
90.11811423301697,80.03,1
91.4553599357605,86.1,1
92.80376815795898,88.83,1
94.21093940734863,96.21,1
95.63208532333374,94.14,1
96.97486591339111,91.21,1
98.38437151908875,89.24,1
99.79422450065613,89.76,1
101.20093011856079,91.21,1
102.61978578567505,88.31,1
104.0329806804657,89.52,1
105.44253540039062,91.79,1
106.85825109481812,89.41,1
108.2608790397644,89.07,1
109.67784929275513,88.34,1
111.08592367172241,89.0,1
112.50362539291382,88.21,1
113.84386324882507,82.0,1
115.24567747116089,87.17,1
116.65948390960693,92.28,1
118.07180118560791,86.66,1
119.48162627220154,90.0,1
120.89976096153259,96.72,1
122.30935597419739,91.9,1
123.72564840316772,89.72,1
125.13120865821838,88.86,1
126.53956294059753,84.45,1
127.95581078529358,87.21,1
129.37151765823364,93.17,1
130.7747082710266,88.21,1
132.1858994960785,90.07,1
133.60844564437866,91.55,1
135.01991963386536,89.31,1
136.43225359916687,89.93,1
137.8424849510193,91.31,1
139.25268578529358,86.59,1
140.65288257598877,88.55,1
142.06838464736938,91.17,1
143.48791432380676,85.9,1
144.8904528617859,88.83,1
146.3131320476532,90.9,1
147.7211833000183,87.83,1
155.01961517333984,-4.83,0
156.34571290016174,-5.1,0
157.66057658195496,-5.38,0
159.01681208610535,-5.69,0
160.33656692504883,-6.17,0
161.63780736923218,-6.83,0
162.93797159194946,-7.93,0
164.23865818977356,-10.34,0
168.84335589408875,129.9,1
170.18432235717773,355.59,1
171.5961709022522,321.86,1
172.93901824951172,275.93,1
174.36057996749878,224.76,1
175.6913480758667,178.0,1
177.11575603485107,148.83,1
178.4587597846985,152.1,1
179.86459279060364,130.17,1
181.27615904808044,117.66,1
182.62237405776978,98.17,1
183.9521517753601,87.69,1
185.3730354309082,81.34,1
186.7772741317749,78.24,1
188.20122623443604,75.79,1
189.60142183303833,67.66,1
191.01110005378723,72.34,1
192.42852902412415,64.17,1
193.8481662273407,64.93,1
201.15795230865479,-1.97,0
202.47343564033508,-3.28,0
203.77099013328552,-1.9,0
205.0775420665741,-2.14,0
206.37988424301147,-1.9,0
207.6869306564331,-1.93,0
208.99349856376648,-2.07,0
210.29527020454407,-2.1,0
214.88324642181396,14.31,1
216.28957176208496,58.0,1
