1.1153602600097656,-1.93,0
2.3621654510498047,-1.83,0
3.5731353759765625,-1.79,0
4.7716450691223145,-1.86,0
9.357873678207397,345.07,1
10.76351284980774,127.31,1
12.111812829971313,36.03,1
13.517524242401123,9.14,1
14.933025121688843,1.93,1
16.353013277053833,0.0,1
17.69588303565979,-0.38,1
19.100624799728394,-1.0,1
20.51886820793152,-1.59,1
21.92287039756775,-1.45,1
23.34745979309082,-1.93,1
24.748018980026245,23.07,1
26.170884609222412,1.69,1
27.572666883468628,-7.72,1
28.988130569458008,-2.41,1
30.405175924301147,-1.83,1
31.80888533592224,-1.76,1
33.234862327575684,-1.69,1
34.64035892486572,-1.76,1
36.05858492851257,-1.34,1
37.47204232215881,-1.55,1
38.88197302818298,-1.69,1
40.29987931251526,-1.76,1
41.642746448516846,-1.76,1
43.041802406311035,-1.59,1
44.46128296852112,-1.76,1
45.88279342651367,2.41,1
47.289350748062134,639.24,1
48.708725452423096,360.45,1
56.01311922073364,-1.59,0
57.32214617729187,-1.69,0
58.65085577964783,-1.59,0
59.9597954750061,-1.38,0
61.281984090805054,-22.38,0
62.59240770339966,-42.97,0
63.94558763504028,-37.62,0
65.23755502700806,-32.17,0
69.83089804649353,88.62,1
71.239248752594,57.52,1
72.58430099487305,25.24,1
73.99050664901733,3.34,1
75.32920789718628,-2.86,1
76.74660468101501,10.76,1
78.16466236114502,5.0,1
79.57268452644348,-0.24,1
80.98732948303223,-1.0,1
82.39271640777588,-1.31,1
83.81634998321533,-1.34,1
85.23327875137329,-1.1,1
86.57851600646973,-1.66,1
87.99160051345825,-1.66,1
89.40448379516602,-1.79,1
90.74276471138,-1.79,1
92.15495300292969,-1.72,1
93.56828713417053,-1.69,1
94.98648738861084,-1.76,1
96.39050102233887,-1.83,1
97.81263875961304,-1.72,1
99.2247941493988,-1.93,1
100.63734793663025,-1.79,1
102.04932451248169,-1.76,1
103.46222233772278,-1.83,1
104.87338447570801,-1.76,1
106.2863085269928,-1.86,1
107.69954514503479,-1.83,1
109.11302876472473,-1.86,1
110.52390098571777,-1.76,1
111.9387595653534,-1.76,1
113.35173630714417,-1.79,1
114.7639536857605,-1.79,1
116.17416906356812,-1.72,1
117.58916306495667,-0.9,1
119.00094985961914,-1.48,1
120.41353440284729,-1.72,1
121.82703447341919,-1.72,1
123.24060392379761,-1.76,1
124.65199375152588,-1.76,1
126.06618475914001,-1.76,1
127.47536849975586,-1.79,1
128.88968324661255,-1.79,1
130.303466796875,-1.72,1
131.7152979373932,-1.83,1
133.12908172607422,-1.79,1
134.54104495048523,-1.83,1
135.95438814163208,-1.76,1
137.3667380809784,-2.03,1
138.779789686203,-1.72,1
140.1917600631714,-1.79,1
141.60486435890198,-1.79,1
143.0169768333435,-1.69,1
144.42925691604614,-1.76,1
145.84130430221558,-1.72,1
147.25548219680786,-1.79,1
148.66835832595825,-1.76,1
150.08156156539917,-1.79,1
151.56352019309998,-1.72,1
153.11410808563232,-1.83,1
154.52588558197021,-1.76,1
156.07626128196716,-1.79,1
157.62571263313293,-1.76,1
159.10700225830078,-1.72,1
160.58890509605408,-1.83,1
162.13671350479126,-1.76,1
163.68722677230835,-1.52,1
165.16837668418884,-1.72,1
166.65049004554749,-1.69,1
168.06129956245422,-1.76,1
169.5424919128418,-1.76,1
170.95573353767395,-1.83,1
172.4361765384674,-1.79,1
173.9865756034851,-1.83,1
175.6050524711609,-1.76,1
177.01748037338257,-1.72,1
178.49872708320618,-1.79,1
179.91010451316833,-1.79,1
181.32395935058594,-1.79,1
182.73632550239563,-1.86,1
184.2193145751953,-1.83,1
185.7000424861908,-1.72,1
187.25102639198303,-1.76,1
188.66320085525513,-1.76,1
190.1429831981659,-1.83,1
191.6253514289856,-1.83,1
193.17756128311157,-1.9,1
194.65827584266663,-1.76,1
196.13939452171326,-1.76,1
197.68964338302612,-1.9,1
199.16989016532898,-1.79,1
200.65145540237427,-1.83,1
202.13235187530518,-1.76,1
203.61389327049255,-1.76,1
205.0949718952179,-1.79,1
206.57711100578308,-1.86,1
208.05823922157288,-1.86,1
209.61016011238098,-1.76,1
211.09148454666138,-1.76,1
212.5719814300537,-1.79,1
214.0530707836151,-1.83,1
215.4643816947937,-1.83,1
216.9464545249939,-1.79,1
218.4277777671814,-1.79,1
219.90898156166077,-1.86,1
221.39049458503723,-1.79,1
222.87223315238953,-1.86,1
224.42145681381226,-1.79,1
225.90373492240906,-1.83,1
227.3156020641327,-1.86,1
228.7983660697937,-1.83,1
230.2781422138214,-1.76,1
231.82904028892517,-1.83,1
233.24278140068054,-1.76,1
234.65563464164734,-1.79,1
236.13736057281494,-1.76,1
237.61773419380188,-1.9,1
239.09837436676025,-1.83,1
240.64714217185974,-1.83,1
242.19709992408752,-1.86,1
243.67942237854004,-1.79,1
245.1617283821106,-1.79,1
246.64304280281067,-1.86,1
248.1922643184662,-1.86,1
249.67415571212769,-1.79,1
251.08619379997253,-1.9,1
252.63524532318115,-1.72,1
254.0475754737854,-1.79,1
255.5998375415802,-1.76,1
257.01207184791565,-1.86,1
258.5609893798828,-1.86,1
260.0430908203125,-1.9,1
261.5260257720947,-1.86,1
263.0055854320526,-1.79,1
264.5566494464874,-1.79,1
266.10544514656067,-1.79,1
267.5874638557434,-1.79,1
269.0693027973175,-1.83,1
270.54973435401917,-1.86,1
271.96228790283203,-1.76,1
273.51335406303406,-1.79,1
274.9930040836334,-1.79,1
276.40696597099304,-1.79,1
277.9569251537323,-1.86,1
279.3707890510559,-1.86,1
280.8522822856903,-1.79,1
282.33292388916016,-1.79,1
283.7461504936218,-1.83,1
285.29618430137634,-1.86,1
286.77877020835876,-1.9,1
288.1915144920349,-1.79,1
289.6724624633789,-1.83,1
291.22273302078247,-1.86,1
292.7716853618622,-1.86,1
294.32142424583435,-1.86,1
295.8717677593231,-1.48,1
297.4220278263092,-1.69,1
298.9037435054779,-1.86,1
300.45299434661865,-1.86,1
301.93530774116516,-1.79,1
303.4171669483185,-1.83,1
304.89701628685,-1.79,1
306.44839239120483,-1.86,1
307.9975872039795,-1.93,1
309.4104697704315,-1.86,1
310.89354038238525,-1.79,1
312.30612802505493,-1.9,1
313.7881917953491,-1.9,1
315.26870679855347,-1.83,1
316.74974060058594,-1.86,1
318.3001494407654,-1.86,1
319.8509633541107,-1.83,1
321.26356625556946,-1.86,1
322.74542331695557,-1.79,1
324.2262396812439,-1.76,1
325.7077295780182,-1.79,1
327.1899926662445,-1.9,1
328.6708700656891,-1.83,1
330.08198857307434,-1.93,1
331.631667137146,-1.83,1
333.1151123046875,-1.93,1
334.52875566482544,-1.9,1
336.0105276107788,-1.83,1
337.49160647392273,-1.9,1
338.90356183052063,-1.9,1
340.3157649040222,-1.93,1
341.7958562374115,-1.86,1
343.34581565856934,-1.86,1
344.7584300041199,-1.9,1
346.23890018463135,-1.9,1
347.65144538879395,-1.86,1
349.06323528289795,-1.97,1
350.4749355316162,-1.97,1
351.88859701156616,-1.9,1
353.3014249801636,-1.83,1
354.71498346328735,-1.9,1
356.05905985832214,-1.83,1
357.46962881088257,-1.86,1
358.8829369544983,-1.79,1
360.227703332901,-1.79,1
361.63980174064636,-1.83,1
362.98410654067993,-1.93,1
364.3277196884155,-1.28,1
365.7399740219116,-1.86,1
367.1516201496124,-1.9,1
368.5637192726135,-1.9,1
369.9758107662201,-1.83,1
371.3891682624817,-1.9,1
372.8020489215851,-1.93,1
374.2154221534729,-1.9,1
375.5594735145569,-1.86,1
376.97104144096375,-1.86,1
378.38367319107056,-1.83,1
379.72955417633057,-1.9,1
381.1406943798065,-1.72,1
382.5536723136902,-1.86,1
383.96568179130554,-1.86,1
385.37777853012085,-1.86,1
386.791020154953,-1.9,1
388.20364212989807,-1.9,1
389.6183440685272,-1.9,1
391.0310432910919,-1.86,1
392.4433479309082,-1.83,1
393.85603404045105,-1.9,1
395.26732087135315,-1.86,1
396.6801288127899,-1.9,1
398.09238362312317,-1.9,1
399.5051226615906,-1.9,1
400.91844415664673,-1.9,1
402.3326234817505,-1.97,1
403.7454240322113,-1.97,1
405.1583962440491,-1.79,1
406.57056307792664,-1.86,1
407.9828088283539,-1.83,1
409.3949646949768,-1.86,1
410.8059837818146,-1.83,1
412.2190570831299,-1.83,1
413.6329529285431,-1.93,1
415.0468397140503,-1.9,1
416.45897221565247,-1.83,1
417.8730936050415,-1.86,1
419.2849552631378,-1.97,1
420.6970045566559,-1.86,1
422.1090395450592,-1.86,1
423.5212891101837,-1.93,1
424.9332814216614,-1.83,1
426.3471918106079,-1.86,1
427.75996708869934,-1.62,1
429.17348074913025,-1.79,1
430.5858588218689,-1.93,1
431.99918270111084,-1.86,1
433.41149377822876,-1.93,1
434.8236382007599,-1.93,1
436.23506021499634,-1.93,1
437.6470491886139,-1.83,1
439.061621427536,-1.93,1
440.47417545318604,-1.9,1
441.886346578598,-1.83,1
443.30076599121094,-1.83,1
444.71272373199463,-1.97,1
446.1252727508545,-1.93,1
447.53639817237854,-1.9,1
448.9499657154083,-1.9,1
450.36300778388977,-1.93,1
451.7760531902313,-2.83,1
453.1894676685333,80.48,1
454.6018855571747,960.66,1
456.0151972770691,737.31,1
457.42692279815674,452.34,1
464.7299997806549,-4.45,0
466.0833697319031,-4.48,0
467.3958384990692,-4.59,0
468.70614552497864,-4.86,0
470.01954555511475,-5.0,0
471.3304297924042,-4.9,0
472.6449387073517,-4.28,0
473.95350527763367,-3.59,0
478.5462896823883,10.72,1
479.9581024646759,-0.62,1
481.3699915409088,6.38,1
482.7816300392151,13.31,1
484.1946611404419,15.14,1
485.60702300071716,18.93,1
487.0199840068817,23.1,1
488.43323850631714,20.83,1
489.8463456630707,14.31,1
491.25921654701233,13.86,1
492.672523021698,13.76,1
494.084450006485,5.62,1
495.4974584579468,8.14,1
496.9095866680145,12.34,1
498.321537733078,13.93,1
499.7345209121704,14.79,1
501.1473786830902,14.72,1
502.56046414375305,15.21,1
503.97404623031616,15.45,1
505.38616919517517,15.72,1
506.79869985580444,15.76,1
508.2121741771698,15.86,1
509.62419986724854,15.76,1
511.0352191925049,15.52,1
512.4484558105469,15.03,1
513.8584010601044,14.17,1
515.2744965553284,12.86,1
516.6881628036499,13.48,1
518.1013073921204,13.86,1
519.514301776886,14.17,1
520.9262752532959,13.31,1
522.3385384082794,12.76,1
523.7500820159912,14.41,1
525.1637811660767,16.41,1
526.5754928588867,16.52,1
527.9890258312225,16.34,1
529.4020884037018,16.31,1
530.8158090114594,16.0,1
532.2280282974243,15.83,1
533.6408624649048,15.62,1
535.0528206825256,15.34,1
536.4640629291534,15.17,1
537.8772902488708,15.0,1
539.2906639575958,14.72,1
540.7040119171143,14.59,1
542.1165335178375,14.28,1
543.530909538269,14.1,1
544.9431579113007,14.0,1
546.3545742034912,13.62,1
547.7675445079803,13.38,1
549.1786110401154,16.41,1
550.5913665294647,16.83,1
552.004451751709,16.55,1
553.4171097278595,16.0,1
554.8304407596588,10.83,1
556.2444612979889,5.34,1
557.6564235687256,7.52,1
559.0699927806854,10.86,1
560.4816854000092,7.9,1
561.89359998703,7.48,1
563.305810213089,12.31,1
564.7184717655182,32.38,1
566.1320767402649,28.72,1
567.5459325313568,25.28,1
568.9584934711456,10.41,1
570.3720183372498,17.45,1
571.7840654850006,17.14,1
573.1963403224945,17.41,1
574.608503818512,10.59,1
576.0197789669037,3.83,1
577.432685136795,15.28,1
578.8463623523712,17.38,1
580.2601680755615,20.86,1
581.6728835105896,20.14,1
583.0860164165497,15.17,1
584.4985020160675,19.38,1
585.9108786582947,26.93,1
587.3222761154175,23.55,1
588.7346684932709,19.38,1
590.1478364467621,5.48,1
591.5615649223328,9.59,1
592.974791765213,11.55,1
594.3878321647644,11.59,1
595.8009490966797,11.14,1
597.2126400470734,-21.69,1
598.6243464946747,-23.76,1
600.0370202064514,-31.62,1
601.4490714073181,-36.83,1
602.8620245456696,-17.31,1
604.276260137558,-7.45,1
605.689288854599,1.55,1
607.1024522781372,4.0,1
608.51531291008,2.66,1
609.9271554946899,2.59,1
611.3394093513489,2.45,1
612.7514569759369,147.21,1
614.1630423069,305.72,1
615.5751316547394,171.48,1
622.8820145130157,-0.28,0
624.2030072212219,-2.17,0
625.5293445587158,-0.21,0
626.8521332740784,-1.62,0
628.1753079891205,-2.17,0
629.4970197677612,-2.07,0
630.8589255809784,-2.28,0
632.1811156272888,-3.07,0
636.7862141132355,321.24,1
638.1993198394775,150.93,1
639.6093878746033,42.76,1
641.025280714035,10.83,1
642.4385273456573,1.86,1
643.850781917572,-0.17,1
645.2623567581177,-0.86,1
646.6759805679321,-0.9,1
648.0878872871399,-1.21,1
649.5009174346924,-1.45,1
650.9137101173401,-1.52,1
652.2567956447601,-1.48,1
653.6700112819672,-1.45,1
655.0813119411469,-1.66,1
656.4924635887146,-1.52,1
657.8379855155945,-1.55,1
659.2495095729828,-1.69,1
660.6601400375366,-1.59,1
662.0748715400696,-1.34,1
663.4873085021973,-1.55,1
664.8992846012115,-1.14,1
666.3121292591095,-1.52,1
667.7250554561615,-1.55,1
669.1384325027466,-1.55,1
670.5515506267548,0.34,1
671.9646441936493,-1.62,1
673.376122713089,-1.45,1
674.7893896102905,-2.97,1
676.2016620635986,21.38,1
677.6138927936554,-18.9,1
679.0263195037842,-4.41,1
680.4400289058685,-2.31,1
681.8532047271729,312.86,1
683.2660531997681,-623.28,1
684.6773595809937,-127.86,1
686.0922346115112,551.17,1
687.503339767456,125.17,1
688.915091753006,24.41,1
690.3267977237701,7.17,1
691.7402858734131,3.31,1
693.153391122818,1.76,1
694.5657136440277,1.62,1
695.9787821769714,1.24,1
697.3934848308563,0.72,1
698.8054444789886,0.79,1
700.2177324295044,-8.69,1
701.6292448043823,6.9,1
703.0407681465149,0.59,1
704.4532604217529,-8.38,1
705.8661644458771,0.72,1
707.2781541347504,-11.14,1
708.692093372345,-675.62,1
710.1059763431549,-138.0,1
711.5198059082031,-9.07,1
712.9321336746216,-3.66,1
714.344083070755,441.1,1
715.7557396888733,182.52,1
717.1669709682465,56.59,1
718.5787146091461,-3.24,1
719.9931449890137,-2.0,1
721.4063827991486,979.48,1
722.818984746933,574.93,1
724.2315881252289,323.72,1
731.5997140407562,1.52,0
732.9129660129547,1.52,0
734.2255547046661,1.55,0
735.535306930542,1.59,0
736.8449983596802,1.55,0
738.1579899787903,1.55,0
739.4671194553375,1.48,0
740.7791483402252,1.62,0
745.3964059352875,29.79,1
746.809000492096,20.52,1
748.2209103107452,20.03,1
749.6322746276855,22.52,1
751.045512676239,22.28,1
752.458662033081,22.24,1
753.8705151081085,27.03,1
755.2854239940643,26.97,1
756.6967484951019,26.62,1
758.111385345459,25.69,1
759.5234363079071,25.28,1
760.9351191520691,24.83,1
762.3473682403564,24.52,1
763.7594439983368,24.07,1
765.1728644371033,23.62,1
766.58567237854,23.24,1
767.997510433197,22.86,1
769.4128115177155,24.76,1
770.8260123729706,24.28,1
772.2372477054596,24.0,1
773.6500136852264,23.59,1
775.0619616508484,17.59,1
776.4739925861359,20.14,1
777.8863790035248,27.0,1
779.3011953830719,27.66,1
780.7146186828613,25.97,1
782.1272003650665,28.48,1
783.5404896736145,19.93,1
784.9516816139221,18.52,1
786.3646128177643,24.48,1
787.7758972644806,22.48,1
789.1883590221405,24.62,1
790.5997934341431,23.83,1
792.0150852203369,25.83,1
793.427149772644,20.48,1
794.8409581184387,29.52,1
796.25386095047,22.55,1
797.6662323474884,29.03,1
799.078337430954,30.66,1
800.4903807640076,35.03,1
801.9029321670532,26.86,1
803.3157896995544,-495.45,1
804.7286729812622,-4.66,1
806.1415085792542,-1.31,1
807.5551233291626,-1.62,1
808.9676558971405,-0.93,1
810.3812792301178,-0.79,1
811.7933695316315,-0.86,1
813.2052524089813,-0.86,1
814.6174349784851,-1.03,1
816.0304977893829,-0.97,1
817.4429211616516,-0.86,1
818.8560740947723,-0.72,1
820.2689654827118,-0.69,1
821.6816735267639,-0.83,1
823.0950937271118,-0.79,1
1.205110788345337,-1.31,1
2.4802627563476562,-1.17,1
