1.117846965789795,-2.0,0
2.3497605323791504,-2.0,0
3.5677294731140137,-1.97,0
4.764235019683838,-2.0,0
5.960016489028931,-1.97,0
10.569650173187256,153.52,1
11.982181787490845,37.48,1
13.394607543945312,24.45,1
14.807264804840088,21.76,1
16.218737602233887,20.93,1
17.622015476226807,21.14,1
19.041834115982056,21.48,1
20.444612503051758,21.48,1
21.803167581558228,21.17,1
23.140631437301636,21.24,1
24.477225303649902,21.0,1
25.89480233192444,21.14,1
27.312662601470947,20.72,1
28.715204000473022,20.79,1
36.02770447731018,-2.72,0
37.33520174026489,-2.52,0
38.643529415130615,-2.55,0
39.95528435707092,-2.14,0
41.26378393173218,-1.93,0
42.603100299835205,-1.93,0
43.911561250686646,-1.83,0
45.214189529418945,-1.72,0
49.8084716796875,153.93,1
51.223766565322876,38.66,1
52.644516706466675,25.1,1
54.057790994644165,23.48,1
55.461503744125366,-764.83,1
56.87213206291199,-26.31,1
58.29004096984863,333.31,1
59.7024941444397,50.07,1
61.11830139160156,32.83,1
62.53594732284546,20.62,1
63.936317920684814,20.9,1
65.28913116455078,20.07,1
66.62779355049133,20.21,1
68.04647493362427,20.48,1
69.38442468643188,19.72,1
70.73688077926636,20.07,1
72.07595300674438,20.62,1
73.41443300247192,21.48,1
74.76365828514099,20.07,1
76.17950248718262,19.48,1
77.59556293487549,19.66,1
79.00855541229248,19.0,1
80.40900015830994,19.21,1
81.75999593734741,18.21,1
83.09755253791809,18.31,1
84.4391086101532,17.86,1
85.85842061042786,17.34,1
87.196444272995,17.41,1
88.54908490180969,17.17,1
89.96700692176819,17.03,1
91.36833500862122,17.72,1
92.7226185798645,17.03,1
94.1248779296875,16.21,1
95.47305297851562,17.14,1
96.89338898658752,16.83,1
98.22984313964844,15.83,1
99.6449966430664,16.93,1
101.05971026420593,15.48,1
102.46878266334534,16.31,1
103.80708408355713,15.55,1
105.22696781158447,17.0,1
106.6437520980835,15.79,1
108.05879497528076,15.41,1
109.45880937576294,14.62,1
110.87539219856262,14.66,1
112.29144501686096,16.69,1
113.69520688056946,14.93,1
115.11114573478699,16.55,1
116.52789378166199,11.48,1
117.94295954704285,14.59,1
119.34651303291321,14.21,1
120.77451062202454,14.55,1
122.17778396606445,13.76,1
123.59007358551025,14.52,1
125.00425052642822,13.48,1
126.42173504829407,14.21,1
127.82239103317261,13.31,1
129.17788815498352,14.03,1
130.57874512672424,12.83,1
131.9964063167572,13.76,1
133.41233730316162,12.59,1
134.8288471698761,13.59,1
136.2266821861267,13.52,1
137.65054368972778,13.38,1
139.05934357643127,13.21,1
140.47640466690063,13.41,1
141.89449381828308,13.03,1
