1.1047883033752441,-1.66,0
2.3502397537231445,-1.59,0
3.5552871227264404,-1.55,0
4.759045124053955,-1.66,0
5.96377158164978,-1.62,0
7.1647255420684814,-1.52,0
11.752366304397583,220.24,1
13.168371438980103,245.1,1
14.579627990722656,255.62,1
15.992496252059937,258.14,1
17.401489973068237,259.21,1
18.743314743041992,259.83,1
20.080716848373413,260.41,1
21.429491758346558,260.59,1
28.019235849380493,1.69,0
29.324955463409424,1.66,0
30.634078979492188,1.69,0
31.99031090736389,1.69,0
33.30326819419861,1.66,0
34.603455543518066,1.69,0
35.9147310256958,1.69,0
37.21983742713928,1.66,0
38.52312660217285,1.69,0
39.83372402191162,1.76,0
41.17962718009949,1.66,0
42.48491597175598,1.69,0
43.921385765075684,1.72,0
45.24316191673279,1.72,0
