1.1101999282836914,0.76
2.3155181407928467,0.76
3.547851800918579,0.69
4.752553224563599,0.79
5.953588247299194,0.93
7.162264347076416,0.76
11.72152066230774,0.83
13.144989728927612,1.66
14.557222604751587,3.1
15.970375061035156,6.41
17.375221014022827,10.41
18.721309423446655,14.83
20.132689476013184,20.0
21.548023223876953,25.38
22.95937705039978,31.03
24.375849962234497,36.69
25.791480779647827,42.17
27.192277908325195,47.17
28.612985849380493,51.69
29.95802068710327,56.03
31.364612579345703,60.03
32.714001178741455,63.34
34.05542731285095,66.72
35.39509057998657,69.72
36.737786293029785,71.93
38.14695477485657,74.07
39.56119132041931,75.48
40.90504503250122,76.48
42.31271743774414,76.93
43.65972399711609,76.83
45.077739000320435,76.31
46.41683340072632,75.93
47.82192802429199,74.55
49.239128828048706,72.97
50.65160512924194,70.31
52.06854844093323,68.03
53.47456097602844,65.69
54.89226794242859,63.52
56.29023504257202,61.59
57.711241722106934,59.55
59.121835231781006,57.79
