1.106881856918335,6.03
2.3237953186035156,6.1
3.565540075302124,5.97
4.771977663040161,6.07
9.364935636520386,0.59
10.697064638137817,0.41
12.117092609405518,0.45
13.531572580337524,0.34
14.941094398498535,0.41
16.359074354171753,0.38
17.701271772384644,0.31
19.04711079597473,0.34
20.390963792800903,8.72
21.735183477401733,13.1
23.0682270526886,15.21
24.48014736175537,17.38
25.905903577804565,18.14
27.30929183959961,19.76
28.729321718215942,20.31
30.140077114105225,21.41
31.541962146759033,21.93
32.89239549636841,22.34
34.22877597808838,22.93
35.57620596885681,23.03
36.929484605789185,23.9
38.26534724235535,23.93
39.686553716659546,25.0
41.03056788444519,25.55
42.37459707260132,25.31
43.71805214881897,25.41
45.126883029937744,25.59
46.47561860084534,25.55
47.8204288482666,25.72
49.225289821624756,25.72
50.64675784111023,26.69
52.06003999710083,26.28
53.467124700546265,27.66
54.880167722702026,27.17
56.2947793006897,27.45
57.699036836624146,27.93
59.1182975769043,28.21
60.52471709251404,27.83
61.94727301597595,28.38
63.36101245880127,28.1
64.76727676391602,28.34
66.10719633102417,28.03
67.45045304298401,28.17
68.79241871833801,28.62
70.15116119384766,29.28
71.56325125694275,28.9
72.90206050872803,29.21
74.25122928619385,29.34
75.66141986846924,29.03
76.99403858184814,28.86
78.41977334022522,28.55
79.76430583000183,28.83
81.17630791664124,29.72
82.59039545059204,29.76
83.9891242980957,29.76
85.34644913673401,29.41
86.69055652618408,30.17
88.02870988845825,29.66
89.44075131416321,29.55
90.79157137870789,29.9
92.19685339927673,29.97
93.60626292228699,29.52
94.95712113380432,29.48
96.3751573562622,29.59
97.77586579322815,29.62
99.12403512001038,29.69
100.54275488853455,29.79
101.95332670211792,29.28
103.36109924316406,29.72
104.78185081481934,29.28
106.18633031845093,29.62
107.59461641311646,29.76
109.00905752182007,29.83
110.36417412757874,29.9
111.77001929283142,29.93
113.19099736213684,29.93
114.59354948997498,29.79
116.00866889953613,29.97
117.42910742759705,29.9
118.83067846298218,29.86
120.24449801445007,29.66
121.66122674942017,29.97
123.06718254089355,29.83
124.4928457736969,29.83
125.90403938293457,29.9
127.31269264221191,29.76
128.73026657104492,29.79
130.14390444755554,29.76
131.55538606643677,29.83
132.96839690208435,29.86
134.37508988380432,29.79
135.79323506355286,29.76
137.203622341156,29.9
138.61102986335754,29.9
140.03194737434387,29.59
141.37657833099365,29.55
142.78521943092346,29.62
144.1179587841034,29.66
145.53075170516968,29.76
146.95186185836792,29.62
148.36492562294006,29.72
149.77340531349182,29.83
151.1912899017334,29.9
152.60281348228455,29.93
154.01983165740967,29.76
155.4334626197815,29.97
156.8462426662445,29.69
158.25208473205566,30.93
159.67094802856445,30.52
161.0034909248352,30.03
162.421772480011,29.69
163.76072001457214,29.76
165.10862946510315,29.72
166.4552595615387,29.86
167.86337089538574,29.72
169.21294736862183,29.79
170.61896514892578,30.79
171.9611940383911,30.34
173.37252116203308,29.97
174.71582984924316,29.9
176.07123970985413,29.83
177.4082899093628,29.79
178.82178020477295,29.83
180.2365996837616,29.66
181.65166997909546,29.66
182.9868986606598,30.0
184.40403938293457,30.03
185.81948375701904,31.0
187.2286467552185,30.34
188.56587409973145,30.38
189.98749899864197,30.0
191.33028769493103,29.72
192.74460244178772,30.48
194.1504864692688,30.1
195.48653650283813,30.76
196.83096623420715,30.28
198.24684619903564,29.93
199.5957396030426,29.79
201.002543926239,29.62
202.35179257392883,29.72
203.764808177948,29.79
205.17536044120789,29.55
206.58916854858398,29.79
208.00142908096313,30.76
209.41232228279114,30.34
210.74670815467834,29.79
212.16206741333008,29.69
213.5160048007965,30.66
214.92464685440063,30.07
216.2633020877838,29.83
217.6777684688568,30.45
219.01906085014343,30.0
220.43713927268982,30.14
221.84391832351685,30.24
223.26019835472107,29.86
224.6013834476471,29.79
226.01623725891113,30.24
227.42567491531372,30.1
228.82702922821045,29.9
230.2490119934082,29.69
237.5330023765564,1.17
238.8445885181427,1.34
240.1976068019867,1.24
241.4998652935028,1.21
242.80908012390137,1.31
244.11647725105286,1.41
245.44063806533813,1.24
246.75367951393127,1.28
251.34203338623047,1.28
252.75237560272217,1.24
254.16618990898132,1.28
255.57139587402344,1.1
256.997859954834,1.14
258.4076507091522,1.14
259.82153511047363,1.21
261.2253541946411,1.14
262.64799785614014,1.28
264.06102180480957,1.17
265.47188115119934,1.07
266.8858678340912,1.21
268.2867486476898,1.24
269.70001316070557,1.24
271.1233379840851,1.21
272.5223922729492,1.21
273.9387276172638,1.14
275.36160349845886,1.24
276.77581572532654,1.21
278.185964345932,1.21
279.5886855125427,1.28
281.008501291275,1.14
282.42036509513855,1.21
283.8292181491852,3.97
285.2504436969757,8.9
286.66189980506897,9.0
288.07632398605347,9.9
289.483496427536,8.76
290.8982617855072,8.66
292.3035464286804,9.52
293.71664214134216,9.17
295.12958788871765,12.66
296.55271339416504,10.34
297.9557394981384,9.52
299.3777108192444,9.34
300.780823469162,8.55
302.20144510269165,12.9
303.60543060302734,10.69
305.0202190876007,14.24
306.4366035461426,10.72
307.85488057136536,9.79
309.2655453681946,9.34
310.6654620170593,13.0
312.0919654369354,10.24
313.50533151626587,9.69
314.9058721065521,9.66
316.32094168663025,13.69
317.73406314849854,10.76
319.1458842754364,14.1
320.4959409236908,11.28
321.9047749042511,13.86
323.2576005458832,11.21
324.6712167263031,10.0
326.0152666568756,13.55
327.41812086105347,10.0
328.84129786491394,9.48
330.17837405204773,13.28
331.5295453071594,10.0
332.94113516807556,13.07
334.2867500782013,11.07
335.6998436450958,9.72
337.11283349990845,9.72
338.5118896961212,9.14
339.93891191482544,13.17
341.34007358551025,10.9
342.69475293159485,10.31
344.10814785957336,10.03
345.4504816532135,12.9
346.7966706752777,10.24
348.20169615745544,8.9
349.6182806491852,9.17
351.03575468063354,8.97
352.3797821998596,8.97
353.7134072780609,12.55
355.1285479068756,10.76
356.4769141674042,13.83
357.88528776168823,9.97
359.30688405036926,9.86
360.71891498565674,9.86
362.12610054016113,13.34
363.46649742126465,10.69
364.8852918148041,9.9
366.28934597969055,9.66
367.63251638412476,12.83
368.97958397865295,10.76
370.3203094005585,14.45
371.7405972480774,10.9
373.15918016433716,8.93
374.5635223388672,12.41
375.98177695274353,14.45
377.39107608795166,10.52
378.7394573688507,14.24
380.14419198036194,10.59
381.4963712692261,8.69
382.9049892425537,8.52
384.3189523220062,8.9
385.7276918888092,8.1
387.14644479751587,8.59
388.55014395713806,12.45
389.9638671875,13.59
391.3863592147827,11.31
392.8022668361664,9.93
394.21050930023193,8.86
395.6207983493805,8.52
397.03867053985596,8.31
398.43961787223816,12.72
399.8566777706146,10.59
401.26477551460266,9.24
402.68032336235046,8.66
404.092476606369,9.48
405.51475501060486,13.21
406.9220221042633,10.41
408.32812118530273,9.52
409.7384948730469,9.0
411.16062808036804,9.48
412.56590247154236,9.41
413.9793083667755,12.9
415.3944265842438,11.28
416.8032522201538,8.69
418.15515208244324,12.38
419.55982780456543,10.34
420.9133129119873,14.0
422.3264808654785,11.1
423.7316086292267,9.62
425.15369963645935,8.97
426.5657002925873,13.41
427.97779846191406,10.86
429.3790647983551,14.03
430.7979941368103,10.55
432.21834897994995,9.83
433.6233215332031,9.24
435.0405206680298,13.31
436.4525978565216,10.59
437.8605854511261,9.69
439.27926778793335,10.0
440.6876947879791,9.9
442.09536838531494,13.66
443.50548791885376,10.28
444.9290635585785,9.86
446.34116792678833,9.24
447.75866508483887,8.55
449.16347217559814,8.83
450.57681822776794,9.41
451.994749546051,8.24
453.4039194583893,8.83
454.81431102752686,8.72
456.2232780456543,8.62
457.6424386501312,9.24
459.050518989563,9.38
460.4611814022064,8.97
461.87584376335144,13.0
463.2943754196167,14.62
464.70960450172424,11.0
466.1105287075043,9.34
467.5350613594055,9.69
468.946213722229,9.07
470.35262989997864,13.66
471.76793146133423,10.21
473.1871862411499,9.0
474.5951294898987,7.93
476.0081202983856,8.48
477.4207441806793,13.21
478.82247138023376,10.69
480.24249172210693,8.62
481.64651894569397,8.1
483.0607702732086,8.28
484.48590087890625,8.48
485.8959333896637,8.97
487.31345534324646,12.83
488.71900272369385,13.66
490.13850927352905,10.52
491.5484857559204,9.72
492.9607768058777,12.48
494.37624621391296,10.38
495.7836260795593,13.03
497.20022106170654,11.0
498.60906195640564,9.17
500.0223820209503,13.97
501.4407341480255,10.97
502.8406732082367,9.45
504.26480627059937,9.79
505.67591190338135,8.45
507.08158445358276,8.69
508.49875235557556,12.52
509.9120469093323,11.0
511.32525634765625,9.69
512.7299644947052,9.83
514.1426610946655,13.41
515.5672981739044,11.59
516.9737410545349,9.76
518.3909862041473,12.69
519.7996468544006,10.69
521.2053110599518,9.38
522.6208062171936,12.66
524.0430705547333,10.83
525.455548286438,9.86
526.8667225837708,12.93
528.2695572376251,14.97
529.6916148662567,11.14
531.1058247089386,9.76
532.5183689594269,9.55
533.9166767597198,9.24
535.3341972827911,9.48
536.7574508190155,12.62
538.171480178833,10.38
539.5834939479828,8.93
540.9944059848785,13.21
542.399005651474,10.59
543.8068091869354,9.45
545.2218706607819,13.48
546.6383519172668,10.66
548.057781457901,9.59
549.472193479538,12.9
550.8857042789459,9.83
552.2970147132874,9.59
553.7060117721558,8.97
555.1093459129333,13.14
556.5263776779175,10.07
557.9353709220886,9.83
559.350988149643,9.34
560.7719299793243,13.69
562.1750311851501,10.07
563.5878760814667,9.24
565.0120000839233,9.07
566.4166135787964,13.59
567.8240687847137,10.76
569.2349848747253,10.24
570.6528594493866,9.52
572.070066690445,12.72
573.4821696281433,10.55
574.9001913070679,13.34
576.3079214096069,10.86
577.7131977081299,9.0
579.1311540603638,12.31
580.5410497188568,9.83
581.958996295929,8.66
583.3693442344666,9.69
584.778172492981,8.28
586.1934514045715,8.31
587.601943731308,12.55
589.0170934200287,10.48
590.4377722740173,13.86
591.8476989269257,10.9
593.2645063400269,13.34
594.6689877510071,10.31
596.076728105545,14.17
597.5000927448273,10.72
598.9077818393707,9.17
600.3168020248413,13.1
601.7372827529907,11.31
603.1458783149719,9.62
604.5542688369751,9.97
605.9634346961975,8.86
607.3908305168152,9.31
608.7946462631226,8.62
610.2064120769501,8.66
611.6223886013031,8.59
613.0316026210785,8.93
614.4417278766632,9.34
615.8652534484863,12.62
617.2763483524323,10.66
618.6880941390991,13.83
620.1048727035522,11.07
621.5170435905457,9.41
622.930233001709,12.48
624.3434383869171,10.24
625.7518544197083,14.24
627.1603004932404,10.21
628.5693399906158,9.24
629.9950656890869,8.07
631.4055788516998,12.79
632.8146479129791,10.72
634.2232546806335,9.03
635.633866071701,8.79
637.0525460243225,9.14
638.395437002182,8.62
639.812155008316,13.55
641.157520532608,10.14
642.5683326721191,8.79
643.9145770072937,8.9
645.3217933177948,9.17
646.7396328449249,8.0
648.142064332962,8.1
649.4956934452057,7.52
650.8407113552094,7.83
652.1704454421997,9.07
653.5190625190735,12.41
654.928501367569,9.93
656.2798771858215,9.59
657.6978290081024,9.14
659.1046924591064,8.62
660.4539005756378,7.72
661.7849388122559,11.93
663.1419622898102,10.21
664.5411460399628,8.66
665.965359210968,8.28
667.30144739151,13.38
668.7255659103394,10.69
670.1380987167358,8.93
671.4705550670624,12.34
672.8218605518341,14.76
674.2256178855896,10.9
675.6521942615509,9.55
677.0642509460449,9.41
678.4713790416718,8.76
