1.1149141788482666,-0.79
2.355346202850342,-0.86
3.5635504722595215,-0.76
4.768164396286011,-0.83
9.34339189529419,250.24
10.688108205795288,67.38
12.099137306213379,17.69
13.5003662109375,4.1
14.92296814918518,1.28
16.333662033081055,0.21
17.74596357345581,0.31
19.092756032943726,-0.34
20.427370309829712,-0.14
21.77596688270569,-0.69
23.185238361358643,-0.14
24.535122632980347,-1.48
25.94798493385315,-0.14
27.36176347732544,-0.59
28.772010564804077,-0.76
30.181852340698242,-0.83
31.59230065345764,-0.59
33.003336906433105,-0.38
34.350746870040894,-0.76
35.70079684257507,-0.34
37.100603342056274,-0.83
38.454833984375,-0.31
39.86511540412903,-0.79
41.21535897254944,-0.59
42.551668643951416,-1.59
43.964521408081055,-0.72
45.37896919250488,-0.31
46.72626996040344,-0.1
48.13758635520935,-1.48
49.54984664916992,-1.07
50.961225271224976,-0.14
52.374512672424316,0.1
53.784528970718384,0.14
55.19535827636719,-1.1
56.60761094093323,-0.07
58.01691174507141,-0.66
59.44106984138489,-0.38
