745.8381717205048,3.17
747.0777971744537,3.1
748.2888884544373,3.0
749.4994540214539,3.1
750.7052071094513,3.07
751.9122228622437,3.0
753.1068692207336,3.07
754.3297922611237,3.07
755.5457470417023,3.07
756.780172586441,3.07
757.9890534877777,3.1
759.1942234039307,3.03
760.4000761508942,3.0
761.6012632846832,3.03
762.8064439296722,3.0
764.0233092308044,3.07
765.258401632309,2.97
766.4672741889954,3.0
767.7143857479095,3.0
768.9242298603058,3.14
770.1406633853912,3.0
771.3919532299042,3.03
772.6086149215698,3.07
773.8269629478455,3.03
775.0414340496063,3.1
776.2558126449585,3.0
777.5073416233063,3.03
778.7259693145752,3.14
779.9427053928375,3.03
781.1600942611694,3.03
782.3729798793793,3.03
783.5786664485931,3.0
784.7940261363983,3.1
786.0399971008301,3.03
787.2502765655518,3.03
788.460741519928,3.1
789.6706070899963,3.07
790.8752789497375,3.03
792.0916686058044,3.0
793.301237821579,3.0
794.5152053833008,3.07
795.7552914619446,2.9
796.9590630531311,3.03
798.1719551086426,3.1
799.3865633010864,3.03
800.5976033210754,3.0
801.8080677986145,3.03
803.0156722068787,3.0
804.227475643158,3.03
805.4714767932892,3.14
806.6750423908234,3.03
807.8943448066711,3.1
809.1096107959747,3.1
810.3206865787506,3.03
811.5276966094971,2.97
812.7421886920929,2.97
813.9557468891144,3.0
815.1998062133789,2.9
816.4113726615906,3.03
817.6218087673187,3.0
818.8308796882629,3.0
820.0329673290253,3.1
821.2459380626678,3.0
822.4582097530365,3.0
823.6687347888947,2.97
824.916601896286,3.07
826.118613243103,3.03
827.3301572799683,3.03
828.5356824398041,2.93
829.7438015937805,2.97
830.9568107128143,3.03
832.1584024429321,3.03
833.3632354736328,3.07
834.6114566326141,3.07
835.812924861908,2.97
837.025839805603,3.07
838.2353491783142,3.03
839.4541907310486,3.03
840.6664173603058,3.07
841.8657405376434,2.97
843.0704672336578,3.03
844.3154675960541,3.07
845.5271892547607,3.03
846.734578371048,3.07
847.9450213909149,2.97
849.1535413265228,3.0
850.3626499176025,2.97
851.5696666240692,3.0
852.7797088623047,2.93
854.0206596851349,2.97
855.2336757183075,2.97
856.4450082778931,3.07
857.6503365039825,3.0
858.8588306903839,3.07
860.0716545581818,2.93
861.2739062309265,3.14
862.4806549549103,3.03
863.7328882217407,3.1
864.9806261062622,3.1
866.1841361522675,3.07
867.3850138187408,3.1
869.0125768184662,3.03
869.3288786411285,3.07
869.6399278640747,3.14
869.9436724185944,3.17
870.3215682506561,3.1
870.6328408718109,3.03
870.937341928482,3.03
