1.1094708442687988,-2.17,0
2.3607847690582275,-2.1,0
3.571803331375122,-2.03,0
4.77333927154541,-2.17,0
9.354970693588257,185.97,1
10.76589035987854,218.59,1
12.109449863433838,247.03,1
13.51619577407837,196.45,1
14.923723459243774,141.24,1
16.33856225013733,122.79,1
17.68607234954834,82.14,1
19.03248882293701,77.38,1
20.37203812599182,67.69,1
21.773988246917725,61.59,1
23.12078285217285,53.48,1
24.46349573135376,45.55,1
25.81075358390808,-51.97,1
27.226520538330078,-1.69,1
28.636602640151978,-1.31,1
30.047301054000854,-1.24,1
31.455114603042603,-1.38,1
32.801684617996216,-1.38,1
34.21545100212097,-1.55,1
35.5658745765686,835.52,1
36.90048813819885,10.97,1
38.31942105293274,36.79,1
39.65123796463013,38.03,1
40.999056577682495,38.41,1
42.34485363960266,19.97,1
43.69165587425232,8.93,1
45.02675199508667,2.1,1
46.38035535812378,2.0,1
47.71143889427185,1.69,1
49.12734365463257,2.17,1
50.54850101470947,6.93,1
51.88498544692993,10.28,1
53.29407596588135,10.48,1
54.642351388931274,8.14,1
56.06047320365906,9.9,1
57.40718364715576,11.03,1
58.820854902267456,6.45,1
60.23097252845764,8.86,1
61.639397859573364,11.14,1
63.047791719436646,13.28,1
64.46798658370972,8.17,1
71.76021409034729,-1.97,0
73.07498383522034,-2.0,0
74.3667893409729,-2.0,0
75.6894953250885,-2.0,0
76.9984302520752,-2.1,0
78.30276226997375,-2.1,0
79.59102725982666,-2.03,0
80.90879678726196,-2.07,0
85.49161887168884,46.72,1
86.82713651657104,176.93,1
88.16636204719543,282.1,1
89.59134197235107,322.41,1
90.9258165359497,261.34,1
92.26529026031494,288.34,1
93.61917781829834,7.97,1
94.95030975341797,-2.28,1
96.29715490341187,-2.21,1
97.70446848869324,-2.14,1
99.05968809127808,-2.72,1
100.46648931503296,1.86,1
101.8136260509491,-3.38,1
103.22073197364807,-1.41,1
104.63091373443604,-3.38,1
106.03954195976257,-3.07,1
107.38798260688782,-3.9,1
108.79556894302368,-3.03,1
110.21517205238342,-3.55,1
111.63102984428406,-2.0,1
112.96582651138306,1.17,1
114.39111685752869,-1.0,1
115.7976725101471,-2.55,1
117.2110185623169,-3.9,1
118.62047958374023,-2.17,1
120.03072309494019,-2.31,1
121.43886470794678,-2.21,1
122.85625219345093,-2.1,1
124.27932643890381,-3.0,1
125.68698024749756,-2.17,1
127.09635400772095,-2.07,1
128.51846504211426,-1.55,1
129.85963916778564,-1.69,1
131.263174533844,-1.59,1
132.67859530448914,-3.86,1
134.087881565094,-6.69,1
135.51304054260254,-2.69,1
136.91488361358643,-2.38,1
138.2620348930359,41.55,1
139.67411303520203,11.83,1
141.09840059280396,304.9,1
142.50073909759521,76.21,1
143.8408718109131,-5.52,1
145.26154351234436,-1.59,1
146.59554314613342,-0.86,1
148.00729894638062,-0.55,1
149.35818696022034,-0.62,1
150.76941657066345,-0.45,1
152.1094172000885,0.41,1
153.53224420547485,4.07,1
154.93473958969116,70.17,1
156.34866094589233,78.97,1
157.69605493545532,53.83,1
159.10535502433777,4.38,1
160.4438283443451,3.72,1
161.86021614074707,9.9,1
163.21246528625488,44.17,1
164.61821222305298,35.48,1
165.95369505882263,54.03,1
167.30579495429993,-1.31,1
168.6469008922577,-3.48,1
169.99310493469238,-1.48,1
171.33725595474243,-2.03,1
172.74666047096252,29.1,1
174.08553194999695,1.1,1
175.43963623046875,4.79,1
176.84558057785034,-5.97,1
178.26535367965698,6.83,1
179.6090977191925,12.38,1
180.9553017616272,255.69,1
182.2980237007141,167.03,1
183.6376919746399,138.79,1
184.97103548049927,-7.83,1
186.32457375526428,-1.69,1
187.7316596508026,-1.86,1
189.07366275787354,-1.93,1
190.4236159324646,-2.0,1
191.83805775642395,-2.1,1
193.17768955230713,-2.07,1
194.51935338974,-2.14,1
195.85671305656433,-2.1,1
197.2031433582306,-2.07,1
198.5594925880432,-2.14,1
199.95828294754028,-2.1,1
201.3166584968567,-2.1,1
202.6537184715271,-2.07,1
204.0635130405426,-2.0,1
205.40897846221924,-2.17,1
206.75558280944824,-2.1,1
208.10088467597961,-2.0,1
209.44220852851868,-2.17,1
210.86447191238403,-1.97,1
212.20686721801758,-2.31,1
213.5385766029358,-2.24,1
214.8893370628357,-2.24,1
216.30200958251953,-2.14,1
217.6386878490448,-2.24,1
218.98866176605225,-2.21,1
220.33618879318237,-2.14,1
221.74197816848755,-2.24,1
223.09797143936157,-2.24,1
224.4992036819458,-2.21,1
225.92549657821655,-2.24,1
