725.806981086731,239.1,1
727.2095339298248,239.45,1
728.5502645969391,239.62,1
729.971864938736,239.24,1
731.3855826854706,239.31,1
732.7875258922577,239.55,1
734.208872795105,238.83,1
735.6100115776062,238.83,1
736.9523496627808,239.45,1
738.30712723732,238.76,1
739.7108764648438,239.0,1
741.1213326454163,239.03,1
742.5367612838745,238.59,1
743.9541103839874,238.66,1
745.3543334007263,238.9,1
746.7723858356476,239.1,1
748.1761648654938,239.24,1
749.5992314815521,238.93,1
750.9976913928986,239.03,1
752.4200909137726,239.1,1
753.8244543075562,239.24,1
755.24751496315,238.93,1
756.5887024402618,238.76,1
757.9978582859039,238.76,1
759.409791469574,238.52,1
766.7161290645599,-2.55,0
768.0507061481476,-2.41,0
769.3814103603363,-2.41,0
770.6826012134552,-2.45,0
772.0020306110382,-2.38,0
773.3030984401703,-2.34,0
774.6654660701752,-2.34,0
775.9835968017578,-2.31,0
