1.1104521751403809,-2.14,0
2.3470842838287354,-2.1,0
3.5590295791625977,-2.21,0
4.766138792037964,-2.17,0
9.353272676467896,-3.93,1
10.754855632781982,-2.07,1
12.176990270614624,-1.45,1
13.521395206451416,-1.38,1
14.860158681869507,-1.0,1
16.2712459564209,0.24,1
17.617761611938477,0.97,1
18.951814651489258,0.07,1
20.372382640838623,0.76,1
21.71174120903015,0.55,1
23.12558913230896,0.59,1
24.468811511993408,0.97,1
25.89275622367859,1.28,1
27.305798530578613,1.34,1
28.718838453292847,1.83,1
30.132818937301636,1.59,1
31.544955492019653,1.9,1
32.949188470840454,1.48,1
34.36241054534912,1.79,1
35.70240807533264,1.79,1
37.123711585998535,32.72,1
38.52978992462158,19.55,1
39.9466392993927,11.69,1
41.35376811027527,10.03,1
42.775248527526855,13.72,1
44.10811901092529,17.31,1
45.45290994644165,18.59,1
46.80853247642517,39.62,1
48.211505651474,51.79,1
49.63154149055481,35.31,1
50.96454167366028,-0.31,1
52.31729316711426,0.45,1
53.73034381866455,1.93,1
55.07333755493164,3.76,1
56.48592162132263,5.52,1
57.89868903160095,21.03,1
59.31073236465454,24.31,1
60.70976519584656,36.76,1
62.130369663238525,42.69,1
63.53437089920044,31.55,1
64.94822645187378,32.55,1
66.2922613620758,65.24,1
67.6310625076294,67.62,1
