1.1034934520721436,-1.76,0
2.347801685333252,-1.69,0
3.560847759246826,-1.69,0
4.770658254623413,-1.83,0
5.980950355529785,-1.76,0
7.194104433059692,-1.72,0
11.761160612106323,434.38,1
13.183232545852661,513.86,1
14.594269514083862,391.34,1
16.00559425354004,279.34,1
17.348079919815063,209.97,1
18.68563938140869,161.79,1
20.03185534477234,128.41,1
21.362786293029785,100.38,1
22.707950830459595,81.62,1
24.055323123931885,67.52,1
25.47502040863037,56.62,1
26.877439498901367,46.52,1
28.216649293899536,40.28,1
29.63960289955139,35.59,1
31.039857864379883,35.76,1
32.46282362937927,32.76,1
33.79658055305481,32.45,1
35.149089097976685,32.52,1
36.49224638938904,32.62,1
37.9045569896698,29.55,1
39.24616551399231,28.79,1
40.58915901184082,29.62,1
41.99140238761902,28.45,1
43.3463830947876,28.59,1
44.751142263412476,28.66,1
46.096123933792114,28.0,1
47.50688409805298,31.83,1
48.92333245277405,29.34,1
50.33433270454407,28.34,1
51.68524479866028,28.59,1
53.09773921966553,27.97,1
54.43158435821533,28.38,1
55.84832406044006,30.34,1
57.195749282836914,32.28,1
58.60202741622925,29.52,1
59.95148730278015,28.03,1
61.36805558204651,28.17,1
62.76654100418091,31.79,1
64.19309401512146,29.1,1
65.52303814888,29.14,1
66.88049983978271,27.97,1
68.21960973739624,28.41,1
69.62375283241272,27.97,1
70.96534991264343,28.38,1
72.31669449806213,27.93,1
73.65953588485718,28.52,1
75.00232863426208,27.97,1
76.40878868103027,30.83,1
77.76668119430542,28.97,1
79.17884683609009,28.66,1
80.58213448524475,28.76,1
81.92706799507141,31.9,1
83.3498945236206,29.55,1
84.6910650730133,28.31,1
86.0938286781311,28.45,1
87.44696140289307,31.86,1
88.77934122085571,29.59,1
90.13409161567688,28.45,1
91.5443708896637,28.69,1
92.88160705566406,28.28,1
94.22828674316406,32.14,1
95.64635419845581,29.45,1
97.04947280883789,29.14,1
98.40444540977478,32.34,1
99.74011516571045,29.97,1
101.15444707870483,28.38,1
102.57262778282166,28.59,1
103.98453688621521,28.14,1
105.39878010749817,28.28,1
106.80825352668762,28.76,1
