1.1040616035461426,1.66,0
2.350003242492676,1.48,0
3.5565614700317383,1.52,0
4.750242710113525,1.45,0
5.958106279373169,1.31,0
7.1649010181427,1.1,0
11.765290260314941,783.03,1
13.176571130752563,824.21,1
14.589576244354248,481.07,1
16.001006841659546,238.9,1
23.28199577331543,1.45,0
24.588831663131714,0.93,0
25.8940851688385,0.17,0
27.221381425857544,-0.83,0
28.524296760559082,-1.55,0
29.845993518829346,-1.62,0
31.147186756134033,-1.72,0
32.495474100112915,-1.79,0
33.819348096847534,-1.76,0
35.109514474868774,-1.76,0
36.41918134689331,-1.72,0
37.72652745246887,-1.76,0
39.03452014923096,-1.76,0
40.344931840896606,-1.79,0
41.68939447402954,-1.79,0
43.00047516822815,-1.76,0
47.58553647994995,767.31,1
48.988072872161865,861.97,1
50.405293464660645,507.45,1
51.746511459350586,282.52,1
53.161118030548096,150.14,1
54.564313888549805,82.41,1
55.975696086883545,62.55,1
57.40085697174072,56.28,1
64.69767141342163,1.76,0
66.00194096565247,1.1,0
67.32403779029846,-0.34,0
68.61586618423462,-1.31,0
69.93172955513,-1.55,0
71.23900318145752,-1.55,0
72.56763529777527,-1.62,0
73.87453365325928,-1.69,0
78.45332837104797,759.76,1
79.79283118247986,937.14,1
81.13373279571533,685.07,1
82.55062222480774,388.97,1
83.96379971504211,217.17,1
85.37355637550354,134.62,1
86.79012322425842,101.86,1
88.12874555587769,95.0,1
89.54596543312073,96.07,1
90.94849228858948,95.59,1
92.36484622955322,95.59,1
93.76739025115967,99.97,1
95.19465589523315,101.38,1
96.6061429977417,100.83,1
98.00817608833313,100.72,1
99.42628049850464,100.41,1
100.82774806022644,100.28,1
102.1698215007782,100.1,1
103.58573150634766,98.9,1
104.92673063278198,98.48,1
106.33339476585388,98.45,1
107.75023031234741,98.38,1
115.07259798049927,13.45,0
116.41114687919617,12.86,0
117.7330150604248,12.31,0
119.0354962348938,11.62,0
120.36533451080322,11.24,0
121.6728823184967,10.66,0
122.98845338821411,10.31,0
124.33186888694763,9.21,0
125.54293012619019,8.83,0
126.76175737380981,8.38,0
127.97426176071167,8.1,0
