1.119455337524414,8.14
2.3527629375457764,8.1
3.5640008449554443,8.21
4.764177322387695,8.24
9.359775066375732,8.21
10.772916078567505,8.14
12.185824871063232,9.21
13.587685108184814,11.86
14.99936819076538,16.76
16.414554595947266,24.38
17.82536244392395,34.93
19.17629861831665,46.83
20.586236715316772,61.24
21.988865613937378,75.03
23.406240940093994,89.14
24.819315671920776,103.59
26.22105574607849,117.38
27.641112804412842,130.03
29.049095153808594,141.21
30.456459999084473,150.34
31.877952098846436,157.52
33.28295111656189,162.28
34.69520425796509,164.9
36.11719989776611,165.59
37.528424978256226,164.07
38.86889147758484,160.9
40.284663438797,156.41
41.62411832809448,151.41
43.03687310218811,145.24
44.43615961074829,138.34
45.85286021232605,131.97
47.27203941345215,125.07
48.67979550361633,119.38
50.09052658081055,114.17
51.49829888343811,109.28
