1.1171026229858398,-2.17,0
2.349318265914917,-2.1,0
3.5587873458862305,-2.1,0
4.762822389602661,-2.14,0
9.34591031074524,18.97,1
10.689930200576782,19.38,1
12.101877212524414,31.07,1
13.500781774520874,42.1,1
14.925846099853516,50.31,1
16.335301160812378,50.86,1
17.736263036727905,48.83,1
19.081615924835205,46.69,1
20.49665069580078,47.97,1
21.90080451965332,53.66,1
23.256764888763428,55.21,1
24.666666507720947,54.72,1
26.07925295829773,53.38,1
27.495251417160034,50.9,1
28.90729594230652,47.55,1
30.319027185440063,53.52,1
31.730244398117065,51.62,1
33.14110970497131,49.62,1
34.541576862335205,42.97,1
35.8929283618927,47.86,1
37.23149871826172,47.9,1
38.64051079750061,48.62,1
39.98395872116089,51.24,1
41.321961879730225,50.72,1
42.66941165924072,48.31,1
44.07784867286682,44.1,1
45.42756271362305,50.41,1
46.841349840164185,48.66,1
48.247803926467896,48.17,1
49.661319732666016,52.17,1
50.99985194206238,49.55,1
52.34682083129883,59.03,1
53.76739192008972,55.93,1
55.167895793914795,49.97,1
56.581023931503296,50.66,1
57.99507164955139,44.55,1
59.411465883255005,44.03,1
60.82439732551575,47.38,1
68.13711094856262,-1.93,0
69.45082688331604,-2.03,0
70.75498175621033,-1.97,0
72.06254720687866,-1.97,0
73.37716555595398,-2.03,0
74.66777539253235,-1.97,0
75.99723553657532,-2.03,0
77.34110760688782,-2.1,0
81.92024540901184,21.31,1
83.2565860748291,28.62,1
84.68028211593628,65.45,1
86.0895357131958,77.48,1
87.50177145004272,84.62,1
88.91397738456726,82.1,1
90.3205075263977,85.93,1
91.65591764450073,92.07,1
93.008780002594,91.97,1
94.3522400856018,89.1,1
95.76710724830627,92.72,1
97.17618918418884,94.1,1
98.58821845054626,91.62,1
99.92835354804993,86.0,1
101.3426628112793,89.62,1
102.75343179702759,92.0,1
104.16115260124207,86.69,1
105.57255387306213,80.79,1
106.98363399505615,86.38,1
108.3992190361023,91.03,1
109.73264789581299,89.41,1
111.15682601928711,86.83,1
