1.104215145111084,-0.79
2.3131449222564697,-0.72
3.550779104232788,-0.79
4.752806901931763,-0.86
5.958945274353027,-0.76
10.543752431869507,1.83
11.955708742141724,1.79
13.366924524307251,1.83
14.698013305664062,1.79
16.122586488723755,1.83
17.461659908294678,7.59
18.80705189704895,11.79
20.156602144241333,15.45
21.56532883644104,20.24
22.91329336166382,23.31
24.24617576599121,24.48
25.65779685974121,27.03
27.084450006484985,28.03
28.498125314712524,28.03
29.89775538444519,28.07
31.248653173446655,28.14
32.66404628753662,28.28
34.083731174468994,28.52
35.48285961151123,28.62
36.90102982521057,28.52
38.30687379837036,32.76
39.65675330162048,29.28
40.99214434623718,33.14
42.348867893218994,29.97
43.68192195892334,33.83
45.092742919921875,29.41
46.505704402923584,28.48
47.931663274765015,28.41
49.33068537712097,31.03
50.74414896965027,31.1
52.16307497024536,28.93
53.57423400878906,30.28
54.99273705482483,28.79
56.406402349472046,28.38
57.819305658340454,30.31
59.23150110244751,30.83
60.6446373462677,30.69
62.05097413063049,30.66
63.4639356136322,29.14
64.88301134109497,30.21
66.21525621414185,30.76
67.63176894187927,28.79
68.96923208236694,30.07
70.38883471488953,30.76
71.72472143173218,28.97
73.07193517684937,31.86
74.48474645614624,28.93
75.83405184745789,30.83
77.1706314086914,28.76
78.59002757072449,28.76
79.93839907646179,32.55
81.34792828559875,32.41
88.65241813659668,1.93
89.96311450004578,1.9
91.26734519004822,1.86
92.57316613197327,1.9
93.89183592796326,1.9
95.19707655906677,1.93
96.53012251853943,1.83
97.86185789108276,1.86
102.45431661605835,1.83
103.86668801307678,20.55
105.28236079216003,85.28
106.69691371917725,182.28
108.11310029029846,293.17
109.5302505493164,414.83
110.92802381515503,506.9
112.34469223022461,528.34
113.75818037986755,533.72
115.16946268081665,533.55
116.582284450531,533.69
117.98712253570557,534.66
119.4041121006012,535.31
120.8171603679657,535.41
122.23301863670349,534.59
123.64438962936401,536.14
125.04245281219482,537.31
126.45787310600281,536.97
127.87862133979797,536.69
129.27738332748413,535.79
130.69364619255066,536.48
132.10845947265625,536.45
139.41087293624878,1.9
140.71105289459229,1.86
142.03142523765564,1.93
143.33652639389038,1.93
144.64032006263733,1.86
145.95887637138367,1.9
147.31506371498108,1.86
148.61987471580505,1.9
153.22441697120667,1.93
154.62952661514282,1.9
156.04191708564758,1.97
157.45724940299988,1.93
158.87207865715027,1.97
160.2857382297516,1.97
161.6997046470642,1.9
163.04098963737488,10.1
164.39213609695435,14.17
165.73164129257202,15.24
167.07064199447632,15.83
168.42301535606384,15.21
169.75499033927917,15.59
171.10532426834106,15.79
172.51757907867432,15.86
173.85616183280945,15.83
175.20815110206604,11.41
176.543137550354,13.72
177.89558005332947,14.66
179.2318549156189,14.93
180.58135199546814,15.0
181.93056416511536,15.14
183.33258295059204,15.03
184.7487313747406,14.93
186.08995389938354,14.66
187.51148629188538,14.52
188.84660577774048,14.38
190.19784235954285,14.41
191.61018776893616,14.38
192.96006059646606,14.34
194.29312443733215,14.45
195.70740342140198,14.24
197.1250605583191,14.31
198.47254538536072,14.31
199.8735523223877,14.21
201.2278094291687,14.17
202.63737392425537,14.07
203.97243785858154,14.03
205.39252352714539,15.48
206.73918890953064,14.52
208.14300632476807,15.72
209.48874926567078,14.59
210.90971159934998,15.62
212.2408287525177,14.41
213.58453369140625,15.69
215.00619673728943,14.59
216.41997027397156,14.24
217.83021140098572,14.24
219.24003434181213,13.9
220.6625144481659,15.93
222.07510781288147,16.48
223.41867232322693,14.69
224.83298206329346,15.93
226.24290370941162,14.52
227.58902430534363,14.03
228.92496800422668,16.59
230.27492952346802,14.86
231.68578100204468,14.24
233.0337691307068,16.21
234.36738181114197,14.69
235.717538356781,15.86
237.12885928153992,16.97
238.47189807891846,15.03
239.8876576423645,15.69
241.30245923995972,16.1
242.71838283538818,16.79
250.0166208744049,2.03
251.33327054977417,1.97
252.66646790504456,1.97
253.9831669330597,2.0
255.29999327659607,1.93
256.6169946193695,1.97
257.9362094402313,2.0
259.2392199039459,1.93
263.83239912986755,2.0
265.24444103240967,1.93
266.6559886932373,1.9
268.06831336021423,1.97
269.4860727787018,1.9
270.90180492401123,1.9
272.3138782978058,8.66
273.7297933101654,13.76
275.1414649486542,15.52
276.5555157661438,17.21
277.9686095714569,19.34
279.37361788749695,19.86
280.78619718551636,20.03
282.2019855976105,20.14
283.6143128871918,20.03
285.0303373336792,20.1
286.371844291687,18.34
287.78596234321594,19.62
289.19879961013794,20.03
290.59731125831604,20.38
292.02172780036926,20.55
293.4335014820099,20.24
294.84980869293213,20.21
296.2601864337921,20.21
297.66998529434204,18.34
299.0885171890259,19.59
300.49981212615967,19.97
301.9110269546509,19.97
303.3226246833801,19.97
304.7342655658722,19.93
306.14580249786377,20.0
307.5586996078491,19.97
308.97241139411926,20.07
310.3851809501648,20.14
311.79864525794983,20.14
313.2056791782379,20.17
314.62094712257385,20.21
316.033056974411,20.41
317.4507074356079,18.9
318.84877038002014,18.21
320.19992423057556,19.79
321.54903078079224,20.31
322.89006066322327,18.66
324.2260823249817,20.17
325.5808401107788,18.72
326.92471194267273,20.17
328.25633096694946,20.48
329.60936546325684,20.66
331.02648663520813,19.03
332.36045002937317,20.41
333.7102174758911,18.93
341.00454807281494,1.93
342.3249707221985,1.93
343.61067366600037,1.9
344.91482639312744,1.9
346.2198281288147,1.93
347.55729722976685,1.9
348.8776378631592,1.9
