1.1101267337799072,6.72
2.3494160175323486,6.79
3.5654351711273193,6.76
4.773466110229492,6.79
9.350435733795166,1.79
10.752288103103638,1.83
12.17112421989441,1.79
13.58250904083252,1.79
15.00171422958374,1.76
16.41136121749878,1.79
17.762720584869385,3.14
19.103863954544067,1.86
20.45078158378601,1.83
21.78262758255005,3.93
23.138503789901733,1.69
24.472888231277466,1.62
25.818954467773438,1.97
27.231366872787476,1.55
28.65392255783081,1.86
30.059945106506348,1.93
31.407387256622314,1.9
32.82257866859436,1.76
34.16335940361023,1.76
35.5095009803772,1.76
36.8550865650177,1.72
38.26213026046753,1.76
39.667359352111816,1.76
41.08636498451233,1.76
42.433698892593384,1.76
43.84990978240967,1.76
45.19036340713501,1.79
46.527469635009766,1.76
47.94720816612244,1.72
49.29533290863037,1.72
50.6338677406311,1.72
52.04476070404053,1.79
53.395559549331665,1.72
54.731724977493286,1.76
56.08646297454834,1.76
57.485456228256226,1.79
58.90783357620239,1.72
60.312875747680664,1.76
61.73831295967102,1.76
63.15062642097473,1.76
64.56160402297974,1.76
65.90835762023926,1.72
67.25170850753784,1.72
68.58580803871155,1.69
70.00714635848999,1.72
71.35278701782227,1.72
72.68275284767151,1.72
74.03174424171448,1.72
75.37868094444275,1.72
76.71559858322144,1.76
78.06484985351562,1.72
79.40951538085938,1.72
80.82339096069336,1.72
82.16514706611633,1.69
83.51054239273071,1.76
84.9172294139862,1.76
86.26839542388916,1.72
87.61779189109802,1.72
88.95451664924622,1.72
90.37267208099365,1.79
91.77177882194519,1.72
93.19204592704773,1.69
94.52967429161072,1.76
95.94201922416687,1.69
97.35583782196045,1.72
98.77414035797119,1.69
100.18537068367004,1.69
101.59614491462708,1.76
103.0156888961792,1.72
104.42943286895752,1.76
105.83084797859192,1.72
107.24991750717163,1.69
108.65660405158997,1.79
110.08010983467102,1.72
111.49457335472107,1.72
112.89226865768433,1.72
114.25062704086304,1.69
115.65102624893188,1.72
117.06697630882263,1.72
118.48797726631165,1.72
119.89392066001892,1.72
121.31377077102661,1.69
122.72463750839233,1.72
124.13107919692993,1.72
125.54557371139526,1.72
126.95413851737976,1.72
128.36650347709656,1.72
129.78708696365356,1.72
131.19574642181396,1.76
132.61025714874268,1.72
134.02802085876465,1.69
135.42537188529968,1.76
136.84887528419495,1.69
138.26610493659973,1.72
139.66477251052856,1.72
141.0802538394928,1.69
142.49885606765747,1.66
143.9056601524353,1.72
145.32182717323303,1.76
146.74228882789612,1.72
148.14935493469238,1.76
149.56558442115784,1.69
150.97468781471252,1.72
152.38810420036316,1.72
153.79344058036804,1.76
155.21044516563416,1.69
156.62838697433472,1.69
158.03748536109924,1.69
159.45075798034668,1.69
160.86181783676147,1.72
162.21359848976135,1.69
163.5567021369934,1.69
164.96884107589722,1.72
166.38164591789246,1.72
167.78406357765198,1.69
169.13018584251404,1.72
170.5463330745697,1.72
171.89577460289001,1.72
173.29498624801636,4.21
174.6401491165161,7.03
175.98204636573792,3.41
177.40989184379578,1.83
178.80726838111877,1.97
180.16472053527832,7.79
181.58020615577698,7.79
182.98348999023438,3.86
184.39491391181946,6.21
185.817946434021,6.97
187.23007988929749,6.07
188.63536429405212,6.41
189.9864411354065,6.97
191.3190701007843,5.52
192.74229264259338,7.9
194.1439402103424,5.48
195.565758228302,6.31
196.98127627372742,3.07
198.3896119594574,5.41
199.80217742919922,4.83
201.21065068244934,6.52
202.63195538520813,5.0
204.032550573349,4.59
205.45644783973694,6.59
206.86716389656067,7.41
208.27999305725098,5.45
209.68784475326538,6.55
211.1085569858551,8.9
212.51130509376526,7.1
213.85269951820374,7.17
215.2696852684021,6.38
216.68401885032654,3.69
218.10531616210938,6.52
219.50414872169495,3.59
220.93076539039612,6.52
222.33107209205627,7.72
223.74356174468994,6.83
225.16575384140015,7.66
226.57986569404602,5.34
227.9849226474762,4.86
229.4065384864807,6.9
230.8120472431183,4.1
232.22754430770874,4.72
233.57600450515747,5.48
234.98757123947144,3.31
236.40107417106628,5.24
237.81195497512817,8.03
239.2143795490265,4.1
240.64015913009644,3.72
242.04305005073547,7.07
243.45420479774475,5.86
244.87824296951294,3.45
246.27852153778076,7.66
247.70185446739197,7.21
249.1041431427002,3.76
250.51897168159485,4.66
251.93366050720215,6.55
253.35440039634705,3.62
254.76643180847168,5.14
256.1804530620575,7.59
257.5823402404785,4.14
258.9934079647064,4.45
260.4041976928711,4.41
261.81816005706787,5.69
263.22882103919983,5.1
264.644154548645,5.07
266.05764293670654,7.34
267.4826579093933,5.9
268.8946933746338,6.21
270.30096793174744,3.1
271.7146496772766,5.0
273.128178358078,8.21
274.5300328731537,8.0
275.9568452835083,3.83
277.36676836013794,5.48
278.77586245536804,6.03
280.193656206131,5.28
281.5998179912567,6.07
283.01946330070496,7.07
284.43375635147095,4.93
285.8347899913788,4.62
287.255891084671,2.52
288.664831161499,4.59
290.08414340019226,3.41
291.49013352394104,4.55
292.89857006073,5.79
294.3231282234192,3.34
295.7277138233185,3.69
297.145391702652,5.14
298.5498535633087,6.07
299.97232580184937,3.59
301.3807415962219,6.62
302.7983832359314,5.86
304.1986258029938,3.24
305.62575507164,3.14
307.03393507003784,5.17
308.44775676727295,4.66
309.85660910606384,3.48
311.2631690502167,7.31
312.68069982528687,8.86
314.0871014595032,9.03
315.50782346725464,6.28
316.92190313339233,7.62
318.3387084007263,5.97
319.7459669113159,7.48
321.15687322616577,4.52
322.5757911205292,4.17
323.98589181900024,5.69
325.39983320236206,4.59
326.79985642433167,7.69
328.21317076683044,6.83
329.6399176120758,4.55
331.0396554470062,5.97
332.4636447429657,7.97
333.8730227947235,8.66
335.2857520580292,4.38
336.69974541664124,6.41
338.04545521736145,5.17
339.45427918434143,5.48
340.8727939128876,4.69
342.2846403121948,7.86
343.6291229724884,7.17
345.0379304885864,8.52
346.45393919944763,6.97
347.8606514930725,6.93
349.201819896698,5.72
350.6203441619873,7.55
352.03299856185913,6.41
353.45240449905396,4.9
354.86541962623596,3.34
356.20450592041016,7.62
357.61826634407043,6.31
359.0284090042114,6.24
360.3671295642853,6.1
361.7903778553009,7.24
363.19361305236816,5.0
364.61360931396484,5.86
366.01741003990173,3.48
367.43843626976013,3.03
368.85404992103577,4.9
370.1919939517975,5.76
371.60833978652954,8.24
373.0271565914154,4.52
374.3698217868805,4.14
375.7817368507385,6.0
377.1942660808563,4.62
378.6056079864502,2.86
380.01037669181824,2.59
381.4329481124878,5.03
382.8437399864197,7.34
384.2516520023346,3.97
385.67192554473877,3.28
387.0840742588043,3.21
388.4952983856201,5.79
389.9082577228546,3.17
391.31997299194336,3.76
392.7306396961212,5.55
394.1472008228302,7.52
395.5465450286865,3.48
396.96347737312317,5.0
398.38628482818604,2.9
399.7866847515106,2.0
401.2006025314331,5.38
402.61146068573,8.41
404.033643245697,8.17
405.4438238143921,7.31
406.84757232666016,4.72
408.27183198928833,7.38
409.6879930496216,8.17
411.0962312221527,5.1
412.50545954704285,4.21
413.9241666793823,6.52
415.3231134414673,2.83
416.7415633201599,2.14
418.1517539024353,6.41
419.5746088027954,4.72
420.98873496055603,6.41
422.40085077285767,3.07
423.8047378063202,7.14
425.2156255245209,5.76
426.6398422718048,7.34
428.04796075820923,5.79
429.46352553367615,5.9
430.8648147583008,6.48
432.28071689605713,6.48
433.6984066963196,5.38
435.10474705696106,3.34
436.5279281139374,2.17
437.94207429885864,4.97
439.35410046577454,3.03
440.75933957099915,2.38
442.166476726532,2.14
443.5901896953583,3.55
445.00030994415283,6.31
446.4121735095978,4.38
447.8161520957947,8.1
