1.1190404891967773,5.93
2.339447259902954,5.9
3.5653374195098877,5.93
4.76653790473938,5.93
1.2067837715148926,0.45
2.4818115234375,0.48
3.756028413772583,0.48
5.02783465385437,0.52
6.43846583366394,0.38
7.84756064414978,0.41
9.199172496795654,0.41
10.612258195877075,1.93
12.024287939071655,6.83
13.436424016952515,9.34
14.849175453186035,10.28
16.261492252349854,10.45
17.59914541244507,10.55
19.00646662712097,10.69
20.351810932159424,6.97
21.700868129730225,9.66
23.038559675216675,10.86
24.389981746673584,10.9
25.739202976226807,10.93
27.15137004852295,10.83
28.49085021018982,10.9
29.90812397003174,8.03
31.247071743011475,10.28
32.664509296417236,11.59
34.003209352493286,10.62
35.41716194152832,7.52
36.753204107284546,6.38
38.1039559841156,9.34
39.4472553730011,8.07
40.86066651344299,6.79
42.19870972633362,10.0
43.54756212234497,10.9
44.88552117347717,7.66
46.2419753074646,6.9
47.58313274383545,6.97
48.9236478805542,6.48
50.270650148391724,9.83
51.67655038833618,11.03
53.096710443496704,11.48
54.5075957775116,7.38
55.91910409927368,10.41
57.32277989387512,11.03
58.73681855201721,11.55
60.161911964416504,11.69
61.56656098365784,11.69
62.981152057647705,11.62
64.39295721054077,7.66
65.73350930213928,7.17
67.08462905883789,7.72
68.43295955657959,10.07
69.76891756057739,7.97
71.12136745452881,10.48
72.46369481086731,11.17
73.80353283882141,11.45
75.21440768241882,11.45
76.63046145439148,8.0
78.04596161842346,10.55
79.38442087173462,11.45
80.7361524105072,11.59
82.0807466506958,8.38
83.41858267784119,6.86
84.83572912216187,7.03
86.24873852729797,6.52
87.58894443511963,7.1
88.93590879440308,6.83
90.2767162322998,9.97
91.62678360939026,7.52
92.96259236335754,10.21
94.38110136985779,11.14
95.7897698879242,11.21
97.20051670074463,11.41
98.62010073661804,8.72
99.9564700126648,6.79
101.36935997009277,9.93
102.78172779083252,6.9
104.19931364059448,6.86
105.61466526985168,6.45
107.03212285041809,10.21
108.4441499710083,11.03
109.84934043884277,11.31
111.26186156272888,11.52
112.68005728721619,11.72
114.0958366394043,8.52
115.49969005584717,7.55
116.91463613510132,7.41
118.32598781585693,10.21
119.73548889160156,11.45
121.14445805549622,7.9
122.56360292434692,6.24
123.98302555084229,9.93
125.39656710624695,8.07
126.80547904968262,10.45
128.2190318107605,11.41
129.6289176940918,11.45
131.04105520248413,11.48
132.45432353019714,8.41
133.8074653148651,10.59
135.21445608139038,11.45
136.5612871646881,11.52
137.9708490371704,11.66
139.31869220733643,8.1
140.7287793159485,10.52
142.06688618659973,11.31
143.4768898487091,11.62
144.83113932609558,11.48
146.23298025131226,11.59
147.59135818481445,11.86
148.99174809455872,11.76
150.41493225097656,8.21
151.82592701911926,7.41
153.22938132286072,6.31
154.6434247493744,9.97
156.05890727043152,7.93
157.46756076812744,7.41
158.87873125076294,9.97
160.22251629829407,8.07
161.56843876838684,10.55
162.92265844345093,11.14
164.32489275932312,11.48
165.6750922203064,11.38
167.01699566841125,11.66
168.43469333648682,11.34
169.78246760368347,11.31
171.11799383163452,11.21
172.46723818778992,11.45
173.80023860931396,11.45
175.22534799575806,8.28
176.56384420394897,10.52
177.91446018218994,11.45
179.2530882358551,7.76
180.5903925895691,10.24
181.94219994544983,7.14
183.28598260879517,10.03
184.6289463043213,7.66
185.9695360660553,10.34
187.37824320793152,10.93
188.72698998451233,7.9
190.1477313041687,7.69
191.48405241966248,6.59
192.90071058273315,9.93
194.24808192253113,6.55
195.59169387817383,10.0
196.92560815811157,8.17
198.33797025680542,7.31
199.68993163108826,10.14
201.03231477737427,10.86
202.3686821460724,11.34
203.71963620185852,8.48
205.06793808937073,6.52
206.46914410591125,9.93
207.82540321350098,7.48
209.23101258277893,10.21
210.5704529285431,7.69
211.98414087295532,6.72
213.3395037651062,10.07
214.75448656082153,7.07
216.0879819393158,10.07
217.5071988105774,11.0
218.84309840202332,11.17
220.2579607963562,11.31
221.60787057876587,8.9
223.01932287216187,7.28
224.36581659317017,6.24
225.69921112060547,9.59
227.1192662715912,7.48
228.52285981178284,10.17
229.95011854171753,11.34
231.3529350757599,7.1
232.77071285247803,10.24
234.18519759178162,11.24
235.5216474533081,11.24
236.87035393714905,11.48
238.20705270767212,11.55
239.62690925598145,7.45
241.04135918617249,10.41
242.45429491996765,11.55
243.8650028705597,6.38
245.2754089832306,9.86
246.69152307510376,7.24
248.10548162460327,9.97
249.51538109779358,7.79
250.92733359336853,10.28
252.3388602733612,10.79
253.75480318069458,11.31
255.16789746284485,11.24
256.5788233280182,11.31
257.98944211006165,8.55
259.40274238586426,7.83
260.811110496521,7.31
262.22427201271057,10.24
263.57210087776184,10.72
270.899213552475,0.76
272.20860505104065,0.66
273.5081868171692,0.55
274.81832122802734,0.69
276.1356637477875,0.62
277.4384765625,0.55
278.7823646068573,0.55
280.08626103401184,0.48
284.6805365085602,0.55
286.0859820842743,0.52
287.50283670425415,0.48
288.91817116737366,6.45
290.33143639564514,12.17
291.7483084201813,15.97
293.14967465400696,18.62
294.5636930465698,20.79
295.98491883277893,22.0
297.38988065719604,23.14
298.8043920993805,24.55
300.2097852230072,25.52
301.6288092136383,25.66
303.0390648841858,27.17
304.4523694515228,27.62
305.8611469268799,27.79
307.2811074256897,28.79
308.69295048713684,29.21
310.105215549469,29.45
311.51807975769043,29.38
312.93805837631226,29.28
314.34512090682983,29.28
315.76517271995544,29.0
317.16647148132324,29.24
318.5884747505188,29.17
319.9303503036499,28.72
321.2672996520996,29.1
322.6156167984009,29.76
323.96182918548584,30.0
325.3638436794281,29.45
326.7844533920288,29.31
328.12809562683105,29.38
329.46668553352356,29.41
330.8024470806122,29.48
332.1567862033844,29.38
333.50202894210815,29.38
334.83291935920715,29.31
336.24450850486755,29.28
337.66558837890625,29.34
339.0738911628723,29.31
340.48770666122437,29.97
341.8308107852936,29.52
343.1681444644928,29.72
344.51456594467163,29.38
345.8650481700897,29.59
347.26485991477966,29.21
348.6181674003601,29.93
350.01997590065,29.48
351.4437291622162,31.14
352.7828233242035,29.79
354.19334530830383,30.03
355.5384302139282,29.31
356.88805413246155,29.31
358.21900820732117,29.52
359.6270818710327,29.28
360.97711086273193,29.21
362.39402294158936,29.97
363.73628401756287,30.28
365.14898443222046,30.31
366.4942548274994,30.28
367.90676712989807,31.45
369.24059104919434,30.0
370.655957698822,29.48
371.99406456947327,31.14
373.3333194255829,29.79
374.68286871910095,29.93
376.0958905220032,30.14
383.4049537181854,0.14
384.7120850086212,0.24
386.01474928855896,0.14
387.3643057346344,0.14
388.6702129840851,0.14
389.98055481910706,0.1
391.2871906757355,0.1
392.58576583862305,0.14
397.1705799102783,0.03
398.5847475528717,0.17
400.0034272670746,6.9
401.4146707057953,16.0
402.75685000419617,22.48
404.1640965938568,27.79
405.51791739463806,31.45
406.9158935546875,33.79
408.2701778411865,35.03
409.6848039627075,38.55
411.02913999557495,39.21
412.4360988140106,39.83
413.7713713645935,42.79
415.18900752067566,43.21
416.53432965278625,43.03
417.9497170448303,43.62
419.35348320007324,45.14
420.7752387523651,45.48
422.180118560791,46.38
423.5224208831787,46.9
424.8707027435303,47.76
426.2027564048767,47.76
427.6268045902252,47.86
429.032776594162,47.9
430.37218952178955,48.48
431.7227096557617,48.55
433.1381366252899,48.55
434.5442223548889,48.72
435.95635533332825,48.83
437.29362511634827,48.86
438.6454451084137,49.9
440.04993057250977,50.17
441.39191579818726,50.48
442.8028061389923,50.38
444.2229883670807,50.62
445.63764095306396,50.86
446.9751989841461,49.76
448.38809394836426,49.03
449.80447125434875,48.97
451.20601177215576,49.07
452.55109310150146,49.1
453.89624667167664,51.24
455.3156065940857,50.76
456.72513484954834,50.97
464.03286719322205,0.0
465.35622811317444,0.0
466.6648600101471,0.0
467.96981287002563,0.03
469.27690267562866,0.0
470.6387357711792,-0.03
471.9363944530487,-0.03
473.2403039932251,0.07
477.8290135860443,149.76
479.2466616630554,198.03
480.65653586387634,210.17
482.0690140724182,213.72
483.41701197624207,213.52
484.82450699806213,213.17
486.1611843109131,202.59
487.5716691017151,185.17
488.9218444824219,170.0
490.33511233329773,155.03
497.6376762390137,-0.72
498.95180797576904,-0.69
500.29136538505554,-0.55
501.60964798927307,-0.59
502.9122145175934,-0.55
504.2298626899719,-0.48
505.5449721813202,-0.34
506.8593645095825,-0.34
511.4704339504242,149.79
512.8736402988434,198.0
514.2910099029541,211.07
515.7061138153076,213.97
517.108062505722,214.45
518.5199990272522,213.55
519.9357633590698,208.69
521.3406901359558,195.0
522.6920228004456,183.21
524.1067590713501,168.45
531.4161949157715,-0.79
532.7372152805328,-0.62
534.0383586883545,-0.62
535.347588300705,-0.62
536.6520879268646,-0.55
537.970796585083,-0.55
539.2788453102112,-0.41
540.6174509525299,-0.34
541.8246839046478,-0.41
543.0474321842194,-0.41
544.252326965332,-0.41
545.461483001709,-0.41
546.6569902896881,-0.31
547.8760433197021,-0.34
549.0847260951996,-0.38
550.3234899044037,-0.34
551.5311279296875,-0.28
552.7476515769958,-0.28
553.9566235542297,-0.24
555.1554322242737,-0.24
556.3735785484314,-0.31
557.5794117450714,-0.31
558.789662361145,-0.38
560.0455775260925,-0.24
561.2398669719696,-0.24
562.464015007019,-0.21
563.6736452579498,-0.21
