1.1100449562072754,4.9,0
2.3450803756713867,4.93,0
3.552103281021118,5.03,0
4.758135557174683,5.0,0
9.33967661857605,0.14,1
10.674024820327759,-0.17,1
12.02948784828186,-0.34,1
13.433294296264648,-0.52,1
14.858060598373413,-0.59,1
16.269503593444824,-0.9,1
17.615751266479492,-0.9,1
19.023434162139893,-0.79,1
20.365560293197632,-0.69,1
21.780855894088745,-1.0,1
23.190252780914307,-0.97,1
24.610402822494507,-1.0,1
26.017672061920166,-1.03,1
27.42168402671814,-1.14,1
28.766361951828003,-3.0,1
30.17932653427124,-1.1,1
31.596607446670532,-1.21,1
33.00239181518555,-1.31,1
34.35947108268738,-1.21,1
35.705021142959595,-1.34,1
37.112056016922,-1.52,1
38.52643799781799,-0.76,1
39.86140513420105,-0.86,1
41.21248817443848,-1.34,1
42.62956619262695,-1.69,1
44.03927564620972,-1.83,1
45.452561378479004,-1.9,1
46.86551761627197,-1.83,1
48.27616906166077,-1.97,1
49.68335843086243,-1.9,1
51.1074275970459,-1.9,1
52.51160478591919,-1.86,1
53.92277932167053,-1.86,1
55.3467218875885,-1.83,1
56.75325536727905,-1.76,1
58.160194635391235,-1.86,1
59.571070194244385,-1.83,1
60.99628829956055,-1.79,1
62.39996385574341,-1.72,1
63.81440544128418,-1.69,1
65.22915840148926,-1.52,1
66.63348746299744,-1.69,1
68.05539679527283,-1.48,1
69.4735152721405,-1.48,1
70.87901544570923,-1.41,1
72.22692966461182,-1.34,1
73.56995630264282,-1.31,1
74.9786741733551,-4.28,1
76.32308435440063,3.45,1
77.73144245147705,-2.31,1
79.15077900886536,-0.52,1
80.49777865409851,-0.41,1
81.845942735672,10.21,1
83.25746536254883,11.45,1
84.66220879554749,9.03,1
86.0690004825592,17.41,1
87.42453908920288,18.72,1
88.75499963760376,24.52,1
90.18012952804565,24.55,1
91.58283519744873,24.76,1
92.9350917339325,25.1,1
94.34895730018616,19.24,1
95.76149368286133,18.17,1
97.16846919059753,19.93,1
98.5806577205658,20.93,1
99.988276720047,21.34,1
101.3424882888794,17.0,1
102.75465941429138,19.41,1
104.16673994064331,20.14,1
105.57574892044067,20.86,1
106.99278330802917,20.93,1
108.3941957950592,21.28,1
109.81382083892822,21.41,1
111.22280859947205,21.62,1
112.56670379638672,21.69,1
113.97973990440369,21.9,1
115.39248847961426,22.03,1
116.80614018440247,22.03,1
118.21912384033203,22.21,1
119.63885831832886,17.9,1
121.05095219612122,15.0,1
122.45994925498962,12.14,1
123.86778044700623,24.21,1
125.28993034362793,22.31,1
126.69715094566345,23.48,1
128.1131682395935,25.17,1
129.52667713165283,18.07,1
130.86461734771729,20.28,1
132.281831741333,23.97,1
133.69579434394836,23.48,1
135.10753870010376,26.52,1
136.50706696510315,37.1,1
137.84918117523193,21.31,1
139.27650570869446,35.59,1
140.67821741104126,29.72,1
142.100506067276,26.38,1
143.44411540031433,29.79,1
144.77609252929688,23.72,1
146.2022659778595,23.79,1
147.61035752296448,4.93,1
149.01486134529114,23.66,1
150.4378457069397,16.62,1
151.8510925769806,32.34,1
153.2654857635498,19.17,1
154.67926931381226,23.28,1
156.08649849891663,24.21,1
157.50112342834473,24.59,1
158.90509462356567,25.14,1
160.32791376113892,25.24,1
161.66236925125122,25.55,1
163.01070618629456,25.72,1
164.41359972953796,25.76,1
165.76027584075928,25.97,1
167.10578179359436,26.07,1
168.44862937927246,26.17,1
169.7876009941101,26.31,1
171.1386685371399,26.45,1
172.55274033546448,26.48,1
173.89908695220947,26.45,1
175.23656392097473,20.38,1
176.64482998847961,-1.48,1
178.06696033477783,-2.28,1
179.39741802215576,-2.79,1
180.75024938583374,-1.55,1
182.08924961090088,0.76,1
183.49976921081543,-1.24,1
184.85465240478516,-1.62,1
186.18858575820923,-1.79,1
187.60345482826233,-2.0,1
188.95538139343262,-1.97,1
190.29728412628174,-1.97,1
191.71465277671814,-1.97,1
193.11868262290955,-2.0,1
194.54069113731384,-1.97,1
195.9424533843994,-2.1,1
