1.1105117797851562,6.93,0
2.3458847999572754,7.14,0
3.5501019954681396,7.17,0
4.7441558837890625,7.21,0
9.326689958572388,7.24,0
10.669641494750977,7.34,0
11.998318433761597,7.79,0
13.423237800598145,9.24,0
14.831666946411133,11.14,0
16.24192786216736,13.55,0
17.5878643989563,16.17,0
19.001240730285645,19.21,0
20.414673566818237,22.55,0
21.823774337768555,26.03,0
23.23251485824585,29.34,0
24.582282304763794,32.34,0
25.99449133872986,35.45,0
27.40591812133789,38.34,0
28.818336009979248,40.93,0
30.229200839996338,43.28,0
31.640960693359375,45.52,0
33.0493278503418,47.59,0
34.46220827102661,48.97,0
35.81084060668945,50.41,0
37.144227027893066,51.41,0
38.567885398864746,52.24,0
39.90393877029419,52.79,0
41.25133419036865,53.03,0
42.59771418571472,53.1,0
43.93150305747986,53.21,0
45.35105347633362,52.62,0
