1.0975618362426758,5.72
2.311295986175537,5.79
3.54140305519104,5.66
4.749199867248535,5.79
5.949462175369263,5.79
7.168501615524292,5.76
11.768205404281616,1.38
13.18174934387207,1.38
14.594049453735352,1.28
16.00786805152893,1.38
17.348928451538086,1.34
18.6925208568573,1.34
20.105623960494995,1.31
21.451746702194214,1.24
22.78943419456482,1.24
24.141207218170166,1.21
25.544819593429565,1.34
26.95802640914917,1.21
28.30474877357483,1.28
29.64749240875244,1.21
31.054900884628296,1.24
32.48186016082764,1.14
33.8947958946228,1.17
35.23426604270935,1.24
36.64203453063965,1.24
38.06329917907715,1.21
39.40306901931763,1.17
40.816293716430664,1.24
42.23087406158447,1.24
43.5691614151001,1.17
44.923518896102905,1.31
46.33584904670715,1.21
47.74634313583374,1.21
49.15586495399475,1.21
50.56751322746277,1.14
51.987364053726196,1.24
53.386210441589355,3.9
54.81052255630493,6.93
56.21425700187683,5.34
57.63784146308899,2.41
59.04109573364258,6.97
60.45689630508423,3.59
61.87777853012085,6.14
63.289621353149414,8.28
64.70189380645752,7.59
66.11395597457886,3.31
67.52566576004028,7.07
68.93806886672974,3.31
70.34538698196411,3.55
71.75180149078369,6.48
73.17448854446411,3.07
74.51702499389648,2.21
75.91904425621033,3.62
77.27470970153809,5.69
78.68691635131836,3.0
80.0949022769928,7.52
81.44186568260193,2.93
82.78718113899231,5.83
84.13670134544373,3.34
85.47369575500488,7.34
86.8803927898407,8.21
88.3024582862854,3.03
89.63629174232483,1.83
91.04869961738586,2.0
92.46272420883179,1.59
93.8166012763977,1.55
95.23216390609741,1.52
96.56493592262268,1.38
97.98711085319519,1.41
99.39841938018799,1.34
100.74018168449402,1.41
102.1572892665863,1.31
103.56952452659607,1.24
104.98156881332397,1.41
106.3876690864563,1.24
107.8061273097992,1.31
109.21924448013306,5.62
110.62532782554626,2.72
111.96807813644409,6.76
113.38773083686829,3.38
114.79997730255127,6.72
116.21208214759827,3.14
117.61418294906616,6.48
119.0391538143158,3.72
120.44837355613708,7.66
121.86527109146118,3.48
123.2783305644989,5.55
124.68337893486023,2.93
126.09605073928833,5.86
127.50437831878662,3.17
128.92225646972656,2.17
130.33162999153137,5.69
131.74280261993408,3.21
133.16249799728394,0.69
134.56810569763184,13.24
135.91221451759338,6.52
137.33572793006897,2.62
138.74006843566895,1.79
140.15166306495667,1.66
141.56060552597046,1.59
142.97480273246765,1.48
144.3986234664917,1.45
145.80217003822327,1.45
147.21426343917847,1.28
148.63907861709595,1.34
150.03648567199707,1.38
