1.1097440719604492,2.69,0
2.3439035415649414,2.55,0
3.5438642501831055,2.69,0
4.7419538497924805,2.72,0
9.327346086502075,840.38,1
10.669930458068848,860.17,1
12.081787347793579,457.03,1
13.494214534759521,239.41,1
14.835710287094116,131.66,1
16.24668574333191,70.76,1
17.590662002563477,43.59,1
18.93297290802002,30.31,1
26.231528759002686,-2.52,0
27.545125246047974,-2.55,0
28.8504958152771,-2.52,0
30.16645050048828,-2.38,0
31.47507405281067,-2.38,0
32.82139015197754,-2.28,0
34.12213850021362,-2.24,0
35.42036485671997,-2.21,0
36.72053861618042,-2.31,0
38.0176887512207,-2.14,0
39.31986737251282,-2.24,0
40.63168120384216,-2.17,0
41.93524098396301,-2.24,0
43.28217649459839,-2.14,0
44.585127115249634,-2.17,0
45.890095949172974,-2.1,0
50.465083360672,791.62,1
51.8760027885437,772.55,1
53.287049293518066,459.14,1
54.69801473617554,255.69,1
56.1077721118927,149.55,1
57.4516019821167,99.14,1
58.86494851112366,78.03,1
60.276209354400635,66.52,1
67.57977628707886,-0.97,0
68.88176131248474,-1.17,0
70.17703986167908,-1.1,0
71.48417615890503,-1.21,0
72.82024121284485,-1.38,0
74.12365627288818,-1.48,0
75.42593264579773,-1.66,0
76.72492170333862,-1.66,0
81.30108451843262,777.93,1
82.71240830421448,789.03,1
84.12349700927734,494.97,1
85.46639919281006,315.41,1
86.8778944015503,201.62,1
88.22135519981384,148.24,1
89.56440019607544,121.17,1
96.86024403572083,-1.76,0
98.16223692893982,-1.86,0
99.46537017822266,-1.79,0
100.77482557296753,-1.83,0
102.08716106414795,-1.86,0
103.43215560913086,-1.97,0
104.75657296180725,-2.0,0
