1.1077148914337158,-1.55,0
2.3437259197235107,-1.41,0
3.5526885986328125,-1.59,0
4.75841760635376,-1.41,0
9.332979440689087,180.69,1
10.676371812820435,90.76,1
12.086894035339355,80.03,1
13.494605302810669,78.17,1
14.894562721252441,77.31,1
16.315019369125366,77.31,1
17.731908082962036,77.0,1
19.133095264434814,76.97,1
20.553776502609253,76.83,1
21.897161960601807,77.1,1
23.29962682723999,77.03,1
24.71917486190796,76.79,1
26.12000060081482,77.03,1
27.539296627044678,76.86,1
28.940748929977417,76.86,1
30.359336137771606,76.62,1
31.773701190948486,-572.76,1
33.19149470329285,-15.14,1
34.59913110733032,-3.24,1
36.01045298576355,-2.45,1
37.4167423248291,-2.14,1
38.83653426170349,-1.93,1
40.239633560180664,-1.93,1
41.65924692153931,-1.86,1
43.06617307662964,-1.86,1
44.48974943161011,-1.79,1
45.890000104904175,-1.86,1
47.24332094192505,-1.86,1
48.65168619155884,-1.86,1
50.06131672859192,-1.59,1
51.48011374473572,-1.41,1
52.894217014312744,295.97,1
54.30712080001831,113.72,1
55.71811318397522,87.31,1
57.05470561981201,85.38,1
58.471123695373535,76.9,1
59.87808346748352,78.07,1
61.2939453125,77.48,1
62.69550347328186,73.93,1
64.1192364692688,72.9,1
65.52791595458984,70.52,1
66.87092614173889,69.45,1
68.21240329742432,68.79,1
69.62472605705261,67.17,1
70.97241067886353,65.86,1
72.30906867980957,64.97,1
73.71555423736572,66.97,1
75.13205552101135,61.21,1
76.47293162345886,61.69,1
77.89401316642761,58.86,1
79.2380747795105,58.69,1
86.54582238197327,-2.48,0
87.89481592178345,-2.45,0
89.2026720046997,-2.28,0
90.51919984817505,-2.34,0
91.8279161453247,-2.17,0
93.14830350875854,-2.14,0
94.46401166915894,-2.0,0
95.77833127975464,-2.14,0
100.39320158958435,177.28,1
101.81187415122986,89.79,1
103.21412205696106,81.48,1
104.62314867973328,79.9,1
106.03830051422119,79.41,1
107.45528793334961,79.0,1
108.86908340454102,79.21,1
110.28160762786865,78.83,1
111.6797239780426,79.03,1
113.10109353065491,78.86,1
114.51588177680969,78.55,1
115.93011498451233,78.79,1
117.34152126312256,78.72,1
118.75363159179688,78.9,1
120.15317130088806,78.69,1
121.57511377334595,78.97,1
122.9753155708313,78.69,1
124.39701461791992,79.14,1
125.8022038936615,78.59,1
127.14619398117065,77.41,1
128.5547275543213,74.66,1
129.97578978538513,73.34,1
131.3867688179016,71.0,1
132.78532218933105,69.76,1
134.1961965560913,68.72,1
135.6096739768982,67.41,1
137.02385997772217,65.52,1
138.43868732452393,64.45,1
139.84615969657898,63.45,1
141.25761914253235,60.9,1
142.67415928840637,60.45,1
144.07936596870422,59.66,1
145.48991417884827,58.59,1
146.9121232032776,57.72,1
148.32289218902588,56.76,1
149.72780084609985,55.9,1
151.1412992477417,54.72,1
152.55950284004211,54.76,1
153.96022176742554,52.24,1
155.38119053840637,53.48,1
156.78979420661926,52.55,1
158.20559096336365,52.45,1
159.61604714393616,50.66,1
160.94676327705383,50.9,1
162.36133289337158,50.31,1
163.78010630607605,50.34,1
165.18150329589844,49.59,1
166.6042869091034,49.21,1
167.94653701782227,48.62,1
169.34749245643616,48.28,1
170.6967055797577,47.66,1
172.11187076568604,48.17,1
173.52967357635498,47.93,1
180.82541489601135,-1.28,0
182.16906642913818,-1.28,0
183.47213745117188,-1.17,0
184.77552843093872,-1.28,0
186.0961594581604,-1.24,0
187.39011669158936,-1.07,0
188.70227432250977,-1.14,0
190.01117134094238,-1.24,0
194.595707654953,19.03,1
196.0060842037201,23.1,1
197.41303300857544,26.31,1
198.75969219207764,29.66,1
200.1807520389557,32.52,1
201.5242214202881,35.17,1
202.9329822063446,37.66,1
204.33730053901672,39.93,1
205.7495231628418,42.21,1
207.1007318496704,44.93,1
208.5072500705719,46.45,1
209.85000562667847,48.14,1
211.27030062675476,49.93,1
212.60744524002075,51.48,1
214.02519130706787,53.1,1
215.3666067123413,54.66,1
216.77497816085815,55.97,1
218.1934850215912,57.28,1
219.60131072998047,58.62,1
220.94156122207642,59.52,1
222.34466814994812,60.59,1
223.76335835456848,61.72,1
225.17203521728516,62.72,1
