3.1056830883026123,4.83
6.358412504196167,4.79
9.574822425842285,4.76
12.78954291343689,4.86
15.984753131866455,4.79
19.20440936088562,4.66
22.410759449005127,4.76
28.997565746307373,1.83
32.55563402175903,1.83
39.308977127075195,1.83
42.85681223869324,11.28
46.33800673484802,17.83
49.88707900047302,20.86
53.434372663497925,23.1
56.915305852890015,24.97
60.46616506576538,26.72
64.01362729072571,26.72
67.56155276298523,27.38
71.04104828834534,29.31
74.58093619346619,37.93
78.13131356239319,31.1
81.67861223220825,30.17
85.22777938842773,29.31
88.77788090705872,28.28
92.32941627502441,27.24
95.88467311859131,27.17
99.42525005340576,28.1
102.97665500640869,25.48
109.72915148735046,29.59
113.27452301979065,29.14
116.83388352394104,29.69
120.38082122802734,29.48
123.92958545684814,29.48
127.46904516220093,29.93
131.0237591266632,29.62
134.57310843467712,29.86
138.05779576301575,29.52
141.60653853416443,29.59
145.1556634902954,30.03
148.7023367881775,30.14
152.24833750724792,30.03
155.80095839500427,30.38
159.35127305984497,29.83
