1.109234094619751,-0.03,0
2.3447117805480957,0.03,0
3.54673433303833,0.07,0
4.753387212753296,0.0,0
9.329780578613281,-5.76,1
10.67380976676941,0.62,1
12.087217330932617,5.17,1
13.484240055084229,27.55,1
14.9071204662323,48.48,1
16.311552047729492,35.52,1
17.72168517112732,46.79,1
19.079890966415405,62.97,1
20.481608390808105,49.17,1
21.83271074295044,43.24,1
23.16838026046753,27.86,1
24.585485458374023,28.14,1
25.99108386039734,13.24,1
27.416972637176514,23.34,1
28.818010330200195,54.38,1
30.234975814819336,74.59,1
31.646573066711426,74.66,1
33.06303095817566,78.17,1
34.48089551925659,64.76,1
35.81258416175842,55.9,1
37.1644184589386,50.93,1
38.56769847869873,49.45,1
39.97839331626892,48.14,1
47.28888463973999,0.79,0
48.59502720832825,0.66,0
49.911181688308716,-5.59,0
51.22921895980835,0.52,0
52.526713848114014,0.21,0
53.84651827812195,1.72,0
55.18610382080078,-7.66,0
56.496642112731934,4.31,0
57.803245067596436,-20.66,0
59.11427640914917,-2.45,0
60.435222864151,1.14,0
61.74978756904602,-0.83,0
63.066343545913696,0.38,0
64.40777349472046,21.45,0
65.71071219444275,1.17,0
67.02649140357971,0.72,0
68.33369946479797,-0.34,0
69.65248918533325,-0.03,0
70.96264290809631,0.48,0
72.27681708335876,-0.24,0
73.5834629535675,0.28,0
74.88657522201538,0.1,0
76.22630023956299,0.03,0
77.53120827674866,0.21,0
78.84391331672668,-0.07,0
80.14539241790771,0.14,0
81.45404839515686,0.07,0
82.76967310905457,0.07,0
84.07122135162354,0.03,0
85.39973735809326,0.1,0
86.72947764396667,0.14,0
88.03843879699707,0.1,0
89.34774708747864,0.14,0
90.66141724586487,0.14,0
91.95857763290405,-0.03,0
96.55456256866455,30.45,1
97.96486043930054,34.97,1
99.37420892715454,44.52,1
100.78805017471313,47.76,1
102.19446682929993,47.9,1
103.61061787605286,48.34,1
104.94957518577576,48.14,1
106.36748576164246,48.66,1
107.78387928009033,48.48,1
109.2012267112732,48.59,1
110.61092257499695,48.31,1
112.0257818698883,48.34,1
113.36547040939331,48.31,1
114.78035545349121,52.52,1
116.19560647010803,49.31,1
117.6042070388794,54.34,1
119.01986408233643,50.14,1
120.43274927139282,39.17,1
121.83643531799316,45.28,1
123.25370645523071,46.41,1
124.66784286499023,47.17,1
126.07247519493103,47.07,1
127.49178171157837,47.62,1
128.9103183746338,52.93,1
130.24833846092224,48.86,1
131.66682767868042,48.41,1
133.07537055015564,51.83,1
134.4903507232666,54.41,1
135.90731930732727,49.48,1
137.30916833877563,48.79,1
138.66258311271667,41.45,1
140.07667446136475,45.69,1
141.49016690254211,46.41,1
142.89741325378418,46.9,1
144.30103254318237,47.48,1
145.7129590511322,47.17,1
147.12925052642822,55.52,1
148.55185747146606,54.48,1
149.95939922332764,49.24,1
151.36543989181519,44.1,1
152.77777290344238,45.9,1
154.19602870941162,46.17,1
155.6101541519165,49.14,1
157.02934408187866,46.34,1
158.44135785102844,42.86,1
159.85335898399353,50.62,1
161.18443942070007,49.41,1
162.54159498214722,44.59,1
163.94923663139343,50.59,1
165.36076164245605,49.69,1
166.71144795417786,49.38,1
168.0515797138214,48.9,1
169.39510869979858,44.48,1
170.73798418045044,42.76,1
172.082435131073,48.28,1
173.43091535568237,53.03,1
174.76638865470886,48.38,1
176.18921732902527,47.79,1
177.53236484527588,46.14,1
178.863050699234,47.62,1
180.2212393283844,55.1,1
181.6305708885193,48.97,1
182.96976828575134,52.21,1
184.31431365013123,47.93,1
185.65689873695374,46.07,1
187.07664370536804,49.9,1
188.4136130809784,45.41,1
189.8345947265625,54.55,1
191.1747167110443,49.45,1
192.58425855636597,48.34,1
194.00305843353271,48.45,1
195.40709900856018,48.76,1
196.82488417625427,48.1,1
198.22837853431702,53.66,1
199.6487021446228,49.79,1
201.05454301834106,48.52,1
202.40452337265015,53.24,1
203.8186855316162,49.14,1
205.23660707473755,49.07,1
206.57884740829468,48.52,1
207.9191973209381,48.48,1
209.3279311656952,48.0,1
210.6650426387787,48.03,1
212.0890507698059,48.21,1
213.42513608932495,52.59,1
214.8449342250824,48.86,1
216.2476508617401,48.17,1
217.66101813316345,53.59,1
219.01115465164185,49.45,1
220.41189622879028,52.9,1
221.76439094543457,49.03,1
229.08669757843018,1.66,0
230.39226818084717,1.62,0
231.69065260887146,1.55,0
233.00570797920227,1.55,0
234.3105206489563,1.66,0
235.6651258468628,1.59,0
236.9688766002655,1.59,0
238.28239035606384,1.66,0
239.5990092754364,1.55,0
240.91321182250977,1.55,0
242.2202730178833,1.62,0
243.52856922149658,1.52,0
244.8877923488617,16.9,0
246.1890823841095,5.86,0
247.50883793830872,-1.9,0
248.81827020645142,7.28,0
250.11399579048157,-0.86,0
251.4413161277771,1.45,0
252.75898480415344,-0.66,0
254.06612133979797,5.21,0
255.4072346687317,0.97,0
256.7163496017456,0.55,0
258.03268790245056,-0.07,0
259.33029079437256,1.97,0
260.665620803833,1.79,0
261.9794268608093,-1.03,0
263.29530143737793,-0.1,0
264.63745760917664,0.93,0
265.9499099254608,-0.24,0
267.2737457752228,-0.17,0
268.5897455215454,0.24,0
269.8995008468628,0.21,0
271.2209858894348,0.17,0
272.53955006599426,0.52,0
273.88555431365967,-2.34,0
278.4842019081116,27.76,1
279.88515853881836,29.38,1
281.3099229335785,41.03,1
282.7158634662628,48.59,1
284.1258125305176,51.48,1
285.54927277565,48.14,1
286.8926706314087,51.69,1
288.3057074546814,47.17,1
289.71713280677795,46.41,1
291.11975264549255,45.86,1
292.5367662906647,49.83,1
293.95188999176025,51.79,1
295.36479139328003,53.0,1
296.7648992538452,48.24,1
298.1877408027649,47.1,1
299.59573793411255,40.14,1
301.0131299495697,47.79,1
302.4271950721741,50.24,1
303.8379008769989,50.24,1
305.2549047470093,45.93,1
306.65309262275696,53.24,1
308.0755400657654,51.55,1
309.48568320274353,50.86,1
310.89945793151855,50.93,1
312.3019382953644,51.17,1
313.7116186618805,45.93,1
315.12358951568604,49.0,1
316.53189611434937,48.97,1
317.9456124305725,49.38,1
319.3650121688843,49.34,1
320.7029905319214,63.21,1
322.1212191581726,58.41,1
323.460791349411,49.28,1
324.8726177215576,49.66,1
326.28407049179077,46.0,1
327.69439697265625,53.86,1
329.0394399166107,48.24,1
330.4580702781677,44.69,1
331.79547595977783,48.34,1
333.14042496681213,47.72,1
334.48618626594543,47.28,1
335.81712102890015,46.86,1
337.1728985309601,50.66,1
338.5732853412628,47.9,1
339.91708421707153,49.48,1
341.33038806915283,45.66,1
342.7379288673401,45.38,1
344.08126044273376,54.21,1
345.42741441726685,51.97,1
346.83564925193787,46.03,1
348.18936014175415,47.41,1
349.5959153175354,48.45,1
350.93526816368103,53.79,1
352.35159516334534,51.21,1
353.7603211402893,48.69,1
355.10470938682556,61.24,1
356.5123300552368,54.83,1
357.93336153030396,53.45,1
359.2647798061371,47.45,1
360.68557596206665,46.45,1
362.02815985679626,45.9,1
363.36287689208984,45.45,1
364.7739131450653,50.17,1
366.1188609600067,46.86,1
367.46290922164917,51.0,1
368.8726634979248,47.03,1
370.22050499916077,45.83,1
371.64057660102844,46.0,1
372.9835617542267,45.86,1
374.3174750804901,50.41,1
375.6665999889374,46.69,1
377.0795388221741,50.66,1
378.4236640930176,47.1,1
379.7660186290741,50.28,1
381.09615683555603,46.62,1
382.5216929912567,45.93,1
383.8508813381195,50.72,1
385.20470809936523,72.0,1
386.5405616760254,58.62,1
387.95103120803833,69.52,1
389.2936930656433,60.07,1
390.7167766094208,52.31,1
392.1249496936798,51.55,1
393.5394115447998,46.97,1
394.86875343322754,49.0,1
396.2226746082306,50.59,1
397.6245582103729,51.59,1
399.036682844162,51.9,1
400.44820070266724,46.62,1
401.79739356040955,45.55,1
403.1376442909241,48.41,1
404.54793334007263,50.14,1
405.89268493652344,51.17,1
407.29985904693604,46.93,1
408.6432960033417,50.48,1
410.0582654476166,46.28,1
411.4055986404419,50.28,1
412.8069508075714,49.52,1
414.1595482826233,49.59,1
415.56574749946594,46.1,1
416.9180507659912,50.21,1
418.32905864715576,50.83,1
419.7373101711273,51.38,1
421.08180141448975,46.55,1
422.4203448295593,49.21,1
423.7699365615845,45.59,1
425.1008322238922,49.62,1
426.44348764419556,50.93,1
427.79353308677673,46.1,1
429.2003364562988,50.28,1
430.61024045944214,51.07,1
432.03090167045593,49.66,1
433.3748245239258,50.59,1
434.7733244895935,46.55,1
436.1910951137543,49.66,1
437.60263657569885,50.86,1
438.9500126838684,46.21,1
440.36509704589844,48.97,1
441.7748622894287,49.07,1
443.1812825202942,49.34,1
444.52438259124756,49.28,1
445.94435477256775,49.24,1
447.27674174308777,49.07,1
448.69044852256775,48.86,1
450.04291796684265,50.52,1
451.4413504600525,51.0,1
452.8674280643463,50.34,1
454.279456615448,49.34,1
455.6224558353424,50.83,1
457.03136134147644,51.07,1
458.37649965286255,49.62,1
459.7777931690216,49.52,1
461.11881709098816,49.1,1
462.531023979187,49.1,1
463.9486434459686,55.31,1
465.364218711853,51.03,1
466.69537568092346,50.69,1
468.10875725746155,50.66,1
469.4557180404663,50.45,1
470.86450028419495,50.72,1
472.27476143836975,50.72,1
473.6857190132141,50.66,1
475.04267382621765,46.45,1
476.45493388175964,49.79,1
477.8673677444458,48.93,1
479.2723557949066,49.0,1
480.69035148620605,48.76,1
482.1045322418213,48.72,1
483.44169330596924,48.83,1
484.8419849872589,48.83,1
486.2628240585327,48.76,1
487.6699640750885,48.9,1
489.0245244503021,50.86,1
490.42382049560547,49.55,1
491.8313772678375,49.03,1
493.24274492263794,48.79,1
494.65521574020386,48.83,1
496.0673658847809,55.45,1
497.4775278568268,51.07,1
498.89970803260803,50.0,1
500.31646275520325,49.21,1
501.7268793582916,48.97,1
503.12609028816223,55.38,1
504.5501220226288,52.14,1
505.96152448654175,50.55,1
507.37398505210876,49.52,1
508.7716999053955,50.55,1
510.18671560287476,49.52,1
511.6076591014862,49.52,1
513.0145201683044,49.66,1
514.4300737380981,49.59,1
515.8328595161438,50.14,1
517.2538120746613,50.0,1
518.6631278991699,50.07,1
520.0027072429657,49.93,1
521.4148890972137,49.86,1
522.8218998908997,49.83,1
524.2422943115234,49.83,1
525.6558740139008,49.79,1
527.0619442462921,49.76,1
528.4684522151947,49.76,1
529.8794424533844,49.48,1
531.2931566238403,51.62,1
532.7110059261322,51.62,1
534.1140871047974,46.79,1
535.5361371040344,49.31,1
536.9449563026428,49.52,1
538.356657743454,49.28,1
539.7697751522064,49.1,1
541.1803500652313,49.07,1
542.5914676189423,49.1,1
543.9988915920258,49.24,1
545.4124975204468,49.31,1
546.8176991939545,49.24,1
548.234363079071,54.0,1
549.6540293693542,51.0,1
551.0607073307037,49.79,1
552.4654257297516,49.45,1
553.8867559432983,49.1,1
555.2995002269745,54.1,1
556.69686460495,50.79,1
558.0433990955353,49.76,1
559.4631798267365,49.28,1
560.8737804889679,49.59,1
562.2814977169037,51.17,1
563.6977186203003,50.79,1
565.110603094101,49.48,1
566.5189216136932,49.03,1
567.9336469173431,48.76,1
569.3353278636932,49.86,1
570.7448270320892,48.86,1
572.1661138534546,48.83,1
573.5816917419434,50.52,1
574.9837825298309,50.24,1
576.397057056427,48.69,1
577.8014192581177,48.66,1
579.2205913066864,49.45,1
580.6259605884552,49.34,1
582.0497801303864,48.38,1
583.4608089923859,52.83,1
584.8677906990051,49.79,1
586.2834293842316,53.1,1
587.6968388557434,49.24,1
589.0954818725586,50.17,1
590.5208835601807,48.24,1
591.9321675300598,53.66,1
593.3422391414642,49.86,1
594.752806186676,49.66,1
596.1656310558319,50.52,1
597.5632112026215,49.17,1
598.9895806312561,48.07,1
600.3936302661896,48.48,1
601.8066289424896,47.79,1
603.2169344425201,48.41,1
604.6346154212952,47.69,1
606.0404782295227,47.93,1
607.445958852768,47.97,1
608.8726284503937,48.72,1
610.2775597572327,49.21,1
611.6950914859772,47.83,1
613.0997478961945,47.86,1
614.5046133995056,49.21,1
615.9222674369812,47.93,1
617.3311955928802,52.07,1
618.7511789798737,48.79,1
620.150869846344,49.28,1
621.5618710517883,48.24,1
622.9806625843048,51.86,1
624.3938207626343,53.1,1
625.8098030090332,49.83,1
627.2232549190521,49.03,1
628.6266162395477,48.21,1
630.0399799346924,47.38,1
631.4521605968475,51.69,1
632.8673143386841,54.76,1
634.2771875858307,49.0,1
635.688138961792,47.59,1
637.0966079235077,48.21,1
638.5041189193726,52.38,1
639.857385635376,48.69,1
641.2551543712616,48.21,1
642.6658415794373,51.48,1
644.0160200595856,43.07,1
645.3556399345398,41.86,1
646.7637593746185,45.38,1
648.1175582408905,46.9,1
649.530472278595,47.83,1
650.8724226951599,50.69,1
652.2184035778046,52.38,1
653.6243607997894,54.41,1
654.9686245918274,49.24,1
656.3697688579559,48.9,1
657.7171766757965,47.59,1
659.1261255741119,48.48,1
660.4791655540466,48.28,1
661.8190002441406,49.83,1
663.1546337604523,49.55,1
664.4998157024384,50.14,1
665.9116950035095,50.69,1
667.2621989250183,51.48,1
668.5970273017883,51.97,1
669.9394800662994,49.28,1
671.2879986763,48.69,1
672.6389935016632,48.66,1
673.9736421108246,49.21,1
675.3181014060974,50.07,1
676.6597516536713,50.55,1
678.0795168876648,50.9,1
679.416262626648,47.72,1
680.7601482868195,51.31,1
682.1118285655975,50.66,1
683.4558568000793,50.83,1
684.7961263656616,53.0,1
686.143486738205,48.62,1
687.4736709594727,46.9,1
688.8968386650085,47.0,1
690.2412950992584,47.55,1
691.5788033008575,47.34,1
692.9139032363892,48.31,1
694.2611610889435,48.9,1
695.6028482913971,54.41,1
696.9441201686859,51.52,1
698.2881717681885,52.31,1
699.6313059329987,54.72,1
701.0550625324249,43.62,1
702.3868770599365,42.93,1
703.7379400730133,52.0,1
705.1447703838348,49.59,1
706.4970982074738,50.69,1
707.8287689685822,47.72,1
709.1767523288727,50.28,1
710.5157234668732,47.97,1
711.862550497055,51.38,1
713.2693457603455,48.38,1
714.61900639534,50.93,1
715.9584202766418,52.72,1
717.3075909614563,52.62,1
718.652722120285,49.41,1
720.0618674755096,51.79,1
721.4058122634888,47.45,1
722.7512474060059,46.76,1
724.1607265472412,46.66,1
725.5041291713715,42.72,1
726.9211831092834,48.31,1
728.2521286010742,49.14,1
729.6674163341522,53.41,1
731.0057992935181,50.52,1
732.42436003685,51.38,1
733.7668056488037,50.14,1
735.1756973266602,51.69,1
736.5946154594421,46.48,1
737.9298243522644,46.21,1
739.3359236717224,46.83,1
740.6950037479401,46.66,1
742.0323362350464,46.9,1
743.4408111572266,46.83,1
744.7878477573395,47.62,1
746.1208775043488,47.41,1
747.4784560203552,47.62,1
748.8861925601959,47.66,1
750.2893636226654,47.55,1
751.7122685909271,47.69,1
753.1138968467712,52.1,1
754.4712083339691,51.59,1
755.8138635158539,-884.1,1
757.2235567569733,-1.86,1
758.5722863674164,-1.38,1
759.9850120544434,-1.48,1
761.3207535743713,-1.48,1
762.7406916618347,-1.48,1
764.0709524154663,-1.31,1
765.4974246025085,-1.17,1
766.9105608463287,2.03,1
768.2515754699707,508.79,1
769.6618573665619,-9.69,1
771.0790991783142,2.14,1
772.4830613136292,1.9,1
773.8966014385223,3.14,1
775.3148946762085,2.31,1
776.72656416893,4.52,1
778.142834186554,4.07,1
779.5505073070526,5.52,1
780.9604375362396,13.07,1
782.3805251121521,52.66,1
783.7833623886108,177.52,1
785.1287269592285,-1.21,1
786.4744663238525,1.34,1
787.8827302455902,2.38,1
789.236857175827,10.31,1
790.6339769363403,35.38,1
791.9812300205231,108.66,1
793.3949937820435,18.21,1
794.7471690177917,41.41,1
796.1545886993408,36.93,1
797.4932820796967,37.83,1
798.9094681739807,179.45,1
800.2577967643738,120.24,1
801.6666548252106,85.48,1
803.0864853858948,67.62,1
804.4934821128845,57.14,1
805.842155456543,53.28,1
807.2464809417725,52.97,1
808.5986456871033,52.69,1
809.9278144836426,47.66,1
811.3477506637573,46.0,1
812.6917190551758,51.72,1
814.0393569469452,46.1,1
815.4494473934174,45.52,1
816.8501307964325,50.48,1
818.268013715744,46.14,1
819.6114525794983,49.97,1
821.0261707305908,46.03,1
822.3718330860138,50.38,1
823.7756206989288,46.17,1
825.1220757961273,45.28,1
826.524838924408,45.38,1
827.9503366947174,50.34,1
829.283989906311,45.79,1
830.6307492256165,50.28,1
832.0451190471649,45.76,1
833.4567205905914,44.62,1
834.793123960495,44.45,1
836.1451964378357,44.72,1
837.5472257137299,44.48,1
838.9729838371277,44.76,1
840.3838045597076,44.52,1
841.7965035438538,44.52,1
843.1990468502045,44.79,1
844.6118810176849,48.79,1
845.9498102664948,49.59,1
847.2977519035339,45.34,1
848.7094790935516,44.72,1
850.1185472011566,44.48,1
851.5295164585114,50.55,1
852.9354236125946,49.21,1
854.2829973697662,49.24,1
855.6239197254181,49.21,1
856.9698243141174,48.9,1
858.3860683441162,49.0,1
859.8016927242279,48.86,1
861.2054324150085,48.86,1
862.6233911514282,54.69,1
863.9548242092133,49.93,1
865.3080387115479,48.79,1
866.6422023773193,50.45,1
867.9856288433075,50.38,1
869.4068462848663,50.31,1
870.8034672737122,49.34,1
872.1524307727814,50.24,1
873.5607511997223,50.0,1
874.978631734848,50.17,1
876.315381526947,49.93,1
877.7327544689178,49.76,1
879.1445624828339,48.17,1
880.4918668270111,47.86,1
881.8968682289124,48.93,1
883.2459809780121,49.07,1
884.6529233455658,48.03,1
886.0024356842041,49.66,1
887.4151420593262,49.28,1
888.7561318874359,48.17,1
890.1626734733582,47.55,1
891.5121803283691,48.31,1
892.9240474700928,48.69,1
894.2671067714691,47.38,1
895.6734766960144,48.03,1
897.0918841362,46.93,1
898.4940860271454,48.14,1
899.9071917533875,47.62,1
901.31902551651,48.07,1
902.7229499816895,47.14,1
904.134685754776,47.03,1
905.4886400699615,46.34,1
906.8962931632996,47.66,1
908.2367508411407,47.76,1
909.5894944667816,53.31,1
911.0012271404266,48.66,1
912.4041168689728,47.07,1
913.7429249286652,47.72,1
915.1598818302155,46.79,1
916.5102846622467,48.52,1
923.8030149936676,1.62,0
925.1203875541687,1.69,0
926.4537806510925,1.62,0
927.7646398544312,1.62,0
929.069329738617,1.62,0
930.3849129676819,1.83,0
931.6949317455292,0.66,0
932.9932868480682,0.07,0
934.3091552257538,1.59,0
935.615772485733,0.69,0
936.9604985713959,0.24,0
938.2615420818329,33.9,0
939.5629036426544,-0.48,0
940.8736484050751,1.21,0
942.1807172298431,0.55,0
943.4948441982269,0.0,0
944.8102831840515,0.03,0
946.1717915534973,0.24,0
