1.1082534790039062,7.97
2.3170666694641113,8.07
3.551652193069458,7.97
4.751462936401367,8.1
9.322112798690796,8.1
10.735830545425415,13.79
12.145800828933716,24.17
13.556306838989258,38.59
14.970543622970581,55.45
16.374935388565063,71.69
17.7831027507782,87.45
19.19361114501953,102.93
20.613654136657715,118.34
21.952943801879883,131.83
23.302231550216675,143.41
24.63794994354248,153.66
26.061285734176636,162.17
27.46881079673767,167.62
28.805103540420532,170.79
30.2185218334198,171.86
31.63324522972107,170.76
33.038503885269165,167.79
34.392531633377075,163.45
35.73455452919006,158.62
37.1453378200531,152.1
38.55158710479736,144.86
