1.109626054763794,-1.38,0
2.3382575511932373,-1.48,0
3.538276433944702,-1.45,0
4.736389875411987,-1.52,0
9.318756580352783,-1.52,1
10.662867069244385,-1.48,1
12.076599359512329,-1.41,1
13.488046884536743,-1.52,1
14.898851156234741,-1.45,1
16.299007177352905,-1.48,1
17.657888650894165,-1.52,1
18.997573852539062,-1.41,1
20.40347671508789,-1.41,1
21.753575325012207,-1.45,1
23.160569429397583,-1.52,1
24.507383584976196,-1.55,1
25.92812490463257,-1.55,1
27.3362820148468,-1.41,1
28.742923259735107,-1.48,1
30.15392541885376,-1.55,1
31.578582525253296,-1.52,1
32.989789724349976,-1.48,1
34.33781409263611,-1.45,1
35.669410943984985,-1.48,1
37.09382915496826,-1.48,1
38.502962589263916,-1.52,1
39.84020924568176,-1.48,1
41.250325202941895,-1.45,1
42.667956590652466,-1.48,1
44.011049032211304,-1.52,1
45.42670273780823,-1.38,1
46.762829303741455,-1.41,1
48.17790341377258,-1.48,1
49.52220582962036,-1.48,1
50.94111776351929,-1.45,1
52.27829575538635,-1.52,1
53.70429563522339,-1.48,1
55.112165689468384,-1.52,1
56.5200879573822,-1.48,1
57.94477152824402,-1.52,1
59.357866287231445,-1.52,1
60.76998782157898,-1.48,1
62.182735204696655,-1.48,1
63.589131116867065,-1.52,1
65.00351428985596,-1.55,1
66.41448187828064,-1.48,1
67.764564037323,-1.48,1
69.16964745521545,-1.52,1
70.58378601074219,-1.48,1
71.92790961265564,-1.48,1
73.26225900650024,-1.48,1
74.68880200386047,-1.52,1
76.02697014808655,-1.48,1
77.43895077705383,-1.52,1
78.8594765663147,-1.48,1
80.27210474014282,-1.55,1
81.67636585235596,-1.48,1
83.09582591056824,-1.48,1
