1.1058540344238281,-2.03,0
2.3387763500213623,-2.0,0
3.54748272895813,-2.1,0
4.748722314834595,-2.03,0
5.958140134811401,-2.07,0
7.17076563835144,-2.1,0
8.372738122940063,-2.03,0
9.576738119125366,-1.97,0
10.785337209701538,-2.03,0
12.033655881881714,-2.0,0
13.24642825126648,-2.07,0
14.451402187347412,-2.0,0
15.664669036865234,-2.07,0
16.875035762786865,-2.0,0
18.076484203338623,-2.07,0
19.279484272003174,-2.1,0
20.491841077804565,-2.07,0
21.736169815063477,-2.03,0
22.941443920135498,-2.17,0
24.285517692565918,-2.1,0
25.577333450317383,-2.17,0
26.845820903778076,-2.03,0
28.372365713119507,-2.0,0
29.586836099624634,-2.0,0
30.837332487106323,-2.03,0
32.05249834060669,-2.0,0
36.63720369338989,66.55,1
37.9813187122345,42.1,1
39.393948554992676,30.41,1
40.80724358558655,29.59,1
42.14992880821228,29.55,1
43.49537777900696,29.38,1
44.90781378746033,29.52,1
46.25185418128967,29.48,1
47.594974994659424,29.48,1
48.93918061256409,29.55,1
50.28306841850281,29.41,1
51.62692880630493,29.48,1
53.03893566131592,29.52,1
54.382895946502686,29.55,1
55.795759201049805,27.86,1
57.20787072181702,27.97,1
58.55188250541687,29.07,1
59.965296030044556,29.0,1
61.308494329452515,28.72,1
62.6507568359375,28.66,1
64.06441450119019,28.66,1
65.40754389762878,28.69,1
66.81995606422424,28.79,1
68.16302967071533,28.66,1
69.50519919395447,28.69,1
70.84861421585083,28.59,1
72.19159364700317,28.62,1
73.53454232215881,28.55,1
74.87757420539856,28.66,1
76.22049570083618,28.76,1
77.63449430465698,28.59,1
78.97645258903503,28.62,1
80.38796663284302,28.66,1
81.73073267936707,28.55,1
83.07381796836853,28.55,1
84.41694283485413,28.45,1
85.7593457698822,28.45,1
87.10231614112854,28.38,1
88.5153694152832,28.45,1
89.859041929245,28.38,1
91.26992511749268,28.41,1
92.61194443702698,28.45,1
94.0254168510437,28.31,1
95.36816692352295,27.93,1
96.78136420249939,27.62,1
98.12461614608765,27.24,1
99.46761798858643,26.66,1
106.84188556671143,-2.48,0
108.15193748474121,-2.38,0
109.4577968120575,-2.24,0
110.76567220687866,-2.24,0
112.0771598815918,-2.14,0
113.38383746147156,-2.14,0
114.69180369377136,-2.1,0
116.03913474082947,-2.1,0
117.3517644405365,-2.1,0
118.6637396812439,-1.97,0
119.96949172019958,-2.0,0
121.2842493057251,-1.93,0
122.59339094161987,-1.97,0
123.90363788604736,-2.03,0
125.2155532836914,-2.07,0
126.56660532951355,-1.97,0
131.15299272537231,67.14,1
132.5651571750641,41.17,1
133.90949964523315,29.52,1
135.32284379005432,29.1,1
136.734881401062,32.07,1
138.14537906646729,28.9,1
139.55651688575745,28.41,1
140.9673285484314,28.45,1
142.37878346443176,28.48,1
143.78921508789062,28.62,1
145.20011591911316,28.52,1
146.61215567588806,28.79,1
