1.1087229251861572,-2.1,0
2.365729331970215,-2.1,0
3.5672879219055176,-2.03,0
4.7678916454315186,-2.1,0
9.34771180152893,46.45,1
10.690854549407959,10.31,1
12.034785747528076,1.76,1
13.446745157241821,-0.07,1
14.790700912475586,-1.07,1
16.205318212509155,-1.31,1
17.547670602798462,-1.41,1
18.89296841621399,-1.52,1
20.235657930374146,-1.48,1
21.580437898635864,-1.52,1
22.923591136932373,-1.59,1
24.26904582977295,-1.66,1
25.611650466918945,-1.76,1
27.02565336227417,-1.66,1
28.368496656417847,-1.69,1
29.780537605285645,-1.72,1
31.192636013031006,-1.59,1
32.60525894165039,-1.76,1
33.94839692115784,-1.79,1
35.293373584747314,-1.79,1
36.63733506202698,-1.79,1
38.05026435852051,-1.79,1
39.39495539665222,-1.9,1
40.7392144203186,-1.86,1
42.083810329437256,-1.79,1
43.496460914611816,-1.79,1
44.84018111228943,-1.83,1
46.18419623374939,-1.72,1
47.52888798713684,-1.83,1
48.94005560874939,-1.93,1
50.284772872924805,-1.86,1
51.69807577133179,-1.9,1
53.04157257080078,-1.76,1
54.38606023788452,-1.83,1
55.80014157295227,-1.97,1
57.142874002456665,-1.83,1
58.5549533367157,-1.9,1
59.96821904182434,-1.83,1
61.382166147232056,-1.9,1
62.79429745674133,-1.97,1
64.13816094398499,-1.9,1
65.4828314781189,-1.93,1
66.825998544693,-1.9,1
68.17008781433105,-1.79,1
69.5137448310852,-1.93,1
70.92669773101807,-1.9,1
72.27170395851135,-1.86,1
73.61568713188171,-1.66,1
74.95997929573059,-1.76,1
76.37157106399536,-1.86,1
77.71661710739136,-1.97,1
79.13032674789429,-1.93,1
80.47370791435242,-1.86,1
81.88454222679138,-2.03,1
83.22909569740295,-1.93,1
84.64237594604492,-1.93,1
85.98645520210266,-1.72,1
87.40046644210815,-1.79,1
88.74342560768127,-1.86,1
90.15471649169922,-2.72,1
91.56738209724426,-2.69,1
92.97928667068481,-1.38,1
94.32480025291443,-0.76,1
95.66722393035889,-2.24,1
97.01273560523987,-34.79,1
98.42567658424377,18.17,1
99.83783650398254,11.38,1
101.24908900260925,3.21,1
102.66131782531738,-0.93,1
104.07297921180725,-1.79,1
105.48711347579956,-1.9,1
106.90014147758484,-1.86,1
108.31310272216797,-1.79,1
109.7259681224823,-1.76,1
111.06920671463013,-1.9,1
112.48212814331055,-1.83,1
113.89564275741577,-1.76,1
115.3097333908081,-1.79,1
116.7213146686554,-1.93,1
118.1348204612732,-1.86,1
120.88504838943481,-1.9,1
121.49812459945679,-1.9,1
122.11128950119019,-1.97,1
122.7738561630249,-1.9,1
