1.1011285781860352,-1.9,0
2.3550171852111816,-1.86,0
3.558344841003418,-1.93,0
4.772074937820435,-1.9,0
9.35263466835022,1.97,1
10.697414875030518,1.21,1
12.110692501068115,1.28,1
13.523502588272095,1.14,1
14.923867225646973,0.97,1
16.343071699142456,3.28,1
17.682099103927612,3.38,1
19.03473424911499,3.1,1
20.446028470993042,2.93,1
21.779560089111328,2.76,1
23.13199734687805,4.66,1
24.54877209663391,4.31,1
25.955875635147095,4.38,1
27.36349582672119,4.31,1
28.779091119766235,4.41,1
30.198280096054077,5.28,1
31.599035501480103,4.93,1
33.02680802345276,4.55,1
34.42762279510498,4.55,1
35.84677004814148,4.41,1
37.251649618148804,4.28,1
38.60612988471985,4.41,1
40.019081592559814,4.31,1
41.422558307647705,5.07,1
42.83372139930725,5.03,1
44.2531316280365,4.76,1
45.65535640716553,4.41,1
47.07943296432495,5.0,1
48.49643135070801,5.24,1
49.89549660682678,5.07,1
51.31490445137024,5.03,1
52.7317214012146,5.72,1
54.142194747924805,5.55,1
55.55774784088135,5.07,1
56.959747552871704,4.93,1
58.37831234931946,4.69,1
59.79551959037781,4.69,1
61.19707989692688,4.69,1
62.61450219154358,4.66,1
64.02449440956116,5.72,1
65.4429292678833,5.31,1
66.79411625862122,5.07,1
68.19689989089966,4.72,1
69.61389660835266,4.76,1
70.95192050933838,4.76,1
72.36772465705872,4.62,1
73.78300499916077,5.66,1
75.1945288181305,6.1,1
76.59999179840088,5.83,1
78.01316237449646,5.34,1
79.4358139038086,5.34,1
80.83653497695923,5.21,1
82.25757884979248,5.17,1
83.5976812839508,5.17,1
85.013254404068,5.86,1
86.4294228553772,5.55,1
87.83150935173035,5.21,1
89.24894285202026,4.93,1
90.66710186004639,4.79,1
92.07755422592163,4.83,1
93.42408418655396,4.76,1
94.83258986473083,4.72,1
96.25199818611145,5.45,1
97.66425514221191,5.07,1
99.08025932312012,4.72,1
100.48925185203552,4.48,1
101.89322328567505,4.28,1
103.24856877326965,4.28,1
104.65108156204224,5.52,1
111.9600830078125,1.0,0
113.2645251750946,0.97,0
114.5861542224884,0.72,0
115.90882277488708,0.69,0
117.22343420982361,0.62,0
118.5761604309082,0.59,0
119.8997585773468,0.31,0
121.22328329086304,0.34,0
125.8129312992096,153.28,1
127.2348108291626,128.21,1
128.6393744945526,111.31,1
130.05031442642212,97.0,1
131.4670262336731,84.97,1
132.86993765830994,74.72,1
140.17342805862427,-0.17,0
141.50803756713867,-0.1,0
142.81188130378723,-0.31,0
144.13444256782532,-1.07,0
145.45758271217346,-0.83,0
146.8142385482788,-0.97,0
148.1185986995697,0.52,0
149.44281673431396,0.07,0
154.04920649528503,1.66,1
155.46766209602356,3.0,1
156.86809301376343,3.03,1
158.28507733345032,6.45,1
159.70630168914795,8.1,1
161.1088387966156,7.97,1
162.46430778503418,9.55,1
163.87040615081787,11.1,1
165.28766059875488,8.45,1
166.69070100784302,8.97,1
168.04335641860962,10.72,1
169.45329904556274,11.76,1
170.86561918258667,12.0,1
172.27424883842468,12.0,1
173.69289302825928,13.66,1
175.10920906066895,13.41,1
176.4474446773529,13.55,1
177.86816215515137,13.72,1
179.28273010253906,13.93,1
180.61397409439087,15.45,1
182.03670406341553,15.66,1
183.44842267036438,16.17,1
184.79699754714966,15.86,1
186.1415090560913,15.79,1
187.55045795440674,15.76,1
188.95519161224365,15.76,1
190.37022733688354,15.62,1
191.7247292995453,15.59,1
193.13649773597717,15.66,1
