1.1064441204071045,-1.83,0
2.3497564792633057,-1.86,0
3.556753635406494,-1.86,0
4.75981068611145,-1.93,0
9.335487365722656,266.17,1
10.676770448684692,377.38,1
12.089412927627563,425.69,1
13.427862882614136,388.45,1
14.844494581222534,284.21,1
16.24690318107605,212.03,1
17.600831747055054,163.31,1
24.159422159194946,-1.69,0
25.466286420822144,-1.72,0
26.768882989883423,-1.79,0
28.076738357543945,-1.79,0
29.37491750717163,-1.83,0
30.670554637908936,-1.76,0
32.024030923843384,2.62,0
33.314769983291626,-1.34,0
34.62350153923035,-1.59,0
35.92095375061035,-1.72,0
37.20785999298096,-1.79,0
38.51071095466614,-1.76,0
39.816553592681885,-1.86,0
41.107951641082764,-1.86,0
42.45462250709534,-1.79,0
43.761452436447144,-1.86,0
48.3353807926178,-1.41,1
49.757017850875854,5.52,1
51.10020661354065,15.48,1
52.44188666343689,21.21,1
53.77850532531738,26.1,1
55.197458267211914,29.31,1
56.601101875305176,33.59,1
58.01701831817627,36.24,1
59.42820978164673,37.76,1
60.780378341674805,37.14,1
62.19269824028015,38.07,1
63.60571217536926,37.72,1
65.01627254486084,39.17,1
66.42818427085876,38.31,1
67.77309703826904,39.9,1
69.17731857299805,38.45,1
70.51706624031067,39.24,1
71.93596720695496,40.31,1
73.2746434211731,40.52,1
74.62333655357361,41.24,1
75.96010780334473,40.07,1
77.30030155181885,38.59,1
78.71923232078552,39.93,1
80.05791473388672,40.62,1
81.46574282646179,41.86,1
82.82112407684326,41.55,1
84.1642484664917,39.83,1
85.50644731521606,39.93,1
86.91774654388428,39.1,1
88.25441789627075,40.41,1
89.66488003730774,40.97,1
91.07824492454529,41.66,1
