1.1171088218688965,-1.97,0
2.3578953742980957,-2.03,0
3.568812608718872,-1.93,0
4.770969867706299,-1.97,0
9.345526933670044,50.52,1
10.744202852249146,48.93,1
12.163158655166626,47.97,1
13.580659866333008,47.62,1
14.986909866333008,47.31,1
16.40399146080017,46.93,1
17.807406425476074,46.79,1
19.22532558441162,46.72,1
26.536592960357666,-0.52,0
27.84307026863098,-0.69,0
29.180567026138306,-0.76,0
30.498281478881836,-0.83,0
31.812817573547363,-0.9,0
33.15372180938721,-0.93,0
34.451897382736206,-1.0,0
35.760964155197144,-1.03,0
40.353731632232666,52.62,1
42.03813648223877,1.28,1
