1.1059722900390625,-1.62,0
2.3449089527130127,-1.52,0
3.550963878631592,-1.59,0
4.765211582183838,-1.52,0
9.346970081329346,-0.97,1
10.691686153411865,823.1,1
12.103423357009888,573.66,1
13.504056692123413,477.59,1
14.859321594238281,361.31,1
16.259713888168335,241.66,1
17.613392114639282,170.72,1
18.945871591567993,109.24,1
20.300330877304077,81.72,1
21.63579273223877,63.34,1
22.98361897468567,44.9,1
24.32389760017395,38.86,1
25.736777305603027,34.24,1
27.148914575576782,32.93,1
28.565632343292236,35.03,1
29.91033411026001,33.03,1
31.31159782409668,30.55,1
32.65213632583618,30.48,1
34.00364089012146,29.45,1
35.349016189575195,25.31,1
36.75414299964905,30.86,1
38.16447162628174,25.07,1
39.515300035476685,24.03,1
40.85478591918945,25.17,1
42.26881003379822,30.31,1
43.6190185546875,29.03,1
44.96647596359253,28.1,1
46.29835057258606,28.83,1
47.65484857559204,30.28,1
49.05449080467224,30.9,1
50.40918564796448,30.62,1
51.74260854721069,30.48,1
53.161399602890015,36.1,1
54.565906286239624,31.52,1
55.910945653915405,34.72,1
57.2647271156311,32.86,1
58.6734082698822,30.48,1
60.080527544021606,30.83,1
61.49574518203735,33.07,1
62.91197371482849,31.1,1
64.32062482833862,31.93,1
65.73594403266907,28.83,1
