3.1163783073425293,-1.55
3.113727331161499,-1.48
6.3410515785217285,-1.48
9.566317081451416,-1.48
12.772435426712036,-1.55
19.374647617340088,-1.52
22.935874700546265,-1.52
26.486032724380493,-1.48
30.034804821014404,-1.45
33.583914041519165,-1.45
37.12404656410217,-1.48
40.6761257648468,-1.55
44.16464328765869,-1.45
47.71708011627197,-1.52
51.264644384384155,-1.52
54.805633306503296,2.03
58.35785913467407,399.0
61.899882078170776,356.1
65.44781970977783,239.97
69.00217390060425,167.59
72.48646759986877,123.17
76.03625798225403,88.9
79.51707148551941,69.41
83.06508016586304,55.38
86.60756373405457,45.52
90.1517493724823,38.9
93.64088678359985,37.1
97.1916434764862,34.45
100.73431539535522,31.83
104.28082370758057,31.66
107.8216187953949,31.69
111.37227535247803,29.21
