1.120190143585205,20.93,0
2.3518989086151123,21.0,0
3.5562078952789307,20.9,0
4.756240129470825,20.79,0
5.9557976722717285,20.52,0
7.1627421379089355,20.07,0
11.73400068283081,6.97,1
13.156326293945312,15.03,1
14.568910837173462,25.59,1
15.98078465461731,32.69,1
17.31696391105652,36.1,1
18.663487195968628,38.38,1
20.0791974067688,39.0,1
21.481001138687134,48.0,1
22.833383798599243,45.45,1
24.178112030029297,44.1,1
25.51887536048889,43.52,1
26.93560028076172,43.21,1
28.26553225517273,40.76,1
29.682523727416992,39.38,1
31.100796222686768,41.55,1
32.51061034202576,40.34,1
33.926454305648804,40.28,1
35.26390337944031,41.83,1
36.60069251060486,40.55,1
38.01430892944336,41.55,1
39.36776542663574,39.97,1
40.70701456069946,39.34,1
42.05011439323425,41.72,1
43.391178369522095,40.45,1
44.809069871902466,39.83,1
46.14906930923462,39.62,1
47.49370789527893,39.72,1
48.89756393432617,39.55,1
50.31110978126526,39.03,1
51.66310429573059,38.83,1
53.0624783039093,39.38,1
54.48261260986328,38.83,1
55.88587689399719,38.72,1
57.24073839187622,39.14,1
58.65211534500122,38.86,1
60.05589556694031,41.1,1
61.47611331939697,41.59,1
62.87583112716675,41.69,1
64.29484295845032,41.62,1
65.63499522209167,39.93,1
66.97576880455017,39.28,1
68.32821893692017,39.1,1
69.66724681854248,39.03,1
71.07535934448242,38.93,1
72.42000317573547,34.66,1
79.7229495048523,13.45,0
81.03102588653564,13.66,0
82.33455300331116,13.83,0
83.64250540733337,13.97,0
84.93647503852844,1.17,0
86.25867938995361,-1.62,0
87.60389256477356,-4.14,0
88.90907835960388,-8.62,0
90.1990237236023,-8.45,0
91.51838445663452,-8.52,0
92.82324242591858,-8.48,0
94.13237237930298,-7.45,0
95.44067883491516,-7.79,0
96.74969983100891,-7.0,0
98.09324765205383,-7.1,0
99.40221524238586,-6.31,0
103.9983286857605,613.69,1
105.41578078269958,736.79,1
106.8326244354248,504.24,1
108.23386025428772,302.48,1
109.58576893806458,199.72,1
110.99087524414062,140.55,1
112.39634418487549,105.28,1
113.8160707950592,84.79,1
115.23030924797058,71.83,1
116.6316032409668,67.93,1
123.94577264785767,22.45,0
125.27217125892639,22.55,0
126.5769476890564,22.48,0
127.93928813934326,22.52,0
129.25863695144653,22.52,0
130.57972288131714,22.38,0
131.89772248268127,22.34,0
133.2016475200653,22.28,0
137.79888820648193,21.9,1
139.19921278953552,47.76,1
140.6213481426239,62.52,1
142.02880191802979,76.59,1
143.36874437332153,85.52,1
144.78444933891296,91.52,1
146.19415092468262,95.34,1
147.59816122055054,97.41,1
149.01588916778564,98.14,1
150.43072605133057,99.69,1
151.84955954551697,100.45,1
153.24792218208313,99.79,1
154.67115664482117,101.17,1
156.0826232433319,101.17,1
157.49117803573608,100.79,1
158.89748907089233,100.69,1
160.31757736206055,100.62,1
161.71785759925842,100.38,1
163.072500705719,100.52,1
164.475679397583,100.0,1
165.81374669075012,100.07,1
167.22486782073975,99.79,1
168.5807421207428,99.76,1
169.91831851005554,99.69,1
171.2578318119049,99.38,1
172.67202281951904,99.55,1
174.0211215019226,99.17,1
175.426260471344,98.72,1
176.77642178535461,99.07,1
178.17795419692993,99.03,1
179.52026867866516,98.69,1
180.94108486175537,99.1,1
182.34552931785583,99.24,1
183.77001333236694,99.69,1
185.11197662353516,101.62,1
186.51248908042908,99.93,1
187.86147904396057,99.17,1
189.27363753318787,101.86,1
190.67762303352356,100.31,1
192.09944891929626,101.79,1
193.43886613845825,100.07,1
194.85715770721436,99.48,1
196.1981270313263,99.24,1
197.60137605667114,98.93,1
198.94385170936584,98.76,1
200.3635754585266,100.59,1
207.66933417320251,20.31,0
208.98003840446472,20.59,0
210.28466701507568,20.55,0
211.6401708126068,20.59,0
212.93138885498047,1.52,0
214.25213646888733,-1.0,0
215.55466151237488,-1.1,0
216.8699927330017,-1.24,0
221.4524393081665,557.45,1
222.7798295021057,764.21,1
224.19903016090393,532.17,1
225.618177652359,320.0,1
227.02237010002136,190.55,1
228.29606890678406,133.76,1
229.57329273223877,100.79,1
230.85075974464417,81.45,1
232.12708854675293,67.07,1
233.38688683509827,57.03,1
234.74532556533813,49.48,1
236.0195016860962,46.97,1
237.2871799468994,42.93,1
238.56270480155945,42.83,1
239.837219953537,41.55,1
241.1114420890808,40.83,1
242.38674926757812,42.59,1
243.66012477874756,41.0,1
244.99541091918945,40.41,1
246.27260518074036,40.14,1
247.54749703407288,40.03,1
248.82479810714722,40.17,1
250.09825611114502,40.9,1
251.37405586242676,41.28,1
252.65353727340698,39.28,1
253.99050521850586,37.86,1
255.26802349090576,38.86,1
256.5479085445404,40.1,1
257.80984449386597,40.1,1
259.08448791503906,38.1,1
260.3582363128662,39.86,1
261.633150100708,38.31,1
262.98999190330505,41.17,1
264.26256799697876,41.72,1
265.52635049819946,37.86,1
266.80773735046387,40.14,1
268.0765583515167,41.48,1
269.35317158699036,39.59,1
270.6266965866089,39.59,1
271.90646600723267,40.55,1
273.2497262954712,40.38,1
274.51525497436523,41.97,1
275.8033254146576,39.69,1
277.07752227783203,37.72,1
278.35080790519714,40.86,1
279.62674498558044,38.9,1
280.88779854774475,41.76,1
282.2423665523529,39.72,1
