1.110560655593872,-1.79,0
2.350645065307617,-1.86,0
3.5587825775146484,-1.9,0
4.762678623199463,-1.93,0
9.330519199371338,613.07,1
10.74654221534729,703.41,1
12.085780143737793,502.86,1
13.505812406539917,316.31,1
14.90802264213562,194.21,1
22.29500389099121,-1.9,0
23.59818434715271,-1.9,0
24.91747546195984,-1.9,0
26.22390389442444,-1.86,0
27.533018112182617,-1.9,0
28.837490797042847,-1.9,0
30.164156436920166,-1.38,0
31.520702362060547,-1.79,0
32.82292175292969,-1.86,0
34.126561403274536,-2.52,0
35.44129705429077,-2.72,0
36.74131774902344,-1.86,0
38.05438470840454,-2.0,0
39.35045862197876,-1.76,0
40.661184787750244,-1.97,0
42.001153230667114,-1.86,0
46.594279289245605,-1.69,1
47.93408703804016,17.0,1
49.271831035614014,40.41,1
50.69351840019226,52.03,1
52.09381818771362,61.62,1
53.447580099105835,62.07,1
54.8613646030426,61.97,1
56.26544761657715,61.41,1
57.68528699874878,61.17,1
59.09638690948486,61.21,1
60.49797463417053,61.24,1
61.91845941543579,60.86,1
63.31981086730957,61.0,1
64.74362659454346,60.69,1
66.14525008201599,60.17,1
67.48968386650085,60.21,1
68.90517377853394,60.24,1
70.24613046646118,60.21,1
71.58435988426208,60.03,1
72.93909478187561,60.1,1
74.35157418251038,59.45,1
75.689373254776,59.66,1
77.10743570327759,59.66,1
78.4359176158905,59.31,1
79.8597481250763,59.41,1
81.1989312171936,59.34,1
82.60572862625122,59.34,1
83.95715808868408,59.28,1
85.3597183227539,59.31,1
86.7013304233551,59.21,1
88.1186876296997,59.1,1
89.46212911605835,58.93,1
90.80389547348022,61.9,1
92.2241268157959,59.72,1
93.62603092193604,59.17,1
94.97708034515381,59.07,1
96.38474726676941,59.38,1
97.78733849525452,61.83,1
99.2124855518341,62.38,1
100.5499165058136,59.79,1
101.96781969070435,59.0,1
103.36952686309814,61.31,1
104.78672194480896,59.79,1
106.19846224784851,58.83,1
107.61319756507874,61.24,1
109.01950287818909,62.21,1
110.42197704315186,59.79,1
117.74826145172119,-1.52,0
119.06546092033386,-1.72,0
120.35997366905212,-1.66,0
121.6855103969574,-1.72,0
122.9926540851593,-1.72,0
124.33328604698181,-1.83,0
125.64017701148987,-1.79,0
126.96344900131226,-1.83,0
131.55623245239258,601.69,1
132.97046446800232,738.83,1
134.37906646728516,514.62,1
135.78764486312866,339.59,1
137.1273353099823,242.55,1
138.54798531532288,176.93,1
139.9516818523407,137.93,1
141.3697144985199,117.79,1
142.77111172676086,107.07,1
144.19579815864563,103.62,1
145.5952594280243,102.07,1
147.0152850151062,102.38,1
148.42436242103577,100.24,1
149.84249901771545,101.48,1
151.2442409992218,101.76,1
152.66234350204468,98.48,1
154.06662964820862,98.45,1
155.486341714859,98.66,1
156.88475704193115,100.9,1
158.3103051185608,102.31,1
159.71262454986572,102.24,1
161.05857682228088,101.55,1
162.39506554603577,101.14,1
163.73957633972168,101.24,1
165.09403657913208,101.86,1
172.40789079666138,17.41,0
173.70839047431946,16.59,0
175.03136897087097,16.28,0
