1.1035702228546143,-1.55,0
2.3374650478363037,-1.52,0
3.5457262992858887,-1.59,0
4.746639251708984,-1.45,0
9.334667682647705,1100.0,1
10.746656894683838,305.86,1
12.153041362762451,29.21,1
13.557684898376465,24.52,1
14.975472211837769,37.59,1
16.38253378868103,43.34,1
17.732510805130005,38.28,1
19.080058336257935,41.59,1
20.41836953163147,37.28,1
21.83558988571167,34.41,1
23.247417211532593,26.55,1
24.653046369552612,31.9,1
26.063876628875732,38.59,1
27.47982168197632,43.72,1
28.818320512771606,57.0,1
30.23102903366089,39.03,1
31.647369384765625,35.28,1
33.05436158180237,55.34,1
34.40407729148865,46.31,1
35.81178140640259,43.31,1
37.22692322731018,43.03,1
38.62963676452637,42.86,1
39.97605013847351,38.52,1
41.39433026313782,36.55,1
42.79828500747681,41.07,1
44.204121351242065,37.59,1
45.559086322784424,36.24,1
46.96171236038208,40.86,1
48.379274129867554,37.69,1
49.795902729034424,40.52,1
51.207138776779175,37.21,1
52.608971118927,36.76,1
59.92562747001648,-1.55,0
61.255377531051636,-1.66,0
62.56594109535217,-1.55,0
63.920628786087036,-1.66,0
65.22395634651184,-1.72,0
66.5215392112732,-1.76,0
67.82988452911377,-1.72,0
69.12254524230957,-1.72,0
70.41525506973267,-1.69,0
71.72729134559631,-1.72,0
73.03350186347961,-1.86,0
74.32664680480957,-1.72,0
75.666738986969,-1.76,0
76.97289681434631,-1.79,0
78.29251432418823,-1.83,0
79.59816360473633,-1.9,0
84.19556641578674,938.1,1
85.5369565486908,969.48,1
86.94321155548096,510.66,1
88.36171841621399,257.1,1
89.77464890480042,138.52,1
97.07636904716492,-1.83,0
98.3987135887146,-1.9,0
99.70847821235657,-1.79,0
101.00471925735474,-1.83,0
102.32965183258057,-1.86,0
103.6377329826355,-1.9,0
104.99063014984131,-1.9,0
106.2872474193573,-1.9,0
110.89519238471985,903.76,1
112.30423331260681,845.79,1
113.7099506855011,470.62,1
115.12881565093994,266.83,1
116.5300669670105,169.21,1
117.95311188697815,128.17,1
119.35210680961609,108.45,1
120.77076840400696,110.07,1
122.17735838890076,103.34,1
123.59339451789856,101.93,1
125.00823879241943,101.17,1
126.41786646842957,100.97,1
127.82736158370972,100.76,1
129.24328327178955,100.83,1
130.64720273017883,100.38,1
132.06932878494263,100.62,1
133.48121452331543,100.97,1
