1.1018993854522705,-1.59,0
2.341071844100952,-1.59,0
3.550152540206909,-1.45,0
4.749326229095459,-1.45,0
5.9617369174957275,-1.52,0
7.1731836795806885,-1.48,0
11.754844427108765,80.62,1
13.168190717697144,172.31,1
14.583959341049194,232.76,1
15.99207615852356,289.62,1
17.394271850585938,337.48,1
18.81558132171631,361.24,1
20.221923112869263,365.72,1
21.638182878494263,354.41,1
28.948009490966797,-1.0,0
30.2541286945343,-1.14,0
31.577064275741577,-1.28,0
32.93108081817627,-1.38,0
34.235450983047485,-1.38,0
35.546656370162964,-1.41,0
36.86168313026428,-1.38,0
38.17196869850159,-1.41,0
39.48992872238159,-1.41,0
40.797757148742676,-1.41,0
42.1060574054718,-1.45,0
43.43658661842346,-1.41,0
44.74824142456055,-1.45,0
46.05995512008667,-1.45,0
47.36418843269348,-1.45,0
48.67229127883911,-1.45,0
53.24872303009033,691.9,1
54.675029039382935,774.45,1
56.078805446624756,517.76,1
57.49039626121521,274.21,1
64.80688810348511,-7.45,0
66.11447739601135,-7.48,0
67.42084813117981,-7.55,0
