1.1183371543884277,-1.97,0
2.361370801925659,-1.86,0
3.571385383605957,-1.86,0
4.77835750579834,-1.86,0
9.367487668991089,242.38,1
10.780762672424316,138.03,1
12.181077003479004,127.07,1
13.604585886001587,124.9,1
15.001068353652954,124.24,1
16.42620277404785,124.1,1
17.82417106628418,123.52,1
19.2484610080719,123.66,1
20.66032361984253,123.59,1
21.997507572174072,117.24,1
23.41285538673401,111.17,1
24.76098394393921,106.31,1
26.17127752304077,101.79,1
27.574219465255737,96.93,1
28.990909099578857,92.76,1
30.408201932907104,89.93,1
31.817355394363403,85.79,1
33.226672649383545,83.48,1
34.633954763412476,80.03,1
35.97269368171692,77.1,1
37.3964307308197,75.59,1
38.800453186035156,72.14,1
40.21678709983826,69.79,1
41.62273335456848,67.59,1
42.976898193359375,65.59,1
44.31765127182007,64.62,1
45.73285508155823,63.1,1
47.1341986656189,60.69,1
48.550339221954346,59.34,1
49.956098318099976,57.79,1
51.37089800834656,56.52,1
52.77808976173401,56.1,1
54.19591569900513,54.07,1
55.60211682319641,53.97,1
57.01963019371033,51.97,1
58.42687225341797,51.76,1
59.846887826919556,51.24,1
61.253331899642944,50.14,1
62.670663356781006,49.41,1
64.08221125602722,48.72,1
65.42133474349976,47.97,1
66.76057362556458,46.93,1
68.17740321159363,46.28,1
75.48381519317627,-2.24,0
76.81978917121887,-2.1,0
78.13913178443909,-2.17,0
79.44871520996094,-2.07,0
80.7432746887207,-1.97,0
82.07429718971252,-1.86,0
83.37449717521667,-1.93,0
84.68474388122559,-1.97,0
89.27248239517212,31.21,1
90.69552063941956,35.97,1
92.11203622817993,41.59,1
93.519766330719,45.69,1
94.85622262954712,49.48,1
96.2747220993042,53.41,1
97.6923816204071,57.17,1
99.0941436290741,60.48,1
100.50996518135071,64.1,1
101.9281325340271,67.83,1
103.32786846160889,71.17,1
104.67814874649048,73.86,1
106.09517502784729,76.55,1
107.49882245063782,79.52,1
108.91454148292542,81.97,1
110.32586026191711,84.69,1
111.73031949996948,87.38,1
113.15155124664307,89.31,1
114.5508177280426,91.52,1
115.97007179260254,93.66,1
117.37407302856445,95.34,1
118.78300881385803,97.31,1
120.20225024223328,99.24,1
121.62107825279236,99.83,1
123.0289466381073,100.24,1
124.4383053779602,100.03,1
125.85879063606262,99.41,1
127.26547908782959,98.41,1
128.67625308036804,97.31,1
130.07842588424683,95.93,1
131.49778079986572,94.28,1
132.90215611457825,92.52,1
134.25978231430054,90.83,1
135.6596782207489,88.69,1
137.0698299407959,86.62,1
138.4890444278717,84.45,1
139.89247798919678,82.07,1
141.31440567970276,79.76,1
142.71797394752502,77.48,1
144.12604355812073,75.0,1
145.5435070991516,72.69,1
146.95902562141418,70.28,1
148.36101126670837,67.62,1
149.77268815040588,65.34,1
151.19797277450562,63.03,1
152.6111831665039,60.76,1
154.01028728485107,58.38,1
155.42312383651733,56.24,1
156.84545183181763,54.31,1
158.25179362297058,52.1,1
159.66024661064148,50.03,1
161.07387328147888,47.62,1
162.41360425949097,48.48,1
163.8333225250244,47.48,1
165.2424509525299,45.59,1
166.65516018867493,43.24,1
167.9898431301117,41.55,1
169.3996946811676,40.66,1
170.752760887146,44.1,1
172.0919532775879,39.28,1
173.432763338089,39.21,1
174.843585729599,36.24,1
176.25017976760864,34.83,1
177.67098259925842,40.93,1
179.01788854599,31.97,1
180.42651844024658,31.41,1
181.77215552330017,32.52,1
183.1758873462677,31.9,1
184.5192403793335,32.52,1
185.93953561782837,32.1,1
187.34453868865967,31.62,1
188.76332354545593,31.41,1
190.16630148887634,31.28,1
