1.1041557788848877,0.97
2.3459362983703613,1.0
3.5558412075042725,0.93
4.767972469329834,1.03
9.335846185684204,1.72
10.747661828994751,8.55
12.159232139587402,21.79
13.571889162063599,40.17
14.983327865600586,60.72
16.396355390548706,79.55
17.739068746566772,96.28
19.074204444885254,111.62
20.483952283859253,125.93
21.833876371383667,136.79
23.24505591392517,145.45
24.65630030632019,150.79
26.070980072021484,152.41
27.4792799949646,151.24
28.88865089416504,147.24
30.305142879486084,142.41
37.59785985946655,1.21
38.89937424659729,1.0
40.21413540840149,1.1
41.51825189590454,1.0
42.86157584190369,0.97
44.17886424064636,0.97
45.49786877632141,1.03
46.808855295181274,1.03
48.11621165275574,1.03
49.424681663513184,1.0
50.73175644874573,0.97
52.045767068862915,1.0
53.38803005218506,0.9
54.702688694000244,0.86
56.01809477806091,0.9
57.33679461479187,0.93
