1.1196448802947998,-1.9,0
2.361217975616455,-1.86,0
3.566682815551758,-1.86,0
4.76948618888855,-1.79,0
5.967653512954712,-1.79,0
10.558094024658203,-17.93,1
11.975563764572144,-18.1,1
13.38689661026001,-18.24,1
14.798849105834961,-18.31,1
16.205718278884888,-18.31,1
17.54960060119629,-18.59,1
18.898951768875122,-18.76,1
20.244080066680908,-18.93,1
21.647819995880127,2.03,1
23.000788927078247,21.72,1
24.401374578475952,30.17,1
25.82598090171814,33.55,1
27.22791576385498,35.17,1
28.638123035430908,35.97,1
30.06615161895752,36.69,1
31.47301721572876,37.0,1
32.877134561538696,37.24,1
34.21871566772461,37.69,1
35.63532376289368,37.79,1
37.056697368621826,53.07,1
38.45863223075867,133.55,1
39.87144613265991,154.97,1
41.2921941280365,163.76,1
42.70059084892273,167.14,1
44.10512900352478,161.69,1
45.52832555770874,163.48,1
46.93255567550659,161.0,1
48.34999394416809,141.69,1
49.759079456329346,134.24,1
51.17191982269287,123.79,1
52.58117461204529,113.79,1
59.89126944541931,-6.48,0
61.22092080116272,-6.03,0
62.535850286483765,-6.1,0
63.88951230049133,-6.14,0
65.18239283561707,-7.62,0
66.50581073760986,-8.28,0
67.7987756729126,-7.79,0
69.10669374465942,-7.76,0
70.43151879310608,-9.17,0
71.7394483089447,-8.17,0
73.05073547363281,-8.31,0
74.3606903553009,-7.86,0
75.70020461082458,-7.9,0
77.02200269699097,-9.38,0
78.33654236793518,-9.9,0
79.64433479309082,-8.59,0
84.24326944351196,94.14,1
85.65442824363708,145.72,1
87.05889320373535,160.86,1
88.47982239723206,167.34,1
89.88541889190674,171.17,1
91.29212641716003,173.97,1
92.71268677711487,174.1,1
94.11826753616333,166.86,1
95.52583122253418,154.34,1
96.94221353530884,139.52,1
98.35418844223022,128.69,1
99.77156329154968,118.41,1
101.18429589271545,110.31,1
108.48435640335083,5.93,0
109.80824017524719,6.1,0
111.14409804344177,6.1,0
