1.1186010837554932,2.14
2.3534178733825684,2.14
3.556833267211914,2.14
4.760298013687134,2.14
9.342504024505615,160.69
10.759749412536621,204.24
12.177832841873169,214.45
13.5103120803833,216.55
14.92310905456543,204.59
16.338162422180176,180.0
23.65966796875,0.1
24.966745376586914,0.1
26.283832550048828,0.17
27.571072816848755,0.17
28.891788005828857,0.21
30.197509050369263,0.34
31.5141019821167,0.31
32.86527872085571,0.41
37.435110330581665,0.38
38.78486967086792,0.45
40.12931680679321,0.41
41.467416286468506,0.41
42.81527590751648,0.41
44.14857530593872,0.38
45.49065613746643,0.41
46.90635681152344,0.45
48.32511854171753,0.38
49.673672676086426,1.31
51.01405572891235,7.34
52.35413575172424,10.93
53.772342681884766,12.62
55.111408710479736,14.34
56.46125793457031,15.38
57.874385595321655,17.41
59.28419542312622,17.17
60.6909065246582,17.14
62.10230016708374,19.21
63.45295214653015,18.76
64.86478805541992,19.03
66.19789671897888,19.31
67.54894733428955,19.17
68.96872472763062,20.76
70.37318134307861,20.24
71.71377658843994,19.79
73.0620059967041,19.34
74.41153192520142,19.97
75.74809980392456,19.59
77.10123586654663,19.1
78.43343114852905,20.1
79.84750604629517,19.66
81.19848394393921,19.14
82.61193919181824,20.45
83.95179224014282,20.21
85.29211711883545,19.72
86.64292287826538,19.21
87.9827470779419,20.41
89.39436197280884,20.07
90.79998207092285,19.59
92.14432716369629,20.97
93.50065922737122,20.41
94.84269165992737,20.0
96.18628525733948,19.52
97.59014582633972,18.97
99.00036764144897,20.31
100.42651009559631,19.93
101.83595132827759,19.48
103.25035905838013,19.86
104.65328979492188,19.72
106.07817578315735,19.14
107.48375082015991,19.93
108.90427279472351,19.48
110.30561661720276,20.34
111.7240822315216,19.86
113.06598019599915,19.45
114.48528099060059,19.93
115.89864492416382,19.34
123.19321060180664,0.76
124.51228833198547,0.72
125.83082747459412,0.72
127.17959427833557,0.66
128.50050854682922,0.55
129.8056743144989,0.55
131.10766458511353,0.59
132.41965007781982,0.52
136.99130201339722,0.41
138.3411078453064,0.52
139.74703407287598,0.52
141.162513256073,0.41
142.576917886734,0.52
143.98792243003845,0.52
145.402503490448,0.52
146.80495953559875,0.48
148.22504830360413,0.45
149.6306221485138,0.62
151.05448532104492,0.45
152.46084809303284,0.55
153.87612676620483,0.52
155.29106497764587,1.76
156.69162559509277,6.52
158.11228489875793,8.31
159.52682828903198,8.72
160.8603913784027,8.9
162.2858726978302,9.1
163.62347984313965,11.0
165.03335428237915,10.9
166.38725781440735,10.66
167.72452521324158,10.38
169.064382314682,10.17
170.41882920265198,9.97
171.7532353401184,9.76
173.17061567306519,9.45
174.52038478851318,9.38
175.86150097846985,11.03
177.19747138023376,11.38
178.54658675193787,11.24
179.88889241218567,10.97
181.22710156440735,10.76
182.58077716827393,10.48
183.92062830924988,10.34
185.3276059627533,9.93
186.68495631217957,9.72
188.02693223953247,9.48
189.44304251670837,9.21
190.78670144081116,9.52
192.1275293827057,9.28
193.46537375450134,9.17
194.87764954566956,9.28
196.23172235488892,9.31
197.63469982147217,10.59
198.9846351146698,10.52
200.39648747444153,10.21
201.80948448181152,9.97
203.1589937210083,9.83
204.4982500076294,9.52
205.91220998764038,9.28
207.26038789749146,9.21
208.66262578964233,10.79
210.0049695968628,10.59
211.42073607444763,10.41
212.76861810684204,10.24
214.17866373062134,10.03
215.59460616111755,9.76
216.93932366371155,9.55
218.27533411979675,9.31
219.70228147506714,9.28
221.10338163375854,10.83
222.520427942276,10.72
223.8607428073883,10.52
225.27723693847656,10.28
226.69202589988708,9.97
228.02498292922974,9.72
229.3725335597992,9.55
230.7236442565918,9.45
232.14073944091797,9.24
233.54382491111755,10.0
234.95668268203735,9.86
236.37199759483337,9.66
237.71152901649475,9.31
239.0677387714386,10.28
240.41263842582703,10.07
241.82660460472107,9.9
243.22792387008667,10.14
244.6497950553894,9.9
246.05161118507385,9.76
247.4655511379242,9.97
248.81012415885925,10.62
250.16169834136963,10.41
251.51482796669006,10.17
252.92343091964722,9.93
254.26904225349426,9.66
255.67542171478271,9.48
257.01967430114746,11.14
258.43354654312134,10.9
259.7698805332184,10.72
261.12438201904297,10.34
262.4602336883545,10.14
263.87771010398865,9.93
265.21570587158203,9.62
266.56545996665955,9.38
267.98408818244934,9.24
269.3910822868347,9.31
270.7282671928406,9.17
272.14181876182556,9.31
273.49213910102844,9.38
274.9081702232361,9.38
276.3228099346161,11.07
277.6601858139038,10.9
284.97998118400574,0.69
286.3382649421692,0.69
287.6469831466675,0.59
288.96531987190247,0.69
290.2691934108734,0.55
291.58272099494934,0.59
292.89863085746765,0.52
294.2041835784912,0.55
298.8415834903717,0.55
300.2394151687622,0.59
301.66384625434875,0.34
303.06882786750793,0.45
304.49237632751465,0.48
305.8935353755951,0.38
307.30572390556335,0.48
308.72975516319275,6.45
310.1286416053772,11.9
311.54223370552063,15.93
312.9607045650482,18.9
314.3736627101898,20.59
315.7803792953491,22.31
317.20030450820923,24.1
318.6189410686493,24.55
320.01961374282837,26.38
321.4356954097748,26.72
322.7892096042633,28.03
324.12861132621765,28.41
325.4641435146332,27.79
326.81855297088623,27.59
328.15856742858887,28.76
329.50342655181885,29.9
330.8517050743103,29.1
332.1894109249115,28.83
333.6108429431915,28.66
334.9541916847229,28.86
336.3553411960602,28.55
337.70326709747314,28.55
339.11433148384094,29.59
340.45972895622253,29.31
341.79650592803955,30.66
343.15005326271057,29.93
344.56193017959595,29.1
345.9627766609192,29.48
347.375422000885,30.34
348.7145149707794,30.0
350.06366753578186,29.9
351.40480947494507,31.38
352.7535309791565,30.69
354.08729124069214,30.07
355.42783665657043,30.24
362.74289894104004,0.69
364.07811999320984,0.55
365.3947398662567,0.55
366.69573283195496,0.59
367.98747420310974,0.55
369.29200172424316,0.55
370.6098322868347,0.48
371.9095211029053,0.45
376.49006056785583,0.28
377.89026975631714,0.38
379.2369964122772,0.31
380.5796208381653,0.31
381.92388701438904,0.34
383.3411068916321,0.48
384.68438029289246,7.69
386.10510087013245,15.28
387.44044756889343,20.55
388.85557746887207,25.86
390.19977927207947,29.41
391.60526990890503,33.1
392.94769525527954,36.62
394.36037731170654,37.83
395.70982098579407,38.62
397.05899572372437,39.79
398.4673230648041,41.59
399.88214015960693,43.1
401.2971339225769,44.38
402.6403901576996,44.17
403.9696798324585,45.1
405.315434217453,45.45
406.6656036376953,46.45
408.0759961605072,46.76
409.47912883758545,46.9
410.89578437805176,47.93
412.2495481967926,47.76
413.5874216556549,47.93
414.99553751945496,48.79
416.41092705726624,49.07
417.7522118091583,49.07
419.16876769065857,48.86
420.50586318969727,49.03
421.91113448143005,48.9
423.32084226608276,48.9
424.6764030456543,48.93
426.01792550086975,48.86
427.4326608181,50.17
428.76217818260193,50.93
430.1788446903229,50.79
431.52755880355835,49.79
432.9421374797821,50.24
434.27377223968506,48.93
435.68161392211914,48.83
437.02841806411743,49.17
438.36673879623413,49.31
439.7930521965027,49.59
441.1964912414551,49.21
448.49523186683655,0.24
449.7997660636902,0.31
451.1173961162567,0.24
452.42548537254333,0.17
453.735888004303,0.14
455.0844931602478,0.14
456.3942334651947,0.21
457.6960904598236,0.14
462.25954484939575,0.07
463.678510427475,0.1
465.0194442272186,0.17
466.4308063983917,0.0
467.7847855091095,0.07
469.1975486278534,8.86
470.6083471775055,17.31
471.9455096721649,24.45
473.3650918006897,32.34
474.77938175201416,38.86
476.1913411617279,45.07
477.59878158569336,48.76
479.00273847579956,52.34
480.420951128006,55.41
481.83477091789246,57.07
483.2432134151459,59.17
484.6511788368225,60.59
486.07585549354553,61.55
487.4096157550812,62.86
488.82210779190063,64.55
490.2318558692932,64.9
491.6493957042694,66.41
493.0553603172302,66.66
494.4798126220703,67.07
495.8922507762909,67.0
497.29820919036865,67.07
498.71276903152466,68.55
500.1115572452545,69.1
501.4700810909271,69.34
502.8685703277588,69.45
504.28409695625305,69.17
505.70582604408264,69.31
507.11284589767456,69.14
508.52722549438477,69.24
509.9341802597046,69.07
511.3425974845886,69.17
518.6330389976501,0.03
519.9466066360474,0.07
521.2504587173462,-0.03
522.5724911689758,0.0
523.8788039684296,0.03
525.1984674930573,0.07
526.542876958847,0.03
527.8615303039551,-0.07
532.4532995223999,155.52
533.858565568924,202.62
535.2720108032227,215.07
536.6725723743439,218.31
538.0918192863464,207.41
539.5011839866638,188.03
540.9197969436646,170.48
542.3261594772339,157.55
543.7323145866394,147.86
545.1456179618835,139.48
546.5577647686005,131.83
553.8723390102386,-0.31
555.1770823001862,-0.31
556.4801392555237,-0.45
557.8330278396606,-0.31
559.137421131134,-0.31
560.444890499115,-0.34
561.7507038116455,-0.38
563.0567634105682,-0.31
564.2683863639832,-0.28
565.4762580394745,-0.34
566.6885612010956,-0.31
567.9319000244141,-0.38
569.1456527709961,-0.34
570.3544764518738,-0.41
571.5493268966675,-0.24
572.752254486084,-0.28
573.965500831604,-0.41
575.1896841526031,-0.34
576.4338290691376,-0.31
577.6455702781677,-0.24
578.8541791439056,-0.34
580.0680112838745,-0.38
581.2792372703552,-0.34
582.5041830539703,-0.31
583.7011561393738,-0.28
584.910108089447,-0.28
586.1616060733795,-0.34
587.3699014186859,-0.34
588.5802052021027,-0.31
589.7983212471008,-0.34
591.0078418254852,-0.45
592.2191576957703,-0.31
593.4311411380768,-0.34
594.675094127655,-0.28
595.8854885101318,-0.34
597.1025288105011,-0.31
598.3209009170532,-0.31
599.530478477478,-0.31
600.7517457008362,-0.38
601.9661757946014,-0.38
603.1813106536865,-0.38
604.430652141571,-0.34
605.6414122581482,-0.34
606.8587198257446,-0.28
608.0718109607697,-0.28
609.2800445556641,-0.34
610.486221075058,-0.28
611.7090337276459,-0.31
612.9165506362915,-0.31
614.1608440876007,-0.38
615.3836603164673,-0.31
616.5916447639465,-0.38
617.8053300380707,-0.28
619.0100605487823,-0.31
620.2386548519135,-0.34
621.4636650085449,-0.31
