1.1132926940917969,-1.45,0
2.3498055934906006,-1.48,0
3.557868480682373,-1.55,0
4.7587854862213135,-1.55,0
5.959443807601929,-1.45,0
7.1708879470825195,-1.45,0
8.367557764053345,-1.48,0
9.566777229309082,-1.55,0
10.781400918960571,-1.45,0
12.014288187026978,-1.59,0
13.237531185150146,-1.66,0
14.441205739974976,-1.59,0
15.652025938034058,-1.59,0
16.867439031600952,-1.55,0
18.061869859695435,-1.59,0
19.275936365127563,-1.48,0
20.473392486572266,-1.62,0
21.718554735183716,-1.59,0
22.91852855682373,-1.62,0
24.144274473190308,-1.55,0
