1.1042487621307373,7.48,0
2.3446810245513916,7.55,0
3.5517401695251465,7.48,0
4.746813535690308,7.45,0
9.328328132629395,1.69,1
10.73005223274231,6.79,1
12.084165334701538,21.21,1
13.491956949234009,35.55,1
14.902485370635986,47.69,1
16.318249225616455,57.69,1
17.73579216003418,65.07,1
19.074028491973877,70.17,1
20.484161853790283,76.21,1
21.887883186340332,81.86,1
23.304596424102783,86.66,1
24.641643285751343,90.45,1
26.05421018600464,93.69,1
27.4728364944458,97.07,1
28.89013171195984,100.41,1
30.230135202407837,102.48,1
31.63493299484253,104.03,1
33.055553913116455,105.59,1
34.469918727874756,107.86,1
35.80933594703674,109.38,1
37.144341230392456,109.83,1
38.56306862831116,110.79,1
39.905991315841675,111.59,1
41.32090997695923,113.07,1
42.72246742248535,113.38,1
44.06809210777283,114.14,1
45.48833179473877,114.59,1
46.82706832885742,115.55,1
48.242488861083984,115.66,1
49.58184623718262,116.21,1
50.99822473526001,116.24,1
52.39919567108154,117.28,1
53.81866145133972,117.66,1
55.22628140449524,117.55,1
56.63627552986145,118.1,1
58.043453216552734,118.48,1
59.46076583862305,118.69,1
60.87950086593628,118.55,1
62.28063201904297,119.28,1
63.693318367004395,120.07,1
65.04701638221741,120.0,1
66.3922758102417,119.86,1
67.71888756752014,119.66,1
69.07604956626892,119.41,1
70.47895312309265,119.55,1
71.8330430984497,119.45,1
73.23054575920105,119.1,1
74.57892036437988,119.48,1
75.99704360961914,118.83,1
77.3405909538269,119.14,1
78.68324136734009,119.07,1
80.09499645233154,118.86,1
81.50714159011841,118.62,1
88.82467293739319,0.38,0
90.13682150840759,0.31,0
91.44447422027588,0.34,0
92.75342273712158,0.48,0
94.06346273422241,0.34,0
95.3606812953949,0.34,0
96.71839570999146,0.41,0
98.02461433410645,0.31,0
102.58713126182556,0.34,1
104.01152205467224,7.69,1
105.35262823104858,19.24,1
106.69172430038452,30.14,1
108.11138033866882,42.03,1
109.45599460601807,50.86,1
110.8698480129242,59.59,1
112.19944262504578,65.24,1
113.6214656829834,72.03,1
115.03825974464417,78.52,1
116.44221663475037,83.55,1
117.8595404624939,88.48,1
119.26086664199829,92.59,1
120.68163418769836,96.14,1
122.08315920829773,99.48,1
123.50141310691833,101.1,1
124.90345883369446,102.83,1
126.31860780715942,104.93,1
127.73438930511475,107.07,1
129.1483724117279,109.07,1
130.56298875808716,110.55,1
131.97253394126892,112.07,1
133.37731623649597,113.0,1
134.79443407058716,114.24,1
136.19489526748657,116.17,1
137.61635541915894,116.45,1
139.03056859970093,116.76,1
140.44014286994934,117.14,1
141.85674238204956,117.31,1
143.26148676872253,118.1,1
144.68008065223694,118.48,1
146.083722114563,118.45,1
147.50396633148193,119.59,1
148.908695936203,119.31,1
150.32586765289307,118.45,1
151.73090147972107,119.24,1
153.1480975151062,119.14,1
154.55691146850586,119.76,1
155.9680314064026,119.34,1
157.3820972442627,119.34,1
158.78593492507935,119.31,1
160.200781583786,118.93,1
161.54695916175842,118.93,1
162.95217776298523,118.79,1
164.30387258529663,119.1,1
165.71243572235107,119.03,1
167.0511929988861,119.21,1
168.38915014266968,119.0,1
169.73169684410095,118.72,1
171.07772707939148,118.76,1
172.43042039871216,118.55,1
173.76147294044495,118.9,1
175.18088626861572,119.76,1
182.48469138145447,-1.0,0
183.7988452911377,-0.97,0
185.09497547149658,-1.03,0
186.4015531539917,-0.93,0
187.71136021614075,-1.03,0
189.0182168483734,-1.0,0
190.33288526535034,-1.03,0
191.66566944122314,-1.0,0
192.88567519187927,-0.97,0
