1.1057820320129395,-1.97,0
2.346893310546875,-1.93,0
3.5536069869995117,-2.0,0
4.765885829925537,-1.93,0
9.362193584442139,26.0,1
10.775259971618652,27.45,1
12.188435554504395,25.1,1
13.600852012634277,23.0,1
15.01299786567688,18.62,1
16.424907207489014,18.72,1
17.83696985244751,17.66,1
19.248843908309937,15.83,1
20.662795782089233,14.28,1
22.075640201568604,13.1,1
23.488346099853516,11.93,1
24.902211666107178,11.07,1
26.315317153930664,9.97,1
27.726685762405396,9.21,1
29.139453172683716,8.17,1
30.55148482322693,7.55,1
31.963578462600708,6.79,1
33.30877709388733,6.21,1
34.72105121612549,5.69,1
36.06474566459656,5.21,1
37.47776746749878,4.72,1
38.891013383865356,4.66,1
40.30523657798767,4.21,1
41.64803647994995,3.14,1
43.06105875968933,2.72,1
44.474329710006714,2.41,1
45.887115240097046,1.97,1
47.30156707763672,1.83,1
48.7139527797699,1.76,1
50.126768350601196,1.72,1
51.53817820549011,1.66,1
52.95126700401306,1.52,1
54.36249017715454,1.45,1
55.77630281448364,-3.62,1
57.188650608062744,999.86,1
58.600547313690186,922.24,1
60.014108419418335,868.93,1
61.42582440376282,821.0,1
62.83811283111572,773.38,1
64.24950170516968,732.79,1
65.65995478630066,697.24,1
67.07071805000305,661.83,1
68.41443133354187,631.86,1
69.82669568061829,600.86,1
71.239262342453,573.34,1
72.58165144920349,543.31,1
73.99182033538818,516.97,1
75.40458393096924,491.83,1
76.74843192100525,470.03,1
78.15980434417725,444.69,1
79.57050800323486,421.62,1
80.98169088363647,402.07,1
82.39274954795837,380.59,1
83.8039071559906,363.72,1
85.21587085723877,344.69,1
86.62769937515259,327.31,1
88.04100823402405,311.97,1
89.4531581401825,296.48,1
