1.1170470714569092,6.0
2.327280044555664,5.83
3.5621542930603027,5.93
4.768190145492554,5.93
9.350354433059692,136.83
10.762933492660522,192.76
12.172436714172363,210.34
13.584713220596313,215.24
14.99740481376648,203.45
16.40867805480957,175.38
23.709349393844604,-4.0
24.998251914978027,-4.03
26.313282251358032,-4.14
27.615901947021484,-4.1
28.918036699295044,-4.07
30.23657512664795,-4.1
31.537372589111328,-4.1
32.88666105270386,-4.07
37.46610951423645,133.69
38.81526517868042,190.55
40.22667098045349,208.07
41.57366418838501,213.52
42.908076763153076,215.03
44.31722116470337,196.28
51.615517139434814,-4.31
52.95918083190918,-4.41
54.26051688194275,-4.38
55.563615560531616,-4.48
56.87706804275513,-4.48
58.18970584869385,-4.48
59.50527310371399,-4.48
60.80419707298279,-4.41
65.41066479682922,132.62
66.82302856445312,190.31
68.15652227401733,207.0
69.50598692893982,212.79
70.84236288070679,213.83
72.19442296028137,198.83
79.49158048629761,-4.79
80.79805111885071,-4.83
82.11698985099792,-4.79
83.46546840667725,-4.79
84.76570725440979,-4.72
86.08340573310852,-4.76
87.39795398712158,-4.76
88.70243382453918,-4.83
93.30211186408997,131.31
94.71585583686829,189.1
96.12730050086975,206.03
97.53635311126709,212.62
98.95020198822021,205.66
100.36175632476807,183.45
107.66850304603577,-5.1
108.98611688613892,-5.07
110.28922200202942,-5.1
111.60861158370972,-5.1
112.9568235874176,-5.07
114.2615053653717,-5.07
115.56612372398376,-5.17
116.88476085662842,-5.07
121.48330235481262,129.38
122.83243036270142,186.93
124.24579191207886,204.93
125.65934610366821,211.07
127.06516122817993,212.66
128.47674012184143,197.14
129.88932704925537,175.9
131.3066635131836,155.24
132.71840810775757,135.66
134.13100504875183,120.62
135.54182815551758,108.38
142.91487336158752,-5.76
144.21795177459717,-5.79
145.5368685722351,-5.86
146.8361852169037,-5.86
148.1664490699768,-5.86
