1.1137440204620361,-1.83,0
2.365861177444458,-1.86,0
3.574998378753662,-1.86,0
4.776973724365234,-1.86,0
9.346746683120728,250.55,1
10.74931025505066,136.86,1
12.17196011543274,127.48,1
13.580745697021484,125.03,1
14.989193677902222,124.41,1
16.40572953224182,121.79,1
17.814276218414307,124.62,1
19.154341220855713,125.0,1
20.568578004837036,124.48,1
21.909997701644897,119.24,1
23.323826789855957,113.59,1
24.66947627067566,107.76,1
26.074079513549805,104.21,1
27.496690034866333,100.03,1
28.895347356796265,95.72,1
30.322261095046997,91.48,1
31.732715606689453,88.48,1
33.14436078071594,84.14,1
34.486796379089355,81.38,1
35.89138722419739,78.66,1
37.24165058135986,76.52,1
38.64981555938721,73.24,1
40.05178880691528,71.55,1
41.46506881713867,69.21,1
42.81688141822815,68.21,1
44.217631101608276,65.59,1
45.63518714904785,64.14,1
46.97440695762634,62.97,1
48.39120173454285,61.28,1
49.79906868934631,59.86,1
