1.1075222492218018,6.72,0
2.339343786239624,6.14,0
3.5361897945404053,5.9,0
4.741329908370972,5.72,0
5.940651893615723,5.83,0
10.51693081855774,5.55,1
11.930421113967896,13.17,1
13.344041109085083,27.59,1
14.743769407272339,35.28,1
16.166545629501343,37.93,1
17.509519815444946,38.62,1
18.852693796157837,40.72,1
20.194390773773193,40.76,1
21.597575902938843,39.07,1
22.947229623794556,40.55,1
24.359891891479492,40.72,1
25.700294733047485,40.62,1
27.10519504547119,40.55,1
28.52657723426819,39.52,1
29.929290056228638,39.72,1
31.35588788986206,38.66,1
32.76451015472412,37.48,1
34.170949935913086,39.1,1
35.51331448554993,39.72,1
36.930277824401855,39.66,1
38.34342575073242,39.48,1
39.753214836120605,39.62,1
41.156606912612915,40.0,1
42.57166790962219,39.0,1
43.91628289222717,39.86,1
45.324389696121216,39.83,1
46.74396824836731,40.59,1
48.16186165809631,38.79,1
49.5677604675293,40.1,1
50.97999382019043,40.66,1
52.397228717803955,38.62,1
53.800272703170776,39.52,1
55.2214138507843,40.52,1
56.630467653274536,40.69,1
58.03085660934448,40.62,1
59.45027160644531,40.31,1
60.85431480407715,40.14,1
62.2744460105896,39.97,1
63.67876839637756,39.21,1
65.01716041564941,39.21,1
66.37288808822632,39.03,1
67.71396732330322,38.55,1
69.05526471138,38.1,1
70.46185541152954,40.66,1
71.88279342651367,41.03,1
73.22382807731628,44.34,1
80.53429841995239,4.28,0
81.84207820892334,4.38,0
83.15255522727966,4.31,0
84.45776319503784,4.41,0
85.76961350440979,4.38,0
87.10448002815247,4.48,0
88.40626382827759,4.41,0
89.70940566062927,4.41,0
91.02676606178284,4.45,0
92.3330659866333,4.45,0
93.64116358757019,4.41,0
94.95117259025574,4.59,0
96.25895977020264,4.41,0
97.58323860168457,4.38,0
98.91170644760132,4.34,0
100.22044014930725,4.31,0
104.78947329521179,4.0,1
106.14378213882446,15.76,1
107.55843877792358,33.72,1
108.97140836715698,45.31,1
110.3817789554596,52.38,1
111.78490829467773,57.31,1
113.20446252822876,59.97,1
114.55188202857971,58.31,1
115.95597696304321,58.1,1
117.37560153007507,58.72,1
118.78300452232361,59.03,1
120.19102597236633,60.62,1
121.60762310028076,62.45,1
123.01062655448914,60.69,1
124.42362833023071,57.86,1
125.84161305427551,52.45,1
127.24496078491211,58.38,1
128.5968017578125,58.41,1
130.0006377696991,44.9,1
131.41996693611145,40.14,1
132.8209047317505,36.52,1
134.16484260559082,47.59,1
135.5090527534485,52.24,1
136.8616898059845,53.69,1
138.26245379447937,43.48,1
139.68248867988586,47.45,1
141.08448028564453,58.59,1
142.5025553703308,57.72,1
143.9224078655243,57.21,1
145.3252923488617,58.69,1
146.72921705245972,61.79,1
148.14809608459473,61.86,1
149.4911072254181,-156.1,1
150.82961535453796,1.17,1
152.24797201156616,7.41,1
153.59746170043945,7.1,1
154.99732375144958,6.31,1
156.4194781780243,5.76,1
157.83464097976685,5.62,1
159.24148035049438,5.59,1
160.57998752593994,5.62,1
161.9355387687683,5.76,1
163.33791255950928,5.86,1
164.7561228275299,5.76,1
166.0931487083435,6.28,1
167.43653798103333,6.28,1
168.84777450561523,6.17,1
