1.102837324142456,-2.07,0
2.3338677883148193,-1.93,0
3.542168617248535,-1.97,0
4.743450880050659,-2.1,0
5.95603084564209,-2.07,0
10.551653146743774,2.34,1
11.964977025985718,2.48,1
13.376376867294312,8.17,1
14.721338510513306,19.45,1
16.13439965248108,8.86,1
17.478509426116943,16.66,1
18.82235360145569,19.21,1
20.166860342025757,13.62,1
21.578438997268677,14.28,1
22.991271018981934,10.83,1
24.334828853607178,16.48,1
25.748892068862915,9.76,1
27.1613187789917,9.03,1
28.573004484176636,7.83,1
29.98522639274597,5.34,1
31.39750337600708,6.9,1
32.81100821495056,5.24,1
34.22272062301636,4.38,1
35.636314153671265,5.34,1
37.050631523132324,5.0,1
38.39358448982239,2.86,1
39.80687952041626,3.55,1
41.219826221466064,1.07,1
