1.1039118766784668,6.97,0
2.3510830402374268,6.93,0
3.550938129425049,6.9,0
4.7498157024383545,6.9,0
9.335106372833252,10.45,1
10.679298400878906,45.9,1
12.090865850448608,81.41,1
13.495018720626831,98.31,1
14.912222862243652,110.28,1
16.311532974243164,114.0,1
17.669375896453857,118.31,1
19.001185178756714,119.69,1
20.340681791305542,120.21,1
21.697706937789917,120.52,1
23.101341247558594,120.34,1
24.440921783447266,120.34,1
25.858368158340454,120.21,1
27.26266050338745,119.9,1
28.680577516555786,120.17,1
30.02305817604065,120.17,1
31.42775535583496,120.03,1
32.84542965888977,119.93,1
34.193917989730835,120.45,1
35.539926290512085,120.24,1
36.876519203186035,120.52,1
38.29464936256409,120.17,1
39.623183488845825,120.38,1
40.96666955947876,120.59,1
42.382901668548584,120.34,1
43.7247633934021,120.83,1
45.14632844924927,120.34,1
46.48868942260742,120.66,1
47.82967662811279,120.97,1
49.23474144935608,121.31,1
50.65505504608154,120.97,1
52.05794882774353,121.38,1
53.465683460235596,120.97,1
54.817259550094604,120.76,1
56.23524022102356,117.52,1
57.63952422142029,120.41,1
59.04710865020752,120.59,1
60.46382808685303,120.93,1
61.86601901054382,121.03,1
63.28616237640381,120.86,1
64.69346904754639,120.59,1
66.03773331642151,121.03,1
67.38144445419312,120.86,1
68.72262716293335,121.03,1
70.07476472854614,120.83,1
71.47851991653442,120.9,1
72.89011907577515,120.86,1
80.19911098480225,1.28,0
81.50727653503418,1.31,0
82.8157069683075,1.28,0
84.12610340118408,1.21,0
85.44698929786682,1.34,0
86.78991436958313,1.21,0
88.09972953796387,1.28,0
89.4121298789978,1.17,0
93.99527287483215,8.48,1
95.34999942779541,44.62,1
96.75156760215759,81.9,1
98.16751098632812,99.14,1
99.58060812950134,110.9,1
100.9990017414093,114.62,1
102.40807008743286,119.07,1
103.816654920578,120.62,1
105.22647523880005,120.93,1
106.64284467697144,121.07,1
107.98321294784546,121.62,1
109.39324188232422,120.59,1
110.80218648910522,121.1,1
112.14141607284546,118.1,1
113.56163048744202,117.34,1
114.97928166389465,119.59,1
116.39033126831055,120.45,1
117.80435490608215,120.59,1
119.21021795272827,120.31,1
120.62763047218323,120.21,1
122.03830170631409,120.17,1
123.44380187988281,120.28,1
124.84916591644287,119.52,1
126.26795768737793,119.24,1
127.67987108230591,119.28,1
129.09251308441162,119.14,1
130.4951388835907,119.31,1
131.9135799407959,122.17,1
133.32950043678284,120.62,1
134.73908019065857,119.59,1
136.07889080047607,119.1,1
137.4983184337616,119.0,1
138.8383903503418,119.07,1
140.24636220932007,121.97,1
141.66383719444275,122.93,1
143.06482315063477,120.52,1
144.47340989112854,122.41,1
145.8260440826416,122.86,1
147.23570799827576,120.45,1
148.65200781822205,119.14,1
150.05974507331848,119.34,1
151.47937083244324,119.62,1
152.88257098197937,119.45,1
