1.0951101779937744,-2.69,0
2.3391401767730713,-2.66,0
3.543196678161621,-2.72,0
4.746268272399902,-2.66,0
5.950633764266968,-2.66,0
10.53257703781128,0.34,1
11.946264028549194,-1.83,1
13.357738971710205,-2.41,1
14.766283750534058,-2.55,1
16.170756340026855,-2.62,1
17.521990537643433,-2.62,1
18.85549521446228,-2.55,1
20.202807426452637,-2.41,1
21.626424312591553,-2.52,1
22.96121621131897,-2.59,1
24.378292560577393,-2.62,1
25.72481894493103,-2.69,1
27.133750438690186,-2.72,1
28.549466133117676,-2.66,1
29.95775055885315,-2.69,1
31.371190786361694,-2.62,1
32.78528618812561,-2.66,1
34.19306921958923,-2.66,1
35.534716844558716,-2.69,1
36.88999962806702,-2.66,1
38.30352759361267,-2.62,1
39.638566732406616,-2.62,1
41.04965257644653,-3.0,1
42.465089559555054,-4.28,1
43.88437867164612,-2.31,1
45.22864294052124,-2.41,1
46.63387131690979,-2.31,1
48.04553937911987,-2.45,1
49.46590757369995,-2.48,1
50.877768754959106,-2.41,1
52.29083585739136,-2.45,1
53.623990535736084,-2.41,1
54.97512102127075,-2.55,1
56.38811159133911,-2.38,1
57.80714726448059,-2.38,1
59.211711168289185,-2.45,1
60.62280297279358,-2.45,1
62.043089151382446,-0.38,1
63.44842076301575,-28.52,1
64.85840010643005,-3.41,1
66.2111964225769,1.9,1
67.61329674720764,0.07,1
69.03977346420288,-5.21,1
70.45208311080933,-2.48,1
71.7902159690857,-2.38,1
73.13156247138977,-1.1,1
74.48374366760254,0.14,1
75.82855892181396,-1.79,1
77.24038195610046,-3.69,1
78.58625864982605,-2.38,1
79.98629474639893,-2.59,1
81.40768766403198,-2.38,1
82.81999325752258,-2.45,1
84.23582029342651,-2.38,1
85.64864015579224,-2.41,1
86.98377346992493,-2.55,1
88.40626096725464,-2.69,1
89.75167798995972,-2.38,1
91.15278720855713,-1.1,1
92.5753264427185,-3.03,1
93.98846459388733,-2.66,1
95.40316987037659,-2.79,1
96.8105480670929,-2.45,1
98.22834324836731,-2.21,1
99.63101696968079,-2.21,1
101.05210709571838,-2.03,1
102.46290588378906,-1.76,1
103.8772144317627,-1.97,1
105.29097199440002,-2.31,1
106.69492959976196,-2.31,1
108.11514496803284,-2.31,1
109.51844549179077,-2.38,1
110.93516373634338,-2.45,1
112.35376191139221,-2.38,1
113.75470471382141,-2.17,1
115.16998338699341,-4.66,1
116.58273410797119,2.45,1
118.0009834766388,1.24,1
119.4048261642456,-2.69,1
120.82189393043518,-2.52,1
122.23701524734497,-4.14,1
123.65764856338501,-3.55,1
125.07088732719421,-10.14,1
126.46859359741211,-0.72,1
127.88019466400146,-0.79,1
129.23656034469604,-0.79,1
130.64598679542542,-0.79,1
132.05450463294983,-0.69,1
133.46299386024475,-0.79,1
134.88997387886047,-0.76,1
136.2869336605072,-0.69,1
137.71445226669312,-0.83,1
139.12376737594604,-0.83,1
140.5283374786377,-5.34,1
141.95370888710022,-3.34,1
143.35906434059143,-4.83,1
144.76545238494873,-4.24,1
146.18387579917908,-3.59,1
147.59864711761475,-3.55,1
149.01409435272217,-3.07,1
150.4163281917572,-3.79,1
151.83488011360168,-3.55,1
153.25458073616028,-3.07,1
154.6680464744568,-3.28,1
156.06994104385376,-4.72,1
157.48370170593262,-2.48,1
158.9047293663025,-2.28,1
160.30753564834595,-2.66,1
161.73077726364136,-3.79,1
163.07348728179932,-3.48,1
164.48663640022278,438.17,1
165.83198714256287,-1.21,1
167.23578643798828,-1.48,1
168.58565378189087,-1.66,1
169.93335366249084,-1.76,1
171.27634191513062,-1.79,1
172.61705040931702,-1.9,1
174.03550505638123,-1.9,1
175.37069940567017,-1.86,1
176.7225706577301,-1.83,1
178.12764263153076,-1.9,1
179.54891800880432,-1.93,1
180.8865122795105,-1.9,1
182.23413181304932,-1.9,1
183.57777094841003,-1.97,1
184.99144291877747,-2.0,1
