1.1031122207641602,-1.93
2.325502395629883,-1.93
3.5599896907806396,-1.97
4.76323676109314,-1.93
5.976571083068848,-1.93
7.196955919265747,-1.93
11.761281251907349,72.21
13.173873901367188,71.28
14.586352348327637,65.17
15.997315883636475,61.24
17.34120273590088,58.72
18.683431386947632,57.97
20.01810574531555,57.31
21.369759559631348,57.0
22.783255577087402,56.93
24.123208045959473,56.97
25.53379511833191,56.97
26.95200824737549,57.0
28.352001905441284,56.86
29.769322395324707,57.21
31.180538177490234,56.97
32.59549283981323,57.1
39.891175270080566,-2.9
41.20553183555603,-2.9
42.5157527923584,-2.86
43.8636040687561,-2.9
45.179506063461304,-2.76
46.48870015144348,-2.93
47.80270481109619,-2.9
49.10250282287598,-2.86
53.71184229850769,72.72
55.1093955039978,71.66
56.52800154685974,64.93
57.94646430015564,61.14
59.361509799957275,59.14
60.77540969848633,57.69
