1.1048786640167236,-1.52,0
2.351083278656006,-1.45,0
3.559157133102417,-1.52,0
4.765218734741211,-1.48,0
9.349426984786987,520.66,1
10.760363578796387,291.97,1
12.171782493591309,200.14,1
13.578437328338623,176.17,1
14.980067014694214,147.14,1
16.399556875228882,130.24,1
17.802823543548584,120.93,1
19.16153311729431,189.34,1
20.503592014312744,75.38,1
21.842796802520752,89.76,1
23.247633934020996,106.97,1
24.667032957077026,240.9,1
31.985867977142334,-2.17,0
33.32631587982178,-1.93,0
34.636321783065796,-1.93,0
35.94223713874817,-2.07,0
37.2539165019989,-1.93,0
38.55301523208618,-1.79,0
39.860931634902954,-1.62,0
41.18067002296448,-1.76,0
42.491560220718384,-1.66,0
43.830004930496216,-1.66,0
45.13608169555664,-1.76,0
46.44952654838562,-1.69,0
47.759228229522705,-1.62,0
49.06531071662903,-1.72,0
50.375492811203,-1.66,0
51.68688106536865,-1.62,0
56.276113510131836,143.66,1
57.69342303276062,57.66,1
59.097861528396606,29.38,1
60.515058279037476,21.45,1
61.92443346977234,18.55,1
63.33193826675415,14.45,1
64.73910903930664,14.34,1
66.09588742256165,14.97,1
67.50271558761597,14.97,1
68.90826225280762,15.52,1
70.26485061645508,15.07,1
71.66526055335999,14.41,1
73.01371240615845,14.66,1
74.35346341133118,13.45,1
75.70572209358215,13.34,1
77.05495882034302,13.76,1
78.45942091941833,12.69,1
79.8782286643982,12.21,1
81.22234177589417,82.69,1
82.62652087211609,22.28,1
84.05089831352234,15.17,1
85.45507192611694,11.17,1
86.87679886817932,11.55,1
88.2211754322052,10.38,1
89.62579107284546,9.31,1
90.96669554710388,8.79,1
92.38257598876953,10.07,1
93.78803300857544,10.86,1
95.20703983306885,11.28,1
96.55818796157837,9.17,1
97.96871185302734,11.28,1
99.37346696853638,11.14,1
100.79148316383362,11.03,1
102.20379710197449,9.55,1
103.60716271400452,158.48,1
105.0285816192627,137.1,1
106.43087649345398,124.97,1
107.85403752326965,117.34,1
109.25428032875061,112.28,1
110.67438888549805,105.21,1
112.09170055389404,101.21,1
113.42972540855408,96.38,1
114.84663701057434,90.17,1
116.2494797706604,85.72,1
117.6718692779541,82.76,1
119.06961250305176,78.76,1
126.37785696983337,-0.93,0
127.73390245437622,-0.79,0
129.0542049407959,-0.79,0
130.36479496955872,-0.79,0
131.6612799167633,-0.66,0
132.98284673690796,-0.69,0
134.2945704460144,-0.76,0
135.6026575565338,-0.76,0
136.84448981285095,-0.83,0
138.056987285614,-0.76,0
139.267094373703,-0.76,0
140.46545314788818,-0.83,0
141.6876072883606,-0.76,0
142.8985710144043,-0.86,0
144.11029267311096,-0.79,0
145.32418179512024,-0.9,0
146.5854208469391,-0.93,0
147.81750226020813,-0.79,0
