1.1079702377319336,205.69
2.311145544052124,205.72
3.5459418296813965,205.79
4.750194311141968,205.66
5.944034576416016,205.41
7.161951541900635,205.17
11.731914520263672,198.93
13.159171342849731,199.0
14.570247650146484,198.83
15.983294248580933,198.69
17.32746958732605,198.24
24.623610734939575,202.38
25.933603525161743,204.1
27.254653215408325,205.14
28.571669101715088,206.45
29.880666255950928,208.31
31.19705891609192,209.69
32.54213881492615,210.9
33.85976219177246,211.79
35.06361246109009,211.59
36.26094722747803,212.03
37.47955107688904,212.1
38.682856798172,212.34
39.885201930999756,211.93
41.12378740310669,212.0
42.32832384109497,212.07
43.556968688964844,212.21
44.755985260009766,213.1
45.971123933792114,213.34
47.17634606361389,212.59
48.38825726509094,212.34
49.60937261581421,212.07
50.8734815120697,211.79
