1.1214416027069092,-1.24
2.323845148086548,-1.17
3.5624566078186035,-1.1
4.773876190185547,-1.17
9.35389757156372,1.07
10.76613974571228,1.17
12.177847385406494,0.97
13.589391946792603,0.9
14.994262933731079,1.07
16.41734790802002,1.34
17.748651027679443,1.38
19.100553035736084,1.28
20.436072826385498,1.31
21.782146215438843,1.14
23.134043216705322,1.17
24.47004723548889,1.34
25.894285202026367,1.24
27.305750370025635,1.24
28.712074995040894,1.41
30.123653888702393,7.41
31.53312587738037,11.03
32.9535870552063,10.69
34.30161213874817,11.86
35.63388538360596,12.0
36.97542929649353,13.34
38.39232873916626,12.69
39.815287590026855,12.07
41.22515249252319,12.59
42.55930256843567,4.97
43.90872764587402,10.41
45.32837748527527,12.76
46.66845440864563,13.21
48.08343577384949,10.52
49.491116523742676,12.9
50.9110221862793,12.55
52.25028681755066,5.17
53.66825771331787,9.59
55.070680141448975,11.07
56.49142670631409,12.0
57.82944321632385,5.24
59.24350166320801,10.76
60.661492347717285,12.45
62.07269883155823,5.97
63.48751711845398,4.03
64.89382672309875,3.24
66.24588990211487,10.1
67.58548760414124,5.1
68.99790215492249,11.31
70.41716027259827,11.86
71.82864379882812,5.76
73.23551630973816,11.59
74.65081739425659,4.93
76.06661367416382,3.69
77.39937210083008,3.62
78.81540584564209,9.9
80.22162079811096,13.48
81.64185571670532,12.62
83.06006860733032,13.83
84.40285229682922,14.86
85.8102867603302,13.79
87.2225694656372,6.34
88.56259155273438,12.66
89.98542976379395,13.86
91.3837034702301,6.1
92.79936480522156,12.86
94.21499443054199,13.83
95.62767791748047,14.45
97.0341522693634,14.48
98.44762563705444,14.24
99.8674852848053,14.9
101.27911591529846,6.72
102.69965934753418,4.79
104.11219716072083,12.28
105.5108106136322,13.86
106.92403650283813,14.79
108.3438184261322,14.62
109.76217317581177,6.38
111.17115449905396,13.28
112.58773708343506,14.24
113.9881157875061,13.62
115.4057686328888,14.83
116.82043695449829,14.31
118.23181486129761,12.48
119.64189219474792,5.69
121.06386804580688,12.24
122.4758722782135,14.17
123.88752579689026,14.59
125.29346585273743,6.1
126.70412850379944,4.59
128.1190905570984,3.9
129.53110432624817,12.24
130.881844997406,14.0
132.29007625579834,5.86
133.7095718383789,4.31
135.11665678024292,3.66
136.529718875885,11.55
137.9502077102661,5.21
139.34740805625916,12.62
146.6608166694641,1.9
147.97136878967285,1.86
149.3167326450348,1.97
150.63484859466553,1.86
151.94963812828064,1.9
153.27129197120667,1.9
154.59776306152344,1.86
155.91216921806335,1.93
160.49182963371277,1.86
161.9120147228241,1.97
163.32656478881836,2.0
164.6744418144226,2.0
166.0747570991516,2.07
167.4234766960144,2.07
168.83840227127075,1.97
170.18427395820618,2.07
171.5885763168335,2.0
172.94160556793213,1.97
174.35327625274658,1.83
175.7704689502716,1.9
177.17041778564453,12.1
178.5925862789154,15.1
180.00047087669373,14.76
181.3406240940094,14.59
182.75595545768738,15.41
184.10671710968018,15.31
185.52164220809937,16.1
186.85969018936157,15.45
188.27289414405823,16.0
189.6895387172699,15.1
191.10354471206665,16.59
192.51945090293884,7.76
193.862943649292,14.62
195.27317762374878,7.69
196.69091057777405,14.45
198.03506875038147,14.86
199.37316823005676,16.1
200.72053909301758,16.21
202.055513381958,7.86
203.40574049949646,14.17
204.8123071193695,15.31
206.23517084121704,16.45
207.63550400733948,7.93
208.98300909996033,13.79
210.39657020568848,16.52
211.8077895641327,15.72
213.2278048992157,17.72
214.63275480270386,17.0
216.0503866672516,17.07
217.4620635509491,16.31
218.8746588230133,16.72
220.21340489387512,16.66
221.6354854106903,16.79
223.0439088344574,16.72
224.45320415496826,16.21
225.8670756816864,16.9
227.27581119537354,16.83
228.6890618801117,17.9
230.11361145973206,18.21
231.5252344608307,18.17
232.92351579666138,17.86
234.34031581878662,18.79
235.75764679908752,18.38
237.17281579971313,18.45
