1.1162631511688232,-1.9,0
2.3577325344085693,-1.83,0
3.5697667598724365,-2.03,0
4.777328252792358,-1.93,0
5.98854398727417,-1.93,0
10.589871168136597,17.76,1
12.00904130935669,28.07,1
13.421343803405762,40.79,1
14.833935022354126,59.1,1
16.23691177368164,69.41,1
17.655361890792847,77.24,1
19.05840229988098,86.24,1
20.411020755767822,92.86,1
21.81212592124939,100.59,1
23.2358558177948,107.45,1
24.642610788345337,114.55,1
26.057879209518433,120.86,1
27.45586633682251,127.17,1
28.870898723602295,133.07,1
30.289507389068604,139.28,1
31.689729690551758,144.38,1
33.10357069969177,149.59,1
34.52268409729004,153.97,1
35.938918113708496,156.41,1
37.339704751968384,157.76,1
38.691492557525635,157.83,1
40.09137773513794,157.83,1
41.50776934623718,155.69,1
42.92468523979187,153.59,1
44.32627558708191,150.45,1
45.742762327194214,146.66,1
47.15753126144409,142.45,1
48.55895018577576,137.55,1
49.976412534713745,132.17,1
51.39326190948486,126.72,1
52.808942556381226,121.31,1
54.21150827407837,115.62,1
55.62320256233215,109.59,1
57.04000425338745,103.93,1
58.45458149909973,98.55,1
59.855541467666626,93.38,1
61.26892709732056,89.07,1
62.685643672943115,84.55,1
64.08766317367554,80.62,1
65.50557088851929,76.62,1
66.9213593006134,72.76,1
68.3212149143219,69.38,1
69.73593306541443,66.07,1
71.15175199508667,63.0,1
72.56854271888733,59.86,1
73.96911120414734,56.83,1
75.3841860294342,54.45,1
76.8003294467926,50.86,1
78.21119332313538,49.34,1
79.61516618728638,47.28,1
81.02822375297546,45.48,1
82.44375610351562,44.14,1
83.8594229221344,42.9,1
85.26074695587158,42.03,1
86.67597651481628,41.31,1
88.09077405929565,40.79,1
89.5055422782898,40.45,1
90.91271352767944,40.21,1
92.32961082458496,40.48,1
93.73027968406677,40.66,1
95.14781498908997,41.0,1
96.56274032592773,41.52,1
97.97254633903503,42.17,1
99.3805844783783,42.93,1
100.79585266113281,43.86,1
102.21197056770325,44.86,1
103.61219310760498,45.97,1
105.02803754806519,47.07,1
106.442387342453,48.28,1
107.85787320137024,49.34,1
109.25813603401184,50.66,1
110.67263174057007,51.79,1
112.08860349655151,53.0,1
113.50559973716736,54.24,1
114.90975141525269,55.45,1
116.31878542900085,56.72,1
117.73560380935669,57.66,1
119.15097260475159,58.83,1
120.56640005111694,59.79,1
121.96484184265137,60.52,1
123.38765501976013,61.55,1
125.62272381782532,62.17,1
127.16257429122925,63.07,1
128.57244777679443,63.62,1
129.99356269836426,64.17,1
131.40849804878235,64.55,1
132.81944513320923,65.03,1
134.22574019432068,65.38,1
135.63877701759338,65.48,1
137.05086827278137,65.72,1
138.45968294143677,65.79,1
139.87200474739075,65.72,1
141.28786277770996,66.07,1
142.69185161590576,65.97,1
144.24732446670532,65.93,1
145.64672946929932,65.66,1
147.06243515014648,65.31,1
148.47977328300476,65.59,1
149.89293670654297,65.34,1
151.30156803131104,64.9,1
152.70988368988037,64.72,1
154.12508964538574,64.41,1
155.5281732082367,64.07,1
156.94455981254578,63.66,1
158.36294221878052,63.38,1
159.77760934829712,62.83,1
161.1155140399933,62.52,1
162.5285074710846,62.24,1
163.94440984725952,61.86,1
165.354962348938,61.52,1
166.75490403175354,61.03,1
168.17040944099426,60.79,1
169.58635878562927,60.52,1
171.00150084495544,60.03,1
172.41306829452515,59.83,1
174.03052258491516,59.66,1
175.50534534454346,59.21,1
176.9212155342102,59.24,1
178.32250714302063,59.1,1
179.73776865005493,58.93,1
181.09183979034424,58.72,1
182.4925410747528,58.59,1
183.8348159790039,58.66,1
185.1860020160675,58.62,1
186.5943958759308,58.48,1
188.0074179172516,58.45,1
189.42255806922913,58.34,1
190.83613562583923,58.24,1
192.37745451927185,58.31,1
193.99453020095825,58.38,1
195.54304957389832,59.1,1
196.95931959152222,58.38,1
198.3756263256073,58.52,1
199.77504420280457,58.45,1
201.19766807556152,58.52,1
202.61265540122986,58.31,1
203.9486153125763,58.31,1
205.36368107795715,58.93,1
206.84525775909424,58.72,1
208.24415373802185,60.0,1
215.55359649658203,-0.31,0
216.8744010925293,-0.31,0
218.1790533065796,-0.38,0
219.5002543926239,-0.34,0
220.8064181804657,-0.34,0
222.11059832572937,-0.41,0
223.4421272277832,-0.31,0
