1.1095337867736816,-1.93,0
2.3220770359039307,-1.93,0
3.536879539489746,-1.93,0
4.74688458442688,-1.93,0
9.359325408935547,-8.45,1
10.772302627563477,-2.28,1
12.185122966766357,0.1,1
13.591275691986084,-1.17,1
15.008258581161499,-1.17,1
16.409690856933594,-0.1,1
17.763993978500366,-1.03,1
19.10389280319214,0.83,1
20.52119541168213,-0.59,1
21.85955023765564,-0.83,1
23.209887981414795,0.48,1
24.547979593276978,-0.97,1
25.967228889465332,1.21,1
27.372150421142578,-0.59,1
28.778120279312134,1.38,1
30.19618320465088,-0.31,1
31.616353034973145,1.41,1
33.03039860725403,-0.31,1
34.44169735908508,1.66,1
35.848999977111816,0.0,1
37.263795614242554,1.62,1
38.66777443885803,0.21,1
40.08721685409546,1.62,1
41.4933066368103,0.17,1
42.91913866996765,1.66,1
44.32935166358948,0.48,1
45.73822331428528,1.62,1
47.152854442596436,0.34,1
48.569618463516235,1.83,1
49.97238230705261,0.48,1
51.381760120391846,1.79,1
52.798896074295044,0.66,1
54.2161979675293,1.83,1
55.62880873680115,1.03,1
57.03319716453552,1.86,1
58.45722699165344,1.21,1
59.871639013290405,1.83,1
61.277018547058105,1.24,1
62.69493627548218,2.03,1
64.09663248062134,1.45,1
65.51609802246094,1.07,1
66.93299150466919,1.86,1
68.27395033836365,1.17,1
69.68681645393372,0.9,1
71.09745764732361,1.9,1
72.50600099563599,1.41,1
73.92337918281555,2.1,1
75.33184218406677,1.62,1
76.73971104621887,1.38,1
78.15889406204224,1.9,1
79.56745338439941,1.62,1
80.97965717315674,2.52,1
82.40160465240479,1.72,1
83.81338810920715,1.62,1
85.23026609420776,2.31,1
86.63779711723328,1.76,1
88.11492443084717,2.59,1
89.60730481147766,1.79,1
91.08468198776245,2.86,1
92.63064956665039,1.83,1
94.17542839050293,3.0,1
95.72989392280579,1.86,1
97.13998079299927,3.31,1
98.6194953918457,1.97,1
100.177983045578,3.45,1
101.99455070495605,2.21,1
102.74776983261108,3.14,1
103.4178352355957,3.38,1
104.13368630409241,3.31,1
