1.1106328964233398,-2.0
2.321042060852051,-1.93
3.554683208465576,-2.0
4.7584922313690186,-1.93
5.965519189834595,-1.97
7.179552316665649,-2.07
9.953626871109009,-1.93
11.2966628074646,-1.93
12.710063934326172,-2.0
14.11761999130249,-2.0
15.527668714523315,-2.0
16.94580101966858,-1.97
18.361627340316772,-1.97
19.70088291168213,-1.97
21.11622166633606,-1.97
22.52976965904236,-1.97
23.942217588424683,-1.97
25.35304021835327,-1.97
26.765698432922363,-2.0
28.180628776550293,-1.97
29.58389449119568,-1.97
31.006373167037964,-2.0
32.40660500526428,-1.9
33.81953454017639,-2.07
35.232858180999756,-1.9
36.64366173744202,-1.93
38.059279680252075,-1.97
39.4032769203186,-1.97
40.81197214126587,-1.9
42.23477530479431,-2.14
43.651519536972046,-2.28
45.058037519454956,-2.1
46.46828818321228,-1.79
47.8862783908844,-2.0
49.30397391319275,-1.86
50.71646523475647,-2.17
52.128005504608154,-2.0
53.538676261901855,-1.83
54.952152252197266,43.52
56.354023694992065,66.03
57.77957630157471,84.52
59.19258522987366,71.31
60.596386432647705,48.28
62.00492525100708,30.1
63.41829824447632,45.52
64.83657693862915,41.31
66.18032646179199,-324.41
67.59322714805603,110.03
68.93858003616333,174.07
70.27399897575378,24.38
71.62120270729065,16.83
72.9701714515686,11.9
74.31173133850098,9.79
75.64573311805725,9.03
76.99680304527283,10.34
78.34796118736267,11.9
79.75974154472351,13.14
81.10604929924011,17.34
82.4383761882782,23.17
83.78241300582886,21.48
85.13400316238403,20.72
86.54872035980225,19.62
87.9558584690094,22.45
89.36477494239807,-17.24
90.71642017364502,-1100.0
92.05148887634277,86.76
93.39545822143555,1.9
94.74970602989197,0.31
96.16064167022705,0.59
97.56667470932007,0.83
98.98785924911499,0.76
100.40077590942383,-0.34
101.81396460533142,-1.17
103.21385598182678,-1.31
104.62816667556763,-1.41
105.98281764984131,-1.62
107.39036130905151,-1.72
108.73054337501526,-2.07
110.13982701301575,-2.21
111.5660388469696,-2.07
112.97598624229431,-1.97
114.32234692573547,-1100.0
115.73424744606018,-2.17
117.14294838905334,-1.83
118.5605103969574,-1.38
119.96583318710327,-1.28
121.37208557128906,-1.21
122.78965473175049,1.14
124.19987154006958,-1.07
125.6137228012085,478.86
127.03443098068237,256.38
128.43178248405457,34.59
132.140127658844,-2.52
133.4488389492035,-2.17
134.7984755039215,-2.31
136.10229206085205,-2.28
137.41714787483215,-1.83
138.72285795211792,-1.97
140.0371286869049,-2.03
141.35322880744934,-2.03
142.65952444076538,-2.07
143.97399473190308,-2.07
145.3287329673767,-2.1
146.63591980934143,-2.0
147.95386624336243,-2.07
149.26180601119995,-2.07
150.5719335079193,-2.03
151.87695574760437,-2.03
154.67468905448914,51.17
156.08977365493774,503.31
157.4883267879486,351.72
158.84073185920715,251.1
160.24959182739258,77.55
161.59856796264648,19.14
162.93697047233582,3.07
164.27265095710754,3.28
165.61691284179688,4.9
166.957448720932,6.76
168.37101244926453,8.76
169.72400760650635,9.34
171.0630397796631,9.93
172.41059374809265,9.76
173.75011324882507,9.9
175.09075808525085,9.9
176.44313764572144,9.83
177.77867245674133,10.45
179.19214534759521,10.86
180.5338613986969,10.69
181.88475394248962,10.48
183.22178888320923,10.38
184.56774425506592,10.34
185.91371417045593,10.45
187.26300978660583,9.03
188.5963454246521,10.41
190.00870037078857,9.21
191.3601517677307,12.1
192.77601075172424,8.69
194.11399269104004,8.9
195.4637758731842,9.03
199.14744973182678,-2.59
200.4514079093933,-2.38
201.76773643493652,-2.41
203.10313320159912,-2.38
204.41237616539001,-2.31
205.71032166481018,-2.21
207.01125860214233,-2.17
208.32135367393494,-2.28
209.63155722618103,-2.28
210.92889285087585,-2.21
212.23873353004456,-2.17
213.57818746566772,-2.17
214.87535190582275,-2.17
216.18928980827332,-2.1
217.50310707092285,-2.07
218.81803393363953,-2.14
221.59557843208313,300.76
223.0041184425354,365.79
224.41970086097717,280.69
225.81847739219666,128.24
227.17510080337524,46.76
228.58196473121643,22.03
229.92220759391785,16.86
231.2708718776703,15.9
232.61651802062988,17.34
234.02571153640747,19.17
235.43854975700378,19.9
236.84852409362793,20.03
238.1861801147461,20.03
239.60232138633728,20.03
240.94422006607056,20.1
242.35504627227783,20.1
243.70437717437744,20.03
245.11943769454956,19.93
246.53263139724731,20.0
250.22996258735657,1.76
251.54782342910767,1.76
252.86353206634521,1.69
254.1793270111084,1.72
255.48482060432434,1.69
256.81391978263855,1.66
258.123233795166,1.66
259.4313600063324,1.66
262.24745869636536,1.86
263.66326093673706,19.03
265.068883895874,40.76
266.42283511161804,52.41
267.82724356651306,54.41
269.24349212646484,49.14
270.6583921909332,47.03
272.06523156166077,50.9
273.47301602363586,46.9
274.8256697654724,51.72
276.24177289009094,51.62
277.57321977615356,46.79
278.98826026916504,50.9
280.3985776901245,53.03
281.8150932788849,46.59
283.220458984375,51.28
284.63824582099915,52.41
286.04430651664734,46.24
287.4598262310028,51.21
288.86912536621094,52.0
290.28055477142334,44.24
291.6891529560089,51.45
293.10387563705444,53.0
294.51758217811584,46.69
295.93519926071167,50.9
297.341331243515,52.34
298.7581980228424,46.38
300.1693260669708,51.52
303.84959650039673,1.79
305.16793394088745,1.76
306.47440338134766,1.76
307.7800087928772,1.76
309.1309025287628,1.76
310.43385577201843,1.79
311.75796937942505,1.76
313.06931710243225,1.76
