1.123039722442627,4.79
2.33398175239563,4.72
3.577073812484741,4.62
4.787970542907715,4.62
9.376315832138062,1.03
10.789782762527466,0.93
12.200350046157837,1.0
13.610662698745728,1.07
15.030495882034302,-20.21
16.443675756454468,-10.66
17.85513472557068,-1.9
19.26579236984253,0.83
20.598412036895752,3.03
22.010613679885864,6.52
23.42632007598877,7.21
24.83867073059082,6.9
26.253013134002686,7.9
27.663431882858276,7.83
29.075851440429688,7.59
30.486536026000977,9.55
31.913217782974243,10.03
33.32445168495178,9.86
34.73532152175903,9.72
36.08388066291809,10.0
37.416189670562744,9.86
38.826873540878296,10.0
40.252530336380005,9.9
41.66173839569092,9.97
43.07427358627319,9.97
44.485188484191895,9.97
45.895201444625854,10.14
47.309815645217896,10.0
48.72086954116821,10.0
50.13028597831726,10.0
51.55445170402527,10.07
52.953495264053345,10.14
54.38037919998169,9.97
55.7906379699707,9.93
57.20106816291809,10.03
58.60991597175598,10.03
60.017531871795654,10.14
61.44211530685425,10.07
62.844285011291504,10.0
64.25759100914001,10.0
65.68239855766296,10.24
67.01488542556763,10.14
68.36312103271484,9.97
69.77311205863953,10.31
71.18319869041443,10.1
72.59542036056519,10.0
73.94365572929382,9.97
75.29381799697876,10.28
76.7031888961792,10.07
78.11514329910278,9.9
79.5251669883728,9.93
80.93604707717896,10.07
82.35979652404785,10.34
83.76823782920837,10.31
85.1763916015625,10.17
86.58528399467468,9.97
88.00901389122009,9.86
89.4185242652893,9.59
90.83167338371277,9.45
92.2408242225647,10.17
93.65019154548645,10.0
94.99827980995178,10.07
96.40919160842896,11.0
97.82113456726074,11.24
99.23091006278992,11.14
100.65526461601257,10.9
102.0641782283783,10.9
103.47412180900574,10.59
104.8824999332428,10.41
106.30807876586914,10.17
107.70625948905945,10.07
109.12573766708374,9.86
110.53774356842041,9.66
111.94591093063354,9.55
113.37009310722351,9.38
114.7793025970459,9.17
116.1902756690979,9.14
117.6015031337738,8.9
119.01445603370667,10.17
120.42557287216187,10.97
121.835697889328,10.97
123.24540090560913,10.69
124.67098689079285,10.76
126.08133935928345,10.62
127.49366903305054,10.31
128.90446090698242,10.07
130.3143515586853,9.86
131.72387981414795,9.76
133.13690495491028,9.59
134.5626983642578,9.34
135.97125840187073,9.31
137.38294124603271,9.07
138.79348754882812,8.9
140.20415139198303,9.9
141.613285779953,9.83
143.0255846977234,9.72
144.45122838020325,9.86
145.86168146133423,10.0
147.27218174934387,10.21
148.6841025352478,10.1
150.0954806804657,10.21
151.5076506137848,10.07
152.9169681072235,9.83
154.3414626121521,9.93
155.75214385986328,9.83
157.1636939048767,9.97
158.57485008239746,10.1
159.98296976089478,10.03
161.39306712150574,9.79
162.73944520950317,9.93
164.0848093032837,10.21
165.43260526657104,10.0
166.77989768981934,9.83
168.17907881736755,9.86
169.60572242736816,10.07
170.9374840259552,9.9
172.28514122962952,9.76
173.69459891319275,10.1
175.05065631866455,10.07
176.3910412788391,9.97
177.80380368232727,10.59
179.21404814720154,10.45
180.62613606452942,10.34
181.97269892692566,10.1
183.3825933933258,9.86
184.73075342178345,9.83
186.1422984600067,9.62
187.55340027809143,9.48
188.96085834503174,10.14
190.30720901489258,10.07
191.71782279014587,9.9
193.06634974479675,11.21
194.41520023345947,11.03
195.76077556610107,10.9
197.16929388046265,10.83
198.577623128891,10.59
200.00195050239563,10.48
201.41128754615784,10.31
202.8196258544922,10.14
204.2303969860077,10.1
205.63918828964233,9.9
207.06278705596924,9.76
208.3985993862152,9.55
209.8100347518921,9.38
211.21970462799072,9.41
212.63438844680786,9.17
214.04373955726624,9.17
215.4696888923645,9.0
216.88022375106812,10.79
218.21406626701355,10.62
219.6259229183197,10.45
221.0376238822937,10.31
222.44975185394287,10.1
223.86166858673096,9.93
225.21699905395508,9.83
226.62436866760254,9.72
228.0363450050354,9.52
229.44579529762268,9.83
230.8559694290161,11.07
232.26708960533142,10.86
233.6809480190277,10.79
235.10504746437073,10.55
236.51377081871033,10.45
237.8515465259552,10.38
239.26145195960999,10.21
240.68756914138794,10.07
242.09764289855957,9.86
243.51073479652405,9.72
244.92073917388916,9.48
246.33218383789062,9.31
247.74399876594543,9.21
249.15324211120605,9.1
250.56565046310425,10.17
251.97674942016602,10.55
253.38734221458435,10.28
254.8003830909729,10.21
256.22596645355225,10.03
257.63673758506775,9.9
259.04888701438904,9.86
260.45794010162354,9.69
261.86712980270386,9.45
263.2837679386139,9.45
264.69357085227966,10.21
271.9942538738251,0.76
273.3007273674011,0.79
274.6167862415314,0.83
275.934396982193,0.86
277.2504918575287,0.79
278.5672199726105,0.83
279.8824715614319,0.76
281.22769951820374,0.72
285.823388338089,0.76
287.23486256599426,0.69
288.6612286567688,0.72
290.06903433799744,1.45
291.4785225391388,8.93
292.8963985443115,13.21
294.3054163455963,15.76
295.715811252594,18.0
297.1360743045807,19.62
298.5374872684479,21.1
299.9623076915741,23.55
301.37253165245056,25.0
302.77564668655396,26.93
304.20136284828186,26.38
305.60984897613525,26.24
307.0209686756134,27.59
308.4326412677765,27.62
309.8434314727783,27.69
311.2535421848297,27.45
312.67004919052124,29.41
314.0795388221741,29.34
315.4896824359894,28.59
316.9147856235504,28.97
318.32459568977356,28.17
319.6708564758301,29.38
321.08036637306213,35.14
322.4264738559723,34.59
323.8285186290741,33.83
325.17679810523987,33.59
326.58738803863525,32.79
328.0126225948334,32.34
329.42259526252747,32.34
330.76868176460266,31.66
332.10149240493774,31.14
333.4531309604645,30.9
334.86213088035583,30.24
336.21086740493774,29.9
337.5421061515808,29.34
338.88779759407043,31.28
340.29987359046936,31.0
341.64793515205383,31.34
343.0600035190582,30.9
344.4690282344818,30.31
345.8770785331726,30.48
347.2227108478546,30.34
348.64094948768616,30.31
350.0500693321228,30.03
351.4716362953186,28.28
352.8041989803314,27.97
354.2129421234131,30.38
355.63701486587524,30.21
357.0451714992523,30.07
358.3918607234955,29.93
359.7996759414673,29.86
361.1463029384613,29.9
362.55520486831665,29.86
363.9026827812195,29.17
365.3141689300537,28.86
366.7241225242615,28.9
368.1363639831543,28.72
369.48274421691895,28.76
370.89280581474304,28.86
372.2437918186188,30.41
373.65329146385193,29.9
375.06617188453674,29.55
376.4756486415863,29.07
383.78078293800354,1.28
385.09578013420105,1.28
386.40416073799133,1.34
387.71209502220154,1.24
389.01377987861633,1.21
390.3460443019867,1.21
391.67765283584595,1.24
392.99398374557495,1.24
397.581915140152,1.14
398.99681305885315,1.28
400.3419234752655,5.28
401.75027298927307,12.9
403.0901734828949,18.55
404.5165214538574,24.21
405.9257266521454,29.14
407.33693385124207,33.14
408.74965381622314,35.83
410.0825865268707,37.9
411.50861525535583,40.1
412.8438732624054,42.14
414.2558584213257,43.1
415.68091011047363,43.79
417.0121548175812,44.1
418.4230282306671,44.24
419.77053141593933,44.93
421.1182532310486,45.31
422.5291495323181,46.48
423.9425435066223,47.03
425.2737007141113,47.45
426.6840751171112,47.97
428.0953233242035,47.97
429.52137207984924,47.93
430.93047308921814,47.97
432.3414354324341,49.1
433.7523925304413,49.93
435.16357254981995,49.52
436.5755524635315,49.38
437.98821663856506,49.41
439.4005126953125,50.07
440.8118369579315,50.62
442.22154235839844,50.03
443.6332881450653,50.31
445.0426559448242,49.59
446.4526491165161,49.62
447.8618166446686,49.38
449.2758584022522,49.59
450.68400621414185,50.28
452.09331607818604,49.31
453.5027551651001,49.59
454.9279668331146,49.0
456.26079630851746,48.97
463.5839786529541,0.97
464.915976524353,0.93
466.2303991317749,1.03
467.5480206012726,1.0
468.8644757270813,1.0
470.16392993927,0.9
471.500328540802,0.86
472.81415009498596,0.93
477.4472782611847,0.83
478.8644998073578,0.86
480.2742176055908,12.34
481.6845977306366,23.59
483.0939495563507,32.72
484.51972556114197,40.28
485.92924451828003,45.14
487.34071493148804,49.31
488.75237369537354,52.69
490.16185450553894,55.45
491.5722634792328,45.41
492.9834589958191,50.55
494.39269733428955,54.66
495.81790685653687,57.66
497.2304995059967,59.28
498.6419701576233,60.14
500.05334854125977,62.0
501.38420057296753,63.14
502.795291185379,64.24
504.2205295562744,65.66
505.62883472442627,66.03
507.03770565986633,67.48
508.45020389556885,67.55
509.85872983932495,67.55
511.2666611671448,68.0
512.6767506599426,68.41
514.0872557163239,68.52
515.5132644176483,68.34
516.9234540462494,69.97
518.3357758522034,69.0
519.744756937027,68.55
521.1549410820007,69.41
522.5638377666473,68.66
529.8665845394135,-1.55
531.1817271709442,-1.62
532.4960973262787,-1.66
533.8106002807617,-1.69
535.1563096046448,-1.66
536.4713590145111,-1.76
537.7884433269501,-1.79
539.1062200069427,-1.79
543.7081162929535,156.21
545.1184840202332,206.07
546.5281119346619,219.48
547.9379382133484,222.93
549.3505840301514,223.45
550.7755212783813,223.76
552.1843802928925,211.9
553.5862295627594,195.34
555.0050601959229,176.45
556.4103982448578,160.66
563.7034449577332,0.45
565.0512294769287,0.41
566.3683869838715,0.45
567.6849265098572,0.28
569.0046379566193,0.45
570.3148593902588,0.45
571.6252548694611,0.38
572.9578058719635,0.48
574.1676404476166,0.41
575.4317700862885,0.41
576.6490814685822,0.45
577.8739063739777,0.45
579.0916166305542,0.45
580.3020572662354,0.55
581.5143222808838,0.45
582.7407314777374,0.38
583.9634568691254,0.45
585.2083072662354,0.48
586.4346492290497,0.28
587.6483812332153,0.41
588.8730125427246,0.41
590.0858182907104,0.55
591.3108921051025,0.38
592.5358242988586,0.45
593.7951059341431,0.45
595.0013248920441,0.62
596.2217695713043,0.38
597.4427602291107,0.48
598.6641449928284,0.41
599.8862597942352,0.41
601.1090743541718,0.41
