1.1061005592346191,-2.0,0
2.3482415676116943,-1.83,0
3.5642824172973633,-1.79,0
4.76930046081543,-1.83,0
9.341853857040405,51.21,1
10.754879236221313,37.48,1
12.092566967010498,32.69,1
13.509888410568237,31.9,1
14.913968563079834,30.41,1
16.333908557891846,30.17,1
17.73800539970398,32.1,1
19.156001329421997,29.83,1
20.57368803024292,30.38,1
21.9751980304718,30.31,1
23.392641305923462,30.41,1
24.803985357284546,30.31,1
26.149689435958862,30.86,1
27.56582808494568,29.62,1
28.98516583442688,28.86,1
30.39857268333435,29.14,1
31.80731201171875,29.24,1
33.21106743812561,29.03,1
34.631614446640015,29.0,1
36.03508710861206,29.07,1
37.37872791290283,28.24,1
38.802316427230835,29.17,1
40.20714974403381,28.97,1
41.620274782180786,28.48,1
43.03625822067261,28.69,1
44.44209575653076,28.38,1
45.848127603530884,28.0,1
47.26618242263794,28.34,1
48.6743323802948,28.28,1
50.0996732711792,28.03,1
51.512001276016235,28.0,1
52.916361570358276,27.72,1
54.33781838417053,27.62,1
55.741679430007935,27.0,1
57.16138577461243,25.69,1
58.566311836242676,25.97,1
59.97073173522949,23.83,1
61.39411425590515,23.14,1
62.811214447021484,23.24,1
64.21423578262329,22.79,1
65.56002593040466,17.07,1
66.97703671455383,20.45,1
68.31850218772888,15.21,1
69.66158485412598,20.0,1
71.07615423202515,19.28,1
72.47990298271179,18.41,1
73.83775496482849,20.0,1
75.23931288719177,15.28,1
76.65236353874207,14.97,1
78.07455325126648,15.41,1
79.47637557983398,14.1,1
80.89192867279053,12.83,1
82.3107271194458,-0.48,1
83.713134765625,-1.07,1
85.13426780700684,-1.38,1
86.54198002815247,-1.59,1
87.96244359016418,-1.59,1
89.3675754070282,-1.62,1
90.78332424163818,-1.59,1
92.20048451423645,-1.69,1
93.5449469089508,-1.69,1
94.949542760849,-1.69,1
96.36974573135376,-1.72,1
97.77239203453064,-1.72,1
99.19611167907715,-1.76,1
100.59955930709839,-1.76,1
102.01683163642883,-1.79,1
103.43546557426453,-1.79,1
104.84155011177063,-1.83,1
106.25728344917297,-1.86,1
107.59737205505371,-1.86,1
109.01433753967285,-1.83,1
110.42346167564392,-1.83,1
111.83816862106323,-1.83,1
113.25697422027588,-1.9,1
114.66169047355652,-1.86,1
116.07941722869873,-1.79,1
117.48993301391602,-1.83,1
118.90506196022034,-1.79,1
120.31228423118591,-1.86,1
121.72387337684631,-1.9,1
123.14618706703186,-1.79,1
124.5466902256012,-1.79,1
125.96182322502136,-1.86,1
127.37858772277832,-1.83,1
128.7976279258728,-1.86,1
130.20046544075012,-1.83,1
131.61824440956116,-1.86,1
133.03495812416077,-1.86,1
134.44662857055664,-1.79,1
135.84766912460327,-1.86,1
137.27091002464294,-1.79,1
138.68428587913513,-1.97,1
140.100830078125,-1.9,1
141.50838232040405,-1.86,1
142.91388463974,-1.86,1
144.33521246910095,-1.86,1
145.74989438056946,-1.93,1
147.15645503997803,-1.83,1
148.5758249759674,-1.9,1
149.9758460521698,-1.9,1
151.39089059829712,-1.86,1
152.80725526809692,-1.9,1
154.2230248451233,-1.93,1
155.63406920433044,-1.9,1
157.0475525856018,-1.93,1
158.4542899131775,-1.93,1
159.87630581855774,-1.86,1
161.21690011024475,-1.9,1
162.61896014213562,-1.86,1
164.0395679473877,-1.93,1
165.44545340538025,-1.93,1
166.80195546150208,-1.9,1
168.20239639282227,-1.86,1
169.5575885772705,-1.93,1
170.96810936927795,-1.93,1
172.37029790878296,-2.0,1
173.72513365745544,-1.9,1
175.1347575187683,-1.93,1
176.53918504714966,-1.9,1
177.88230228424072,-1.93,1
179.24174904823303,-1.83,1
180.58293986320496,-1.9,1
181.9846830368042,-1.76,1
