1.1073622703552246,5.38
2.316922187805176,5.31
3.5539615154266357,5.34
4.757687091827393,5.28
5.968042850494385,5.34
7.18607759475708,5.41
11.756737232208252,1.07
13.18278431892395,0.9
14.595355033874512,0.97
16.009363412857056,1.0
17.345233917236328,0.93
18.69441843032837,0.9
20.10765552520752,0.83
21.452274084091187,0.86
22.86731505393982,0.83
24.209592580795288,0.97
25.60922932624817,0.86
27.03296422958374,0.9
28.44774031639099,0.9
29.84942603111267,0.9
31.26852011680603,0.93
32.68554735183716,0.83
34.08957481384277,0.79
35.443198919296265,0.79
36.78710722923279,0.76
38.19131565093994,0.83
39.60183572769165,0.79
41.0120587348938,0.79
42.438206911087036,0.72
43.770219564437866,0.9
45.11601519584656,0.83
46.53504800796509,0.79
47.95161581039429,0.86
49.35036277770996,0.83
50.76846528053284,0.83
52.12151622772217,0.72
53.531758546829224,0.76
54.87922668457031,0.86
56.28231477737427,0.83
57.69296741485596,0.86
59.10376167297363,0.79
60.513821840286255,0.76
61.93885612487793,0.86
63.350834369659424,0.76
64.76390147209167,0.72
66.10898113250732,0.83
67.45453548431396,0.79
68.78900122642517,0.76
70.20756816864014,0.9
71.55413913726807,0.76
72.89190363883972,0.86
74.23831033706665,0.86
75.58054494857788,0.79
76.92626523971558,0.79
78.33246350288391,0.83
79.68212985992432,0.79
81.08737850189209,0.69
82.44350504875183,0.79
83.8482072353363,0.83
85.1915192604065,0.79
86.54564332962036,0.76
87.8796238899231,0.79
89.2248170375824,0.72
90.5679178237915,0.69
91.9914960861206,0.86
93.33070945739746,0.79
94.66893863677979,0.86
96.0239360332489,0.79
97.4245982170105,0.72
98.77185273170471,0.72
100.18270468711853,0.69
101.59808015823364,0.66
103.00983238220215,0.72
104.36033701896667,0.72
105.77099084854126,0.66
107.19029593467712,0.83
108.6033263206482,0.72
110.01537346839905,0.76
111.41348171234131,0.83
112.82757306098938,0.72
114.25250554084778,0.69
115.66258692741394,0.76
117.06760597229004,0.72
118.49065709114075,0.79
119.89708042144775,0.72
121.3167736530304,0.79
122.72445559501648,0.76
124.12686395645142,0.66
125.5432345867157,0.79
126.95696949958801,0.76
128.37791633605957,0.69
129.79259419441223,0.72
131.19747829437256,0.79
132.61295986175537,0.79
134.10014057159424,0.76
135.5094473361969,0.76
136.9191620349884,0.72
138.3291676044464,-0.69
139.6795859336853,0.62
141.09036350250244,0.72
142.50414156913757,0.72
143.91925740242004,0.66
145.26730918884277,0.66
146.67343640327454,0.66
148.07625651359558,0.83
149.50071263313293,0.72
150.9141664505005,0.69
152.3248360157013,0.72
153.74275064468384,0.62
155.14271116256714,0.72
156.56194376945496,0.72
157.97913241386414,0.69
159.39237189292908,0.72
160.7256953716278,0.72
162.0755898952484,0.72
163.41095757484436,0.79
164.76203751564026,0.72
166.1131660938263,0.76
167.51445055007935,0.97
168.8676905632019,0.66
170.21095418930054,1.34
171.61651062965393,0.72
172.95710015296936,1.03
174.3034930229187,0.76
175.6574718952179,0.83
176.99135065078735,0.86
178.34919095039368,0.83
179.76071310043335,0.79
181.1035876274109,0.83
182.51124167442322,0.79
183.8616955280304,0.69
185.27426528930664,0.69
186.68830466270447,0.76
188.01873540878296,0.76
189.36895775794983,0.76
190.7792112827301,0.76
192.13118147850037,0.79
193.53286504745483,4.66
194.8857865333557,51.38
196.30378985404968,58.0
197.71506094932556,56.93
199.122816324234,52.07
200.46029233932495,47.69
201.87993836402893,42.03
203.22375440597534,37.1
204.55724334716797,33.66
205.9002878665924,31.0
207.30935263633728,28.24
208.66531538963318,25.52
209.99727821350098,15.62
211.42297434806824,5.93
212.7646734714508,7.79
214.16533279418945,3.34
215.57705235481262,6.45
216.92668914794922,7.97
218.3332178592682,7.97
219.74966311454773,8.34
221.0989215373993,3.45
222.51210808753967,6.21
223.9200508594513,3.17
225.32765889167786,6.48
226.7388162612915,8.21
228.08250641822815,2.97
229.51121258735657,2.0
230.85205698013306,5.59
232.26109433174133,2.52
233.6060335636139,7.28
234.95437026023865,7.59
236.36601972579956,8.07
237.76530003547668,8.31
239.19086480140686,3.48
240.5935411453247,6.21
242.01391649246216,3.07
243.41915273666382,6.48
244.83631682395935,3.24
246.2538788318634,7.07
247.66879105567932,3.21
249.07445335388184,5.69
250.49286699295044,2.76
251.89818668365479,4.07
253.31425786018372,5.97
254.66300225257874,7.41
256.06106448173523,2.97
257.4845623970032,6.14
258.82401061058044,7.59
260.2421782016754,3.14
261.65722608566284,5.66
263.06927013397217,2.79
264.47534704208374,6.38
265.89218616485596,8.52
267.29362773895264,8.97
268.71884417533875,3.28
270.13305926322937,1.69
271.5316894054413,1.28
272.8839683532715,0.93
274.2936067581177,0.83
275.70391869544983,0.76
277.11840057373047,0.66
278.54071855545044,0.72
279.94235157966614,0.69
281.36287784576416,0.59
282.7726619243622,0.66
284.18528294563293,0.48
285.603232383728,0.45
287.00560569763184,0.52
288.42565751075745,0.66
289.83830070495605,0.62
291.252304315567,0.59
292.66356897354126,0.59
294.0787103176117,0.55
295.49053406715393,0.66
296.891548871994,0.66
298.30950236320496,0.66
299.71631503105164,0.66
301.14076685905457,0.52
