1.1021358966827393,-1.9,0
2.342629909515381,-1.83,0
3.5494816303253174,-1.9,0
4.7552032470703125,-1.97,0
9.328024864196777,87.14,1
10.683682680130005,21.66,1
12.09498405456543,4.83,1
13.508493900299072,1.1,1
14.91241979598999,-0.66,1
16.33380889892578,-3.07,1
17.68103861808777,-2.76,1
19.01959204673767,-0.45,1
20.35916566848755,0.03,1
21.69877338409424,-1.21,1
23.051554679870605,-1.31,1
24.389357566833496,-1.34,1
25.740044355392456,-0.83,1
27.156835556030273,-1.48,1
28.49335551261902,-1.66,1
29.909003019332886,-1.59,1
31.246950149536133,-1.38,1
32.66277050971985,-1.69,1
34.002246141433716,-1.62,1
35.35637092590332,-2.31,1
36.695425510406494,23.31,1
38.11181616783142,5.45,1
39.51554203033447,572.72,1
40.86409878730774,499.07,1
48.17362356185913,-6.34,0
49.48007774353027,-4.28,0
50.78615188598633,-2.83,0
52.09576463699341,-2.72,0
53.41653108596802,-4.1,0
54.768017530441284,-4.59,0
56.089943647384644,-2.69,0
57.39653158187866,-2.69,0
62.00240182876587,-2.69,1
63.41980338096619,-4.1,1
64.83498311042786,-1.86,1
66.2473361492157,-1.24,1
67.58653688430786,-1.07,1
69.0011191368103,4.24,1
70.41567993164062,-15.21,1
71.75381326675415,17.69,1
73.09408640861511,16.45,1
74.50781202316284,-6.76,1
75.86060571670532,-8.17,1
77.20124197006226,-2.97,1
78.61111092567444,-1.69,1
80.02804899215698,1.41,1
81.44369959831238,-249.0,1
82.84620952606201,-47.38,1
84.2636308670044,-7.0,1
85.61091876029968,-3.34,1
86.94998741149902,-2.86,1
88.36886596679688,-2.0,1
89.77813935279846,-1.1,1
91.11678886413574,3.31,1
92.45753026008606,0.14,1
93.81213736534119,1.55,1
95.15471076965332,-1.17,1
96.5662989616394,-1.0,1
97.90558743476868,-0.28,1
99.32276940345764,-0.97,1
100.67200231552124,-0.59,1
102.07541489601135,-0.83,1
103.48795676231384,-0.31,1
104.90701532363892,-0.52,1
106.31670451164246,-0.79,1
107.7334041595459,-0.34,1
109.07209610939026,-0.59,1
110.47816967964172,-0.62,1
111.89557552337646,-0.72,1
113.31278562545776,-0.34,1
114.71424436569214,0.31,1
116.13070940971375,-0.14,1
117.55063843727112,-1.17,1
118.95657253265381,-0.86,1
120.37697625160217,-0.83,1
121.778151512146,-0.41,1
123.19423508644104,-0.52,1
124.6110029220581,-0.66,1
126.02414321899414,-0.03,1
127.44338512420654,-0.45,1
128.78700733184814,-0.59,1
130.20021295547485,-0.48,1
131.61205124855042,-0.07,1
133.01262068748474,-0.28,1
134.42961764335632,-0.48,1
135.84502530097961,0.0,1
137.24690103530884,-0.31,1
138.66074013710022,-0.59,1
140.08244490623474,0.0,1
141.48989987373352,-0.38,1
142.90969610214233,-0.55,1
144.32654285430908,-0.28,1
145.73022508621216,-0.07,1
147.14931106567383,-0.48,1
148.5507037639618,-0.62,1
149.96846103668213,-0.1,1
151.37960934638977,-0.41,1
152.80161261558533,-0.59,1
154.2061779499054,-0.24,1
155.62251019477844,-0.31,1
157.02568411827087,-0.66,1
158.4441785812378,-0.21,1
159.85336327552795,-0.45,1
161.20714926719666,-0.55,1
162.6210596561432,-0.69,1
163.9593744277954,-0.66,1
165.29742789268494,-0.69,1
166.65084791183472,-0.76,1
167.99066162109375,-0.28,1
169.3430199623108,-0.45,1
170.6756911277771,-0.55,1
172.01804614067078,-0.66,1
173.43468236923218,-0.59,1
174.77354073524475,-0.66,1
176.11868262290955,-0.76,1
177.47055053710938,-0.17,1
178.80668449401855,-0.52,1
180.14983439445496,-0.62,1
181.50384545326233,-0.66,1
182.84691905975342,-0.9,1
184.18515300750732,-0.76,1
185.60661792755127,-0.93,1
186.9506778717041,-0.45,1
188.28945207595825,-0.66,1
189.6282708644867,-0.83,1
191.04834008216858,-0.79,1
192.45277667045593,-1.48,1
193.80638074874878,0.07,1
195.21121668815613,-1.07,1
196.62727451324463,-0.83,1
197.9794521331787,-1.17,1
199.38088417053223,-0.93,1
200.73466563224792,-0.93,1
202.139000415802,-0.41,1
203.5598168373108,-0.79,1
204.96607303619385,-0.86,1
206.37990188598633,-0.28,1
207.79865407943726,-0.69,1
209.20150756835938,-0.62,1
210.61884450912476,-0.72,1
212.03617596626282,-0.52,1
213.438410282135,-0.83,1
214.85302710533142,-0.79,1
216.2684268951416,-0.48,1
217.6863911151886,-0.83,1
219.09955859184265,-0.86,1
220.43881583213806,-0.97,1
221.77985739707947,-1.0,1
223.12188529968262,-0.97,1
224.5383815765381,-0.55,1
225.9580602645874,-0.9,1
227.35981583595276,-0.9,1
