1.1185224056243896,-1.9,0
2.3620147705078125,-1.83,0
3.5733981132507324,-1.83,0
4.775790452957153,-1.83,0
9.366464853286743,81.59,1
10.712598323822021,67.52,1
12.11982798576355,65.45,1
13.522479772567749,64.31,1
14.867575645446777,63.86,1
16.28641676902771,63.66,1
23.598386526107788,-1.34,0
24.892422676086426,-1.38,0
26.21780300140381,-1.38,0
27.525992155075073,-1.45,0
28.82616925239563,-1.52,0
30.13423776626587,-1.59,0
31.44283699989319,-1.59,0
32.78347992897034,-1.69,0
37.37477946281433,-1.93,1
38.78364396095276,-1.31,1
40.129109382629395,-1.1,1
41.469855070114136,-1.24,1
42.88662385940552,-1.31,1
44.230270862579346,-1.31,1
45.56762170791626,-0.38,1
46.97636127471924,0.1,1
48.327988386154175,0.76,1
49.73611116409302,1.31,1
51.155702114105225,1.48,1
52.55876135826111,1.76,1
53.914552450180054,1.83,1
55.25446534156799,2.31,1
56.65921878814697,2.52,1
58.00055384635925,3.24,1
59.42143130302429,3.66,1
60.83870792388916,3.48,1
62.243096351623535,4.24,1
63.66151762008667,4.86,1
65.00689053535461,4.69,1
66.35438704490662,5.52,1
67.76185894012451,5.55,1
69.10038018226624,5.79,1
70.44099164009094,5.79,1
71.7981538772583,6.41,1
73.14118003845215,6.34,1
74.47893118858337,6.48,1
75.82091498374939,6.83,1
77.1624162197113,6.69,1
78.58988904953003,6.86,1
79.91792011260986,7.45,1
81.27360343933105,7.59,1
82.68487095832825,7.48,1
84.02748084068298,5.66,1
85.36905932426453,6.72,1
86.7127571105957,7.07,1
88.06054139137268,7.17,1
89.47382688522339,7.9,1
90.88510084152222,7.83,1
92.23012089729309,7.9,1
93.5660810470581,7.97,1
94.9124710559845,8.07,1
96.26574182510376,8.38,1
97.6098518371582,8.59,1
99.01353001594543,8.28,1
100.3522162437439,8.28,1
101.91210865974426,8.34,1
103.330242395401,8.72,1
