1.108752727508545,-1.79
2.3474924564361572,-1.79
3.565415859222412,-1.79
4.77577805519104,-1.86
5.978692531585693,-1.83
7.199078321456909,-1.83
8.633968353271484,-1.83
9.910712480545044,-1.83
11.121260166168213,-1.79
12.377676248550415,-1.9
13.615814447402954,-1.76
14.842905759811401,-1.72
16.385973691940308,-1.9
17.581965923309326,-1.83
18.7906711101532,-1.93
19.987387895584106,-1.9
21.194188833236694,-1.86
24.175275325775146,-3.93
25.587745189666748,-3.1
27.00059723854065,-2.66
28.41363501548767,-2.41
29.75763511657715,-2.24
31.17070984840393,-2.24
32.574445486068726,-2.1
33.98379039764404,-2.0
35.41146492958069,-2.14
36.82307457923889,-2.28
38.221659421920776,-2.24
39.63798379898071,83.0
41.048922300338745,105.66
42.465615034103394,109.9
43.81498718261719,100.17
45.21504211425781,78.14
46.62844944000244,60.38
47.97705030441284,46.72
49.38923239707947,36.24
50.80522608757019,28.72
52.217490911483765,22.0
53.624504804611206,17.69
55.03690528869629,14.17
56.450525522232056,11.38
57.84868288040161,9.1
59.2739622592926,7.34
60.67099666595459,6.0
62.08641505241394,6.1
63.51003575325012,6.52
64.92207407951355,7.34
66.32493805885315,7.86
67.74043774604797,8.72
69.15487837791443,8.76
70.56802868843079,9.9
71.98253035545349,10.1
73.33001518249512,10.07
74.73930406570435,9.69
76.07277607917786,9.45
77.48649907112122,9.28
78.9014151096344,10.66
80.31626462936401,10.38
81.72569394111633,10.1
83.15070223808289,10.17
84.5551872253418,10.34
85.9063069820404,10.07
87.31755018234253,9.86
88.728182554245,10.48
90.1438570022583,10.21
91.5569999217987,10.38
92.90158820152283,10.21
94.30467963218689,9.52
95.65758919715881,9.86
97.06881856918335,9.79
98.48117017745972,9.34
99.89148306846619,8.9
101.30060577392578,10.28
102.72436237335205,9.72
104.12686324119568,10.24
105.55123567581177,9.55
106.94879126548767,9.93
108.37548422813416,10.97
109.71062064170837,10.24
111.12752866744995,10.03
112.53859567642212,10.0
113.94979166984558,10.07
115.29800915718079,9.83
116.71056079864502,9.41
118.12118601799011,10.0
119.53159260749817,11.03
120.94134664535522,10.41
122.36544513702393,10.21
123.77514910697937,10.38
125.17820334434509,10.14
126.60411977767944,9.76
128.00482273101807,10.28
129.428692817688,9.9
130.84230661392212,9.93
132.25454473495483,9.72
133.66658329963684,10.52
135.08294558525085,10.31
136.49500727653503,10.62
137.90691566467285,10.45
139.3172481060028,9.76
140.73204374313354,10.38
142.14145135879517,9.62
143.5500612258911,10.03
144.95778489112854,10.21
146.37181329727173,9.9
147.79593181610107,9.48
149.1992061138153,10.1
150.61177015304565,10.55
152.03030395507812,10.24
153.4464943408966,9.86
154.859228849411,10.41
156.25745725631714,9.83
157.67676496505737,9.76
159.08930683135986,10.07
160.50669026374817,9.34
161.92283511161804,10.45
163.32269668579102,9.59
164.738126039505,10.45
166.09142112731934,9.55
167.49173521995544,10.38
168.9051387310028,9.52
