1.1040499210357666,-1.86,0
2.3481552600860596,-1.93,0
3.556131362915039,-1.93,0
4.757205963134766,-1.9,0
9.349298238754272,-4.97,1
10.762312650680542,-1.9,1
12.17435336112976,-1.07,1
13.575255632400513,-1.0,1
14.992246627807617,-0.21,1
16.408082246780396,-0.48,1
17.744470596313477,-0.45,1
19.097713232040405,-0.34,1
20.506587266921997,0.1,1
21.855693101882935,0.07,1
23.267303943634033,-0.28,1
24.61147928237915,-0.38,1
26.024070739746094,0.62,1
27.425243616104126,-0.14,1
28.84843921661377,0.55,1
30.258057355880737,0.31,1
31.674528121948242,0.34,1
33.08221411705017,0.1,1
34.489466428756714,0.76,1
35.90893244743347,0.28,1
37.257408618927,0.45,1
38.6653106212616,1.28,1
40.07551574707031,0.93,1
41.4268581867218,0.97,1
42.83174538612366,1.45,1
44.244383096694946,1.52,1
45.652886152267456,1.38,1
46.995272159576416,1.69,1
48.4161376953125,1.72,1
49.82414150238037,1.9,1
51.24981904029846,1.62,1
52.58143663406372,1.72,1
53.99565529823303,1.69,1
55.33673119544983,1.69,1
56.748478412628174,1.83,1
58.093262672424316,1.59,1
59.51255917549133,1.59,1
60.92321276664734,1.72,1
62.34028935432434,1.76,1
63.75837016105652,2.03,1
65.16870093345642,1.79,1
66.51479840278625,1.83,1
67.92860531806946,1.72,1
69.26923942565918,1.76,1
70.61297726631165,1.66,1
72.01980543136597,1.83,1
73.43455767631531,1.83,1
74.77480268478394,1.66,1
76.19001770019531,1.69,1
77.53217148780823,1.0,1
78.95389008522034,-0.14,1
80.35463404655457,-0.41,1
81.70117402076721,-0.72,1
83.12240958213806,-1.14,1
84.46951007843018,-1.48,1
85.86984133720398,-1.45,1
87.28712964057922,-1.52,1
88.6388692855835,-1.41,1
89.97782278060913,-1.41,1
91.38499784469604,-1.45,1
92.80589175224304,-1.48,1
94.1549780368805,-1.76,1
95.55334138870239,-1.66,1
96.97438740730286,-1.59,1
98.38788962364197,-1.59,1
99.79851841926575,-1.93,1
101.21135330200195,-1.93,1
102.62222170829773,-1.79,1
104.02977156639099,-1.79,1
105.44600248336792,-1.62,1
106.85833382606506,-1.28,1
108.27096390724182,-1.38,1
109.68832755088806,-1.41,1
111.03244829177856,-1.41,1
112.4457643032074,-1.41,1
113.796302318573,-1.48,1
115.20807552337646,-1.66,1
116.61374688148499,-1.62,1
118.03201007843018,-1.52,1
119.44110298156738,-1.62,1
120.85784888267517,-1.45,1
122.26175475120544,-1.55,1
123.68310618400574,-1.69,1
125.0920352935791,-1.72,1
126.50764513015747,-1.62,1
127.91768860816956,-1.66,1
129.2656810283661,-2.38,1
130.60203742980957,-2.41,1
132.01647996902466,-1.79,1
133.420414686203,-1.48,1
134.84827423095703,-1.55,1
136.24531388282776,-1.66,1
137.67186069488525,-1.69,1
139.08487462997437,-1.66,1
140.49313116073608,-1.52,1
