1.1107406616210938,-1.86,0
2.351245641708374,-1.9,0
3.5563344955444336,-1.9,0
4.757429361343384,-1.93,0
9.336734056472778,627.52,1
10.678427696228027,-3.07,1
12.08882212638855,4.62,1
13.487904071807861,6.62,1
14.906843900680542,5.9,1
16.324498891830444,5.45,1
17.66907811164856,5.21,1
19.009019374847412,5.14,1
20.34543538093567,4.69,1
21.68924570083618,5.07,1
23.043598413467407,5.38,1
24.38252568244934,5.03,1
25.804383516311646,5.28,1
27.20740842819214,5.21,1
28.6244957447052,5.66,1
30.038275003433228,5.72,1
31.455355167388916,5.76,1
32.855578899383545,5.62,1
34.2706503868103,5.72,1
