1.0981330871582031,-2.0,0
2.3370304107666016,-2.0,0
3.5412142276763916,-1.97,0
4.737028360366821,-2.03,0
9.299572944641113,-2.03,1
10.644211292266846,-2.0,1
11.988235235214233,-1.9,1
13.332027435302734,-2.0,1
14.66799283027649,-2.0,1
16.083375930786133,-2.03,1
17.42177391052246,-2.1,1
18.76872205734253,-1.97,1
20.107747077941895,-1.97,1
21.454148054122925,-2.07,1
22.801773071289062,-1.93,1
24.14567542076111,-1.97,1
25.496137142181396,-2.03,1
26.909191370010376,-2.0,1
28.24133801460266,-2.03,1
29.58459186553955,-1.97,1
30.937981128692627,-2.0,1
32.285008668899536,-2.03,1
33.623194456100464,-2.0,1
34.97303628921509,-1.97,1
36.37366962432861,-2.03,1
37.78371715545654,-2.07,1
