1.1101648807525635,7.45
2.3120996952056885,7.28
3.546797037124634,7.21
4.744564771652222,7.14
5.945635080337524,7.31
7.1463165283203125,7.38
11.714845180511475,7.34
13.140166282653809,8.1
14.553742408752441,10.52
15.965293645858765,13.41
17.304293632507324,17.21
18.652018547058105,20.97
19.98496651649475,25.38
21.329349994659424,29.76
22.743802070617676,33.93
24.092637538909912,38.1
25.50502300262451,41.45
26.909984827041626,44.93
28.321714162826538,47.69
29.734957933425903,50.07
31.141802072525024,51.55
32.55708074569702,53.0
33.906312704086304,53.62
35.24303579330444,53.76
36.596794843673706,53.41
38.007611989974976,53.24
39.34172773361206,52.1
40.69227647781372,51.28
42.026105642318726,50.28
43.37820506095886,48.66
44.71298623085022,47.24
46.062315702438354,45.76
47.477861642837524,43.45
48.874929428100586,41.45
50.29082751274109,39.66
51.645081996917725,37.93
53.04488253593445,36.72
54.39359450340271,35.86
55.79718041419983,35.17
57.146801233291626,34.28
58.5564444065094,34.34
59.96949625015259,34.34
61.37885785102844,34.69
62.73089599609375,34.97
64.13427805900574,35.41
65.48612260818481,35.93
66.82107782363892,36.66
68.1692247390747,37.0
69.50341606140137,37.38
70.91696405410767,38.31
72.33087134361267,38.69
73.68063974380493,39.24
75.01688051223755,39.9
76.36114764213562,40.45
77.69637489318848,40.9
79.0447928905487,41.24
80.39564728736877,41.69
81.80690407752991,42.03
83.20330333709717,42.07
84.5542893409729,42.14
85.96410965919495,42.34
87.37646126747131,42.21
88.72697353363037,42.28
90.05990266799927,42.07
91.47025513648987,41.93
92.8199679851532,41.48
94.16774845123291,41.38
95.50166606903076,41.31
96.90958547592163,41.07
98.25807023048401,40.66
99.67398977279663,40.52
101.08175539970398,39.9
102.49407863616943,39.62
103.9057126045227,39.69
105.25342011451721,39.59
106.66365551948547,39.48
108.06734108924866,39.45
109.47608757019043,39.21
110.82773303985596,39.55
112.16271018981934,39.41
113.57582688331604,39.28
114.99594759941101,39.41
116.41043782234192,39.17
117.82200384140015,38.93
119.23136281967163,39.38
120.64446949958801,39.34
122.04176259040833,39.55
123.46649312973022,39.62
124.86842751502991,39.97
126.28764128684998,39.97
127.69971776008606,39.97
129.04768085479736,40.0
130.37823295593262,40.31
131.72942113876343,40.41
133.14467358589172,40.21
134.479740858078,40.48
135.88577508926392,40.66
137.23734664916992,40.41
138.58329248428345,40.45
139.92542791366577,40.0
141.33425188064575,40.17
142.6707808971405,39.83
144.08446884155273,39.83
145.43677926063538,39.59
146.77239966392517,40.03
148.18551969528198,40.45
149.53336215019226,41.1
150.86593103408813,41.0
152.27549409866333,40.86
153.68728113174438,40.55
155.09836268424988,40.41
156.52237033843994,39.97
157.93218183517456,39.86
159.26496410369873,39.83
160.62056374549866,39.97
161.9510407447815,39.28
163.30552196502686,39.38
164.64090037345886,39.34
166.0576093196869,39.07
167.39637279510498,39.62
168.73591327667236,40.07
170.08363890647888,40.14
171.4326047897339,40.72
172.76646828651428,40.72
174.11719226837158,40.97
175.4569923877716,41.21
176.80110955238342,41.17
178.20992708206177,41.1
179.5589153766632,41.17
180.89404034614563,41.21
182.24225974082947,41.1
183.57841777801514,41.14
184.9268319606781,40.66
186.26289319992065,40.34
187.6108205318451,39.97
189.02099561691284,39.66
190.36900401115417,39.07
191.70389938354492,38.97
193.0512411594391,39.24
194.46329379081726,39.21
201.7868640422821,7.45
203.08863353729248,7.41
204.4056215286255,7.48
205.73910331726074,7.31
207.0398633480072,7.52
208.34314441680908,7.45
209.64436292648315,7.31
210.94568634033203,7.34
215.53405857086182,3.59
216.87001657485962,14.72
218.28482961654663,26.07
219.63144969940186,33.17
221.04162001609802,34.93
222.39190125465393,41.38
223.72552251815796,42.45
225.0736837387085,43.38
226.41748476028442,37.24
227.75018525123596,36.0
229.16091060638428,35.48
230.5057671070099,35.9
231.84716176986694,35.83
233.19720649719238,39.41
234.60872626304626,36.93
235.9499490261078,36.0
237.36058592796326,39.03
238.77312922477722,40.0
240.18334221839905,40.79
241.59313344955444,40.38
243.00125527381897,40.76
244.35342526435852,40.83
245.76634645462036,40.62
247.10059309005737,37.93
248.44953680038452,40.24
249.85944604873657,41.1
251.27278590202332,38.0
252.61935949325562,40.38
254.0296287536621,41.24
255.44362878799438,38.34
256.84835028648376,38.14
258.265257358551,37.86
259.6762306690216,37.97
261.02226853370667,37.45
262.4201340675354,37.9
263.83205914497375,37.69
265.2445104122162,38.0
266.5878937244415,37.45
267.9346652030945,41.21
269.34734559059143,38.55
270.75947165489197,41.62
272.10708117485046,42.69
273.5184473991394,43.41
274.93114137649536,38.79
276.3388772010803,44.0
277.74993991851807,44.72
279.1633298397064,38.55
280.57437324523926,45.03
281.92136907577515,46.24
283.2546536922455,47.14
284.60398864746094,41.07
285.952223777771,45.62
287.36315989494324,38.76
288.77699065208435,38.24
290.1868369579315,37.38
291.5997107028961,45.24
292.99699664115906,45.62
294.4230637550354,40.66
295.8200948238373,39.28
297.23562002182007,38.79
298.6482446193695,38.45
299.99500155448914,39.14
301.40852761268616,43.41
302.8207321166992,38.79
304.2314624786377,35.66
305.63981795310974,34.48
307.05004596710205,40.72
308.4637212753296,28.69
309.8774108886719,25.31
311.29192185401917,35.24
312.7046022415161,34.34
314.0364918708801,33.79
315.4632239341736,42.1
316.8742883205414,43.17
318.2858512401581,43.14
319.6214818954468,39.45
321.03125190734863,41.59
322.44283866882324,41.24
323.79022789001465,43.45
325.13734316825867,37.31
326.53599309921265,34.76
327.88366651535034,38.79
329.2317249774933,36.38
330.5655822753906,38.62
331.9145739078522,39.9
333.3280875682831,40.72
334.7383053302765,41.69
336.08649611473083,41.59
337.41701769828796,41.79
338.76366114616394,41.1
340.1751618385315,42.0
341.527800321579,36.9
342.86189794540405,40.48
344.20947098731995,41.17
345.61969017982483,37.28
346.9671974182129,40.76
348.3019642829895,41.07
349.65104722976685,37.48
351.00091218948364,36.34
352.33750557899475,37.07
353.68522024154663,37.62
355.09426736831665,40.52
356.50734090805054,38.9
