1.104630708694458,-2.0,0
2.348517417907715,-1.93,0
3.561145544052124,-2.0,0
4.762137174606323,-1.9,0
5.969811916351318,-2.0,0
7.307494401931763,-2.03,0
8.585144996643066,-2.0,0
9.841808080673218,-2.0,0
11.059061527252197,-2.0,0
12.608247995376587,-1.83,0
13.826589584350586,-2.0,0
15.03116226196289,-2.0,0
1.1080472469329834,-1.9,0
2.320180654525757,-1.9,0
3.520935297012329,-1.93,0
4.711869478225708,-1.93,0
5.908171653747559,-1.97,0
7.151219606399536,-1.9,0
8.348678827285767,-1.93,0
9.550721168518066,-1.9,0
10.756870746612549,-1.86,0
11.961862564086914,-1.9,0
13.174840688705444,-1.86,0
14.389819860458374,-1.9,0
15.639797687530518,-1.97,0
20.230170249938965,103.86,1
21.64232611656189,56.93,1
22.9840087890625,37.59,1
24.395644903182983,33.41,1
25.807718515396118,28.55,1
27.219727039337158,28.0,1
28.632216930389404,27.28,1
30.04375147819519,27.66,1
31.455517053604126,29.17,1
32.797034740448,26.97,1
34.14195942878723,24.0,1
35.483814001083374,27.97,1
36.82750153541565,29.83,1
38.16913866996765,28.97,1
39.51335048675537,29.38,1
40.92461562156677,27.72,1
42.26746892929077,28.62,1
43.611783504486084,28.55,1
44.95262408256531,28.66,1
46.29724717140198,28.59,1
47.63906526565552,28.66,1
48.9824104309082,28.59,1
50.32507300376892,28.59,1
51.73675036430359,28.76,1
53.14751076698303,28.69,1
54.4910991191864,28.76,1
55.902957916259766,28.55,1
57.24604249000549,28.66,1
58.65702557563782,28.62,1
60.06743597984314,28.59,1
61.41098213195801,28.72,1
62.822930335998535,28.62,1
64.23385620117188,28.79,1
65.57789540290833,28.66,1
66.9198853969574,28.52,1
68.26499509811401,28.59,1
69.6068058013916,28.69,1
70.94938898086548,28.9,1
72.29324698448181,28.62,1
73.704745054245,27.0,1
75.04875612258911,26.48,1
76.39170527458191,26.76,1
77.80269718170166,26.9,1
79.14690232276917,27.0,1
80.48860955238342,27.03,1
81.83325386047363,27.14,1
83.17559671401978,27.28,1
84.58756923675537,27.38,1
85.99844765663147,27.55,1
87.34161972999573,27.62,1
88.6844642162323,27.31,1
90.09607148170471,27.34,1
91.43753290176392,27.38,1
92.78143954277039,27.48,1
94.19194984436035,25.0,1
95.5353856086731,29.0,1
96.87861943244934,37.38,1
98.22216820716858,65.38,1
99.56419229507446,47.62,1
100.9751570224762,5.07,1
102.38617968559265,1.76,1
103.72973155975342,177.07,1
105.14120554924011,51.97,1
106.55358219146729,34.93,1
107.96610927581787,27.45,1
109.30913066864014,27.9,1
110.65311288833618,27.93,1
111.99604058265686,28.45,1
113.40823340415955,28.41,1
114.75102043151855,28.38,1
116.16200876235962,28.69,1
117.57203984260559,28.41,1
118.9846351146698,28.55,1
120.3948564529419,28.9,1
121.80583477020264,28.45,1
123.21785259246826,28.62,1
124.62965202331543,28.86,1
125.97275853157043,28.66,1
127.38421940803528,28.55,1
128.72676634788513,28.52,1
130.13908553123474,29.66,1
131.55173683166504,28.97,1
132.89371061325073,28.76,1
134.30485320091248,28.79,1
135.64862823486328,28.69,1
136.9910385608673,28.86,1
138.4021921157837,28.69,1
139.7448070049286,28.9,1
141.15756511688232,28.48,1
142.56854128837585,28.31,1
149.90090775489807,-2.21,0
