1.115135908126831,-2.14,0
2.3499948978424072,-2.24,0
3.552030324935913,-2.14,0
4.75006628036499,-2.17,0
9.325196266174316,4.83,1
10.731953620910645,5.0,1
12.141664743423462,11.31,1
13.558950424194336,18.62,1
14.89769697189331,24.38,1
16.314647436141968,27.97,1
17.726980924606323,27.62,1
19.075745105743408,26.21,1
20.42059350013733,25.1,1
21.75274658203125,26.76,1
23.102411031723022,26.97,1
24.50685977935791,28.31,1
25.925848960876465,27.17,1
27.331300497055054,25.1,1
28.758390188217163,33.59,1
30.165706634521484,37.34,1
31.572011709213257,33.0,1
32.996591091156006,25.76,1
34.39665508270264,38.24,1
35.80767059326172,32.34,1
37.15455961227417,26.9,1
38.57725501060486,28.9,1
39.98138785362244,25.9,1
41.39161515235901,27.41,1
42.80358290672302,24.97,1
44.22178864479065,28.31,1
45.62771439552307,25.24,1
46.98131346702576,28.9,1
48.3837149143219,25.79,1
49.727128982543945,29.07,1
51.136025190353394,25.76,1
52.54943299293518,28.97,1
53.89071083068848,25.55,1
55.30286240577698,28.93,1
56.72901153564453,29.14,1
58.13040328025818,28.31,1
59.54728603363037,29.1,1
60.958266496658325,28.79,1
62.37183403968811,29.07,1
63.78571176528931,27.62,1
65.19557094573975,26.59,1
66.54086828231812,27.72,1
67.86796426773071,26.97,1
69.29592800140381,32.69,1
70.63998651504517,34.24,1
71.97066307067871,33.52,1
73.31808400154114,34.69,1
74.66910791397095,37.24,1
76.07016468048096,36.03,1
77.42539429664612,34.14,1
78.83226037025452,29.62,1
80.23439025878906,30.69,1
81.58018398284912,28.17,1
82.9332070350647,29.69,1
84.34127616882324,27.03,1
85.67603063583374,28.9,1
87.10015344619751,26.28,1
88.43349003791809,28.03,1
89.779376745224,28.72,1
91.18976044654846,23.03,1
92.6030764579773,27.34,1
94.02158093452454,29.55,1
95.36265921592712,29.1,1
96.77519130706787,28.41,1
104.07413649559021,-1.62,0
105.38492321968079,-1.79,0
106.73321580886841,-1.9,0
108.04837393760681,-1.93,0
109.36200761795044,-1.97,0
110.68090915679932,-1.97,0
111.97371482849121,-2.0,0
113.30072379112244,-2.03,0
117.88644242286682,34.07,1
119.29886507987976,29.31,1
120.7203438282013,35.48,1
122.13547158241272,38.14,1
123.54828405380249,51.59,1
124.8774778842926,49.1,1
126.29376077651978,46.69,1
127.70967483520508,46.1,1
129.1163182258606,38.03,1
130.52640628814697,48.93,1
131.9447684288025,60.86,1
133.35639238357544,71.17,1
134.76974201202393,46.93,1
136.17665719985962,45.21,1
137.58512544631958,139.69,1
139.0013506412506,110.28,1
140.41350054740906,85.31,1
141.82161736488342,74.14,1
143.24294924736023,74.66,1
144.6560881137848,-123.9,1
146.06151056289673,0.38,1
147.48253321647644,-1.38,1
148.89331102371216,44.28,1
150.30620217323303,-1.38,1
151.71638417243958,1.97,1
153.04866552352905,1.86,1
154.47428441047668,1.79,1
155.88352251052856,1.28,1
157.29281091690063,-3.28,1
158.7089819908142,-10.41,1
160.12476229667664,-83.1,1
161.46871519088745,-1100.0,1
162.87933373451233,14.38,1
164.28777480125427,-3.28,1
165.6349060535431,-3.17,1
167.04284501075745,-3.03,1
168.39516282081604,-2.72,1
169.8085377216339,105.38,1
