1.103841781616211,-1.97,0
2.3474855422973633,-2.03,0
3.5588948726654053,-1.9,0
4.755732297897339,-2.03,0
5.96150803565979,-1.97,0
7.168851852416992,-1.97,0
11.731850862503052,-1.93,1
13.156291007995605,-1.9,1
14.568198680877686,-2.0,1
15.98149061203003,-2.03,1
17.31927227973938,-1.9,1
18.659627199172974,-1.93,1
20.001031637191772,-2.03,1
21.356815814971924,-0.79,1
22.700475931167603,2.0,1
24.103609561920166,3.66,1
25.519712686538696,5.28,1
26.934337377548218,6.72,1
28.339756965637207,8.21,1
29.688567399978638,9.48,1
31.104532480239868,10.76,1
32.44817900657654,11.66,1
33.78732180595398,12.72,1
35.131433725357056,13.79,1
36.470229625701904,14.76,1
37.88535451889038,15.48,1
39.226738691329956,16.34,1
40.580599546432495,17.07,1
41.92144012451172,17.69,1
43.26002812385559,18.48,1
44.60484027862549,18.93,1
45.94332146644592,19.62,1
47.2955048084259,20.0,1
48.70342540740967,20.69,1
50.04630708694458,20.97,1
51.397613525390625,21.48,1
52.735307455062866,21.9,1
54.07874131202698,22.21,1
55.425800800323486,22.55,1
56.778603076934814,23.1,1
58.17989158630371,23.31,1
59.53541088104248,23.69,1
60.87424659729004,23.86,1
62.212642431259155,24.28,1
69.5136034488678,-1.52,0
70.80842351913452,-1.55,0
72.1150369644165,-1.62,0
73.40819215774536,-1.52,0
74.71835350990295,-1.59,0
76.05508184432983,-1.66,0
77.34623718261719,-1.59,0
78.63894844055176,-1.62,0
83.20020699501038,40.66,1
84.55522084236145,31.62,1
85.89340662956238,29.97,1
87.23346042633057,29.14,1
88.6529905796051,28.83,1
89.99887347221375,29.34,1
91.33762574195862,28.76,1
92.69050645828247,29.1,1
94.02800846099854,28.72,1
95.374356508255,29.24,1
96.71544981002808,29.31,1
98.13248801231384,28.76,1
99.54238557815552,29.03,1
100.8814697265625,28.76,1
102.23508548736572,29.07,1
103.57652544975281,28.59,1
104.97689270973206,28.48,1
106.33016896247864,28.14,1
107.74288058280945,28.38,1
109.14748334884644,29.17,1
110.56558132171631,28.52,1
111.90535712242126,28.38,1
113.32123637199402,28.66,1
114.65995693206787,29.07,1
116.06959176063538,28.48,1
117.48961901664734,28.59,1
118.89287257194519,28.79,1
120.31304669380188,28.83,1
121.71973657608032,29.03,1
123.07492542266846,28.52,1
124.4874575138092,28.55,1
125.82135105133057,28.45,1
127.1625485420227,28.72,1
128.51550316810608,28.62,1
129.85885739326477,28.38,1
131.2582893371582,28.31,1
132.67665076255798,28.9,1
134.01905870437622,28.45,1
135.42947673797607,28.79,1
136.77554655075073,28.41,1
138.19547748565674,28.76,1
139.60771536827087,28.24,1
140.94043254852295,28.76,1
142.35918140411377,28.1,1
143.7637746334076,27.69,1
145.1815845966339,26.97,1
146.59894466400146,27.34,1
153.90645003318787,-1.97,0
155.216872215271,-1.97,0
156.52141523361206,-1.93,0
157.83124208450317,-2.03,0
159.17087841033936,-1.86,0
160.46491622924805,-1.93,0
161.7705738544464,-1.93,0
163.07664251327515,-1.9,0
164.36816120147705,-1.93,0
165.67067098617554,-1.93,0
166.9773805141449,-1.86,0
168.2672402858734,-1.86,0
169.58834099769592,-2.03,0
170.88862895965576,-1.9,0
172.1738097667694,-2.03,0
173.47937655448914,-1.93,0
178.0668499469757,40.72,1
179.40353631973267,31.9,1
180.75939226150513,29.69,1
182.09566712379456,28.76,1
183.43669891357422,29.1,1
184.85303449630737,28.76,1
186.20203948020935,28.69,1
187.54183626174927,28.66,1
188.88048791885376,28.9,1
190.22690987586975,28.59,1
191.57060289382935,28.79,1
192.91623210906982,28.72,1
194.25559449195862,28.76,1
195.67568039894104,28.83,1
197.0875117778778,28.76,1
198.43363857269287,28.86,1
199.775235414505,28.79,1
201.11539483070374,28.83,1
202.45685291290283,28.28,1
203.87588238716125,29.0,1
205.2132556438446,28.93,1
206.62966775894165,29.07,1
207.96188879013062,29.0,1
209.38777661323547,28.79,1
210.73126745224,28.76,1
212.14189910888672,29.07,1
213.47132182121277,29.14,1
214.82744765281677,29.1,1
216.16599369049072,28.52,1
217.58442950248718,29.34,1
218.9230625629425,29.07,1
220.26184916496277,29.31,1
221.60141515731812,29.17,1
223.01922273635864,29.17,1
224.35676503181458,29.24,1
225.71059226989746,29.1,1
227.12068819999695,29.17,1
228.4591360092163,29.24,1
229.7936441898346,29.28,1
231.21578097343445,29.21,1
232.55702304840088,29.28,1
233.89701342582703,29.17,1
235.23441195487976,29.28,1
236.58123564720154,29.24,1
237.99463725090027,29.0,1
239.39702153205872,28.59,1
240.74039840698242,28.0,1
248.066561460495,-2.03,0
249.36612701416016,-2.03,0
250.67953968048096,-2.07,0
251.97666931152344,-2.1,0
253.33190298080444,-2.07,0
254.63471961021423,-2.03,0
255.94000244140625,-2.03,0
257.2497134208679,-2.03,0
258.55798530578613,-2.07,0
259.8787622451782,-2.03,0
261.184606552124,-2.1,0
262.4859631061554,-2.07,0
263.83163189888,-2.1,0
265.1400878429413,-2.03,0
266.4532775878906,-2.14,0
267.75449776649475,-2.14,0
272.33215403556824,40.86,1
273.6668803691864,32.69,1
275.0101890563965,30.76,1
276.36426067352295,30.24,1
277.7722179889679,29.93,1
279.10846042633057,29.93,1
280.5323557853699,29.69,1
281.8711144924164,29.72,1
283.2095878124237,29.79,1
284.54932594299316,29.69,1
285.9744608402252,29.62,1
287.31577253341675,29.34,1
288.7167081832886,29.38,1
290.1400852203369,29.45,1
291.5395848751068,34.93,1
292.95674777030945,46.72,1
294.2946207523346,43.0,1
295.7179229259491,41.79,1
297.12925457954407,42.07,1
298.47235321998596,47.38,1
299.87558794021606,46.34,1
301.2281517982483,45.72,1
302.6326310634613,53.03,1
304.0371358394623,54.17,1
305.45674657821655,53.34,1
306.87393140792847,52.93,1
308.28093934059143,52.55,1
309.69062781333923,55.14,1
311.03321290016174,60.79,1
312.3753798007965,60.83,1
313.7967917919159,60.31,1
315.1972496509552,60.0,1
316.619784116745,59.93,1
318.01901721954346,60.28,1
319.4394154548645,60.34,1
320.8387920856476,59.86,1
322.1930801868439,60.0,1
323.5346369743347,59.9,1
324.87408995628357,65.62,1
326.21512269973755,64.24,1
327.5555307865143,63.66,1
328.90016412734985,63.52,1
330.249835729599,63.83,1
331.6656596660614,63.52,1
333.000834941864,63.9,1
334.3397569656372,63.86,1
335.6917018890381,63.79,1
337.0310800075531,64.07,1
338.36957025527954,63.93,1
339.72220182418823,64.03,1
341.0620994567871,63.62,1
342.46218824386597,63.9,1
343.8168957233429,63.97,1
345.1471149921417,63.59,1
352.4654459953308,-2.24,0
353.7707862854004,-2.21,0
355.09021949768066,-2.21,0
356.3999192714691,-2.1,0
357.6933858394623,-2.17,0
359.03428506851196,-2.21,0
360.3428010940552,-2.14,0
361.6545250415802,-2.1,0
366.2419011592865,86.03,1
367.5827226638794,69.79,1
368.9921793937683,66.45,1
370.3331952095032,65.0,1
371.68779492378235,64.55,1
373.0909307003021,64.31,1
374.5114817619324,64.21,1
375.85620760917664,63.97,1
383.1685619354248,-2.21,0
384.47684240341187,-2.17,0
385.7773275375366,-2.21,0
387.0702397823334,-2.28,0
388.37744879722595,-2.14,0
389.7162959575653,-2.17,0
391.0149681568146,-2.14,0
392.31346368789673,-2.21,0
393.52678322792053,-2.24,0
394.7252690792084,-2.21,0
395.924293756485,-2.28,0
397.13486194610596,-2.14,0
398.33485412597656,-2.24,0
399.5954055786133,-2.17,0
