1.1071665287017822,-1.9,0
2.3462390899658203,-1.86,0
3.5553414821624756,-1.93,0
4.762319564819336,-1.97,0
5.973996877670288,-1.9,0
10.566866159439087,-12.62,1
11.979842901229858,-2.52,1
13.393178701400757,-0.21,1
14.805448055267334,1.24,1
16.213501453399658,-0.9,1
17.554182529449463,1.14,1
18.97316265106201,-1.07,1
20.313194513320923,1.07,1
21.732418060302734,-1.0,1
23.076642274856567,-1.38,1
24.48301649093628,0.07,1
25.892978191375732,-1.21,1
27.311189889907837,0.93,1
28.65143322944641,-1.0,1
30.069227695465088,0.76,1
31.472668647766113,-1.03,1
32.89332866668701,0.66,1
34.301740884780884,-0.9,1
35.64384341239929,0.79,1
36.98682951927185,-1.1,1
38.40374493598938,-1.52,1
39.754687786102295,0.0,1
41.15554690361023,-0.59,1
42.570307970047,-1.55,1
43.991077184677124,-0.21,1
45.39457297325134,1.1,1
46.816412925720215,-0.83,1
48.22486138343811,-1.45,1
49.64019799232483,-0.21,1
51.04156017303467,-1.07,1
52.458988428115845,0.28,1
53.87704300880432,1.41,1
55.29395914077759,-0.83,1
56.69604563713074,0.69,1
58.10664176940918,-0.97,1
59.52841830253601,0.41,1
60.932167291641235,-1.1,1
62.35140800476074,-1.55,1
63.755837202072144,-0.24,1
65.17345786094666,-1.34,1
66.58222508430481,-1.59,1
67.99790811538696,-0.45,1
69.4150824546814,-1.31,1
70.83079266548157,0.34,1
72.23399806022644,-1.17,1
73.65165185928345,0.17,1
75.06864047050476,-1.0,1
76.47233653068542,0.28,1
77.8968095779419,-3.48,1
79.29902005195618,132.55,1
80.7151780128479,50.45,1
82.12848782539368,27.07,1
83.54481935501099,15.62,1
84.95192956924438,-161.45,1
86.35878014564514,80.9,1
87.77826380729675,24.14,1
89.18783259391785,3.79,1
90.60907411575317,1.9,1
92.02240705490112,-6.0,1
93.42392897605896,-2.21,1
94.8477635383606,3.38,1
96.18831825256348,-2.21,1
97.60418272018433,0.0,1
99.02252316474915,-0.55,1
100.43125772476196,1.72,1
101.84880423545837,114.14,1
103.25573921203613,41.38,1
104.67059588432312,453.1,1
111.97791838645935,-215.34,0
113.28663468360901,-49.59,0
114.59900164604187,-3.21,0
115.92249321937561,-2.72,0
117.24655866622925,-2.48,0
118.60427284240723,-2.41,0
119.91465091705322,-2.24,0
121.22742772102356,-2.24,0
125.84007358551025,-8.31,1
127.24296426773071,-0.59,1
128.6590838432312,8.38,1
130.0764992237091,1099.97,1
131.49129390716553,746.52,1
132.90607380867004,262.21,1
140.19344305992126,-23.52,0
141.51627230644226,-24.83,0
142.83172607421875,-39.1,0
144.14333057403564,-195.93,0
145.46697902679443,-38.38,0
146.77742958068848,-103.03,0
148.14903283119202,4.1,0
149.4575252532959,-1.52,0
154.06646490097046,-11.17,1
155.48423719406128,-1.45,1
156.893620967865,0.45,1
158.29982614517212,2.0,1
159.71936750411987,1.72,1
161.12206363677979,2.0,1
162.53141403198242,1.66,1
163.95460891723633,1.93,1
165.3637821674347,1.59,1
166.78420615196228,1.83,1
168.19352173805237,1.48,1
169.5341374874115,1.34,1
170.8749167919159,1.93,1
172.29359006881714,1.66,1
173.70457983016968,1.86,1
175.0443902015686,1.55,1
176.4639859199524,1.83,1
177.8677520751953,2.03,1
179.29498982429504,1.62,1
180.7026960849762,1.79,1
182.11084580421448,1.34,1
183.5320188999176,1.76,1
184.86970806121826,1.34,1
186.21024632453918,1.79,1
187.618572473526,1.0,1
188.97716641426086,1.72,1
190.37832140922546,1.14,1
191.73157501220703,1.69,1
193.07721138000488,1.03,1
194.48220419883728,0.55,1
195.9016604423523,2.72,1
197.3086133003235,0.38,1
198.72212314605713,1.79,1
200.13883423805237,2.03,1
201.5413384437561,1.07,1
202.96138191223145,1.34,1
204.37862849235535,0.66,1
205.79066705703735,1.31,1
