1.1143767833709717,-1.0
2.3224663734436035,-1.1
3.559570074081421,-1.14
4.762587070465088,-1.03
5.956483840942383,-1.0
7.169735908508301,-1.07
8.381649017333984,-1.07
12.97035813331604,2.31
14.389822483062744,2.41
15.800729990005493,2.48
17.21373748779297,2.69
18.557539224624634,14.21
19.890641927719116,19.69
21.242371320724487,25.45
22.580018758773804,31.1
23.92963933944702,33.66
25.264063596725464,38.07
26.686452627182007,40.0
28.099399089813232,40.45
29.5155246257782,40.31
30.916138887405396,40.31
32.33014988899231,40.38
33.67897582054138,40.48
35.01317811012268,37.24
36.36349630355835,39.31
37.77359199523926,40.14
39.106987953186035,40.34
40.45860147476196,40.52
41.79319620132446,37.14
43.21801829338074,39.41
44.624523401260376,40.14
45.96000695228577,40.52
47.30833721160889,40.55
48.723154067993164,37.41
50.12905168533325,39.76
51.549115896224976,40.31
52.95964980125427,40.59
54.36194181442261,40.55
55.71191048622131,40.76
57.125962018966675,40.59
58.46057844161987,40.45
59.87431716918945,40.38
61.287599325180054,40.66
62.697662591934204,40.59
64.11503195762634,40.69
65.45146322250366,37.41
66.7914674282074,39.62
68.13968443870544,40.38
69.47925758361816,40.79
70.89336657524109,40.48
72.23205804824829,40.45
73.58383393287659,40.66
74.92006731033325,40.72
76.27281069755554,40.83
77.6194076538086,41.07
79.02559232711792,37.66
80.43802905082703,39.93
81.85687637329102,40.24
89.14141201972961,2.34
90.44382238388062,2.38
91.76267600059509,2.38
93.06661534309387,2.28
94.37175393104553,2.28
95.67487239837646,2.31
97.02018094062805,2.28
98.32439517974854,2.21
102.93348741531372,2.24
104.34590077400208,2.21
105.75768089294434,13.93
107.16723799705505,30.9
108.57994508743286,45.93
109.98237085342407,63.21
111.39684128761292,77.07
112.82177329063416,92.14
114.23446249961853,106.69
115.6464216709137,112.38
117.04603266716003,115.17
118.45938205718994,116.52
119.87328767776489,118.34
121.28650879859924,121.14
122.69594597816467,118.9
124.11577296257019,117.93
125.52009892463684,117.62
126.92390489578247,117.83
128.33632397651672,121.03
129.75066757202148,122.17
131.16612577438354,119.45
132.58704233169556,121.79
133.99261569976807,119.31
135.4049210548401,121.79
136.81357836723328,122.62
138.2235074043274,122.83
139.63903617858887,120.0
141.05021452903748,118.72
142.46513557434082,118.48
143.8758475780487,118.48
145.28895258903503,121.45
146.70161843299866,122.55
148.10168433189392,119.62
149.51787185668945,119.17
150.93073844909668,118.34
152.3487901687622,118.48
153.76018404960632,121.66
155.17213892936707,119.45
156.57927656173706,118.52
157.98015880584717,118.41
159.40533304214478,121.86
160.80860590934753,119.17
162.15955471992493,118.55
163.57259845733643,118.17
164.97132229804993,121.07
166.39196634292603,119.38
167.73691391944885,118.59
169.15079760551453,118.69
170.54905724525452,118.21
171.96879148483276,121.24
179.26836681365967,1.41
180.58545017242432,1.48
181.93487119674683,1.41
183.23427200317383,1.52
184.5411775112152,1.55
185.84370374679565,1.48
187.16139245033264,1.48
188.46415495872498,1.48
193.0538408756256,1.76
194.4637291431427,1.79
195.8780641555786,1.79
197.27871680259705,1.76
198.69205403327942,1.76
200.10507678985596,1.79
201.52029943466187,1.83
202.94067764282227,1.79
204.34439039230347,1.79
205.7615556716919,1.79
207.17591786384583,1.79
208.59347939491272,1.76
209.9934310913086,1.79
211.4093918800354,1.79
212.81612610816956,1.76
214.23576712608337,1.79
215.64679551124573,1.76
217.06335759162903,1.86
218.472421169281,1.79
219.8952054977417,2.1
221.30808234214783,1.69
222.65231347084045,1.79
224.05052018165588,1.79
225.39969849586487,1.86
226.81471943855286,1.97
228.16404032707214,1.76
229.50223064422607,1.79
230.9211220741272,1.83
232.33230829238892,1.72
233.74584770202637,1.83
235.1564495563507,1.76
236.5728416442871,1.79
237.98552346229553,1.79
239.32087349891663,1.83
240.73202896118164,1.79
242.15534615516663,1.79
243.55521965026855,1.86
244.9698531627655,1.83
246.39577460289001,1.69
247.80415201187134,1.97
249.21125555038452,1.76
250.6191041469574,1.79
252.03206396102905,1.76
253.44807744026184,1.79
254.85910177230835,1.76
256.2786064147949,1.83
257.68686270713806,-2.76
259.09635400772095,3.28
260.5082325935364,2.34
261.92168164253235,0.59
263.3428964614868,1.59
264.6788320541382,1.76
266.0903697013855,1.76
267.5031588077545,1.38
268.9216265678406,1.45
270.3404538631439,1.31
271.7525200843811,3.83
273.15409874916077,1.17
274.5762813091278,2.76
275.98112201690674,2.28
277.4027895927429,6.55
278.8155596256256,4.69
280.2273190021515,4.76
281.64155435562134,4.59
283.04400992393494,4.93
284.457998752594,3.34
285.87027287483215,3.31
287.2827785015106,2.38
288.70079255104065,2.48
290.1130621433258,2.59
291.5294144153595,2.21
292.9425377845764,2.83
294.34590554237366,4.97
295.7636902332306,9.97
297.1749918460846,5.76
298.59068179130554,4.9
300.0055351257324,9.86
301.4206283092499,13.66
302.8228511810303,16.34
304.2428970336914,14.69
305.655020236969,11.93
307.0678861141205,1.31
308.48299384117126,7.03
309.882931470871,3.17
311.2954144477844,1.93
312.70857524871826,0.83
314.1221103668213,4.66
315.5364193916321,1.76
316.96034026145935,1.83
