1.098931074142456,6.48
2.314016103744507,6.52
3.5512704849243164,6.52
4.750345468521118,6.52
9.333048105239868,0.07
10.66484260559082,0.03
12.078250169754028,0.0
13.488336563110352,0.0
14.912111043930054,0.0
16.310651540756226,-0.07
17.659937381744385,-0.07
19.00076675415039,-0.24
20.354103326797485,-0.14
21.76129984855652,-0.14
23.110095739364624,-0.21
24.52018928527832,-0.14
25.93541121482849,-0.21
27.35060214996338,-0.28
28.750120401382446,-0.28
30.167454719543457,-0.07
31.589475631713867,-0.17
33.00203347206116,-0.21
34.41438007354736,-0.28
35.821064710617065,-0.31
37.22987985610962,-0.28
