1.1131198406219482,8.1
2.32314395904541,8.0
3.5500333309173584,8.0
4.745700359344482,8.07
9.313667297363281,7.97
10.65717077255249,7.97
12.072406768798828,8.86
13.484812259674072,11.28
14.8851957321167,16.07
16.30041766166687,23.52
17.71237015724182,33.66
19.053022861480713,45.79
20.468204498291016,59.93
21.816524028778076,73.21
23.232012510299683,86.97
24.636911392211914,101.1
25.975284337997437,114.48
27.38707399368286,126.72
28.804486989974976,138.34
30.22164225578308,147.72
31.617974042892456,155.28
33.03359842300415,160.79
34.4453911781311,164.03
35.859182834625244,164.83
37.275386095047,163.34
38.690401792526245,160.07
40.09040355682373,155.55
41.50306844711304,150.34
42.91535234451294,144.0
44.325944662094116,137.9
45.7417688369751,131.34
47.08955931663513,124.93
48.491870403289795,118.66
49.904319047927856,113.55
51.33031415939331,108.79
52.740243673324585,105.21
54.152183532714844,102.93
55.55374097824097,101.28
56.968260526657104,100.69
58.384615421295166,100.62
59.78940987586975,101.83
61.208640575408936,103.72
62.6171019077301,106.17
64.03302645683289,108.97
65.44427490234375,111.86
66.8494713306427,115.07
68.2573094367981,117.69
69.67713403701782,120.28
71.08852219581604,122.97
72.50121903419495,125.07
73.91422843933105,126.97
75.31165981292725,127.86
76.72359538078308,128.66
78.13564538955688,128.76
85.45166993141174,7.69
86.80124425888062,7.83
88.11982798576355,7.79
89.44350409507751,7.86
90.76563262939453,7.9
92.08666253089905,7.79
93.40698385238647,7.93
