1.1199908256530762,1.83
2.32759952545166,1.83
3.5383517742156982,1.83
4.742882490158081,1.83
9.353932857513428,1.83
10.76757526397705,1.76
12.178828954696655,1.79
13.590055227279663,1.79
14.999029159545898,2.07
16.414870023727417,3.41
17.828229427337646,5.59
19.228314638137817,7.76
20.655036687850952,7.76
22.06779670715332,9.14
23.481811046600342,14.83
24.88224220275879,20.86
26.298421144485474,23.9
27.71781277656555,19.03
29.12985134124756,23.97
30.541682958602905,28.83
31.943360567092896,38.86
33.35665702819824,37.69
34.706079721450806,49.34
36.11436653137207,73.76
37.45443797111511,76.07
38.80437755584717,98.24
40.21524119377136,114.69
41.61731576919556,123.69
43.038745403289795,120.55
44.45015859603882,121.93
49.800594329833984,-318.41
51.21478796005249,-1100.0
52.54453253746033,0.14
53.96345376968384,64.28
55.37254858016968,63.0
56.78706741333008,88.97
58.204952239990234,91.07
59.61448407173157,83.86
61.025041341781616,89.66
62.43985557556152,98.45
63.85458016395569,109.17
65.18926858901978,114.38
66.5405604839325,124.76
67.95331621170044,129.93
69.35681748390198,118.38
76.65395975112915,-1.72
77.95831823348999,-1.76
79.28202056884766,-1.72
80.59627223014832,-1.69
81.89863109588623,-1.76
83.20540118217468,-1.76
84.55538606643677,-1.79
85.87707448005676,-1.79
90.45928120613098,124.41
91.86468267440796,202.17
93.27466869354248,221.55
94.69003224372864,211.97
96.09692478179932,197.62
97.50901341438293,159.55
104.81168222427368,-1.79
106.13100075721741,-1.76
107.43442296981812,-1.69
108.7438292503357,-1.66
110.06907558441162,-1.76
111.39890551567078,-1.72
