1.1102230548858643,-14.55,0
2.354722738265991,-14.69,0
3.568417549133301,-14.66,0
4.7725725173950195,-14.69,0
9.356833696365356,132.76,1
10.700860738754272,189.93,1
12.11390471458435,206.31,1
13.520231485366821,212.59,1
14.922270059585571,216.31,1
16.34798574447632,210.1,1
17.6906840801239,195.34,1
19.031418800354004,170.86,1
20.365105152130127,154.79,1
21.7801616191864,137.38,1
23.197455406188965,121.9,1
30.50514006614685,-15.93,0
31.81788921356201,-16.1,0
33.17080330848694,-16.21,0
34.46888971328735,-16.41,0
35.791173219680786,-16.55,0
37.10045003890991,-16.55,0
38.413342237472534,-16.69,0
39.74376940727234,-16.76,0
