1.1085186004638672,-1.59,0
2.3442795276641846,-1.48,0
3.5512068271636963,-1.55,0
4.75443696975708,-1.48,0
5.961991548538208,-1.62,0
7.1718034744262695,-1.59,0
8.375061988830566,-1.48,0
9.594544410705566,-1.55,0
10.801592826843262,-1.52,0
12.044588565826416,-1.45,0
13.267539262771606,-1.48,0
14.47684359550476,-1.52,0
15.7018301486969,-1.52,0
17.13668465614319,-1.52,0
18.39565682411194,-1.52,0
19.904638051986694,-1.55,0
21.116793155670166,-1.62,0
22.361384868621826,-1.59,0
23.560730457305908,-1.52,0
24.772164344787598,-1.55,0
25.985512495040894,-1.55,0
30.566279649734497,-1.48,1
31.97895622253418,-1.45,1
33.3919575214386,-1.48,1
34.795148611068726,-1.55,1
36.20413827896118,-1.62,1
37.56189513206482,-1.52,1
38.9748158454895,-1.52,1
40.37482976913452,-1.52,1
41.79602122306824,-1.48,1
43.21166706085205,-1.45,1
