1.1164040565490723,-1.97,0
2.3594086170196533,-1.9,0
3.5739870071411133,-2.0,0
4.776723623275757,-1.93,0
9.364172220230103,4.45,1
10.777031421661377,1.03,1
12.177571058273315,0.97,1
13.59220552444458,1.93,1
15.013920545578003,1.9,1
16.416516065597534,1.93,1
17.769068717956543,4.76,1
19.106736660003662,5.07,1
20.52217197418213,5.07,1
21.859825134277344,5.1,1
23.27418327331543,5.1,1
24.62763237953186,3.55,1
26.029905557632446,3.45,1
27.446446180343628,3.55,1
28.86407995223999,3.62,1
30.278766870498657,5.21,1
31.692567825317383,5.28,1
33.108039140701294,5.45,1
34.4517936706543,5.41,1
35.86253643035889,3.69,1
37.275445222854614,3.66,1
38.61118173599243,5.34,1
40.02997851371765,3.9,1
41.36909794807434,5.48,1
42.78162717819214,5.41,1
44.13595151901245,5.59,1
45.53532004356384,5.55,1
46.88710403442383,3.93,1
48.304696798324585,3.83,1
49.70759177207947,3.79,1
51.120895862579346,5.34,1
52.47201919555664,5.55,1
53.886101484298706,5.59,1
55.289754152297974,5.59,1
56.70492172241211,5.59,1
58.121673822402954,3.9,1
59.52337980270386,3.86,1
60.93805170059204,5.52,1
62.355231046676636,5.59,1
63.769859790802,5.72,1
65.18307209014893,5.72,1
66.59887433052063,5.69,1
67.933767080307,5.83,1
69.28538465499878,4.1,1
70.69762587547302,4.0,1
72.0345389842987,5.59,1
73.38406133651733,5.72,1
74.71936559677124,5.62,1
76.07685947418213,5.59,1
77.41424345970154,5.79,1
78.82830739021301,5.79,1
80.24086785316467,5.55,1
81.65474343299866,3.72,1
83.00447130203247,5.24,1
84.41865253448486,5.31,1
85.83121299743652,5.52,1
87.2303695678711,5.38,1
88.58057904243469,5.52,1
90.00207424163818,5.69,1
91.41524529457092,5.28,1
92.81653761863708,5.62,1
94.23332858085632,5.41,1
95.65082669258118,5.59,1
97.06626582145691,3.83,1
98.4676525592804,3.62,1
99.88579249382019,3.66,1
101.30296111106873,5.38,1
102.70226716995239,5.55,1
110.02092337608337,-2.0,0
111.34193825721741,-2.0,0
112.64671850204468,-2.07,0
113.96829652786255,-2.0,0
115.27390360832214,-2.03,0
116.59452772140503,-2.03,0
117.96347117424011,-2.14,0
119.26732277870178,-2.1,0
123.8754096031189,4.86,1
125.28899097442627,1.41,1
126.70312976837158,2.17,1
128.12074851989746,5.38,1
129.52066469192505,5.52,1
130.93814730644226,8.21,1
132.35544228553772,8.34,1
133.7710883617401,8.34,1
135.1712920665741,8.38,1
136.58768486976624,8.38,1
138.00373029708862,11.21,1
139.4184911251068,11.38,1
140.8323471546173,11.38,1
142.2485315799713,10.17,1
143.6468207836151,11.52,1
145.06847834587097,11.59,1
146.48244762420654,11.52,1
147.8938090801239,11.66,1
149.2998559474945,11.66,1
150.7153913974762,10.1,1
152.12863516807556,10.17,1
153.54327082633972,10.14,1
154.96188855171204,10.17,1
156.3619031906128,10.07,1
157.77727794647217,10.1,1
159.19273853302002,10.0,1
160.6076216697693,10.07,1
162.02213144302368,10.0,1
163.4248549938202,9.97,1
164.77697467803955,10.0,1
166.11445426940918,9.9,1
167.53143525123596,9.86,1
168.94539308547974,9.83,1
170.36448693275452,9.86,1
171.77690505981445,9.83,1
173.19132137298584,9.45,1
174.5896360874176,9.66,1
176.00497794151306,11.17,1
177.41969394683838,11.34,1
178.8346745967865,10.0,1
180.25237393379211,9.93,1
181.66635465621948,10.0,1
183.0653669834137,10.03,1
184.41933917999268,9.97,1
185.82114219665527,9.9,1
187.1731538772583,11.45,1
188.58768510818481,11.55,1
190.00351881980896,11.62,1
191.40261268615723,11.69,1
192.82955718040466,10.1,1
194.23539686203003,10.07,1
195.6491894721985,10.1,1
197.0651354789734,10.03,1
198.40366220474243,10.03,1
199.81996417045593,10.0,1
207.10216903686523,-1.62,0
208.42385697364807,-1.69,0
209.72927808761597,-1.76,0
211.0344500541687,-1.83,0
212.38649559020996,-1.86,0
213.70625400543213,-1.9,0
215.01244854927063,-1.86,0
216.3187050819397,-1.97,0
220.92691826820374,5.03,1
222.34267497062683,3.38,1
223.74325275421143,5.48,1
225.157568693161,8.14,1
226.5727767944336,10.97,1
227.9880039691925,11.28,1
229.3250572681427,13.97,1
230.744060754776,14.34,1
232.09113883972168,14.38,1
233.50643754005432,14.52,1
234.92094588279724,14.41,1
236.3332028388977,14.34,1
237.73522090911865,14.45,1
239.15032744407654,14.48,1
240.56765484809875,14.52,1
241.9807472229004,14.62,1
243.38277864456177,14.52,1
244.79815125465393,14.69,1
246.21573138237,14.62,1
247.6313817501068,14.66,1
249.04735779762268,14.72,1
250.46030640602112,14.66,1
251.8585388660431,14.76,1
253.2701861858368,13.97,1
254.6852686405182,14.86,1
256.1003921031952,14.69,1
257.51895689964294,14.79,1
258.9304506778717,14.72,1
260.34666776657104,14.72,1
261.76280975341797,14.69,1
263.16196727752686,14.66,1
264.5774574279785,16.93,1
265.9922435283661,15.66,1
267.4089307785034,15.62,1
268.82430601119995,15.45,1
270.2244465351105,15.41,1
271.6404263973236,15.38,1
273.0637447834015,15.31,1
274.47161531448364,15.31,1
275.88702750205994,15.28,1
277.2873296737671,15.28,1
278.70414304733276,15.31,1
280.1179413795471,15.17,1
281.5332655906677,15.21,1
282.9479284286499,15.17,1
284.3489499092102,15.17,1
285.765394449234,15.17,1
287.18132853507996,15.1,1
288.59435868263245,15.1,1
290.0155324935913,15.03,1
291.41502928733826,15.03,1
292.8298661708832,15.0,1
294.2477421760559,14.97,1
295.66384077072144,14.86,1
297.07876992225647,14.93,1
298.4762496948242,14.79,1
305.86885595321655,-1.62,0
307.2054512500763,-1.69,0
308.5264678001404,-1.83,0
309.84559750556946,-1.79,0
311.1636440753937,-1.83,0
312.4844539165497,-1.79,0
313.8139650821686,-1.76,0
315.1614258289337,-1.79,0
319.7818546295166,287.86,1
321.19904494285583,282.86,1
322.5366280078888,-30.28,1
323.9509391784668,-4.1,1
325.3039503097534,-2.31,1
326.6399199962616,-1.86,1
327.9913704395294,-1.9,1
329.32958984375,-2.62,1
330.7428960800171,-2.48,1
332.1589231491089,155.86,1
333.4956820011139,289.72,1
334.90820956230164,278.86,1
336.2512893676758,285.59,1
343.58666253089905,-1.9,0
344.90845799446106,-1.86,0
