1.1081860065460205,-1.86
2.342297315597534,-1.79
3.5516951084136963,-1.76
4.757085800170898,-1.83
8.773070812225342,-1.72
10.185085535049438,-1.48
11.586718559265137,-1.45
12.99787712097168,-0.93
14.41307806968689,2.76
15.827302932739258,6.14
17.237987279891968,2.0
18.65792965888977,6.79
19.99413228034973,7.76
21.34453845024109,7.69
22.678914785385132,14.66
24.102840185165405,16.24
25.51057505607605,22.34
26.9133939743042,24.9
28.34010148048401,27.41
29.670084238052368,29.1
31.092912673950195,30.76
32.498480796813965,35.34
33.835495948791504,33.48
35.18525266647339,35.34
36.59144902229309,34.21
38.00487446784973,48.31
39.35580515861511,48.0
40.75528264045715,47.48
42.10992932319641,46.9
45.819650650024414,-0.9
47.12270712852478,-1.24
48.42909288406372,-1.45
49.775206327438354,-1.55
51.08982443809509,-1.55
52.381195306777954,-1.62
53.703683376312256,-1.59
55.006685733795166,-1.69
56.31324744224548,-1.62
57.63394737243652,-1.62
58.946460247039795,-1.69
60.297712326049805,-1.76
61.60159516334534,-1.72
62.92284798622131,-1.72
64.23794651031494,-1.69
65.53859519958496,-1.69
69.55116653442383,70.55
70.9600477218628,78.34
72.36721158027649,70.45
73.70424032211304,55.48
75.11735224723816,38.69
76.53153586387634,10.97
77.94406175613403,4.62
79.35437536239624,3.97
80.76659440994263,4.45
82.11573815345764,3.07
83.51684832572937,25.97
84.93773102760315,25.83
86.34737944602966,7.31
87.75061130523682,2.21
89.1730375289917,5.72
90.57111382484436,14.52
91.98482918739319,17.41
93.32800507545471,14.21
94.74098062515259,8.24
98.43688416481018,-1.24
99.75073051452637,-1.38
101.05777478218079,-1.45
102.38009190559387,-1.48
103.69980883598328,-1.62
105.01378297805786,-1.69
106.31660294532776,-1.62
107.6793463230133,-1.66
108.98839116096497,-1.69
110.31479048728943,-1.69
111.62778091430664,-1.66
112.94716572761536,-1.76
114.2567527294159,-1.76
115.5870099067688,-1.76
116.92105150222778,-1.86
118.24459528923035,-1.83
122.26332998275757,32.62
123.66851997375488,2.24
125.07998418807983,-0.69
126.49437546730042,-1.14
127.90406656265259,-0.14
129.3096046447754,7.52
130.7227749824524,23.9
132.13202285766602,4.79
133.5540635585785,-0.31
134.95393443107605,-1.07
136.37732672691345,-0.14
137.79199886322021,7.14
139.1987280845642,7.41
140.6118140220642,6.34
142.02959966659546,1.9
143.42944812774658,0.21
144.8461208343506,-0.48
146.26507544517517,2.03
147.66822862625122,8.83
149.0811951160431,14.9
150.4919764995575,12.34
151.9085977077484,-0.1
153.31812715530396,-1.0
154.72959160804749,0.0
156.14395380020142,7.55
157.56698942184448,9.45
158.9802222251892,24.34
160.38334679603577,1.86
161.80630040168762,-0.59
163.14473700523376,-1.1
164.47771382331848,-1.28
165.82812929153442,-1.1
167.2425127029419,0.69
168.58228707313538,6.55
170.00381755828857,21.07
171.34898018836975,19.55
172.75951170921326,0.72
174.1000998020172,-0.69
175.5115077495575,-0.97
176.9289412498474,-0.07
178.3291313648224,8.41
179.74575543403625,11.07
181.1575644016266,4.52
182.5730037689209,5.93
183.9844994544983,5.1
185.39471340179443,3.86
186.81898379325867,3.03
188.1521520614624,2.76
189.50381422042847,2.72
190.90670680999756,4.45
192.3219654560089,3.69
193.7339687347412,5.93
195.14620161056519,4.14
196.56872844696045,4.21
197.9699351787567,5.31
199.39606261253357,3.31
200.80874466896057,5.69
