1.121525526046753,-2.0,0
2.363748550415039,-1.97,0
3.569819450378418,-1.97,0
4.772426128387451,-1.97,0
5.980843544006348,-1.86,0
10.593112707138062,360.93,1
12.00681734085083,61.79,1
13.418064832687378,14.9,1
14.76192045211792,-347.83,1
16.173102140426636,-44.41,1
17.57677960395813,-7.93,1
18.91580295562744,429.38,1
20.334815740585327,86.21,1
21.752187728881836,12.52,1
23.161438941955566,6.45,1
24.576185703277588,1.93,1
25.912429571151733,0.66,1
27.334530353546143,-0.41,1
28.737770557403564,-0.76,1
30.156254768371582,-1.24,1
31.57474994659424,-1.38,1
32.974833726882935,-1.31,1
34.393080711364746,-1.66,1
35.73680639266968,-1.72,1
37.07646083831787,-1.9,1
38.497976779937744,-10.86,1
39.89801740646362,58.72,1
41.314274072647095,-299.62,1
42.65366888046265,-88.21,1
44.00802278518677,-31.07,1
45.41271924972534,-4.79,1
46.828495502471924,1.79,1
48.2479727268219,-3.66,1
49.66545295715332,257.45,1
51.068047761917114,46.62,1
52.48438501358032,16.52,1
53.892518043518066,2.24,1
55.30936145782471,1.72,1
56.724942684173584,0.72,1
58.13274431228638,-0.28,1
59.541722536087036,-0.83,1
60.96326994895935,-1.1,1
62.378206968307495,-1.59,1
63.790889501571655,-369.9,1
