1.1114182472229004,-1.76
2.346916437149048,-1.86
3.553907871246338,-1.83
4.754430294036865,-1.79
5.960319995880127,-1.86
7.162575006484985,-1.76
9.92864465713501,422.86
11.35390043258667,491.07
12.765769958496094,218.21
14.177993059158325,57.0
15.509658813476562,15.52
16.919346570968628,11.55
18.27039933204651,17.31
19.612976551055908,24.76
20.947317361831665,28.97
22.293400287628174,29.55
23.642108917236328,30.59
25.054051160812378,30.72
28.747403144836426,1.0
30.0615975856781,0.72
31.375374794006348,0.83
32.6886670589447,0.69
33.99057984352112,0.62
35.30074906349182,0.62
36.60722064971924,0.66
37.948955059051514,0.59
39.24120116233826,0.55
40.54369926452637,0.52
41.84956908226013,0.52
43.158971071243286,0.48
44.463563442230225,0.59
45.78438401222229,0.55
47.089282512664795,0.59
48.42100644111633,0.55
51.20550751686096,0.55
52.56102275848389,15.86
53.90425086021423,31.03
55.24230194091797,37.83
56.59164118766785,42.03
58.00387263298035,40.28
59.413702964782715,39.62
60.827589988708496,39.14
62.24091935157776,41.38
63.651856660842896,39.45
64.99050235748291,39.14
66.40138792991638,41.76
67.81966876983643,39.07
69.15035772323608,38.69
70.50178098678589,41.28
71.90560221672058,39.24
73.25103807449341,41.55
74.65683269500732,39.07
76.00966453552246,40.79
77.34771823883057,38.83
78.76762962341309,41.21
80.10754013061523,39.0
81.44209933280945,41.14
82.85769009590149,39.07
84.27436661720276,41.21
85.6917974948883,38.97
87.08967566490173,40.9
88.43591547012329,38.97
89.84978866577148,41.17
91.26196312904358,39.03
92.67475271224976,41.07
94.08422064781189,38.9
95.49840831756592,41.21
96.83947730064392,39.17
98.24473690986633,41.38
99.65551781654358,38.97
101.0724663734436,40.62
102.49253487586975,39.03
103.82766366004944,40.62
105.23990368843079,38.83
106.65134596824646,41.14
108.06259393692017,38.48
109.40773892402649,40.79
110.81645226478577,38.83
112.22369194030762,41.14
113.64604878425598,39.1
115.05818057060242,41.0
116.45813655853271,39.03
117.88119912147522,41.0
119.28274035453796,39.21
120.69948029518127,41.21
122.1114342212677,39.21
123.51792907714844,41.14
124.92817640304565,39.0
126.33708667755127,41.24
127.76254057884216,39.14
129.16585540771484,40.76
132.86512184143066,1.14
134.16904187202454,1.0
135.47883462905884,1.0
136.80418634414673,0.9
138.14124083518982,0.93
139.44503688812256,0.76
140.74594140052795,0.83
142.06335735321045,0.9
143.36683678627014,0.86
144.68133354187012,0.93
145.99805665016174,0.83
147.30582880973816,0.86
148.6569094657898,0.9
149.96296572685242,0.9
151.27436447143555,0.9
152.58936667442322,0.83
155.36930751800537,398.34
156.7722487449646,487.34
158.1826310157776,235.59
159.59138345718384,69.28
161.0119984149933,18.86
162.3491690158844,4.86
163.68772792816162,4.9
165.03547430038452,10.17
166.38767075538635,16.59
167.72615146636963,20.76
169.07001519203186,22.48
170.47346472740173,20.93
171.8269078731537,19.93
173.24198031425476,19.9
174.5778250694275,19.41
175.9154131412506,19.41
177.27099347114563,19.41
180.96672177314758,-0.38
182.2695815563202,-0.66
183.5704004764557,-0.76
184.87535166740417,-0.72
186.18628525733948,-0.86
187.51517534255981,-0.9
188.82189655303955,-0.9
190.1089222431183,-0.93
192.87147212028503,0.97
194.28917288780212,23.38
195.70776319503784,46.34
197.04911088943481,53.48
198.46019291877747,54.66
199.86311769485474,51.41
201.2131052017212,47.76
202.55519270896912,49.97
203.97170448303223,50.0
205.30810475349426,50.21
206.72917318344116,50.28
208.1395606994629,50.07
209.5408341884613,50.28
210.89458107948303,50.21
212.22979497909546,49.9
213.65244579315186,49.66
215.0590124130249,49.83
216.40663290023804,50.0
217.73560881614685,49.66
219.16035532951355,50.17
220.57482767105103,49.83
221.98189187049866,49.86
223.39475464820862,49.72
224.73406410217285,49.93
226.07855081558228,49.9
227.41458654403687,49.66
228.82278776168823,49.79
230.2507300376892,52.38
231.58636212348938,50.52
235.2654218673706,1.45
236.57426619529724,1.34
237.88795447349548,1.24
239.19418692588806,1.31
240.51213383674622,1.34
241.85529017448425,1.31
243.1761040687561,1.31
244.49113702774048,1.24
