1.1038508415222168,-1.69,0
2.355736494064331,-1.62,0
3.567047357559204,-1.55,0
4.766700983047485,-1.59,0
9.352098941802979,252.31,1
10.764739274978638,140.55,1
12.165204524993896,129.31,1
13.586709022521973,126.97,1
14.988444566726685,126.07,1
16.409643173217773,125.34,1
17.753020524978638,123.86,1
19.086466550827026,-96.17,1
20.50455331802368,-6.69,1
21.914564609527588,-5.66,1
23.261345386505127,315.76,1
24.673837423324585,147.79,1
26.082704544067383,127.07,1
27.4970383644104,124.59,1
28.89898419380188,116.0,1
30.317763566970825,110.48,1
31.72729754447937,112.72,1
33.144607067108154,104.93,1
34.48238682746887,95.86,1
35.899190187454224,91.66,1
37.24685025215149,88.17,1
38.64716100692749,85.55,1
39.98822808265686,82.76,1
41.34272599220276,80.69,1
42.68987846374512,77.31,1
44.09404754638672,74.24,1
45.513468503952026,72.86,1
46.85529613494873,70.72,1
54.1454861164093,-2.83,0
55.500521659851074,-3.1,0
56.807135581970215,-3.1,0
58.1326470375061,-3.0,0
59.451115131378174,-2.66,0
60.75971508026123,-3.03,0
62.07491874694824,-2.38,0
63.385467767715454,-2.1,0
68.02447891235352,249.21,1
69.36886262893677,-818.41,1
70.78160977363586,-17.55,1
72.19083380699158,-3.62,1
73.52992153167725,-2.55,1
74.87434077262878,-2.31,1
76.2810754776001,-2.17,1
77.70244240760803,-2.14,1
79.11948442459106,-2.14,1
80.51977896690369,-2.14,1
81.93017649650574,-2.07,1
