3.111023426055908,-1.83
6.341163873672485,-1.86
3.1061654090881348,-1.86
6.3299713134765625,-1.86
9.550128936767578,-1.83
12.764906167984009,-1.83
17.780637741088867,1.97
21.331437826156616,2.0
24.8816978931427,1.93
28.42888569831848,1.93
31.9741473197937,1.9
35.522374868392944,1.9
39.07856726646423,1.9
42.62458634376526,1.93
46.171064376831055,3.17
49.65175461769104,3.83
53.205140352249146,2.24
56.759352922439575,3.86
60.305540323257446,4.1
63.853464126586914,4.9
67.40772700309753,4.97
70.88254857063293,6.38
74.36597228050232,6.38
77.84628796577454,6.62
81.39703559875488,8.55
84.9440131187439,10.28
88.48834443092346,7.1
92.03696274757385,8.34
95.59658598899841,9.07
99.14639449119568,8.97
102.62633037567139,8.59
106.18029284477234,8.48
109.7286696434021,11.21
113.20109057426453,10.83
116.76117849349976,10.83
120.30880856513977,11.03
123.8648841381073,10.45
127.40766739845276,9.48
130.95805072784424,9.14
134.5035982131958,8.17
138.06228113174438,8.07
141.61504864692688,8.0
145.16404461860657,7.45
148.7131736278534,8.38
152.2599356174469,9.07
155.81152200698853,11.14
159.3562879562378,10.83
162.90458059310913,10.62
166.45285534858704,10.24
169.93713212013245,9.86
173.48616671562195,8.62
177.03879499435425,11.62
180.58358883857727,10.72
184.13078045845032,10.14
187.68948650360107,9.14
191.23715734481812,8.62
194.7919580936432,11.07
198.25984239578247,10.17
201.81450080871582,8.52
205.37046575546265,12.28
208.90942788124084,9.79
212.45751762390137,2.17
216.00744581222534,2.45
219.56101870536804,1.83
223.1076521873474,1.76
226.59432888031006,1.79
230.14323449134827,1.83
233.69662761688232,1.79
237.240620136261,1.79
240.7888457775116,1.79
244.33760499954224,1.83
247.8955273628235,1.79
251.4486005306244,1.79
254.98811745643616,1.83
258.5421814918518,1.76
262.0924000740051,1.79
265.6383378505707,1.83
269.18828797340393,1.83
272.7412905693054,1.79
276.296010017395,1.83
279.844197511673,1.79
283.3963551521301,1.79
286.9436242580414,1.79
290.4905023574829,1.76
294.03673791885376,1.21
297.59692454338074,1.79
301.1369435787201,1.83
304.69723296165466,1.79
308.2357745170593,1.76
311.789852142334,1.72
315.34667468070984,1.76
318.8836200237274,1.34
322.43801403045654,1.76
325.92896008491516,1.76
329.4800877571106,1.79
332.953177690506,1.76
336.4297227859497,1.79
339.9231472015381,1.79
343.475061416626,1.55
346.9589133262634,7.24
350.50496649742126,11.55
353.99118208885193,13.66
357.54026079177856,13.62
361.0783498287201,11.48
364.63881373405457,12.97
368.18880224227905,14.17
371.7397096157074,11.31
375.2134075164795,13.55
378.7689971923828,10.86
382.2522654533386,13.07
385.79817152023315,11.07
389.34346771240234,11.93
392.9000287055969,13.17
396.37883138656616,11.31
399.92606377601624,11.76
403.413770198822,13.48
406.95061111450195,11.03
410.44657349586487,12.38
413.9990928173065,13.62
417.67943477630615,13.76
421.21998929977417,11.31
