1.1135718822479248,-0.48
2.3155367374420166,-0.45
3.549631357192993,-1.48
4.749623537063599,-0.41
9.341465473175049,223.41
10.683907985687256,135.83
12.09566593170166,128.79
13.507106304168701,126.1
14.840426921844482,125.17
16.255866765975952,125.14
17.604674339294434,125.9
18.937824487686157,123.34
20.28751015663147,123.34
21.62247943878174,123.07
23.033463716506958,121.28
24.38129425048828,115.59
31.702590465545654,-2.97
33.05169415473938,-3.52
34.33954668045044,-1.17
35.641197204589844,-1.72
36.940778970718384,-1.76
38.24066662788391,-1.76
39.539687633514404,-1.79
40.872358322143555,-1.69
45.46165108680725,201.86
46.79709315299988,139.9
48.21920037269592,142.83
49.56332612037659,128.34
50.9754593372345,128.38
52.30721735954285,128.59
53.655943155288696,128.38
54.990649700164795,-341.14
56.40493083000183,-11.69
57.81753373146057,0.41
59.22951865196228,340.07
60.64211130142212,140.55
62.05508017539978,110.28
63.46533465385437,102.28
64.87796378135681,93.24
66.29036211967468,90.28
67.69923043251038,85.14
69.10969471931458,82.17
70.4607789516449,77.9
77.75446891784668,-2.45
79.08658409118652,-2.41
80.3883125782013,-2.83
81.70842862129211,-4.21
83.00761938095093,-1.79
84.3253402709961,-1.38
85.67061567306519,-1.28
86.97426509857178,-1.55
88.19771933555603,-2.17
89.39438128471375,-1.9
90.60336089134216,-2.59
91.81070756912231,-1.86
93.01879715919495,-2.0
94.22614121437073,-1.76
95.46302771568298,-2.28
96.67028307914734,3.62
97.87856030464172,-0.14
99.08764576911926,-1.41
103.67847752571106,190.83
105.10525512695312,138.72
106.51733303070068,132.07
107.92744541168213,130.28
109.33935236930847,129.66
110.68329572677612,129.0
112.09118175506592,128.97
113.50540661811829,129.34
114.84916758537292,128.28
116.24989032745361,125.45
117.66028332710266,122.34
124.9717788696289,-2.34
126.32894277572632,-2.45
127.6477701663971,-1.83
128.95148158073425,-2.1
130.26338958740234,-1.86
131.58096170425415,-1.69
132.89842176437378,-1.9
134.20165276527405,-2.0
138.84284925460815,205.83
140.2552297115326,10.17
141.66803359985352,52.52
143.00203013420105,39.86
144.41043066978455,42.72
145.82167387008667,43.72
147.24749088287354,41.24
148.645005941391,38.21
150.0640003681183,41.31
151.47768306732178,38.52
152.88798594474792,38.79
154.30151462554932,39.17
155.71292638778687,39.07
157.11332535743713,47.66
158.52548813819885,36.69
159.93826150894165,42.1
161.35817861557007,42.07
162.77240777015686,39.28
164.18620610237122,43.17
165.5305118560791,40.9
166.93992829322815,40.66
168.27238416671753,39.48
169.68319177627563,39.72
171.1084108352661,40.76
172.50533175468445,41.07
173.85575771331787,39.55
175.202707529068,38.03
176.61331510543823,39.17
177.94713497161865,40.41
179.2954204082489,38.62
180.64605736732483,39.76
181.98657178878784,39.41
183.3975327014923,40.48
184.73712706565857,39.59
186.0850694179535,40.62
187.41900277137756,40.14
188.8292419910431,42.38
190.17814350128174,39.76
191.5917670726776,41.69
193.00182104110718,41.55
194.41349244117737,41.41
195.8241958618164,41.34
197.23552441596985,41.45
198.65558099746704,39.72
200.05930638313293,39.62
207.36724615097046,-1.97
208.68569469451904,-1.86
210.03987312316895,-1.9
211.34897994995117,-1.76
212.64643454551697,-1.72
213.9512255191803,-1.72
215.25415325164795,-1.76
216.5721297264099,-1.72
217.77864289283752,-1.76
219.03083038330078,-1.69
220.2417812347412,-1.76
221.44989109039307,-1.59
222.6552882194519,-1.69
223.86254739761353,-1.72
225.06828570365906,-1.69
226.27754545211792,-1.62
227.48825764656067,-1.69
228.74110054969788,-1.66
229.93398928642273,-1.69
231.1413037776947,-1.66
232.33583664894104,-1.69
233.54516100883484,-1.62
234.75535798072815,-1.72
235.96224164962769,-1.72
237.206960439682,-1.62
238.40717267990112,-1.62
239.61561036109924,-1.62
240.83178806304932,-1.59
242.03216004371643,-1.62
243.24714517593384,-1.62
244.45204186439514,-1.69
245.65863728523254,-1.62
246.9002330303192,-1.69
248.12373113632202,-1.72
249.3302299976349,-0.14
250.53636121749878,-0.76
251.7441987991333,-2.24
252.9664273262024,-2.0
254.17104125022888,-0.55
255.38374161720276,-3.59
256.63658142089844,-1.83
257.8456451892853,-0.9
259.05908131599426,-2.1
260.2656681537628,2.21
261.47336053848267,204.45
262.6895387172699,0.21
263.8888370990753,-0.66
265.147586107254,-0.83
266.347900390625,-1.14
267.5750665664673,-3.48
268.7801728248596,-1.21
269.9961531162262,-53.31
271.19665336608887,-73.83
272.40737080574036,-1.0
273.6157417297363,-2.69
274.85617089271545,2.17
276.06552600860596,-0.34
277.27386951446533,-2.86
278.48593521118164,-2.59
279.6943905353546,-1.97
280.9083023071289,-1.97
285.5168354511261,138.34
286.92971754074097,25.72
288.3428843021393,6.24
289.7460434436798,1.66
291.1578006744385,0.21
292.57148718833923,-0.45
293.98665857315063,-0.72
295.3988561630249,-0.93
296.81859397888184,-0.83
298.22954535484314,-0.97
299.6425898075104,-1.03
301.05422854423523,-1.17
302.4681205749512,-0.79
303.87970519065857,6.1
305.293025970459,44.83
306.7043287754059,360.24
308.1177353858948,1100.0
309.5319275856018,1030.0
316.8214838504791,-14.97
318.15178966522217,-15.45
319.46405386924744,-84.0
320.7754635810852,-87.59
322.09196496009827,-26.9
323.3915388584137,4.31
324.7227609157562,-1.03
326.033634185791,-2.07
330.6168384552002,194.14
331.9636170864105,33.21
333.3746614456177,50.79
334.72243428230286,41.0
336.1349730491638,43.24
337.4682343006134,41.9
338.8793680667877,41.41
340.2903456687927,40.1
341.71642422676086,40.76
343.12516832351685,42.07
344.5354392528534,40.55
345.8788025379181,41.14
347.2190635204315,32.76
348.5545175075531,44.38
349.97534465789795,38.38
351.39036417007446,38.59
352.7279427051544,40.69
354.13574028015137,39.34
