1.097292184829712,-1.59
2.3001322746276855,-1.62
3.5264992713928223,-1.59
4.7265989780426025,-1.55
9.304499626159668,191.83
10.647441148757935,133.0
12.060424089431763,123.52
13.471663475036621,121.41
14.885779619216919,120.69
16.296109437942505,120.21
17.70991277694702,120.03
19.044142961502075,120.34
20.458057403564453,119.86
21.800952911376953,119.83
23.151023387908936,117.03
24.486223459243774,116.34
25.83400535583496,113.55
27.25052237510681,104.66
28.649470329284668,98.34
30.065391540527344,92.69
31.477192401885986,88.1
32.895073890686035,84.21
34.30538821220398,81.59
35.64046835899353,79.9
37.05333209037781,77.41
38.402212381362915,76.66
39.81605005264282,75.34
41.1583788394928,74.83
42.56963562965393,74.24
43.98198866844177,72.59
45.39370274543762,73.55
46.74018692970276,72.93
48.15225625038147,73.62
49.56439018249512,74.66
50.97505784034729,75.72
52.38691759109497,76.69
53.79985165596008,77.62
55.212976932525635,79.14
56.611708879470825,80.76
58.02568054199219,81.76
59.4368577003479,83.1
60.85085439682007,86.14
62.26082754135132,88.41
63.67345690727234,90.45
65.01153945922852,90.66
66.35957312583923,94.21
67.71008706092834,96.52
69.1207365989685,98.34
70.45361948013306,99.9
71.80168890953064,101.66
73.2176775932312,104.0
74.55448269844055,104.17
75.96647047996521,105.9
77.31675028800964,107.48
78.72819900512695,108.14
80.13855195045471,107.83
81.5423583984375,108.28
82.89568710327148,108.83
84.29891967773438,108.66
85.71067881584167,110.62
87.05306124687195,111.38
88.40388536453247,111.38
89.81698870658875,113.34
91.23044013977051,113.86
92.64218139648438,114.21
94.05307841300964,114.34
95.45051383972168,114.17
96.86194181442261,114.17
98.27914476394653,114.72
99.6992290019989,114.55
101.10744094848633,114.62
102.44742965698242,114.79
103.85955166816711,114.66
105.27324295043945,114.83
106.68448948860168,114.83
108.09610080718994,115.07
109.50943732261658,115.0
110.92162156105042,115.28
112.2624192237854,115.38
113.66897702217102,115.41
115.0831344127655,115.48
116.49875473976135,115.66
117.89728713035583,115.24
119.31066918373108,115.45
120.72214484214783,115.52
122.13216137886047,115.59
123.55702471733093,115.69
124.96867728233337,115.76
126.38210582733154,115.86
127.79446315765381,115.97
129.20439410209656,115.83
130.61674737930298,115.66
132.01646614074707,115.9
133.42628955841064,116.1
134.8383548259735,116.1
136.18865966796875,115.83
137.52338552474976,116.03
138.93692469596863,115.97
140.35183095932007,116.03
141.76590991020203,116.21
143.1790771484375,116.07
144.5920925140381,116.03
146.00486850738525,116.14
147.41610884666443,116.03
154.72644805908203,-2.24
156.0292603969574,-2.21
157.35425877571106,-2.1
158.70524740219116,-2.07
160.02808904647827,-2.17
161.32270336151123,-2.03
162.6388454437256,-2.03
163.92506527900696,-2.0
168.49896955490112,189.14
169.83787202835083,130.28
171.18902254104614,121.41
172.5850682258606,118.83
173.93979215621948,117.93
175.27138543128967,117.62
176.62282156944275,117.24
177.96857595443726,117.28
179.3011953830719,117.34
180.64832973480225,117.17
181.99227690696716,117.21
183.4059977531433,114.07
184.81842732429504,110.14
186.1679811477661,99.72
187.5093719959259,92.17
188.92150831222534,84.24
190.33371114730835,77.31
197.62459230422974,-2.24
198.94645404815674,-2.1
200.27659273147583,-2.03
201.5938582420349,-1.97
202.895649433136,-2.07
204.20118260383606,-2.0
205.5200400352478,-2.0
206.82436156272888,-1.86
208.04018330574036,-2.0
209.2794725894928,-1.97
210.48665809631348,-1.9
211.6927092075348,-1.86
212.89884281158447,-1.86
214.10611414909363,-1.97
215.31328129768372,-1.86
216.52473092079163,-1.93
217.73064374923706,-1.86
218.97145676612854,-2.31
220.17843866348267,-2.0
221.38897061347961,-1.86
222.59476566314697,-1.9
223.80067110061646,-1.9
225.0083179473877,-1.86
226.22987174987793,-1.83
227.47034406661987,-1.9
228.69928193092346,-1.83
229.91108179092407,-1.83
231.12415432929993,-1.83
232.3527717590332,-1.86
233.55040383338928,-1.9
234.7708601951599,-1.83
