1.1129894256591797,-1.93,0
2.349684238433838,-1.97,0
3.5572774410247803,-1.93,0
4.75572395324707,-1.93,0
5.9567883014678955,-1.93,0
7.168035507202148,-1.9,0
11.748907089233398,-7.03,1
13.16109561920166,-2.07,1
14.572949409484863,-1.59,1
15.984980821609497,-0.34,1
17.38347029685974,1.24,1
18.741918087005615,-0.52,1
20.08549928665161,1.21,1
21.4201602935791,-0.34,1
22.835997581481934,1.31,1
24.17682409286499,-0.21,1
25.591211318969727,1.28,1
27.013201236724854,-0.17,1
28.423676252365112,1.48,1
29.769052982330322,0.17,1
31.182615280151367,1.62,1
32.586042165756226,0.28,1
33.931772232055664,1.72,1
35.28464436531067,0.48,1
36.625959634780884,1.76,1
37.965423822402954,0.69,1
39.382914543151855,1.79,1
40.71803832054138,0.97,1
42.13461923599243,0.14,1
43.47363352775574,0.45,1
44.88885235786438,1.17,1
46.31320095062256,0.41,1
47.71574807167053,1.79,1
49.131739139556885,0.86,1
50.54098439216614,1.83,1
51.88134813308716,1.28,1
53.29611396789551,1.86,1
54.704057931900024,1.38,1
56.121622800827026,2.03,1
57.54020118713379,1.55,1
58.942060232162476,0.97,1
60.360193967819214,1.9,1
61.77648997306824,1.52,1
63.19209575653076,2.1,1
64.59477877616882,1.55,1
65.94947361946106,1.28,1
67.28731060028076,2.07,1
68.6375744342804,1.69,1
69.97510147094727,1.41,1
71.31389737129211,2.31,1
72.72811937332153,1.76,1
74.06811714172363,1.55,1
75.48862624168396,2.24,1
76.82772254943848,1.79,1
78.24486041069031,1.66,1
79.66247487068176,2.31,1
81.08022737503052,1.79,1
82.49364757537842,1.72,1
83.90633368492126,2.45,1
85.30478978157043,1.79,1
86.73056364059448,1.76,1
88.13955903053284,2.9,1
