1.1059095859527588,-1.86,0
2.348008632659912,-2.0,0
3.55897855758667,-1.9,0
4.755810499191284,-1.86,0
5.961909055709839,-1.86,0
7.1591477394104,-1.86,0
11.749752521514893,27.66,1
13.167993545532227,31.28,1
14.58115816116333,35.17,1
15.994287014007568,39.1,1
17.336038827896118,42.72,1
18.676390647888184,45.93,1
20.016438961029053,48.97,1
21.370137214660645,51.83,1
22.781665802001953,54.62,1
24.11165499687195,57.03,1
25.458396911621094,59.79,1
26.874860525131226,62.1,1
28.21652889251709,64.28,1
29.624427556991577,66.48,1
31.03918433189392,68.48,1
32.456576347351074,70.48,1
33.85683846473694,72.66,1
35.1969633102417,74.1,1
36.55255150794983,75.59,1
37.956705808639526,77.31,1
39.37307548522949,78.66,1
40.70918607711792,79.93,1
42.13295555114746,81.52,1
43.53716778755188,82.69,1
50.85482883453369,-2.48,0
52.16127586364746,-2.41,0
53.50124502182007,-2.17,0
54.809653997421265,-2.1,0
56.116568088531494,-1.97,0
57.40902781486511,-1.97,0
58.72602343559265,-2.07,0
60.0366108417511,-2.0,0
61.33362555503845,-2.0,0
62.64717173576355,-2.0,0
64.01823139190674,-1.93,0
65.31265830993652,-1.93,0
66.60665011405945,-1.97,0
67.91696763038635,-1.9,0
69.21018290519714,-1.86,0
70.50345134735107,-1.93,0
75.08128476142883,-2.03,1
76.42059397697449,-2.03,1
77.8375391960144,-1.93,1
79.23811173439026,-1.9,1
80.65808033943176,-1.97,1
81.99776339530945,-1.86,1
83.41569375991821,-1.93,1
84.7531361579895,-1.93,1
86.16490006446838,-1.9,1
87.5187578201294,-1.86,1
88.86688423156738,-1.9,1
90.26593208312988,-1.86,1
91.68411803245544,-1.93,1
93.03827166557312,-1.9,1
94.37869119644165,-1.83,1
95.71880388259888,-1.9,1
97.13413834571838,-1.9,1
98.55264639854431,-1.79,1
99.96417236328125,-1.9,1
101.37977743148804,-1.79,1
102.72073364257812,-1.69,1
104.05976128578186,-1.66,1
105.40595960617065,-1.83,1
106.82358264923096,-2.21,1
108.22599720954895,-1.9,1
109.5818977355957,-1.76,1
110.98914384841919,-1.9,1
112.3324990272522,-1.83,1
113.74058294296265,-1.76,1
115.08637738227844,-1.9,1
116.49962782859802,-1.9,1
117.91824150085449,-1.9,1
119.3309588432312,-1.79,1
120.74353551864624,-1.79,1
122.14870166778564,-1.79,1
