1.0949788093566895,-1.83
2.348576307296753,-1.9
3.5465614795684814,-1.79
4.740596294403076,-1.86
7.506560325622559,49.62
8.8512601852417,76.76
10.182100057601929,83.24
11.524625539779663,87.38
12.874764919281006,86.79
14.28458857536316,87.1
15.699663162231445,86.45
17.105424404144287,86.14
18.454352378845215,86.55
19.800818920135498,87.72
21.143473148345947,83.34
22.485564470291138,83.76
23.890475273132324,83.97
25.304234504699707,84.38
26.644283533096313,84.79
28.05132532119751,85.31
29.39275360107422,85.83
30.815030097961426,86.62
32.21853852272034,86.72
33.641069650650024,88.31
35.04015827178955,83.41
36.464839696884155,82.97
37.804577112197876,82.93
39.143638372421265,83.9
40.5501275062561,84.69
41.895524740219116,84.93
43.31287980079651,84.93
44.64989352226257,85.48
48.35573148727417,1.97
49.69504642486572,1.86
50.987837076187134,1.79
52.30867576599121,1.83
53.62002730369568,1.79
54.92102837562561,1.72
56.23856067657471,1.72
57.7441143989563,1.59
59.04881691932678,1.34
60.403544664382935,1.24
61.714927673339844,1.1
63.046027183532715,0.97
64.34837532043457,0.93
65.65950322151184,0.66
67.16953873634338,0.52
70.1094663143158,13.66
71.41951894760132,10.14
72.75559449195862,7.07
74.05851936340332,5.24
75.35441970825195,4.52
76.66863203048706,4.0
77.97216868400574,3.62
79.29059481620789,3.14
80.59326505661011,2.38
81.91387057304382,2.14
83.46906757354736,34.83
84.98651003837585,31.21
86.29601120948792,14.66
87.60667490959167,8.0
88.91696047782898,5.14
90.22692775726318,3.72
91.67457270622253,2.72
93.03443193435669,2.34
