1.102522373199463,6.1
2.3226757049560547,6.03
3.564473867416382,6.0
4.77169394493103,6.1
9.356999635696411,0.86
10.701046228408813,0.59
12.112759351730347,0.59
13.511295318603516,0.62
14.937811613082886,0.55
16.335912704467773,0.62
17.76187300682068,0.55
19.09384250640869,0.55
20.50523090362549,0.59
21.854610204696655,0.59
23.204076290130615,0.59
24.61695384979248,8.21
26.027912855148315,4.45
27.440678596496582,10.45
28.853749752044678,12.66
30.26262855529785,13.14
31.673738956451416,13.24
33.08397030830383,5.62
34.43244504928589,3.52
35.84745264053345,11.72
37.25831842422485,5.17
38.66907596588135,11.48
40.08028817176819,13.52
41.49238467216492,5.97
42.90495538711548,11.93
44.32131552696228,13.21
45.66198754310608,14.0
47.010910511016846,6.14
48.42003011703491,3.76
49.82827544212341,11.59
51.25350213050842,5.17
52.66589570045471,11.69
54.07685422897339,5.28
55.48793005943298,12.41
56.90080237388611,5.59
58.30800223350525,3.76
59.72121238708496,11.07
61.13157653808594,13.48
62.54477858543396,14.76
63.95658326148987,14.86
65.3726966381073,13.86
66.72423934936523,6.07
68.0589599609375,12.31
69.40680646896362,13.24
70.8200192451477,5.76
72.16943430900574,3.17
73.50331282615662,12.38
74.85510611534119,12.83
76.26031303405762,5.59
77.67164540290833,11.69
79.08360624313354,5.03
80.4975061416626,10.93
81.9230387210846,13.14
83.33252048492432,12.9
84.74337816238403,12.03
86.15788650512695,13.17
87.56919527053833,12.93
88.98477578163147,5.93
90.39567804336548,3.38
91.72793936729431,11.34
93.1549072265625,5.17
94.55346751213074,10.83
95.96438455581665,5.21
97.3905611038208,12.17
98.80065846443176,12.76
100.21414470672607,14.34
101.62658929824829,13.52
103.0435299873352,14.55
104.45490956306458,13.59
105.86660552024841,14.41
107.27950072288513,6.28
108.69088649749756,3.79
110.10279846191406,8.79
111.5145697593689,13.69
112.9265148639679,14.38
114.33863115310669,14.59
115.75151300430298,14.21
117.16435027122498,15.17
118.57971334457397,14.41
119.9936375617981,6.1
121.39644598960876,13.07
122.80966877937317,13.0
124.22191786766052,5.97
125.6419026851654,3.59
127.05387830734253,11.62
128.46403217315674,13.21
129.87268543243408,14.69
131.28510451316833,14.52
132.69540429115295,14.55
134.11799240112305,15.62
141.4114601612091,0.83
142.72737765312195,0.76
144.0451741218567,0.72
145.3618767261505,0.72
146.67941999435425,0.66
147.9977650642395,0.69
149.33088612556458,0.66
150.67933082580566,0.59
155.30503034591675,0.52
156.71879959106445,0.55
158.13198232650757,0.52
159.54356026649475,0.52
160.95550894737244,0.38
162.3680305480957,0.52
163.77133202552795,9.9
165.18783712387085,14.52
166.6094148159027,16.0
168.01812624931335,18.41
169.3530993461609,18.76
170.771333694458,20.28
172.1831202507019,20.1
173.53133130073547,19.79
174.9467327594757,19.52
176.35139203071594,19.21
177.76281309127808,20.28
179.11682963371277,20.28
180.5243203639984,20.0
181.93698620796204,19.55
183.35065293312073,19.34
184.7614893913269,19.93
186.17398047447205,20.31
187.58717155456543,19.9
189.0005111694336,19.66
190.41339015960693,19.31
191.82832098007202,20.03
193.16623830795288,19.97
194.5810797214508,19.66
195.9964632987976,19.38
197.4103615283966,19.1
198.82414174079895,20.17
200.23735928535461,19.93
201.63951301574707,19.66
203.05796194076538,19.38
204.47080945968628,20.62
205.88634538650513,20.45
207.2987813949585,20.17
208.71051001548767,19.86
210.1236035823822,19.59
211.5357313156128,20.76
212.94863653182983,20.52
214.35997557640076,20.21
215.77318596839905,19.83
217.18727731704712,19.55
218.59140419960022,20.41
220.01830911636353,20.14
221.41912817955017,19.97
222.8327362537384,19.55
224.24591493606567,20.45
225.6646921634674,20.1
232.96389603614807,0.72
234.2790138721466,0.69
235.62928771972656,0.59
236.94730019569397,0.45
238.25271725654602,0.62
239.57008004188538,0.55
240.8865032196045,0.52
242.2003161907196,0.52
246.79636096954346,0.52
248.2188422679901,0.31
249.62732577323914,0.31
251.03141713142395,0.41
252.44467401504517,0.34
253.8718650341034,0.41
255.26902866363525,0.48
256.68357372283936,0.48
258.09805393218994,0.34
259.5078327655792,0.41
260.9184789657593,8.86
262.3359091281891,12.28
263.7469069957733,13.66
265.15667748451233,14.21
266.58395552635193,14.45
267.9984540939331,13.41
269.3950717449188,5.86
270.81534576416016,12.31
272.230854511261,13.17
273.6441309452057,5.59
275.05409121513367,3.72
276.46625995635986,11.86
277.87751722335815,5.21
279.2912962436676,3.21
280.70390343666077,2.86
282.1149082183838,2.34
283.528710603714,10.72
284.9486622810364,12.93
286.35871934890747,14.14
287.7708044052124,5.93
289.1871976852417,3.45
290.598690032959,2.38
292.01005959510803,2.79
293.4219889640808,2.31
294.83140897750854,11.62
296.2445297241211,14.45
297.6571853160858,14.55
299.069815158844,5.93
300.48688769340515,3.86
301.90128684043884,11.66
303.30472803115845,13.34
304.71623134613037,13.48
306.134818315506,5.69
307.55042791366577,3.34
308.96440148353577,2.76
310.37160634994507,11.86
311.7795798778534,13.0
313.19607043266296,5.72
314.6083233356476,3.72
316.0289771556854,2.52
317.4433672428131,2.24
318.85590076446533,2.14
320.26691198349,11.03
321.6783893108368,14.03
323.08997201919556,14.93
324.5025746822357,6.41
325.91755509376526,3.59
327.32904386520386,2.97
328.74349188804626,2.59
330.1540365219116,2.24
331.5681266784668,2.66
332.9689919948578,10.97
334.3828384876251,5.03
335.7969856262207,12.03
337.2129044532776,5.34
338.6278519630432,11.48
340.03957080841064,5.03
341.4527666568756,12.03
342.86640882492065,5.48
344.278284072876,11.72
345.6867661476135,14.83
347.0975749492645,15.48
348.44671392440796,6.66
349.8617813587189,3.83
351.27325773239136,2.31
352.6859414577484,2.48
354.0356628894806,10.86
355.4501667022705,12.14
356.85843563079834,5.55
358.2762327194214,12.45
359.6859996318817,5.31
361.0909729003906,12.66
362.50747418403625,5.93
363.92321157455444,3.41
365.33317589759827,11.86
366.7370533943176,13.83
368.149866104126,6.14
369.577543258667,12.14
370.98021149635315,5.28
372.39181876182556,3.34
373.8049852848053,11.79
375.15694880485535,13.52
376.5612771511078,5.86
377.97765946388245,12.41
379.39050006866455,13.24
380.8099014759064,6.1
382.2221074104309,11.38
383.63297963142395,5.38
385.0447828769684,11.62
386.4533095359802,14.14
387.8706455230713,13.86
389.2829360961914,6.1
390.68795919418335,3.52
392.1073603630066,2.83
393.51834201812744,2.83
394.9344654083252,11.48
396.34300231933594,13.21
397.75575065612793,5.72
399.1696813106537,11.86
400.5812871456146,13.66
401.9879775047302,14.59
409.30352544784546,0.55
410.6234815120697,0.55
411.9407012462616,0.38
413.2444038391113,0.41
414.6088938713074,0.41
415.92276525497437,0.34
417.2399151325226,0.38
418.5462598800659,0.41
423.162965297699,0.28
424.5767619609833,0.34
425.9935600757599,0.24
427.4016649723053,0.21
428.8154628276825,9.14
430.2322335243225,15.72
431.6419780254364,19.59
433.04316902160645,21.66
434.45721316337585,23.76
435.8777241706848,26.21
437.2938885688782,26.41
438.7046537399292,26.41
440.1085593700409,27.41
441.5225830078125,27.48
442.94309401512146,27.34
444.3485059738159,28.83
445.7603373527527,29.17
447.17268538475037,29.0
448.588406085968,29.03
449.99828243255615,28.93
451.4099428653717,28.97
452.83555245399475,28.93
454.2414245605469,30.03
455.65282225608826,29.59
457.05816316604614,29.07
458.46945333480835,29.86
459.896231174469,29.55
461.2980372905731,29.17
462.70955514907837,29.93
464.13614439964294,30.76
465.53724479675293,30.24
466.9580464363098,29.83
468.3621609210968,30.69
469.77673959732056,30.17
471.1921694278717,29.79
472.60245513916016,30.79
474.0177094936371,30.17
481.32450461387634,0.38
482.6561417579651,0.34
483.97134709358215,0.31
485.2881119251251,0.31
486.64151310920715,0.31
487.9739055633545,0.31
489.2784478664398,0.21
490.59717416763306,0.28
495.1904082298279,0.24
496.61209988594055,0.28
498.02368354797363,0.21
499.4347620010376,12.24
500.8453552722931,21.17
502.2586362361908,27.45
503.66841769218445,31.41
505.0805172920227,35.31
506.48992586135864,37.21
507.9040460586548,39.28
509.31840085983276,41.34
510.73193097114563,43.03
512.1497180461884,43.38
513.5594642162323,44.24
514.972822189331,45.45
516.3837215900421,45.52
517.7958452701569,46.52
519.2058188915253,46.69
520.6179313659668,48.1
522.0433571338654,48.55
523.4419746398926,48.62
524.85875248909,48.59
526.2707917690277,48.59
527.6813127994537,49.62
529.1058440208435,50.07
530.5136654376984,49.83
531.9295237064362,49.76
533.339093208313,49.79
534.750458240509,49.9
536.162858247757,49.86
537.5733773708344,49.79
538.989660024643,49.76
540.4006533622742,49.76
541.808004617691,49.72
543.2333962917328,49.59
544.6431386470795,49.83
546.057585477829,49.76
547.4673557281494,49.62
548.8799879550934,49.55
550.2907528877258,49.62
551.7025635242462,49.79
553.1130423545837,49.59
560.4850993156433,0.0
561.8039124011993,0.0
563.1222438812256,0.0
564.440397977829,-0.14
565.7558264732361,-0.07
567.087810754776,-0.17
568.4077253341675,-0.17
569.7724943161011,-0.03
574.3571422100067,156.34
575.7667012214661,209.45
577.1802756786346,224.69
578.5909557342529,228.97
580.0161640644073,229.34
581.4284222126007,214.07
582.8395457267761,192.38
584.2389206886292,171.97
585.5916411876678,156.93
586.997020483017,143.38
594.3031451702118,-0.48
595.6350383758545,-0.48
596.9500961303711,-0.48
598.2673118114471,-0.48
599.6162440776825,-0.45
600.9503300189972,-0.48
602.2526018619537,-0.41
603.5882120132446,-0.59
608.168071269989,157.38
609.5799298286438,210.52
610.9936518669128,225.45
612.4115941524506,230.0
613.825287103653,230.52
615.2362759113312,224.62
616.6466763019562,206.28
618.0569787025452,187.03
619.4664068222046,171.45
620.874772310257,157.52
628.1976635456085,-0.66
629.5462374687195,-0.86
630.8762164115906,-0.76
632.187162399292,-0.72
633.5352036952972,-0.72
634.993007183075,-0.69
636.3112111091614,-0.83
