1.099992275238037,-1.45,0
2.34965181350708,-1.52,0
3.5547289848327637,-1.45,0
4.751468658447266,-1.45,0
9.33566403388977,-1.52,1
10.678338289260864,-1.41,1
12.090453624725342,-1.41,1
13.488459587097168,-1.52,1
14.911010026931763,-1.48,1
16.318253755569458,-1.45,1
17.669066905975342,-1.45,1
19.006474256515503,-1.52,1
20.353655099868774,-1.45,1
21.699838161468506,-1.45,1
23.04600167274475,-1.45,1
24.395406007766724,-1.48,1
25.728456735610962,-1.52,1
27.136942386627197,-1.52,1
28.48163676261902,-1.48,1
29.904726266860962,-1.34,1
31.316071033477783,-1.48,1
32.73315215110779,-1.45,1
34.07654857635498,-1.48,1
35.481818199157715,-1.48,1
36.82039260864258,-1.52,1
38.23253393173218,-1.41,1
39.6588351726532,-1.52,1
41.059534311294556,-1.48,1
42.48406410217285,-1.45,1
43.88696360588074,-1.48,1
45.305145263671875,-1.55,1
46.65019750595093,-1.45,1
48.00029373168945,-1.48,1
49.3992702960968,-1.45,1
50.82295274734497,-1.48,1
52.22841691970825,-1.52,1
53.65128469467163,-1.45,1
54.99511170387268,-1.45,1
56.39426302909851,-1.45,1
57.819868326187134,-1.52,1
59.22740077972412,-1.45,1
60.63816809654236,-1.48,1
62.04831385612488,-1.48,1
63.39790487289429,-1.48,1
64.81203842163086,-1.55,1
66.15653014183044,-1.48,1
67.49201560020447,-1.52,1
68.90743327140808,-1.45,1
70.31886029243469,-1.48,1
71.66324043273926,-1.45,1
73.01546931266785,-1.52,1
74.42758321762085,-1.45,1
75.76850628852844,-1.52,1
77.11123633384705,-1.48,1
78.45788431167603,-1.45,1
79.87163734436035,-1.45,1
81.28012418746948,-1.45,1
82.63070869445801,-1.41,1
83.97425627708435,-1.45,1
85.37507724761963,-1.48,1
86.79490542411804,-1.48,1
88.14440178871155,-1.52,1
89.54451298713684,-1.55,1
90.96596455574036,-1.41,1
92.3841495513916,-1.48,1
93.78276538848877,-1.52,1
95.12791919708252,-1.45,1
96.47166657447815,-1.48,1
97.8842420578003,-1.45,1
99.30964732170105,-1.41,1
100.71843981742859,-1.52,1
102.12277269363403,-1.45,1
103.53693723678589,-1.48,1
104.88424944877625,-1.41,1
106.30356860160828,-1.55,1
107.70201253890991,-1.48,1
109.1286985874176,-1.45,1
110.54256892204285,-1.45,1
111.95640659332275,-1.45,1
113.36998987197876,-1.52,1
114.77607583999634,-1.41,1
116.18652725219727,-1.48,1
117.60733556747437,-1.41,1
119.01421666145325,-1.48,1
120.42718553543091,-1.41,1
121.83446550369263,-1.45,1
123.24937701225281,-1.48,1
124.65727210044861,-1.45,1
126.08142757415771,-1.48,1
127.4947862625122,-1.52,1
