1.1043124198913574,-1.17,0
2.3415307998657227,-2.03,0
3.5496010780334473,-1.21,0
4.745584964752197,-1.07,0
9.31964373588562,197.93,1
10.730185270309448,24.62,1
12.142550945281982,4.72,1
13.552364349365234,1.45,1
14.966615676879883,0.17,1
16.370949029922485,-0.17,1
17.724620819091797,-0.17,1
19.13383173942566,-0.59,1
20.54537796974182,-0.52,1
21.894642114639282,-0.48,1
23.29954433441162,-0.62,1
24.71953773498535,-0.59,1
26.122581481933594,-0.55,1
27.74369168281555,0.0,1
29.161981344223022,-0.52,1
