1.1085445880889893,0.69
2.3488357067108154,0.76
3.5615150928497314,0.72
4.768427610397339,0.66
9.339107275009155,0.72
10.751326322555542,1.62
12.164119958877563,3.1
13.574872970581055,6.38
14.989288330078125,10.34
16.39142918586731,15.21
17.808576107025146,20.48
19.21851634979248,26.07
20.636712789535522,31.76
21.97992253303528,37.21
23.397692918777466,42.62
24.807077646255493,47.83
26.15325617790222,52.31
27.565047025680542,56.62
28.973628759384155,60.62
30.38649559020996,64.31
31.790003061294556,67.48
33.202457427978516,70.31
34.55024194717407,72.34
35.95648527145386,74.28
37.368674516677856,75.41
38.780484676361084,76.14
40.19424057006836,76.31
41.5399386882782,76.17
42.94069147109985,75.21
44.366337060928345,74.14
45.77666401863098,72.28
47.11174154281616,70.66
48.51991033554077,68.07
49.93276262283325,65.72
51.34496188163757,63.55
52.75935626029968,61.52
54.177475452423096,59.38
55.58281946182251,57.48
56.99553942680359,55.66
58.40745687484741,54.03
