1.1052093505859375,-1.97,0
2.35766863822937,-1.97,0
3.5727858543395996,-1.9,0
4.777510404586792,-1.93,0
5.979884147644043,-1.9,0
10.552615880966187,266.62,1
11.868382692337036,241.62,1
13.173592805862427,240.28,1
14.485887289047241,238.62,1
15.833813905715942,237.72,1
17.15735411643982,237.0,1
18.46890091896057,236.45,1
19.75915813446045,236.38,1
21.080344200134277,236.48,1
27.611788988113403,-2.1,0
28.928963899612427,-2.03,0
30.237645626068115,-2.03,0
31.608909845352173,-2.03,0
32.92690968513489,-1.93,0
34.23161816596985,-1.97,0
35.53882431983948,-1.9,0
36.84648633003235,-2.0,0
41.4112069606781,263.66,1
42.73418664932251,240.9,1
44.03148674964905,238.83,1
45.3730742931366,238.24,1
46.67173433303833,237.76,1
47.97988176345825,237.0,1
49.2886106967926,237.1,1
50.611714601516724,237.03,1
51.92070984840393,236.97,1
58.470696449279785,-2.07,0
59.830276012420654,-2.07,0
61.155497789382935,-2.0,0
62.457226276397705,-1.93,0
63.78576683998108,-2.0,0
65.0918345451355,-2.0,0
66.40048241615295,-1.93,0
67.70552349090576,-2.0,0
72.25922298431396,263.14,1
73.56758999824524,241.0,1
74.91532516479492,239.31,1
76.22138738632202,238.69,1
77.52575922012329,237.59,1
78.82751226425171,237.59,1
80.14829301834106,237.07,1
81.46345281600952,237.34,1
82.77001714706421,237.34,1
89.36029291152954,-2.03,0
90.67536115646362,-2.0,0
91.99567580223083,-1.93,0
93.30073237419128,-1.93,0
94.61682796478271,-1.86,0
95.92807292938232,-1.86,0
97.24330139160156,-1.93,0
98.58685731887817,-1.93,0
103.16603660583496,25.0,1
104.47375583648682,37.0,1
105.80035352706909,48.41,1
107.10978603363037,63.48,1
108.426353931427,69.9,1
109.73897218704224,78.31,1
111.04737329483032,85.93,1
112.38753819465637,93.59,1
