1.107851505279541,5.93
2.305063247680664,5.55
3.5290870666503906,5.62
4.725126266479492,5.55
5.9216461181640625,5.55
7.129310846328735,5.52
8.3329017162323,5.62
9.53257942199707,5.59
10.727584600448608,5.59
11.966437816619873,5.52
13.181588888168335,5.55
14.379127025604248,5.55
15.585275173187256,5.55
16.785211086273193,5.66
17.998481273651123,5.62
19.196515321731567,5.66
20.38575291633606,5.62
21.626631498336792,5.66
22.832988500595093,5.62
24.03361749649048,5.62
25.23244833946228,5.62
26.44163227081299,5.69
27.64588761329651,5.59
28.855095624923706,5.72
30.05936622619629,5.72
31.31061863899231,5.72
32.52488565444946,5.69
33.71032667160034,5.69
34.909218549728394,5.66
39.50825047492981,296.52
40.85473155975342,409.72
42.26506042480469,425.97
43.676188707351685,342.34
45.084208250045776,254.52
46.41724610328674,189.86
47.762267112731934,139.69
49.17632555961609,96.79
50.51291036605835,70.17
51.85800552368164,51.62
53.2814257144928,37.0
54.62308359146118,28.03
56.02843904495239,22.76
57.37864923477173,18.72
58.79009509086609,14.14
60.13487458229065,3.83
61.47163128852844,7.28
62.89068675041199,9.07
64.29640245437622,9.41
65.70155668258667,9.48
67.057302236557,9.93
68.38946270942688,9.69
69.80751776695251,9.66
71.15575742721558,9.72
72.48791646957397,9.83
73.83355522155762,9.93
75.18500852584839,9.9
76.58468699455261,9.76
