1.103118658065796,5.31
2.3198704719543457,5.34
3.549823760986328,5.34
4.754855155944824,5.38
9.329925775527954,0.76
10.741502523422241,0.69
12.159869909286499,10.38
13.570679187774658,13.69
14.98387360572815,14.34
16.395353078842163,14.45
17.73493480682373,14.34
19.07540273666382,6.28
20.428932666778564,3.59
21.766699075698853,12.21
23.108428478240967,14.31
24.458406686782837,14.79
25.871623039245605,14.97
27.276654481887817,14.66
28.69921040534973,6.1
30.101496934890747,3.93
31.522496700286865,12.28
32.92899227142334,14.21
34.26978802680969,14.52
35.618486642837524,6.24
37.026623010635376,3.97
38.43702745437622,12.34
39.85871076583862,14.45
41.26582145690918,14.72
42.68243193626404,15.17
44.09532928466797,15.14
45.50610113143921,14.83
46.92364549636841,15.17
48.338823080062866,15.14
49.75068020820618,6.34
51.162113666534424,13.17
52.56704306602478,14.34
53.92120122909546,6.17
55.331538915634155,3.79
56.73326230049133,2.93
58.15861964225769,11.38
59.5553412437439,14.03
60.9821617603302,14.66
62.39279651641846,14.79
63.805511713027954,14.86
65.1514995098114,16.79
66.56419110298157,9.1
67.97177958488464,10.55
69.3871283531189,4.41
70.79035639762878,13.21
72.21522450447083,14.86
73.62823057174683,15.86
75.04198503494263,15.83
76.44170689582825,16.03
77.86292934417725,15.55
79.26559853553772,6.62
80.6902596950531,3.97
82.10131311416626,3.55
83.50050616264343,2.9
84.92958950996399,3.0
86.33249235153198,12.0
87.75006055831909,12.62
89.1654531955719,5.79
90.57221961021423,-1.9
91.9923186302185,6.69
93.39943099021912,11.34
94.8070502281189,10.03
96.2198736667633,7.31
97.63008618354797,7.72
99.05635976791382,7.66
100.46632695198059,7.66
101.88309240341187,7.9
103.29275608062744,7.83
104.69511938095093,12.34
106.1095380783081,9.14
107.51939654350281,9.07
108.94312334060669,11.0
110.35300064086914,8.66
111.77044725418091,7.52
113.1782546043396,10.14
114.58694791793823,10.76
115.99705910682678,8.31
117.41699147224426,10.38
118.83045053482056,10.83
120.24460887908936,8.24
121.64973163604736,10.28
123.07149243354797,8.31
124.47627711296082,7.38
125.88788557052612,10.03
127.30998611450195,10.79
128.72253799438477,10.93
130.129545211792,8.79
131.5431911945343,10.1
132.95687794685364,8.31
134.35978889465332,10.34
135.77756476402283,10.86
137.1975874900818,10.86
138.5988941192627,10.9
140.01961064338684,8.28
141.43659782409668,10.34
142.8486044406891,10.34
144.26061701774597,8.31
145.6727077960968,10.34
147.07786631584167,8.0
148.49765968322754,10.17
149.90438103675842,8.55
151.32465076446533,10.31
152.73310923576355,8.17
154.15090322494507,10.31
155.55781435966492,8.41
156.97597098350525,10.03
158.37628173828125,10.97
159.80022549629211,8.41
161.20212817192078,10.34
162.55079889297485,10.76
163.96126222610474,8.48
165.38104152679443,10.24
166.79373979568481,8.21
168.19468140602112,10.1
169.60984754562378,8.55
171.02659344673157,10.21
172.37576937675476,10.72
173.77413058280945,10.72
175.19791865348816,8.48
176.61238050460815,10.31
177.94180870056152,8.24
179.35957717895508,9.97
180.77272081375122,10.59
182.1840579509735,10.76
183.5902383327484,10.72
185.01535034179688,10.86
186.4192225933075,8.41
187.84286379814148,10.21
189.2508897781372,8.62
190.66671228408813,10.31
192.08285856246948,10.59
193.49328804016113,8.28
194.90146660804749,10.07
196.31166052818298,8.48
197.7206130027771,10.28
199.13253903388977,8.17
200.54874324798584,10.14
201.95693707466125,8.48
203.37722206115723,10.14
204.7822563648224,8.52
206.20549201965332,10.28
207.60927867889404,8.52
209.02051448822021,10.28
210.4426417350769,10.48
211.85797500610352,8.45
213.2710154056549,10.34
214.67494583129883,8.34
216.08323574066162,10.24
217.51157784461975,10.62
218.9232633113861,8.62
220.33594369888306,10.21
221.74085330963135,10.21
223.0866367816925,9.86
224.4985535144806,9.66
225.9182426929474,9.62
227.329434633255,9.62
228.7387354373932,9.62
230.14649868011475,9.66
231.56354665756226,9.59
232.9791100025177,9.59
234.39213299751282,9.55
235.8015124797821,9.66
237.2191243171692,9.62
238.62958192825317,9.62
240.03331518173218,9.66
241.45678329467773,9.52
242.86844658851624,9.62
244.28018951416016,9.48
251.57215237617493,-1.69
252.91872215270996,-1.66
254.23101139068604,-1.69
255.53841495513916,-1.66
256.83685541152954,-1.79
258.1662313938141,-1.83
259.46930956840515,-1.79
260.7812683582306,-1.83
265.3487010002136,711.79
266.77430033683777,728.41
268.1773581504822,474.28
269.59833097457886,267.48
276.9003565311432,-2.31
278.2039465904236,-2.24
279.5233061313629,-2.24
280.83671498298645,-2.28
282.1709372997284,-2.21
283.47574853897095,-2.24
284.79163455963135,-2.17
286.1054232120514,-2.21
290.68730902671814,695.48
292.1020290851593,734.24
293.51328921318054,494.28
294.9283709526062,290.59
302.30790638923645,-2.69
303.6245062351227,-2.62
304.92911744117737,-2.69
306.2424874305725,-2.69
307.558762550354,-2.66
308.8752007484436,-2.62
310.19592332839966,-2.55
311.5384600162506,-2.66
316.140558719635,689.41
317.5485095977783,740.1
318.96721506118774,507.69
320.3007986545563,329.55
327.59881067276,-2.93
328.8934988975525,-2.93
330.20285415649414,-2.97
331.54084515571594,-2.93
332.8500988483429,-3.03
334.16423869132996,-2.86
335.4637084007263,-2.9
336.75608491897583,-3.0
341.35035371780396,683.03
342.75878524780273,748.93
344.1010687351227,570.31
345.51665115356445,364.45
352.803599357605,-1.93
354.1202640533447,-1.83
355.4168713092804,-1.76
356.7224090099335,-1.9
358.0316605567932,-1.52
359.33829402923584,-1.62
360.64501428604126,-1.62
361.9949560165405,-1.69
363.2222809791565,-1.62
