1.0997586250305176,5.59
2.3170249462127686,5.52
3.5483930110931396,5.55
4.752063989639282,5.59
9.329097270965576,5.62
10.666139602661133,5.66
12.076967000961304,5.97
13.496110200881958,6.03
14.911314487457275,6.0
16.318681955337524,5.79
17.7313129901886,5.86
19.07138466835022,5.62
20.487027645111084,5.72
21.82528257369995,5.28
23.1807222366333,4.21
24.51838755607605,5.52
25.93498182296753,5.86
27.35167121887207,5.83
28.753809452056885,6.0
30.164656400680542,5.83
31.588529109954834,5.59
33.002262115478516,5.59
34.414954662323,5.72
35.82736825942993,5.76
37.22576975822449,5.83
38.63972210884094,5.76
40.061007022857666,5.48
41.467581033706665,5.62
42.88111329078674,5.79
44.29578495025635,5.86
45.71036076545715,5.93
47.057384729385376,6.07
48.472867012023926,6.0
49.879040241241455,6.03
51.29422616958618,5.86
52.71397352218628,5.93
54.12683939933777,6.14
55.53250503540039,6.66
56.93768668174744,6.66
58.28253102302551,6.45
59.70857048034668,6.59
61.12160348892212,6.69
62.52934813499451,6.86
63.93847441673279,6.97
65.3576443195343,6.9
66.69581532478333,6.86
68.04504704475403,6.93
69.38675332069397,7.07
70.79622077941895,7.38
72.14503026008606,7.07
73.54607152938843,7.24
74.90388679504395,7.28
76.3023726940155,7.41
77.72838306427002,7.41
79.12789297103882,7.34
80.55301833152771,7.34
81.96429347991943,7.38
83.36740326881409,7.34
84.78431606292725,7.34
86.12072229385376,7.38
87.54076647758484,7.21
88.95061731338501,7.17
90.37389206886292,7.52
91.78691744804382,7.55
93.12044906616211,7.41
94.54264497756958,7.48
95.94152331352234,7.41
97.36706328392029,7.69
98.77221322059631,7.28
100.18686366081238,7.45
101.59415459632874,7.41
103.01844120025635,7.28
104.42776918411255,7.24
105.83284044265747,7.38
107.25707006454468,7.34
108.6690788269043,7.14
110.06972169876099,7.0
111.48077750205994,7.14
112.89782953262329,6.62
114.32112526893616,6.69
115.73429203033447,6.69
117.1358392238617,6.48
118.54736995697021,6.55
119.97085857391357,6.76
121.38321161270142,6.93
122.7962052822113,6.72
124.20530366897583,6.93
125.6107702255249,6.76
127.03213238716125,6.97
128.43849182128906,64.72
129.86100459098816,82.69
131.25838565826416,48.1
132.67543268203735,30.59
134.09430146217346,12.79
135.49924659729004,9.03
