1.1145620346069336,7.66
2.3211662769317627,7.52
3.54870867729187,7.48
4.74329400062561,7.55
5.942901611328125,7.59
10.532405614852905,7.59
11.883004426956177,7.66
13.294377326965332,7.59
14.707622766494751,7.55
16.105677843093872,7.52
17.454368114471436,7.69
18.807212829589844,7.59
20.142784118652344,7.62
21.495352029800415,7.62
22.82750415802002,7.55
24.17725682258606,7.59
25.52524971961975,7.59
26.93554973602295,7.52
28.284233331680298,7.72
29.695536851882935,7.62
31.032618284225464,7.55
32.44448184967041,8.24
33.786017417907715,8.93
35.13548469543457,9.97
36.48433780670166,11.07
37.897496461868286,12.21
39.24193549156189,13.62
40.57986354827881,15.41
41.927929401397705,17.24
43.332908153533936,18.97
44.684282302856445,20.76
46.097280979156494,22.48
47.512017488479614,24.17
48.92465567588806,25.59
50.338119983673096,27.1
51.67275857925415,28.21
53.024712324142456,29.31
54.42896485328674,30.21
55.84047794342041,30.86
57.18790078163147,31.41
58.608341455459595,32.17
60.019654273986816,32.9
61.433005571365356,33.38
62.772027254104614,33.86
64.17603206634521,34.52
65.52185869216919,34.93
66.86918592453003,35.76
68.28469038009644,36.31
69.6938807964325,37.14
71.10739088058472,37.69
72.52441716194153,38.62
73.8670928478241,39.41
75.27887153625488,39.48
76.61250758171082,40.21
78.02385425567627,40.97
79.37133765220642,41.48
80.78367376327515,41.93
82.13061022758484,42.17
83.54188561439514,42.34
84.88058662414551,42.48
86.29273390769958,42.69
87.70457053184509,42.59
89.04118824005127,42.59
90.38806939125061,42.45
91.79954552650452,41.93
93.14378786087036,41.72
94.49180054664612,41.31
95.89106702804565,40.97
97.30435919761658,40.62
98.71038007736206,40.0
100.12164902687073,39.83
101.54931473731995,39.72
102.95433115959167,39.28
104.37098026275635,39.14
105.78326106071472,38.79
107.19678568840027,38.59
108.60868167877197,39.07
110.01721739768982,38.93
111.42684197425842,39.17
112.83729767799377,38.9
114.24224710464478,39.24
115.652672290802,39.59
117.00151944160461,39.55
118.41114926338196,39.86
119.82442307472229,40.34
121.2367033958435,40.38
122.6468186378479,40.72
124.05544447898865,40.62
125.46126890182495,40.41
126.87175154685974,40.66
128.29761719703674,40.45
129.70345449447632,39.93
