1.1226418018341064,-1.45,0
2.357027292251587,-1.45,0
3.562445640563965,-1.48,0
4.765467882156372,-1.55,0
9.34954571723938,-1.41,1
10.693588972091675,-1.41,1
12.10601544380188,-1.52,1
13.51110029220581,-1.48,1
14.930247068405151,-1.52,1
16.33136296272278,-1.48,1
17.75025177001953,-1.48,1
19.09917902946472,-1.41,1
20.499197244644165,-1.48,1
21.853214025497437,-1.59,1
23.26539635658264,-1.48,1
24.610335111618042,-1.52,1
26.01673936843872,-1.38,1
27.432684898376465,-1.45,1
28.83982801437378,-1.45,1
30.193199634552002,-1.52,1
31.596271753311157,525.0,1
33.00629162788391,-0.66,1
34.34992551803589,-1.24,1
35.69456696510315,-0.03,1
37.04711556434631,2.24,1
38.45551419258118,2.41,1
39.86898446083069,7.55,1
41.2043821811676,7.59,1
42.553236961364746,6.28,1
43.899590730667114,6.55,1
45.22874188423157,10.0,1
46.57953357696533,11.21,1
47.91720628738403,23.41,1
49.33653712272644,29.0,1
50.75408220291138,33.1,1
52.09624218940735,75.45,1
53.50353527069092,33.03,1
54.83850812911987,4.86,1
56.26398253440857,4.28,1
57.67428731918335,22.72,1
59.0191695690155,22.28,1
60.41742777824402,26.0,1
61.840880155563354,399.72,1
63.25473618507385,226.59,1
64.6604254245758,148.41,1
65.99649429321289,84.72,1
67.3519537448883,132.21,1
68.68382978439331,27.03,1
70.02851009368896,0.1,1
71.44062829017639,-0.62,1
72.78909802436829,-0.93,1
74.13167238235474,-0.72,1
75.53696393966675,-0.79,1
76.88968253135681,-0.66,1
78.30032730102539,-0.48,1
79.63853740692139,-0.03,1
80.9765214920044,4.48,1
82.39163160324097,268.07,1
83.74721097946167,209.55,1
85.07910823822021,183.38,1
86.49903440475464,159.14,1
87.89946913719177,125.21,1
95.21698808670044,-2.0,0
96.51026749610901,-2.03,0
97.8300666809082,-2.14,0
99.17768549919128,-2.07,0
100.48010754585266,-2.07,0
101.79009580612183,-2.1,0
103.09348940849304,-2.03,0
104.39699912071228,-2.07,0
108.96171164512634,-3.76,1
110.31858921051025,-1.14,1
111.72723603248596,0.55,1
113.14016461372375,68.31,1
114.55120539665222,77.45,1
115.953115940094,33.76,1
117.37598538398743,5.66,1
118.7775547504425,14.28,1
120.18974304199219,105.41,1
121.61179518699646,130.28,1
123.02090740203857,104.86,1
124.43278479576111,92.03,1
125.84778690338135,122.17,1
127.24805665016174,145.76,1
128.65816950798035,140.52,1
130.07425618171692,127.66,1
131.4161398410797,66.34,1
132.827627658844,58.79,1
134.18153023719788,58.14,1
135.52288699150085,63.55,1
136.9327483177185,66.59,1
138.27188277244568,74.1,1
139.69016551971436,78.31,1
141.08769130706787,84.1,1
142.4397759437561,84.38,1
143.8567533493042,89.86,1
