1.107489824295044,0.79
2.311440944671631,0.72
3.5486397743225098,0.69
4.745975494384766,0.76
5.948429822921753,0.79
10.51567268371582,0.72
11.937268257141113,0.72
13.350924491882324,0.76
14.762185335159302,0.76
16.168616771697998,0.72
17.511425971984863,0.62
18.921579122543335,0.69
20.275354623794556,0.69
21.681909561157227,0.62
23.026349544525146,0.72
24.43660593032837,0.76
25.847357034683228,0.69
27.261868476867676,0.69
28.67487668991089,0.62
30.08772587776184,0.59
31.493917226791382,0.62
32.92081165313721,0.72
34.318981409072876,0.69
35.74455714225769,0.66
37.15732288360596,0.62
38.55677318572998,0.62
39.91700601577759,0.59
41.33048701286316,0.62
