1.1010396480560303,-1.24,0
2.344428062438965,-1.38,0
3.556232213973999,-1.24,0
4.759930372238159,-1.38,0
9.332414865493774,15.03,1
10.676460266113281,14.41,1
12.088896989822388,32.28,1
13.49741244316101,39.59,1
14.913594961166382,40.03,1
16.323039770126343,39.24,1
17.658908128738403,37.72,1
19.013758420944214,40.21,1
20.35471224784851,40.62,1
21.77058982849121,40.59,1
23.111165285110474,39.52,1
24.51428747177124,39.59,1
25.938800811767578,39.34,1
27.34183120727539,38.52,1
28.761443376541138,38.83,1
30.17049789428711,38.14,1
31.58285355567932,37.97,1
32.928985595703125,37.76,1
34.326571226119995,38.66,1
35.68458890914917,38.79,1
37.08788084983826,39.41,1
38.492701292037964,37.9,1
39.83933663368225,40.97,1
41.18401050567627,41.83,1
42.59454035758972,40.83,1
44.016607999801636,39.34,1
45.361247539520264,38.31,1
46.70425224304199,39.41,1
48.10457706451416,40.24,1
49.52247142791748,39.34,1
50.939491510391235,39.14,1
52.34363079071045,38.9,1
53.763587951660156,38.93,1
55.10753059387207,38.83,1
56.508602142333984,37.93,1
57.850348234176636,41.48,1
59.26495671272278,40.45,1
60.68322014808655,39.59,1
62.08536911010742,38.72,1
63.50377607345581,40.97,1
64.91850662231445,40.45,1
66.25505661964417,39.59,1
67.67152810096741,38.55,1
69.01366019248962,39.55,1
70.41989016532898,40.14,1
71.83795261383057,39.76,1
73.18169236183167,39.24,1
80.47922658920288,6.79,0
81.77078771591187,6.21,0
83.08851075172424,5.34,0
84.38100600242615,3.86,0
85.68830156326294,2.48,0
87.00020670890808,1.97,0
88.34091138839722,1.72,0
89.65117311477661,1.69,0
90.94365787506104,1.55,0
92.2536141872406,1.24,0
93.56979417800903,0.86,0
94.86347889900208,0.17,0
96.17225193977356,-0.48,0
97.52993059158325,-0.93,0
98.81980991363525,-1.07,0
100.1432113647461,-1.31,0
104.73816180229187,8.76,1
106.14499163627625,16.48,1
107.56513690948486,28.31,1
108.97733092308044,41.03,1
110.38573718070984,39.86,1
111.8012318611145,39.97,1
113.20809173583984,38.93,1
114.62665152549744,39.21,1
116.02864265441895,40.0,1
117.44875621795654,43.34,1
118.86598896980286,43.21,1
120.26871585845947,43.45,1
121.69047021865845,43.21,1
123.09765648841858,42.93,1
124.51536870002747,40.14,1
125.92699241638184,39.52,1
127.33227515220642,41.24,1
128.7542371749878,41.76,1
130.16307306289673,29.34,1
131.56465792655945,33.72,1
132.98450255393982,37.38,1
134.32586765289307,38.31,1
135.7438132762909,32.34,1
137.161523103714,33.31,1
138.5625250339508,38.69,1
139.98127484321594,41.83,1
141.3879144191742,42.1,1
142.81185364723206,32.83,1
144.21319270133972,40.21,1
145.6345567703247,42.66,1
147.03585028648376,33.34,1
148.45570063591003,37.66,1
149.86101388931274,24.14,1
151.28678965568542,26.79,1
152.6998529434204,47.03,1
154.11288046836853,16.38,1
155.5187327861786,20.21,1
156.93722796440125,19.93,1
158.34894275665283,27.93,1
159.76022934913635,31.76,1
161.16594815254211,40.34,1
162.51708364486694,45.83,1
163.92275881767273,46.97,1
165.34275126457214,42.62,1
166.68401312828064,40.21,1
168.09499835968018,61.59,1
169.50976037979126,44.07,1
170.8429663181305,38.69,1
172.2676558494568,37.03,1
179.56393671035767,-1.0,0
180.87432050704956,-1.03,0
182.1807506084442,-1.1,0
183.5194172859192,-1.14,0
184.82779383659363,-1.21,0
186.13808226585388,-1.24,0
187.46517252922058,-1.34,0
188.75939917564392,-1.34,0
193.33252096176147,27.28,1
194.73635029792786,95.86,1
196.1542932987213,165.31,1
197.57258081436157,206.41,1
198.98216032981873,226.76,1
200.38516449928284,53.45,1
201.807279586792,-2.24,1
203.14403533935547,-1.76,1
204.5660264492035,-1.79,1
205.90406370162964,413.17,1
207.30897116661072,343.17,1
208.72839498519897,305.76,1
210.13523888587952,235.0,1
217.4532482624054,-1.9,0
218.7783989906311,-1.79,0
220.0884130001068,-1.9,0
221.39638876914978,-1.83,0
222.70228505134583,-1.86,0
224.05675387382507,-1.79,0
225.36383843421936,-1.86,0
226.67956805229187,-1.9,0
227.88346815109253,-1.79,0
229.0986020565033,-1.9,0
230.3088457584381,-1.9,0
231.51744318008423,-1.83,0
232.72925305366516,-1.93,0
233.98383808135986,-1.83,0
