1.108595609664917,6.41
2.3474977016448975,6.31
3.557574987411499,6.41
4.754525899887085,6.28
5.958848476409912,6.34
10.564020156860352,16.21
11.913485288619995,21.52
13.324892520904541,32.97
14.736687421798706,30.55
16.146042585372925,29.55
17.477389335632324,29.0
18.828015565872192,28.34
20.177238941192627,28.69
21.520341873168945,28.28
22.86333179473877,29.21
24.195264101028442,28.55
25.60413408279419,34.86
27.02123475074768,30.48
28.371602535247803,29.31
29.774015426635742,29.34
31.19462490081787,28.83
32.60416340827942,29.38
33.93890833854675,28.93
35.28180003166199,34.66
36.6266450881958,30.62
38.04998445510864,28.79
39.393038272857666,28.24
40.79622745513916,29.07
42.13829278945923,28.76
43.55165100097656,28.31
44.89029002189636,29.28
46.30122947692871,28.86
47.6573965549469,28.52
49.06944155693054,29.38
50.47480225563049,28.83
51.893558740615845,29.83
53.22947669029236,29.21
54.64264273643494,35.38
55.98354458808899,31.03
57.334800720214844,29.45
58.742477893829346,30.07
60.15596389770508,29.24
61.56910848617554,35.21
62.98226523399353,30.97
64.38288903236389,29.55
65.80382513999939,29.07
67.14917492866516,35.17
68.54834365844727,30.83
69.97434544563293,29.52
71.38287234306335,29.07
72.72842621803284,35.24
74.13409376144409,30.79
75.48342847824097,29.52
76.88261103630066,29.72
78.30222368240356,29.28
79.7101662158966,35.14
81.11454319953918,30.83
82.5333502292633,29.45
83.87823271751404,29.03
85.28128242492676,29.83
86.63444447517395,29.24
88.04907822608948,35.72
89.46198725700378,30.66
90.86862373352051,29.38
92.28429770469666,34.97
93.62092757225037,31.07
94.96267032623291,29.41
96.38439178466797,35.69
97.72466278076172,31.07
99.13775610923767,29.55
100.4822051525116,29.07
101.88821220397949,35.9
103.30569839477539,30.97
104.70970225334167,29.66
106.1213219165802,29.21
107.53886818885803,29.79
108.93754839897156,29.66
110.3606927394867,30.0
111.76955223083496,29.38
113.17576766014099,28.93
114.59603571891785,35.41
116.00693583488464,31.14
117.42042922973633,29.62
118.82115292549133,28.72
120.24159598350525,35.97
121.65646409988403,15.07
123.05373811721802,11.66
124.47336459159851,21.52
125.88963842391968,27.38
127.30169892311096,28.31
128.71275758743286,28.45
130.12125897407532,28.34
131.53500843048096,29.28
132.94448065757751,28.79
134.27840995788574,31.45
135.7028534412384,31.17
137.1093785762787,30.38
138.5164933204651,29.83
139.9256613254547,29.17
141.33729076385498,28.69
142.68706941604614,30.93
144.10004782676697,31.28
145.5097873210907,30.55
146.91486763954163,29.97
148.33657789230347,29.48
149.73841261863708,28.97
151.1524794101715,28.55
152.5629825592041,30.93
153.98418712615967,30.45
155.3950972557068,30.9
156.80762791633606,30.28
158.21821427345276,29.69
159.6259207725525,29.9
160.97075366973877,29.38
162.31808018684387,29.72
163.71587800979614,29.31
165.0671625137329,29.76
166.47412753105164,30.34
167.8236804008484,31.14
169.16578841209412,30.59
170.51125240325928,30.17
171.9255142211914,29.59
173.26654362678528,29.14
174.5973436832428,28.76
175.9484314918518,31.24
177.36406683921814,30.93
178.7105348110199,30.45
180.0391526222229,29.93
181.39217352867126,29.48
182.79305720329285,29.0
184.1506872177124,31.0
185.4886040687561,30.52
186.83364295959473,29.83
188.17705845832825,31.28
189.5901165008545,30.79
190.92104721069336,30.31
192.27310037612915,29.72
193.68552470207214,29.21
195.02488207817078,30.1
196.4360294342041,29.59
197.77724051475525,29.14
199.11922907829285,28.55
200.5347843170166,30.34
201.94719624519348,29.83
203.29019236564636,29.14
204.7074453830719,28.69
206.0509889125824,28.28
207.45962238311768,30.28
208.87057328224182,29.72
210.2171483039856,29.17
211.62949419021606,31.24
212.96808624267578,30.66
214.37756943702698,30.17
221.69949650764465,1.79
223.00266456604004,1.76
224.29431080818176,1.76
225.61619448661804,1.79
226.92685651779175,1.76
228.26443719863892,1.76
229.56945991516113,1.76
230.88142228126526,1.76
235.47603940963745,1.79
236.82517099380493,1.76
238.1574523448944,1.76
239.58436965942383,1.69
240.98698616027832,1.76
242.40698146820068,13.93
243.823228597641,6.62
245.1665825843811,4.52
246.56759977340698,4.76
247.985431432724,8.76
249.39132595062256,7.38
250.80846571922302,8.34
252.21646308898926,9.1
253.63214564323425,16.52
255.046870470047,11.07
256.461434841156,9.14
257.87862181663513,17.07
259.29419112205505,7.41
260.70763635635376,5.93
262.1056504249573,6.28
263.52264380455017,7.66
264.8779447078705,8.41
266.29048776626587,9.07
267.6989142894745,9.69
269.1171498298645,11.76
270.5263056755066,8.66
271.9289288520813,7.45
273.2857713699341,9.48
274.6879060268402,9.31
276.1070945262909,16.83
277.52342534065247,7.93
278.92750573158264,10.21
280.34907126426697,16.45
281.7594072818756,10.24
283.165340423584,5.38
284.58725786209106,7.07
286.0003008842468,6.79
287.40154814720154,15.62
288.82412242889404,11.59
290.23980832099915,18.14
291.6502568721771,11.69
293.05237889289856,7.03
294.47120094299316,16.17
295.882461309433,11.07
297.3005540370941,8.52
298.7117187976837,9.34
300.1230070590973,8.59
301.529173374176,9.07
302.94836473464966,9.97
304.3527195453644,6.59
305.7775146961212,15.93
307.1822929382324,8.45
308.58805799484253,16.62
310.01010823249817,8.55
311.4293591976166,9.48
312.834477186203,10.24
314.24283814430237,5.45
315.6604447364807,4.59
317.0790731906891,8.17
318.49365305900574,8.48
319.83772683143616,5.52
321.17926812171936,5.86
322.5944821834564,14.9
323.937894821167,8.76
325.3484706878662,7.34
326.6942539215088,15.34
328.1062171459198,11.59
329.5137987136841,9.38
330.93390464782715,5.21
332.2794044017792,2.59
333.67612051963806,1.97
335.1706054210663,11.0
336.7184889316559,15.52
338.1333203315735,17.38
339.53509497642517,16.28
341.02502036094666,17.38
342.50337409973145,17.55
343.99033546447754,7.55
345.4706301689148,4.55
346.9372355937958,4.14
348.4294984340668,3.69
349.9148449897766,12.79
351.45667839050293,5.83
352.86882400512695,4.07
354.2825322151184,3.31
355.6941993236542,3.72
357.1109414100647,14.24
358.5886929035187,15.9
360.07730865478516,6.76
361.48533391952515,4.62
362.8945310115814,14.17
364.30704832077026,16.21
365.7257649898529,17.76
367.0626063346863,7.21
368.4720022678375,4.76
369.8874247074127,3.59
371.30977988243103,3.21
372.72065687179565,3.52
