1.111893653869629,8.21
2.354722499847412,8.1
3.5618736743927,8.24
4.75938606262207,8.21
9.334838151931763,8.21
10.747114419937134,8.14
12.159178972244263,9.28
13.572871923446655,12.14
14.982175588607788,17.21
16.393808841705322,25.0
17.8047513961792,35.76
19.14940047264099,48.03
20.560020685195923,62.07
21.89711880683899,75.07
23.31734585762024,89.28
24.734097719192505,103.31
26.129355907440186,117.03
27.55477523803711,129.93
28.9532573223114,140.0
30.367176055908203,149.17
31.781614303588867,155.86
33.187901735305786,160.28
34.601107597351074,163.0
36.01453495025635,163.1
37.43844819068909,161.9
38.85003161430359,158.86
40.26206421852112,154.14
