1.111126184463501,-1.86
2.354820728302002,-1.86
3.563742160797119,-1.93
4.761085271835327,-1.83
5.959440231323242,-1.9
8.740211248397827,431.59
10.097805976867676,576.34
11.508822679519653,238.83
12.92074990272522,52.41
14.331749677658081,0.52
15.732217073440552,-1.14
17.143887519836426,4.34
18.495692491531372,22.48
19.83363938331604,42.55
21.25070834159851,40.28
22.66005229949951,31.86
24.07248306274414,29.45
25.47631287574768,27.79
29.169029712677002,-1.24
30.493616580963135,-1.45
31.804200887680054,-1.55
33.12046432495117,-1.69
34.436081409454346,-1.62
35.74079632759094,-1.72
37.05322790145874,-1.69
38.399086713790894,-1.76
39.696234703063965,-1.76
41.01517033576965,-1.79
42.35113573074341,-1.86
43.65333533287048,-1.76
44.97627377510071,-1.93
46.28362321853638,-1.93
47.63910531997681,-1.79
48.947434186935425,-1.86
51.72983384132385,422.93
53.132553577423096,605.55
54.48117542266846,237.41
55.88206934928894,42.14
57.303876638412476,-366.41
58.71920108795166,9.48
60.13354992866516,447.48
61.54426717758179,482.1
65.23135995864868,-2.03
66.52975916862488,-1.93
67.84820342063904,-1.93
69.16583013534546,-2.0
70.47425603866577,-2.0
71.81725788116455,-1.93
73.12362623214722,-2.03
74.43045687675476,-1.93
75.73067688941956,-2.0
77.04576086997986,-1.93
78.36719417572021,-1.9
79.67504024505615,-1.86
80.99573993682861,-1.93
82.33939385414124,-1.9
83.65891575813293,-2.0
84.97400069236755,-1.9
87.74694180488586,143.93
89.15233063697815,587.86
90.50315308570862,171.0
91.84195947647095,-2.62
93.18783664703369,-2.21
94.59575486183167,-1.48
95.94452238082886,-1.41
97.29055833816528,-1.21
98.62879490852356,-1.1
99.9701943397522,-0.86
101.30809926986694,-1.0
102.65730953216553,1.72
103.9938588142395,5.59
105.34441757202148,23.69
106.75708770751953,53.79
108.16933059692383,53.45
109.58847713470459,55.34
110.98614144325256,35.28
112.33916068077087,23.97
113.7445616722107,22.83
115.1561107635498,21.34
116.57423257827759,19.97
117.99229598045349,19.62
119.4039237499237,19.07
120.73427748680115,18.76
122.15051627159119,18.07
123.48994779586792,19.62
124.90917921066284,20.0
126.32230520248413,21.86
127.73205542564392,19.45
129.1369321346283,17.52
130.54572820663452,17.07
131.89438557624817,18.9
133.30647230148315,22.0
134.72091579437256,21.55
136.0578248500824,20.07
137.40842247009277,18.31
138.813152551651,20.79
140.2298936843872,21.97
141.5801284313202,19.69
142.97898197174072,19.41
144.39277458190918,21.86
145.81062841415405,20.28
147.22200512886047,22.86
148.6332986354828,20.83
150.05080151557922,20.14
151.46133422851562,20.0
152.86588501930237,20.21
154.2825744152069,20.07
157.9668025970459,2.66
159.2659194469452,2.59
160.57901859283447,2.52
161.87673950195312,2.21
163.20635533332825,2.24
164.50964546203613,2.17
165.8226602077484,2.21
167.1143536567688,2.14
169.8802890777588,404.0
171.2148084640503,530.38
172.55357241630554,376.07
173.9737193584442,140.1
175.3192582130432,46.21
178.98399019241333,2.17
180.29318022727966,2.28
181.59570240974426,2.21
182.89515566825867,2.21
184.19349193572998,2.28
185.49457049369812,2.38
186.80113101005554,2.17
188.08743572235107,2.31
