1.1084821224212646,-1.76,0
2.344604969024658,-1.83,0
3.554478883743286,-1.76,0
4.753648519515991,-1.76,0
5.963343381881714,-1.83,0
10.556219816207886,-2.34,1
11.972777128219604,-2.45,1
13.386473417282104,-2.31,1
14.798847675323486,-2.1,1
16.2031672000885,-0.52,1
17.608213186264038,0.17,1
19.03452205657959,-0.1,1
20.379302740097046,0.69,1
21.787493228912354,0.59,1
23.124749422073364,1.48,1
24.54719614982605,1.31,1
25.962600708007812,1.76,1
27.373974561691284,1.76,1
28.77987504005432,1.69,1
30.19028615951538,1.86,1
31.61406397819519,1.9,1
33.01424217224121,2.38,1
34.37127327919006,2.28,1
35.78102946281433,2.34,1
37.12209987640381,2.28,1
38.54041147232056,3.03,1
39.8803915977478,3.21,1
41.22071170806885,3.1,1
42.63627219200134,3.14,1
44.04714393615723,3.24,1
45.45465970039368,3.83,1
46.80752992630005,3.66,1
48.22353744506836,3.72,1
49.62713980674744,3.86,1
51.05188226699829,3.69,1
52.46772599220276,3.52,1
53.87180757522583,4.28,1
55.282723903656006,4.31,1
56.69312024116516,4.24,1
58.113765478134155,4.21,1
59.523274183273315,4.14,1
60.93853974342346,4.28,1
62.33993148803711,4.24,1
63.754090309143066,4.24,1
65.17213296890259,4.24,1
66.59154915809631,5.28,1
67.93213129043579,5.17,1
69.35124492645264,5.03,1
70.76262092590332,5.07,1
72.09513425827026,5.1,1
73.45327997207642,5.1,1
74.85838007926941,5.07,1
76.19640159606934,5.07,1
77.61637830734253,5.1,1
79.03678345680237,5.07,1
80.43984985351562,5.1,1
81.85506272315979,5.0,1
83.27254295349121,5.0,1
84.61283254623413,5.07,1
86.0172700881958,5.07,1
87.43809175491333,5.0,1
88.85833406448364,5.0,1
90.20312738418579,5.03,1
91.59940457344055,5.03,1
92.9549810886383,5.31,1
94.37107610702515,5.28,1
95.78267860412598,5.34,1
97.18095970153809,5.28,1
98.59550356864929,5.34,1
100.01407647132874,5.28,1
101.4313428401947,5.28,1
102.83843851089478,5.07,1
104.25378799438477,5.0,1
105.67283535003662,5.0,1
107.0761170387268,4.86,1
108.48546385765076,4.93,1
109.9073715209961,4.97,1
111.32387375831604,5.0,1
112.72842407226562,4.9,1
114.1461501121521,4.83,1
115.55382680892944,4.93,1
116.9708571434021,4.93,1
118.38691210746765,4.97,1
119.78955316543579,4.93,1
121.21338653564453,4.93,1
122.6189923286438,4.9,1
124.03372597694397,4.86,1
125.4352970123291,4.79,1
126.85367393493652,4.93,1
128.2740557193756,4.83,1
129.6864058971405,4.9,1
131.09639048576355,4.83,1
132.50579810142517,4.86,1
133.92399072647095,4.86,1
135.32711052894592,5.34,1
136.74983835220337,5.24,1
138.15359020233154,5.21,1
139.5723922252655,5.17,1
140.9757661819458,5.17,1
142.40324115753174,5.17,1
143.816903591156,5.21,1
145.229665517807,5.17,1
146.63844561576843,5.14,1
148.05406498908997,5.07,1
149.46054220199585,5.14,1
150.86717653274536,5.14,1
152.28945565223694,4.9,1
153.69346928596497,4.86,1
155.1117308139801,4.79,1
156.52262687683105,4.66,1
157.93074297904968,5.14,1
159.3546290397644,5.0,1
160.75858354568481,5.07,1
162.11450505256653,4.97,1
163.45529651641846,5.07,1
164.85597586631775,5.14,1
166.21033668518066,5.07,1
167.62964534759521,5.17,1
168.95834136009216,5.14,1
170.37774777412415,5.17,1
171.79671621322632,5.14,1
173.1382715702057,5.03,1
174.4771785736084,5.14,1
175.82264184951782,5.14,1
177.16381573677063,5.1,1
178.50506782531738,5.07,1
179.92482686042786,5.07,1
181.2730221748352,4.97,1
182.61770248413086,5.03,1
184.0245716571808,5.0,1
185.37611770629883,5.07,1
186.78305196762085,5.03,1
188.11932468414307,5.07,1
189.53519701957703,5.1,1
190.94723415374756,5.07,1
192.37250781059265,4.97,1
193.70519161224365,5.0,1
195.12371444702148,4.93,1
196.53754115104675,5.07,1
197.9446005821228,5.0,1
199.35894131660461,4.97,1
200.77095580101013,4.97,1
202.19097566604614,4.9,1
203.59948110580444,4.76,1
204.93889904022217,4.66,1
206.35874342918396,4.52,1
207.70208597183228,4.69,1
209.1074559688568,4.66,1
210.46328926086426,4.62,1
211.87767815589905,4.59,1
213.2794313430786,4.59,1
214.7003674507141,4.83,1
216.10365533828735,4.72,1
217.5202136039734,4.86,1
218.85939526557922,5.28,1
220.28173780441284,5.1,1
221.69656920433044,5.21,1
223.10725164413452,5.21,1
224.45591354370117,5.14,1
225.860111951828,5.14,1
227.21139073371887,5.14,1
228.624169588089,5.17,1
229.96691584587097,5.14,1
231.3717122077942,5.1,1
232.7243092060089,5.07,1
234.12691378593445,5.17,1
235.5462291240692,5.17,1
236.96551942825317,5.1,1
238.36639499664307,5.07,1
239.7901153564453,5.07,1
241.19159126281738,5.14,1
242.6119523048401,5.0,1
244.0172324180603,5.03,1
245.43342900276184,5.0,1
246.8425087928772,4.97,1
248.26601886749268,4.93,1
249.67479944229126,4.97,1
251.09057712554932,5.0,1
252.49337553977966,4.9,1
253.9120900630951,4.79,1
255.3190052509308,4.79,1
256.7370092868805,4.66,1
258.15562415122986,4.66,1
259.5683307647705,4.62,1
260.98069763183594,4.72,1
262.3841059207916,4.62,1
263.8027732372284,4.66,1
265.20885705947876,4.62,1
266.63369274139404,5.34,1
268.0375769138336,5.07,1
269.4585032463074,5.03,1
270.86878180503845,5.0,1
272.2751204967499,5.07,1
273.6944019794464,5.0,1
275.1045506000519,5.07,1
276.51692843437195,5.03,1
277.9363434314728,5.28,1
279.3483338356018,5.17,1
280.75244975090027,5.17,1
282.1730794906616,5.21,1
283.5766851902008,5.17,1
290.87559819221497,-1.97,0
292.20398473739624,-2.03,0
293.52608132362366,-2.03,0
294.82788729667664,-2.03,0
296.1444616317749,-2.07,0
297.4670400619507,-2.14,0
298.7922737598419,-2.1,0
300.13198256492615,-2.21,0
304.7388834953308,-2.41,1
306.1551191806793,-2.55,1
307.56375217437744,-2.24,1
308.9655406475067,-0.62,1
310.38029980659485,0.86,1
311.79898023605347,1.41,1
313.2154846191406,1.72,1
314.62029933929443,1.9,1
316.03173542022705,2.41,1
317.45225977897644,3.14,1
318.85661721229553,3.9,1
320.2756974697113,4.55,1
321.623229265213,4.45,1
323.0341866016388,5.34,1
324.4514043331146,5.28,1
325.85290789604187,6.17,1
327.26991033554077,6.1,1
328.60861825942993,6.62,1
329.9508852958679,6.66,1
331.3081429004669,6.62,1
332.65251183509827,7.38,1
333.9973440170288,7.17,1
335.40490102767944,7.03,1
336.80987644195557,8.0,1
338.1660068035126,7.79,1
339.5063724517822,7.97,1
340.91849875450134,7.86,1
342.2613399028778,7.9,1
343.61118245124817,8.76,1
344.94906282424927,8.76,1
346.2991180419922,8.79,1
347.63893699645996,8.76,1
349.04304575920105,8.83,1
350.3994073867798,8.76,1
351.73085021972656,8.76,1
353.0862126350403,9.45,1
354.49044704437256,9.38,1
355.8321270942688,9.31,1
357.25526309013367,9.34,1
358.6033351421356,9.31,1
359.9452135562897,9.31,1
361.3503668308258,9.38,1
362.77155923843384,9.38,1
364.1119966506958,9.48,1
365.5164589881897,9.41,1
366.8689534664154,9.48,1
368.27321100234985,9.24,1
369.6314675807953,9.21,1
370.96977257728577,9.24,1
372.38714265823364,9.52,1
373.78717947006226,9.97,1
375.1390640735626,9.9,1
376.55583906173706,9.93,1
377.89633774757385,9.97,1
379.31510043144226,10.03,1
380.65633821487427,9.93,1
382.06615948677063,10.07,1
383.4825265407562,10.03,1
384.8878598213196,10.07,1
386.3028552532196,10.17,1
387.7241008281708,10.14,1
389.1303551197052,10.14,1
390.5359745025635,10.1,1
391.95281624794006,10.07,1
393.3580090999603,10.07,1
394.7747893333435,10.21,1
396.19858264923096,10.14,1
397.5418105125427,10.07,1
398.9455885887146,9.9,1
400.2926239967346,9.97,1
401.70031666755676,9.83,1
403.122633934021,9.86,1
404.5362939834595,9.9,1
405.8808603286743,10.1,1
407.29662346839905,10.17,1
408.70833373069763,10.03,1
410.05312180519104,10.03,1
411.4632589817047,9.93,1
412.872517824173,10.07,1
414.27724051475525,10.1,1
415.7004406452179,10.07,1
417.1055507659912,10.17,1
418.52231454849243,10.14,1
419.94065856933594,10.1,1
421.3440442085266,10.24,1
422.70101523399353,10.1,1
424.1039049625397,10.28,1
425.5237293243408,10.21,1
426.9349102973938,10.17,1
428.34003376960754,10.0,1
429.7551839351654,9.86,1
431.1743359565735,9.97,1
432.5849504470825,9.79,1
433.98794198036194,10.03,1
435.4068114757538,9.93,1
436.8232452869415,10.07,1
438.24040269851685,10.1,1
439.6464853286743,9.93,1
441.0545275211334,10.07,1
442.4788432121277,10.1,1
443.89084458351135,10.1,1
445.3000612258911,10.1,1
446.7066342830658,10.03,1
448.1277370452881,10.14,1
449.54503536224365,10.14,1
450.94925594329834,10.21,1
458.2485625743866,-1.9,0
459.5590739250183,-2.0,0
460.87955617904663,-1.97,0
462.22520112991333,-2.03,0
463.53334975242615,-2.1,0
464.82630920410156,-2.1,0
466.15144062042236,-2.1,0
467.44576692581177,-2.07,0
472.0343849658966,-2.38,1
473.4539349079132,-2.52,1
474.85638761520386,0.24,1
476.2773311138153,1.0,1
477.6792006492615,1.76,1
479.09481382369995,2.62,1
480.51594066619873,3.17,1
481.9291179180145,3.86,1
483.3319368362427,5.52,1
484.7500329017639,6.17,1
486.16693115234375,6.79,1
487.5816512107849,7.31,1
488.9880337715149,8.21,1
490.3924734592438,8.79,1
491.81673216819763,9.21,1
493.2207942008972,9.24,1
494.64049339294434,9.86,1
496.04508113861084,9.86,1
497.46786236763,10.76,1
498.8133773803711,10.62,1
500.21633291244507,11.45,1
501.63459277153015,11.34,1
503.048437833786,12.14,1
504.4654915332794,12.21,1
505.8686065673828,12.03,1
507.28181862831116,12.9,1
508.6990990638733,12.83,1
510.11504101753235,12.86,1
511.53041219711304,12.83,1
512.9433629512787,13.62,1
514.3479797840118,13.59,1
515.7653827667236,13.41,1
517.1856083869934,13.38,1
518.5869600772858,13.17,1
520.0059745311737,14.0,1
521.415034532547,13.97,1
522.8321847915649,13.9,1
524.2346038818359,13.9,1
525.653243303299,14.0,1
527.0717709064484,13.93,1
528.4863007068634,14.07,1
529.90088057518,14.9,1
531.3063132762909,14.76,1
532.7108790874481,14.83,1
534.1323635578156,14.83,1
535.5347290039062,14.86,1
536.9581990242004,14.83,1
538.373720407486,14.9,1
539.7760829925537,14.69,1
541.2003245353699,14.62,1
542.6124746799469,14.59,1
544.0238833427429,14.62,1
545.4309606552124,14.62,1
546.8480460643768,14.76,1
548.2562446594238,14.69,1
549.6745290756226,14.69,1
551.0754296779633,14.72,1
552.5019543170929,14.72,1
553.9066524505615,14.76,1
555.3259098529816,14.76,1
556.7331387996674,14.79,1
558.1543455123901,14.83,1
559.5562844276428,14.86,1
560.9694216251373,14.9,1
562.3836119174957,14.55,1
563.7982540130615,14.59,1
565.214099407196,14.66,1
566.6221606731415,14.62,1
568.0364174842834,14.66,1
569.451776266098,14.72,1
570.8661267757416,14.72,1
572.2675387859344,14.66,1
573.6859197616577,14.93,1
575.102756023407,15.55,1
576.5146040916443,15.24,1
577.9324479103088,15.24,1
579.3413398265839,15.17,1
580.7503521442413,15.14,1
582.169929265976,15.07,1
583.5722095966339,14.97,1
584.9953241348267,14.9,1
586.3988626003265,14.79,1
587.8165328502655,14.76,1
589.2342991828918,14.83,1
590.6386649608612,14.69,1
592.0561175346375,14.72,1
593.4600510597229,14.76,1
594.882307767868,14.83,1
596.2933945655823,14.79,1
597.69788813591,14.83,1
599.1185564994812,15.45,1
600.5381734371185,15.17,1
601.941921710968,15.1,1
603.3486580848694,15.07,1
604.7711267471313,15.0,1
606.1877772808075,15.34,1
607.5905768871307,15.07,1
609.0080044269562,15.1,1
610.4255075454712,15.0,1
611.8340389728546,15.31,1
613.2399206161499,15.17,1
614.6562840938568,15.17,1
616.0767090320587,15.17,1
623.3851404190063,-2.0,0
624.7054393291473,-2.07,0
626.0332922935486,-2.03,0
627.3505487442017,-2.14,0
628.6746761798859,-2.1,0
630.0002467632294,-2.17,0
631.3500454425812,-2.24,0
632.6860857009888,-2.24,0
637.296989440918,-2.45,1
638.6971988677979,-2.55,1
640.1224248409271,0.14,1
641.5213000774384,1.72,1
642.9423944950104,2.52,1
644.3578083515167,3.9,1
645.7745895385742,5.45,1
647.1841368675232,6.66,1
648.521815776825,7.31,1
649.9410510063171,8.97,1
651.3401231765747,9.41,1
652.756673336029,10.1,1
654.1753439903259,10.79,1
655.586795091629,11.48,1
657.0053601264954,12.07,1
658.4182090759277,12.83,1
659.7611439228058,13.31,1
661.1638584136963,13.83,1
662.5766594409943,13.83,1
663.9940202236176,14.62,1
665.4061577320099,15.28,1
666.8238513469696,15.1,1
668.2278282642365,15.83,1
669.6436314582825,15.72,1
670.9950630664825,16.55,1
672.4004306793213,16.45,1
673.7404079437256,17.1,1
675.1579673290253,17.03,1
676.5776174068451,16.97,1
677.9848515987396,17.9,1
679.3919997215271,17.76,1
680.8114993572235,17.55,1
682.1485674381256,17.41,1
683.5703585147858,18.21,1
684.9143109321594,18.1,1
686.2601807117462,18.14,1
687.6024212837219,18.07,1
688.9446167945862,18.03,1
690.3670825958252,18.83,1
691.7088017463684,18.83,1
693.0508556365967,18.69,1
694.3880496025085,18.83,1
695.741607427597,18.72,1
697.0734367370605,18.72,1
698.4266300201416,18.59,1
699.8417711257935,19.17,1
701.1823976039886,19.03,1
702.5985984802246,19.14,1
703.9995164871216,19.17,1
705.418484210968,19.07,1
706.7606520652771,19.03,1
708.1156876087189,19.07,1
709.4550387859344,19.07,1
710.871499300003,19.14,1
712.2691423892975,19.07,1
713.6944530010223,19.17,1
715.1048715114594,19.76,1
716.5076398849487,19.59,1
717.86567735672,19.62,1
719.2008619308472,19.45,1
720.54075050354,19.66,1
721.8978002071381,19.72,1
723.2293789386749,19.66,1
724.572895526886,19.48,1
725.9929704666138,19.69,1
727.4024512767792,19.76,1
728.7441077232361,19.66,1
730.1613476276398,19.79,1
731.5060567855835,19.69,1
732.9151091575623,19.45,1
734.2662830352783,19.41,1
735.6698186397552,19.52,1
737.0139625072479,20.24,1
738.4391932487488,19.93,1
739.7799897193909,20.31,1
741.1853713989258,20.07,1
742.5335850715637,20.1,1
743.8785572052002,20.28,1
745.2142543792725,20.28,1
746.5721173286438,20.1,1
747.9165453910828,20.0,1
749.3228709697723,19.86,1
750.7312777042389,20.14,1
758.0457503795624,-2.14,0
759.3443529605865,-2.24,0
760.6522915363312,-2.21,0
761.9594349861145,-2.28,0
763.2833080291748,-2.28,0
764.5886254310608,-2.31,0
765.8967573642731,-2.28,0
767.241117477417,-2.31,0
771.8364114761353,-2.59,1
773.2592859268188,-0.62,1
774.6652476787567,1.1,1
776.0083737373352,1.83,1
777.4282257556915,3.79,1
778.7739338874817,5.14,1
780.185909986496,6.34,1
781.5848479270935,7.79,1
782.9431707859039,8.97,1
784.349502325058,10.38,1
785.7582249641418,11.76,1
787.1116466522217,12.38,1
788.5178844928741,13.69,1
789.9372744560242,14.38,1
791.3407454490662,14.9,1
792.7590532302856,15.62,1
794.1703517436981,16.17,1
795.5865614414215,16.79,1
796.9250938892365,17.52,1
798.3347816467285,18.14,1
799.7521250247955,18.55,1
801.0936787128448,18.38,1
802.5144197940826,19.0,1
803.8531672954559,19.62,1
805.2689859867096,20.34,1
806.6775844097137,20.31,1
808.0821311473846,20.97,1
809.5078461170197,20.97,1
810.9114542007446,21.48,1
812.2518010139465,21.55,1
813.6779599189758,21.48,1
815.0799028873444,22.1,1
816.4993281364441,21.9,1
817.9012145996094,22.48,1
819.2570719718933,22.34,1
820.5971364974976,22.48,1
822.0049645900726,22.52,1
823.4228250980377,23.31,1
824.8234779834747,23.38,1
826.2381861209869,23.34,1
827.65327501297,23.28,1
829.0631144046783,23.34,1
830.4729421138763,23.72,1
831.8791220188141,23.62,1
833.2992193698883,23.66,1
834.7121169567108,23.76,1
836.1302599906921,23.76,1
837.5404369831085,23.86,1
838.9462435245514,24.34,1
840.352698802948,24.45,1
841.7720663547516,24.34,1
843.1107511520386,24.31,1
844.531941652298,24.1,1
845.9342386722565,24.31,1
847.3547170162201,24.34,1
848.7568318843842,24.41,1
850.1796023845673,24.28,1
851.522643327713,24.34,1
852.9334921836853,24.41,1
854.2737896442413,24.48,1
855.6911532878876,24.31,1
857.0215094089508,24.31,1
858.3628075122833,24.97,1
859.7844974994659,24.93,1
861.1910457611084,24.86,1
862.5997314453125,24.9,1
864.0178952217102,24.93,1
865.4235532283783,25.07,1
866.8452982902527,25.17,1
868.2585587501526,25.1,1
869.6612923145294,25.0,1
871.082620382309,24.83,1
872.4907293319702,24.97,1
873.8936717510223,24.93,1
875.309353351593,24.86,1
876.7188365459442,25.07,1
878.1410510540009,25.07,1
879.5467329025269,25.0,1
880.9572660923004,25.03,1
882.3022854328156,25.14,1
883.7103044986725,24.86,1
885.1289536952972,24.86,1
886.5339641571045,24.83,1
887.943398475647,25.0,1
889.3637557029724,25.07,1
890.7620913982391,25.07,1
898.0890102386475,-2.14,0
899.3961658477783,-2.17,0
900.7215688228607,-2.1,0
902.0290014743805,-2.14,0
903.37557721138,-2.1,0
904.6999142169952,-2.14,0
906.0177478790283,-2.17,0
907.3142673969269,-2.17,0
911.9260954856873,-2.31,1
913.3284678459167,-0.52,1
914.7376666069031,1.72,1
916.1613492965698,3.34,1
917.5662930011749,6.24,1
918.9075543880463,7.28,1
920.2639284133911,8.83,1
921.677980184555,10.72,1
923.0833740234375,12.17,1
924.506306886673,13.52,1
925.9147894382477,14.76,1
927.323207616806,15.86,1
928.7384207248688,17.07,1
930.1402342319489,17.79,1
931.5599267482758,19.07,1
932.9763538837433,19.59,1
934.3920650482178,20.21,1
935.7967312335968,20.97,1
937.218672990799,21.52,1
938.6330015659332,22.14,1
940.0347013473511,22.62,1
941.4568026065826,23.28,1
942.866583108902,23.97,1
944.2808864116669,24.28,1
945.6833515167236,24.17,1
947.1033477783203,24.62,1
948.5081751346588,25.31,1
949.9321806430817,25.17,1
951.3401718139648,26.07,1
952.7511248588562,26.03,1
954.1649796962738,26.66,1
955.5770332813263,26.45,1
956.9780886173248,27.03,1
958.3973891735077,26.86,1
959.8000431060791,26.9,1
961.2170524597168,27.41,1
962.625280380249,27.45,1
964.04452252388,27.45,1
965.4604918956757,28.28,1
966.872802734375,28.28,1
968.2822198867798,28.14,1
969.685512304306,28.0,1
971.0937480926514,27.9,1
972.5053939819336,28.62,1
973.9250111579895,28.66,1
975.3294508457184,28.66,1
976.7516870498657,28.59,1
978.1603026390076,28.66,1
979.5650341510773,28.72,1
980.9828906059265,28.52,1
982.3889169692993,28.66,1
983.8064532279968,29.0,1
985.2231740951538,29.14,1
986.624834060669,29.14,1
988.0420923233032,29.14,1
989.4468142986298,29.17,1
990.8655090332031,29.17,1
992.2778372764587,29.14,1
993.6903994083405,29.07,1
995.0970866680145,29.79,1
996.5170860290527,29.83,1
997.9195528030396,29.69,1
999.3378562927246,29.72,1
1000.7390806674957,29.66,1
1002.1638374328613,29.83,1
1003.573441028595,29.59,1
1004.9757153987885,29.55,1
1006.391432762146,29.62,1
1007.8018224239349,29.66,1
1009.2079112529755,29.66,1
1010.6297924518585,29.69,1
1012.0428025722504,29.72,1
1013.4441957473755,29.86,1
1014.8655278682709,29.55,1
1022.1642973423004,-2.34,0
1023.4888250827789,-2.41,0
1024.8038918972015,-2.31,0
1026.1627161502838,-2.45,0
1027.4774272441864,-2.45,0
1028.794592142105,-2.41,0
1030.1200439929962,-2.38,0
1031.4269993305206,-2.41,0
