1.1129515171051025,-1.76,0
2.35109806060791,-1.69,0
3.5618274211883545,-1.83,0
4.763031005859375,-1.79,0
9.347039461135864,-1.76,1
10.759044408798218,-1.72,1
12.171984910964966,-1.69,1
13.574684381484985,-1.69,1
14.983661651611328,-1.72,1
16.407451629638672,-1.76,1
17.738861560821533,-1.66,1
19.154938220977783,-1.62,1
20.577683687210083,-1.69,1
21.91092586517334,-1.69,1
23.26296639442444,-1.69,1
24.59835124015808,-1.72,1
26.008689165115356,-1.72,1
27.429890155792236,-1.69,1
28.83720088005066,-1.76,1
30.25745391845703,-1.69,1
31.66464900970459,-1.69,1
33.084519386291504,-1.66,1
34.42252779006958,-1.62,1
35.75921010971069,-1.72,1
37.115731954574585,-1.66,1
38.52619171142578,-1.69,1
39.874632835388184,-1.69,1
41.20955681800842,-1.72,1
42.552083015441895,-1.72,1
43.89997982978821,-1.66,1
45.31697678565979,-1.69,1
46.6652626991272,-1.66,1
48.07439637184143,-1.72,1
