1.1149561405181885,6.31,0
2.3480639457702637,6.34,0
3.5531139373779297,6.31,0
4.752620220184326,6.28,0
5.94734525680542,6.24,0
10.540119171142578,5.97,1
11.958228588104248,5.93,1
13.371201992034912,5.93,1
14.78429627418518,6.0,1
16.19603705406189,5.93,1
17.536550998687744,6.03,1
18.95489478111267,6.0,1
20.296514987945557,6.0,1
21.63593578338623,6.0,1
23.040663480758667,6.03,1
24.398813486099243,6.14,1
25.73979353904724,6.1,1
27.155240774154663,6.07,1
28.563318729400635,6.07,1
29.9055438041687,6.1,1
31.324344396591187,6.14,1
32.6622793674469,6.14,1
34.00808835029602,6.17,1
35.35310959815979,6.1,1
36.697913646698,6.21,1
38.03964042663574,6.24,1
39.446592807769775,6.21,1
40.8006956577301,6.21,1
42.13545346260071,6.17,1
43.47609996795654,6.17,1
44.832847356796265,6.21,1
46.174248695373535,6.14,1
47.51521277427673,6.24,1
48.85669279098511,6.21,1
50.27536129951477,6.17,1
51.616517782211304,6.17,1
52.955018758773804,6.24,1
54.30152988433838,6.17,1
55.65565609931946,6.14,1
56.99770784378052,6.17,1
58.33828806877136,6.21,1
59.756625175476074,6.21,1
61.1694540977478,6.24,1
62.58013868331909,6.21,1
63.92453217506409,6.21,1
65.26269459724426,6.24,1
66.60553407669067,6.21,1
67.95707654953003,6.21,1
69.29184317588806,6.17,1
70.64510822296143,6.17,1
72.04929041862488,6.21,1
73.4032952785492,6.17,1
74.73295068740845,6.21,1
76.08690929412842,6.21,1
77.42493915557861,6.24,1
78.77089190483093,6.24,1
80.11790299415588,6.17,1
81.45407724380493,6.14,1
82.87156391143799,6.21,1
84.21378660202026,6.21,1
85.56662487983704,6.14,1
86.90943121910095,6.17,1
88.25485157966614,6.17,1
89.5929365158081,6.17,1
90.93100023269653,6.21,1
92.28482484817505,6.1,1
93.6967339515686,6.24,1
95.04317474365234,6.24,1
96.45535326004028,6.24,1
97.8662416934967,6.31,1
99.21024179458618,6.28,1
100.5517361164093,6.31,1
101.89508008956909,6.24,1
103.31310868263245,6.24,1
104.72080159187317,6.31,1
106.05976796150208,6.21,1
107.40673613548279,6.17,1
108.8203535079956,6.21,1
110.16034603118896,6.28,1
111.51471281051636,6.21,1
112.92232036590576,6.21,1
114.33192205429077,6.17,1
115.74685144424438,6.1,1
117.16320490837097,6.1,1
118.57183575630188,6.21,1
119.98847389221191,6.17,1
121.40673542022705,6.07,1
122.81932282447815,6.1,1
124.23208808898926,6.07,1
125.63113689422607,6.14,1
127.04949617385864,6.0,1
128.4673273563385,5.97,1
129.87197732925415,6.03,1
131.2154188156128,5.97,1
132.57059693336487,6.07,1
133.9142849445343,6.0,1
135.31901621818542,6.0,1
136.73880124092102,6.07,1
138.14429306983948,5.93,1
139.48228693008423,5.97,1
140.90935134887695,5.86,1
142.31193232536316,5.86,1
143.65247559547424,5.9,1
145.0731599330902,5.86,1
146.4913272857666,6.1,1
147.90040588378906,6.0,1
149.31732487678528,6.07,1
150.71944856643677,5.9,1
152.13509583473206,5.97,1
153.54575037956238,5.83,1
154.95503735542297,6.0,1
156.380375623703,5.86,1
157.7852325439453,5.83,1
159.19203209877014,5.76,1
160.5368936061859,5.79,1
161.8947741985321,5.76,1
163.23681783676147,5.76,1
164.57764744758606,5.69,1
165.98163223266602,5.83,1
167.33709478378296,5.76,1
168.67928171157837,5.66,1
170.0966558456421,5.79,1
171.50245690345764,5.69,1
172.83988690376282,5.59,1
174.26394867897034,5.62,1
175.670068025589,5.72,1
177.08896398544312,5.66,1
178.50462365150452,5.59,1
179.91106986999512,5.66,1
181.32550764083862,5.55,1
182.7268669605255,5.62,1
184.085702419281,5.55,1
185.49450969696045,5.59,1
186.89706254005432,5.52,1
188.32038021087646,5.66,1
