1.1119756698608398,6.72
2.3566980361938477,6.72
3.561331272125244,6.76
4.769364833831787,6.76
9.346720457077026,-3.9
10.761589050292969,-3.34
12.170640468597412,-1.66
13.577106714248657,-0.62
14.996171951293945,-0.41
16.398371696472168,-0.52
17.746814250946045,-0.28
19.087517023086548,-0.17
20.432766675949097,0.07
21.850502967834473,0.0
23.19486951828003,0.34
24.611464023590088,-0.24
26.012925386428833,-0.38
27.42837166786194,-0.34
28.85113787651062,-0.52
30.259876012802124,0.03
31.674729108810425,-0.1
33.07569217681885,-0.66
34.41912484169006,-1.03
35.835471630096436,-1.21
37.188106536865234,-0.69
38.598655462265015,-0.79
40.006824254989624,-0.45
41.356690645217896,-0.48
42.767005443573,-0.79
44.115761518478394,-1.03
45.44740629196167,-0.83
46.86042809486389,-0.45
48.285746574401855,0.03
49.68560457229614,-0.24
51.10356020927429,-0.48
52.44459056854248,0.07
53.8608717918396,-0.76
55.27660322189331,-0.9
56.68281269073486,-0.9
58.09990572929382,-0.97
59.512678146362305,-0.48
60.91984844207764,-0.48
62.343624114990234,-1.38
63.75210094451904,-1.14
65.09983038902283,-1.14
66.51651906967163,-1.24
67.92949914932251,-0.59
69.34125542640686,-0.97
70.7481119632721,-1.21
72.15968489646912,-1.14
73.5079288482666,0.03
74.91305637359619,-0.76
76.26132535934448,-0.41
77.67329931259155,-0.93
79.02197337150574,-0.97
80.42205262184143,-1.14
81.84888458251953,-0.9
83.25147247314453,-1.07
84.60474276542664,-0.9
86.01290464401245,-1.03
87.42832446098328,-0.97
88.77065324783325,-1.0
90.10734844207764,-0.72
91.52417731285095,-0.72
92.93776607513428,-0.41
94.35182619094849,-0.72
95.75193548202515,-1.17
97.18224358558655,-0.83
98.59233570098877,-1.14
99.99799942970276,-1.0
101.40967226028442,-1.28
102.82814121246338,-1.07
104.23891544342041,-1.0
105.65254330635071,-0.45
106.99690127372742,-0.83
108.41395211219788,-1.34
109.81817245483398,-0.97
111.23237800598145,-1.41
112.65010023117065,-1.07
113.9953179359436,-1.0
115.40374827384949,-0.83
116.81119894981384,-1.34
118.231689453125,-0.79
119.64937615394592,-1.0
121.05753135681152,-0.72
122.47306203842163,-0.76
123.88121461868286,-1.17
125.29845476150513,-1.38
126.70593070983887,-1.28
128.12249040603638,-1.0
129.46458959579468,-1.45
130.87753343582153,-2.07
