1.1026654243469238,-2.14,0
2.3566176891326904,-2.1,0
3.5635855197906494,-2.07,0
4.772435903549194,-2.1,0
9.351693630218506,247.66,1
10.763736009597778,347.66,1
12.170942068099976,338.72,1
19.476846933364868,-0.48,0
20.782381772994995,-0.45,0
22.14295768737793,-0.55,0
23.44203495979309,-2.69,0
24.748721837997437,-4.34,0
26.054276704788208,-7.86,0
27.379411458969116,-6.41,0
28.687187910079956,-8.93,0
33.29283261299133,287.86,1
34.63664484024048,369.72,1
36.0490837097168,373.48,1
37.39282250404358,322.48,1
44.700743198394775,1.31,0
46.012919187545776,1.41,0
47.32374691963196,1.41,0
48.63197088241577,1.31,0
49.94129824638367,1.24,0
51.251288175582886,1.34,0
52.592615604400635,1.34,0
53.906455993652344,1.24,0
58.501587867736816,10.31,1
59.904590129852295,3.38,1
61.325785398483276,6.03,1
62.729981422424316,-6.07,1
64.14761424064636,4.45,1
65.56796622276306,8.55,1
66.90257000923157,13.07,1
68.32276558876038,-332.97,1
69.73344540596008,-36.34,1
71.13921809196472,-19.59,1
72.5570867061615,-0.48,1
73.90411949157715,0.72,1
75.23704218864441,0.14,1
76.65552306175232,-0.28,1
78.07506489753723,-0.45,1
79.47801947593689,-0.55,1
80.89982175827026,-0.48,1
82.2373456954956,-0.24,1
83.65614008903503,-0.1,1
85.06557440757751,-0.17,1
86.48435235023499,-0.14,1
87.89839386940002,-0.1,1
89.24258017539978,-0.52,1
90.64813756942749,-0.28,1
92.06704616546631,-0.28,1
93.4731342792511,-0.21,1
94.88099122047424,-0.14,1
96.29773569107056,-0.41,1
97.71644186973572,-0.66,1
99.12154078483582,-0.48,1
100.54511666297913,-0.48,1
101.8871340751648,-0.69,1
103.28707456588745,1.17,1
104.70581603050232,0.9,1
106.12605571746826,1.31,1
107.5374960899353,173.1,1
108.9492130279541,111.9,1
110.36272716522217,106.24,1
111.76633667945862,85.72,1
113.18808007240295,-105.52,1
114.59453749656677,-76.69,1
116.00041580200195,4.76,1
117.42743277549744,1.1,1
118.83274292945862,-0.07,1
120.24192070960999,-6.69,1
121.66133975982666,-1.17,1
123.06624245643616,0.34,1
124.48913025856018,-0.34,1
125.90394377708435,-0.28,1
127.31689953804016,1.9,1
128.72244882583618,-0.38,1
130.1274106502533,-0.52,1
131.54958200454712,-0.41,1
132.95258212089539,-0.52,1
134.37310910224915,-0.48,1
135.77997827529907,-0.52,1
137.1991949081421,-0.52,1
138.6160593032837,-0.55,1
140.02548003196716,-0.28,1
141.44444870948792,-0.48,1
142.85649347305298,-0.48,1
144.26854395866394,-0.52,1
145.6749997138977,-0.55,1
147.0928647518158,-0.59,1
148.50257897377014,-0.21,1
151.86349320411682,-50.66,1
155.22391605377197,55.83,1
156.53872156143188,16.0,1
157.84859204292297,3.79,1
159.18178129196167,0.86,1
160.48541569709778,-0.59,1
161.79134368896484,-1.17,1
163.09676003456116,-1.31,1
164.4419138431549,-1.38,1
167.75969576835632,-1.66,1
169.06381177902222,-1.59,1
170.3750398159027,-1.59,1
171.68006110191345,-1.66,1
172.98931503295898,-1.59,1
174.30018520355225,-1.59,1
177.62292051315308,-1.76,1
180.96230292320251,-69.83,1
182.2723581790924,-27.93,1
183.56476092338562,-12.0,1
184.87727451324463,-5.97,1
186.16926431655884,-3.76,1
187.48120284080505,-2.79,1
188.79067182540894,-2.45,1
190.10258388519287,-2.28,1
191.44234943389893,-2.17,1
192.76254606246948,-2.1,1
194.0661118030548,-2.07,1
195.37114000320435,-2.0,1
196.68023204803467,-1.9,1
198.0067286491394,-1.93,1
199.30012726783752,-1.86,1
200.62049961090088,-1.9,1
201.9602611064911,-1.83,1
203.2731339931488,-1.9,1
204.5860435962677,-1.9,1
205.90028548240662,-1.83,1
207.20418572425842,-1.83,1
208.51559805870056,-1.79,1
209.82443284988403,-1.86,1
211.16426539421082,-1.86,1
212.47439670562744,-1.86,1
213.79538416862488,-1.83,1
215.10289812088013,-1.76,1
216.40851950645447,-1.79,1
217.73102807998657,-1.83,1
219.03406405448914,-1.55,1
220.33784437179565,-1.83,1
221.67945623397827,-1.72,1
222.99265480041504,-1.79,1
224.30346536636353,-1.83,1
225.60018277168274,-1.69,1
226.92239713668823,-2.07,1
228.23345923423767,-1.31,1
229.53723239898682,172.07,1
230.87781023979187,-6.38,1
232.18790817260742,-8.38,1
233.4972743988037,-17.9,1
234.8230495452881,-11.97,1
236.12361311912537,-16.21,1
237.4264760017395,-17.28,1
238.74907422065735,-14.31,1
240.09383702278137,-15.21,1
241.40158987045288,-297.24,1
242.70938301086426,-15.03,1
244.0214409828186,1.97,1
245.3296241760254,-1.76,1
246.65571451187134,-1.97,1
247.9659299850464,-1.97,1
249.27487540245056,-2.0,1
250.6257655620575,-1.97,1
251.9348587989807,-1.93,1
253.26363229751587,-1.9,1
254.57592010498047,-1.9,1
255.88874316215515,-1.9,1
257.20181250572205,-1.9,1
258.51169753074646,-16.97,1
259.8223497867584,-6.83,1
261.1781566143036,-4.59,1
262.4855546951294,-3.59,1
263.7985038757324,0.76,1
265.11292004585266,5.72,1
266.4209849834442,-1.24,1
267.7293326854706,-1.69,1
269.06431460380554,-1.76,1
270.40514874458313,-1.72,1
271.7159233093262,-1.86,1
273.03294706344604,-1.93,1
274.3501124382019,-1.9,1
275.64780497550964,-1.9,1
276.95736813545227,-1.86,1
278.28000140190125,-1.83,1
281.5932855606079,62.41,1
284.9490885734558,-44.14,1
286.2627913951874,-19.03,1
287.57439160346985,-8.1,1
288.89919662475586,-4.1,1
290.2141375541687,-2.72,1
291.53370809555054,-2.24,1
292.84421944618225,-2.07,1
294.2025682926178,-1.97,1
295.5112578868866,-2.93,1
296.8378155231476,-5.07,1
298.14441180229187,21.28,1
299.47494196891785,18.76,1
300.78914618492126,1.79,1
302.0975956916809,0.66,1
303.4073095321655,-0.45,1
304.7518513202667,-1.17,1
306.07570004463196,-1.52,1
307.38719272613525,-0.07,1
308.71321296691895,-2.41,1
310.0213122367859,50.1,1
311.3279457092285,207.1,1
312.6534810066223,12.76,1
314.0064215660095,9.03,1
315.32446479797363,4.83,1
316.65158891677856,8.34,1
317.9732029438019,7.83,1
319.29528427124023,5.69,1
320.60297679901123,6.17,1
