1.1058826446533203,5.41
2.312852621078491,5.48
3.5470776557922363,5.52
4.750109672546387,5.48
5.9458558559417725,5.48
10.527050018310547,104.69
11.947561740875244,146.07
13.358431339263916,157.86
14.769376993179321,161.93
16.175196409225464,162.62
17.515128135681152,161.28
18.861811876296997,149.31
20.211503982543945,135.97
21.619128465652466,121.31
23.020691871643066,109.07
24.445356369018555,97.48
25.84308433532715,86.34
27.260427474975586,77.72
28.67775273323059,70.45
30.085527181625366,63.41
31.49889326095581,57.52
32.90863513946533,52.14
34.32082176208496,47.0
35.73573088645935,42.66
37.13605809211731,38.38
38.480530738830566,35.14
39.88896203041077,32.07
41.3160285949707,29.9
42.66033720970154,27.83
44.06316900253296,25.28
45.4714081287384,23.93
46.8928439617157,22.86
48.2917845249176,21.07
49.70320200920105,12.93
51.124606132507324,9.17
52.53169870376587,8.34
53.880794286727905,11.48
55.28267502784729,11.41
56.63549184799194,13.28
57.97621297836304,12.24
59.390204191207886,5.0
60.79698944091797,4.31
62.207035541534424,3.03
63.62453079223633,4.03
65.02458906173706,9.93
66.4491982460022,9.86
67.78978371620178,12.03
69.20279669761658,9.59
70.53985667228699,10.45
71.96056723594666,8.66
