1.1067705154418945,5.55
2.315549373626709,5.52
3.5485405921936035,5.59
4.759539604187012,5.69
9.337539911270142,0.03
10.74961233139038,-0.17
12.162057876586914,12.1
13.569404602050781,14.97
14.980392932891846,6.31
16.386573791503906,3.41
17.810603857040405,2.1
19.147121906280518,2.28
20.55773615837097,2.1
21.982292413711548,12.38
23.386735916137695,4.97
24.725465536117554,13.41
26.152473211288452,15.48
27.55031108856201,6.07
28.97653102874756,3.66
30.388526916503906,2.83
31.80254292488098,2.34
33.206841468811035,1.86
34.62693500518799,2.1
36.038508892059326,12.9
37.44663405418396,5.1
38.857378005981445,3.1
40.27752113342285,2.31
41.68950629234314,2.34
43.102407693862915,12.48
44.51552724838257,4.93
45.93044352531433,2.79
47.33593034744263,2.03
48.755229473114014,1.9
50.16293931007385,2.03
51.57065439224243,12.93
52.9102942943573,15.34
54.33534216880798,16.31
55.747029542922974,16.31
57.15753793716431,6.93
58.5634331703186,3.21
59.986533880233765,2.83
61.39853358268738,2.0
62.81152534484863,2.34
64.21158480644226,2.07
65.5636236667633,1.93
66.90890598297119,12.69
68.32318568229675,5.07
69.73953032493591,2.69
71.08079075813293,2.03
72.4929723739624,12.55
73.83180737495422,15.0
75.17935848236084,16.17
76.58724331855774,16.62
77.92791795730591,17.34
79.34542465209961,6.97
80.75370287895203,4.07
82.17549705505371,2.76
83.51033544540405,12.9
84.86096501350403,15.03
86.26305818557739,15.93
87.67499136924744,16.69
89.09604167938232,16.55
90.50533771514893,16.86
91.92305541038513,16.41
93.34160089492798,16.79
94.74339866638184,16.79
96.15881061553955,6.69
97.56399607658386,3.79
98.97838306427002,2.59
100.39830112457275,12.69
101.81651830673218,15.17
103.2302041053772,6.0
104.64102911949158,3.34
106.05237293243408,1.97
107.46287608146667,2.34
108.87257361412048,2.21
110.28933477401733,12.14
111.69910764694214,15.41
113.10641241073608,16.14
114.53051233291626,16.66
115.93726205825806,6.38
117.35373282432556,3.79
118.76664185523987,2.59
120.18126797676086,12.48
121.5934956073761,15.83
123.00322580337524,16.34
124.41849422454834,6.72
125.82739734649658,3.79
127.23441934585571,2.86
128.64540719985962,2.41
130.06965589523315,2.14
131.48350596427917,12.03
132.882089138031,14.93
134.29967260360718,5.76
135.7058811187744,3.55
137.12807846069336,2.41
138.54550457000732,1.97
139.95721316337585,2.1
141.37200617790222,2.07
142.7722306251526,12.14
144.1980540752411,15.28
145.5958549976349,16.1
147.0075888633728,6.21
148.4275302886963,13.52
149.84648728370667,15.59
151.25935769081116,5.97
152.66774463653564,3.31
154.08273363113403,12.69
155.49825263023376,5.34
156.90489530563354,3.62
158.3225519657135,2.34
159.736585855484,12.38
161.13486766815186,5.21
162.55199694633484,3.34
163.96072506904602,2.14
165.38151621818542,1.97
166.79485511779785,1.97
168.13655996322632,2.0
169.5486695766449,1.9
170.88711404800415,12.21
172.2973027229309,14.9
173.6480016708374,6.07
175.0570044517517,3.07
176.4124734401703,2.03
177.82549476623535,2.17
179.1663568019867,2.0
180.56836533546448,2.17
181.9232621192932,2.17
183.3259620666504,1.97
184.67007565498352,1.9
186.09200263023376,2.03
187.4398114681244,2.03
188.83840990066528,2.21
190.26297640800476,1.97
191.6679949760437,1.97
193.09015703201294,1.9
194.49870491027832,1.9
195.91808485984802,2.0
197.32221698760986,1.93
198.73130106925964,1.93
200.1480097770691,1.86
201.5582230091095,1.86
202.97959232330322,11.76
204.39220094680786,5.0
205.79969906806946,2.28
207.14783358573914,12.31
208.56141877174377,5.28
209.8948016166687,3.31
211.3177580833435,2.86
212.72627019882202,12.17
214.13885641098022,15.14
215.5560851097107,5.79
216.96784567832947,3.55
218.3812346458435,2.93
219.79538321495056,12.41
221.20293951034546,5.24
222.6218683719635,3.38
223.95850491523743,2.59
225.37807369232178,2.55
226.78062415122986,2.03
228.19141387939453,1.9
229.60786080360413,1.9
231.03045272827148,11.79
232.4356973171234,15.17
233.85506987571716,15.93
235.2641797065735,6.14
236.67483282089233,13.9
238.09290623664856,15.69
239.50368976593018,6.0
240.9133861064911,3.1
242.33244848251343,2.48
243.74446392059326,2.03
245.1510021686554,12.31
246.56210803985596,4.72
247.96855902671814,3.24
249.31623530387878,2.38
250.73874807357788,2.07
252.1488494873047,12.07
253.55214738845825,15.21
254.97202372550964,6.24
256.3833556175232,3.66
257.79595470428467,2.24
259.213050365448,2.24
260.62677812576294,2.14
262.0383286476135,1.93
263.44873690605164,11.79
264.860089302063,15.17
266.2761890888214,16.1
267.68673038482666,6.07
269.10043835639954,3.14
270.510457277298,2.17
271.92616987228394,12.17
273.33380365371704,15.21
274.7433159351349,5.9
276.16487765312195,2.9
277.57833981513977,2.07
278.9789309501648,1.97
280.3878047466278,11.9
281.8049955368042,4.72
283.22278356552124,3.17
284.6377651691437,2.55
286.0484321117401,1.97
287.4523141384125,2.1
288.87562918663025,2.38
290.2852580547333,1.93
291.689973115921,1.83
293.1023054122925,2.21
294.5247175693512,2.24
295.93048095703125,2.0
297.3544306755066,1.93
298.75950860977173,11.76
300.1804418563843,15.59
301.5936141014099,16.24
303.0046751499176,6.14
304.4076609611511,3.76
305.8304078578949,2.41
307.2287676334381,1.97
308.64284491539,2.03
310.05450677871704,1.9
311.4814245700836,2.14
312.8909583091736,2.24
314.2952916622162,2.0
315.7195932865143,11.97
317.1199588775635,14.97
318.53766536712646,5.69
319.94620418548584,2.97
321.3611857891083,2.66
322.7826726436615,2.14
324.18907618522644,11.97
325.60839891433716,4.62
327.02141976356506,13.62
328.4310715198517,15.69
329.8318588733673,6.0
331.2585871219635,3.1
332.6623857021332,12.59
334.0834262371063,15.24
335.4964907169342,6.21
336.89743661880493,3.72
338.3141522407532,2.38
339.73524284362793,2.03
341.14737486839294,1.9
342.55077290534973,11.72
343.9739611148834,15.21
345.38012647628784,16.07
346.78954005241394,6.62
348.138338804245,3.59
349.55060482025146,2.31
350.95702934265137,2.03
352.3754913806915,1.83
353.7866494655609,2.03
355.2016260623932,1.9
356.53874588012695,12.17
357.9614038467407,5.07
359.36327719688416,3.31
360.7854018211365,2.59
362.1977560520172,2.0
363.60821557044983,1.86
365.01570987701416,2.07
366.42942476272583,2.0
367.8415048122406,2.07
369.25099086761475,2.0
370.66273307800293,1.83
372.0873999595642,2.07
373.49381494522095,2.03
374.9058108329773,1.97
376.3233976364136,1.83
377.7240936756134,1.83
379.14996552467346,1.86
380.55245995521545,1.97
381.9763960838318,1.86
383.3837740421295,1.86
384.7954878807068,11.93
386.21331787109375,5.0
387.62556624412537,12.72
389.02353024482727,5.31
390.4380567073822,2.97
391.84847259521484,2.03
393.2740020751953,1.9
394.67760157585144,11.72
396.1038010120392,14.97
397.50917768478394,5.76
398.92738819122314,3.34
400.327755689621,2.52
401.75099086761475,1.93
403.16331911087036,1.83
404.57165145874023,2.03
405.9898672103882,2.31
407.3999786376953,12.03
408.8153712749481,14.93
410.22902727127075,5.83
411.6310033798218,3.48
413.053382396698,2.83
414.465172290802,1.93
415.8755142688751,1.86
417.2881164550781,1.9
418.6980860233307,1.93
420.1144757270813,1.97
421.5306112766266,2.24
422.94084548950195,1.93
424.3528835773468,12.34
425.7653682231903,15.24
427.17575335502625,16.24
428.5913596153259,6.14
429.99975872039795,3.21
431.4047567844391,2.14
432.8266689777374,2.14
434.23839020729065,2.03
435.6573553085327,12.52
437.0635550022125,15.1
438.48199343681335,5.66
439.8811295032501,2.86
441.2997214794159,2.34
442.7185044288635,2.28
444.127779006958,2.0
445.53206729888916,11.93
446.88412404060364,4.93
448.2956829071045,2.93
449.707661151886,1.86
451.11979031562805,2.14
452.52993726730347,1.86
453.9463601112366,2.1
455.35165452957153,1.9
456.7083673477173,12.14
458.04903745651245,14.79
459.46499729156494,6.0
460.8111472129822,3.34
462.22436690330505,13.21
463.6355631351471,15.45
465.0376706123352,16.69
466.3862829208374,16.52
467.7928011417389,16.62
469.21566104888916,6.79
470.6285650730133,3.62
472.0400903224945,12.62
473.45386958122253,15.48
474.8584053516388,5.93
476.27945351600647,3.24
477.68589091300964,1.93
479.1000475883484,2.24
480.5222842693329,2.03
481.9325098991394,1.83
483.34178256988525,1.83
484.7496085166931,11.86
486.15971398353577,4.52
487.5727152824402,13.41
488.98809719085693,15.38
490.39607214927673,6.28
491.8175377845764,3.66
493.22980999946594,2.24
494.63547825813293,1.93
496.0549228191376,1.97
497.4743649959564,11.93
498.8832173347473,14.86
500.2944939136505,5.72
501.704705953598,3.48
509.03034567832947,-0.62
510.35358023643494,-0.66
511.6544077396393,-0.69
512.9754717350006,-0.72
514.2770738601685,-0.76
515.6234240531921,-0.69
516.9419078826904,-0.79
518.2558948993683,-0.62
522.864086151123,813.66
524.2626650333405,773.69
525.6746878623962,473.24
527.0848288536072,243.1
528.5103390216827,117.45
535.8213517665863,-1.31
537.1249701976776,-1.38
538.4410421848297,-1.28
539.763867855072,-1.31
541.0833098888397,-1.31
542.3907558917999,-1.34
543.7113347053528,-1.28
545.0539932250977,-1.31
549.6569972038269,798.79
551.0631437301636,782.24
552.4697167873383,494.03
553.8905935287476,266.03
555.305328130722,137.76
562.5959901809692,-1.62
563.9425430297852,-1.97
565.2582716941833,-1.9
566.5746521949768,-1.72
567.8799543380737,-1.41
569.202024936676,-1.41
570.5109770298004,-1.62
571.839430809021,-1.24
576.477591753006,792.48
577.8876116275787,792.62
579.3012230396271,514.0
580.718181848526,282.34
