1.109787940979004,-1.86
2.3512215614318848,-2.03
3.5693061351776123,-1.93
4.7754034996032715,-2.03
9.346964597702026,1.9
10.758541345596313,13.38
12.17148733139038,32.17
13.578390836715698,51.69
14.990257978439331,62.93
16.401708126068115,73.1
17.753093719482422,78.86
19.08537721633911,91.62
20.43770694732666,100.38
21.779378175735474,105.1
23.180246591567993,121.93
24.594200372695923,96.07
26.006617307662964,100.0
27.421233892440796,100.9
28.77110767364502,114.38
30.174894094467163,126.93
31.590122938156128,129.17
33.00533485412598,110.66
34.4153573513031,106.83
35.764386892318726,125.34
37.16153383255005,118.9
38.57299470901489,103.41
39.99609112739563,101.52
41.342652797698975,110.55
42.74559426307678,106.1
44.09651851654053,103.72
45.439425468444824,96.66
46.77812933921814,109.76
48.18534851074219,100.9
49.597410678863525,100.86
51.00775456428528,109.24
52.4208767414093,102.21
53.83711647987366,107.17
55.240684509277344,104.66
56.653343200683594,102.55
58.06505990028381,119.1
59.481343030929565,104.9
60.89324140548706,101.86
62.30402088165283,121.62
63.72282838821411,108.21
65.12201476097107,106.38
66.4753794670105,108.38
67.88429570198059,123.97
69.22634387016296,115.76
70.63908576965332,120.14
71.97349905967712,102.28
73.3828706741333,97.24
74.73945713043213,96.41
76.14486598968506,107.97
77.49371838569641,103.72
78.90507698059082,113.97
80.3179988861084,123.48
81.72925686836243,118.86
83.07099032402039,108.69
84.48460841178894,123.62
85.88483047485352,114.97
87.30100846290588,108.07
88.71478414535522,117.41
90.12368392944336,120.14
91.54203009605408,113.97
92.95404171943665,113.28
94.36388063430786,118.79
95.76675987243652,107.34
97.18919801712036,114.38
98.59217238426208,109.97
100.00217509269714,114.66
101.41662430763245,109.07
102.83006238937378,114.28
104.24125671386719,117.1
105.64781880378723,114.66
107.06068897247314,116.1
108.4729061126709,117.07
109.88197016716003,112.1
111.30037593841553,113.48
112.7141056060791,109.17
114.12889337539673,112.34
115.52633118629456,125.28
116.93660593032837,116.72
118.35469150543213,111.07
119.76302313804626,111.79
121.17292833328247,103.1
122.5914204120636,122.21
124.00039720535278,112.03
125.41513729095459,104.48
126.82825565338135,125.21
128.2409427165985,115.69
129.65296959877014,124.9
130.9997398853302,114.97
132.33914971351624,121.31
133.75255870819092,115.0
135.16617941856384,104.21
136.5748918056488,113.07
137.98730444908142,111.1
139.39940071105957,108.55
140.80987691879272,113.72
142.2240560054779,104.0
143.62078714370728,112.45
145.0460147857666,115.62
146.44404077529907,118.21
147.85821962356567,106.93
149.2831859588623,115.83
150.68606328964233,118.41
152.09403896331787,117.93
153.51008987426758,110.1
154.92076349258423,104.41
156.3368239402771,119.9
157.74288487434387,107.52
159.16124939918518,99.48
160.5039939880371,114.34
161.84798526763916,103.69
163.25376105308533,105.59
164.66739678382874,120.31
166.07788753509521,127.28
167.490953207016,118.38
168.90403151512146,107.21
170.2510540485382,106.17
171.5934202671051,113.97
172.93759679794312,109.55
174.34839797019958,108.59
175.6856598854065,107.66
177.03130054473877,108.48
178.44182562828064,103.07
179.84511494636536,106.62
181.199294090271,110.28
182.5413212776184,107.62
183.88822317123413,103.21
185.28831219673157,110.1
186.7051351070404,115.1
188.11595487594604,124.93
189.45956897735596,115.21
190.86955428123474,110.69
192.2190718650818,121.07
193.62137293815613,109.62
194.9692988395691,100.76
196.38159465789795,101.38
197.79377961158752,122.0
199.20840167999268,112.17
200.6071424484253,110.62
202.01953601837158,108.93
203.43542623519897,101.07
204.8485860824585,114.31
206.25088739395142,113.62
207.6676468849182,106.41
209.02074694633484,106.34
210.4182004928589,112.34
211.83174681663513,107.1
213.24472498893738,122.76
214.65796852111816,112.28
216.06902527809143,109.72
217.48185086250305,117.34
218.8943898677826,110.45
220.3052041530609,99.07
221.72436261177063,97.86
223.13060021400452,100.41
224.54180121421814,99.62
225.89065027236938,111.66
227.29660439491272,109.24
228.7070233821869,111.66
230.12430620193481,106.14
231.53895020484924,99.1
232.93821334838867,106.79
234.35645484924316,118.9
235.76918148994446,117.14
237.18522548675537,110.1
238.58239364624023,109.76
239.994136095047,112.93
241.40692567825317,106.55
242.81961584091187,97.55
244.17215776443481,106.62
245.51611518859863,102.59
246.91323399543762,111.03
248.32845258712769,116.24
249.74133682250977,110.21
251.1518051624298,107.07
252.56309938430786,124.86
253.9875020980835,120.69
255.39829015731812,116.97
256.8064031600952,117.1
258.2182614803314,121.45
259.6318757534027,110.48
261.0424566268921,110.79
262.4518790245056,111.79
263.8565080165863,107.97
265.2664313316345,104.41
266.6816384792328,114.69
268.092707157135,113.38
269.51197814941406,107.62
270.926287651062,102.62
272.3365888595581,103.66
273.73592376708984,114.97
275.1489520072937,119.69
276.5623710155487,98.34
277.97400760650635,105.72
279.38537096977234,106.34
280.79746747016907,104.31
282.21173548698425,111.59
283.62984132766724,107.28
285.0305173397064,120.14
286.4545011520386,118.69
287.85574316978455,109.79
289.264417886734,110.07
290.68836879730225,104.0
292.09845185279846,121.17
293.50978112220764,107.07
294.91920232772827,114.0
296.33181405067444,106.28
297.73756432533264,105.07
299.1539053916931,105.9
300.5667951107025,111.93
301.98004388809204,123.83
303.38032722473145,113.03
304.79777932167053,107.34
306.21613001823425,116.28
307.61877846717834,104.17
309.0370764732361,103.72
310.44524455070496,118.21
311.8582167625427,108.31
313.26358366012573,117.76
314.6769664287567,118.38
316.08863592147827,112.69
317.4993677139282,115.97
318.91223669052124,106.31
320.3232858181,115.97
321.6686096191406,105.72
323.0832529067993,104.69
324.42459750175476,113.28
325.84050726890564,107.28
327.18170857429504,101.41
328.5882019996643,114.34
329.99928736686707,110.1
331.40815591812134,118.69
332.819456577301,108.07
334.23166942596436,108.62
335.6583569049835,115.86
337.0690395832062,107.76
338.4661545753479,101.48
339.8780264854431,117.1
341.28978848457336,106.86
342.6424744129181,107.59
344.05316519737244,115.83
345.4583179950714,120.93
346.8092486858368,127.59
348.2174959182739,111.21
349.56563353538513,120.9
350.97585248947144,110.17
352.3862054347992,120.24
353.79905009269714,114.38
355.13498044013977,117.59
356.55562472343445,112.31
357.8971824645996,109.55
359.3092176914215,114.03
360.72190523147583,121.03
362.11990213394165,118.97
363.5375714302063,121.83
364.95681858062744,108.21
366.3596317768097,120.72
367.7723343372345,104.41
369.18831276893616,120.31
370.6031606197357,110.93
372.01556611061096,101.76
373.35753893852234,100.66
374.76342487335205,116.59
376.1734552383423,109.14
377.5832533836365,113.34
378.93704557418823,105.17
380.34667897224426,114.28
381.74886870384216,123.03
383.1613345146179,114.45
384.57611083984375,103.0
385.99607968330383,113.38
387.40732049942017,109.48
388.8192329406738,112.76
390.21938610076904,120.93
391.64193654060364,99.1
393.0439269542694,114.59
394.45765018463135,103.0
395.8672139644623,118.86
397.2843351364136,105.07
398.6951251029968,122.14
400.10867285728455,111.83
401.5157549381256,106.38
402.92665815353394,111.17
404.34039545059204,112.83
405.7517890930176,106.69
407.10147857666016,109.24
408.5160799026489,107.62
409.9265789985657,108.48
411.33167719841003,107.41
412.75158405303955,110.07
414.1535220146179,114.34
415.5641529560089,114.62
416.9759304523468,114.07
418.3891294002533,111.59
419.801029920578,110.79
421.2141709327698,117.0
422.62866473197937,113.21
424.0433988571167,107.48
425.44248390197754,113.41
426.8566257953644,112.21
428.27124524116516,109.1
429.6821517944336,104.86
431.09601521492004,111.45
432.51051926612854,105.59
433.92225217819214,111.62
435.3261420726776,104.31
436.7368516921997,103.55
438.14637994766235,100.9
439.56850576400757,98.24
440.97721886634827,100.86
442.3903908729553,107.41
443.80014419555664,108.41
445.1499626636505,105.31
446.5477411746979,108.52
447.96110105514526,120.69
449.3712110519409,111.24
450.79165172576904,111.07
452.20382928848267,114.52
453.6148705482483,111.0
455.0275070667267,110.38
456.3762068748474,113.83
457.7868130207062,99.83
459.1986837387085,104.03
460.60939836502075,114.17
462.01969027519226,106.14
463.4239344596863,107.14
464.83889293670654,109.72
466.25175738334656,107.41
467.60284304618835,111.38
469.0102255344391,108.52
470.42157673835754,115.62
471.83037424087524,109.52
473.24262166023254,119.69
474.6544761657715,116.17
476.06684017181396,111.34
477.4773762226105,110.45
478.89450001716614,108.0
480.30109882354736,105.79
481.7150900363922,123.62
483.1292109489441,106.14
484.5436234474182,112.1
485.94473028182983,99.28
487.36807680130005,108.52
488.76989126205444,127.79
490.1224808692932,122.24
491.52956771850586,144.17
492.9404022693634,115.62
500.23641562461853,-1.79
501.55837965011597,-1.86
502.8770344257355,-1.97
504.18994975090027,-1.97
505.5072228908539,-1.9
506.86185240745544,-1.93
508.18681383132935,-1.9
509.5080461502075,-1.9
510.83520579338074,-1.9
512.1576843261719,-1.93
513.4797921180725,-1.97
514.7997677326202,-1.9
516.1226487159729,-1.97
517.4774477481842,-2.03
518.8004167079926,-1.93
520.1236708164215,-1.97
