1.112534761428833,5.07
2.3099725246429443,5.21
3.5512712001800537,5.14
4.756882190704346,5.14
9.327047348022461,7.79
10.673685550689697,10.69
12.015094757080078,13.21
13.440799474716187,13.28
14.846556901931763,13.59
16.26020073890686,12.83
17.603243589401245,13.86
18.941357851028442,13.66
20.287994384765625,14.0
21.62954354286194,12.59
23.04054284095764,12.52
24.38748049736023,12.45
25.803511142730713,13.07
27.223469495773315,12.59
28.563664197921753,12.21
29.912036657333374,12.48
31.253468990325928,12.07
32.661860704422,12.52
34.07421255111694,12.14
35.48679733276367,12.07
36.83805847167969,12.34
38.249250411987305,12.72
39.59233283996582,11.66
40.93878173828125,12.17
42.27656650543213,12.41
43.6869421005249,12.1
45.038389444351196,12.14
46.3821280002594,12.24
47.78408169746399,12.38
49.19263768196106,12.45
50.55102586746216,12.07
51.89500164985657,12.28
53.22852802276611,11.83
54.65201258659363,12.28
56.05876588821411,12.14
57.47593069076538,12.21
58.876495361328125,11.86
60.28712844848633,12.03
61.6995632648468,12.24
63.11404800415039,11.45
64.52984809875488,11.72
65.88003826141357,12.07
67.22773122787476,12.24
68.5718104839325,12.0
69.98335480690002,12.34
71.31869554519653,11.97
72.65601968765259,11.79
74.00329566001892,11.66
75.34472322463989,12.07
76.76696586608887,12.21
78.10422587394714,12.24
79.4446542263031,12.14
80.8684766292572,12.28
82.20402383804321,12.28
83.55222511291504,12.03
84.89992189407349,12.07
86.30274891853333,12.03
87.72105264663696,11.86
89.12619543075562,12.1
90.54643321037292,12.14
91.96127891540527,12.17
93.37425208091736,12.24
94.71195793151855,12.14
96.13017964363098,11.97
97.52859735488892,12.0
98.95162630081177,12.24
100.3600640296936,11.9
101.77907943725586,11.62
103.12466216087341,11.97
104.53639435768127,12.28
105.94414949417114,11.97
107.35847902297974,12.17
108.70323848724365,12.17
110.11321210861206,11.66
111.4619824886322,12.17
112.86711478233337,12.34
114.21209239959717,11.79
115.62742638587952,12.52
117.0348482131958,12.14
118.44810461997986,12.59
119.79124283790588,12.07
121.13136386871338,11.97
122.5532214641571,12.21
123.95454382896423,12.03
125.37948536872864,11.86
126.79354047775269,12.21
128.20557069778442,12.17
129.54890894889832,11.93
130.9598207473755,12.38
132.36865377426147,12.07
133.77565002441406,12.24
135.1912636756897,12.17
136.53585720062256,12.0
137.9579372406006,11.79
139.29519820213318,12.07
140.70520162582397,12.17
142.12733459472656,12.0
143.46295475959778,11.9
144.87522530555725,11.59
146.28915524482727,12.24
147.69722414016724,12.1
149.12280321121216,12.17
150.51996421813965,11.97
151.93437886238098,11.79
153.34523153305054,11.97
154.76961255073547,11.72
156.18466997146606,11.66
157.58717274665833,12.1
158.941561460495,11.66
160.34203672409058,12.0
161.68854808807373,11.9
163.02851700782776,12.41
164.375097990036,12.66
165.79371976852417,11.66
167.19650411605835,11.93
168.54155850410461,12.17
169.89620113372803,11.72
171.2443950176239,12.0
172.58597230911255,11.83
173.9307680130005,11.76
175.27396893501282,12.0
176.61728858947754,12.45
178.02723050117493,11.76
179.44371795654297,12.34
180.77451491355896,12.03
182.19406819343567,11.97
183.53588318824768,11.79
184.87206530570984,11.79
186.21909642219543,11.86
187.55887603759766,11.97
188.9812467098236,12.31
190.32865619659424,12.0
191.66909790039062,12.21
193.0047378540039,11.79
194.34623670578003,12.28
195.7606930732727,12.31
197.1152045726776,11.79
198.52726578712463,11.48
199.93032884597778,11.93
201.3407483100891,11.69
202.69029808044434,11.66
204.0949101448059,12.14
205.44392561912537,12.31
206.86610865592957,11.48
208.27344512939453,11.97
209.67863297462463,12.07
211.0267355442047,11.38
212.43655347824097,11.48
213.78404235839844,11.86
215.1971995830536,11.97
216.53956365585327,11.79
217.88852286338806,12.34
219.28804326057434,11.79
220.71206665039062,11.55
222.05326795578003,11.17
223.40179634094238,12.21
224.74331283569336,11.48
226.08291268348694,12.14
227.4327073097229,11.38
228.77335238456726,12.1
230.11855506896973,11.55
231.53264331817627,11.59
232.86300015449524,12.07
234.2151975631714,11.9
235.63371562957764,11.24
237.04651355743408,12.03
238.379465341568,11.79
239.72916340827942,11.59
241.06728196144104,11.45
242.48394060134888,11.52
243.90179991722107,11.52
245.22979092597961,11.69
246.58961176872253,11.28
248.00204181671143,12.17
249.339453458786,11.59
250.7578980922699,12.31
252.1678283214569,11.66
253.58320808410645,11.86
254.92451405525208,11.48
256.33835911750793,11.31
257.6765949726105,11.1
264.98804998397827,-0.14
266.2915873527527,-0.28
267.6139612197876,-0.21
268.9170196056366,-0.28
270.2582187652588,-0.31
271.5865979194641,-0.28
272.8963053226471,-0.38
274.21299052238464,-0.31
278.8178176879883,931.21
280.2199504375458,843.52
281.6373953819275,442.72
283.0540747642517,185.83
290.41653203964233,-0.28
291.7131700515747,-0.21
293.03241515159607,-0.24
294.34090518951416,-0.1
295.6724181175232,-0.28
296.9908621311188,-0.24
298.30848693847656,-0.17
299.6476936340332,-0.21
304.2460296154022,916.48
305.6582450866699,872.55
307.06372475624084,466.83
308.465270280838,203.59
315.79174637794495,-0.86
317.1076455116272,-0.93
318.45748472213745,-0.9
319.75424695014954,-0.9
321.0731222629547,-0.93
322.3822908401489,-0.9
323.6868588924408,-0.93
324.9933042526245,-0.9
329.57613730430603,903.66
330.916387796402,1005.93
332.3357255458832,580.66
333.73428869247437,271.72
341.039763212204,-1.66
342.34769010543823,-1.66
343.6492245197296,-1.59
344.95292115211487,-1.62
346.2660529613495,-1.62
347.57241106033325,-1.66
348.8773739337921,-1.62
350.2191524505615,-1.55
354.7931046485901,895.0
356.2070209980011,900.17
357.5437970161438,571.79
358.8896424770355,310.66
366.20807361602783,-2.17
367.4997625350952,-2.21
368.8019096851349,-2.1
370.1512095928192,-2.07
371.46629095077515,-2.14
372.7636806964874,-2.1
374.07169795036316,-2.1
375.38091492652893,-2.1
376.59230518341064,-2.17
377.7934994697571,-2.14
379.00082778930664,-2.17
380.24124574661255,-2.07
381.44423723220825,-2.1
