1.1057474613189697,-1.83,0
2.348322629928589,-1.79,0
3.555112361907959,-1.79,0
4.757588863372803,-1.83,0
9.332146167755127,27.79,1
10.744729042053223,31.38,1
12.156595230102539,35.66,1
13.56093144416809,39.66,1
14.900052785873413,43.31,1
16.323934316635132,46.79,1
17.660067319869995,49.76,1
19.06956148147583,52.97,1
20.422122955322266,55.07,1
21.83592939376831,57.9,1
23.178805589675903,60.24,1
24.590784549713135,62.48,1
25.92085599899292,64.83,1
27.341185569763184,66.93,1
28.743618488311768,68.97,1
30.16213583946228,71.07,1
31.57975959777832,72.83,1
32.97863960266113,74.59,1
34.325658082962036,76.0,1
35.664674520492554,77.59,1
37.018295764923096,79.0,1
38.43123197555542,80.48,1
39.761324644088745,81.62,1
41.11361074447632,82.93,1
48.41538214683533,-2.14,0
49.7256920337677,-2.17,0
51.03485369682312,-2.07,0
52.34535217285156,-1.97,0
53.683717489242554,-1.97,0
55.0078980922699,-1.93,0
56.314937591552734,-1.97,0
57.62138390541077,-1.86,0
58.92866659164429,-1.9,0
60.23567867279053,-1.9,0
61.54682016372681,-1.83,0
62.869646072387695,-1.9,0
64.2047176361084,-1.72,0
65.5139594078064,-1.76,0
66.80572605133057,-1.9,0
68.1139976978302,-1.66,0
72.68656826019287,177.31,1
74.09530782699585,115.1,1
75.43460059165955,108.55,1
76.85453224182129,106.07,1
78.25836086273193,105.03,1
79.67574286460876,104.0,1
81.0797963142395,103.28,1
82.49692106246948,102.55,1
83.91313314437866,102.59,1
85.25177931785583,102.1,1
86.66172814369202,102.0,1
88.06722140312195,101.86,1
89.48681020736694,92.48,1
90.83564949035645,91.1,1
98.13623833656311,-1.59,0
99.4637656211853,-1.93,0
100.7703001499176,-1.97,0
102.08524370193481,-1.97,0
103.3985424041748,-1.97,0
104.7050838470459,-1.93,0
106.04278302192688,-1.97,0
107.35113763809204,-1.97,0
108.67295479774475,-1.97,0
109.96733665466309,-1.83,0
111.28938007354736,-1.9,0
112.59650325775146,-1.86,0
113.91024947166443,-1.9,0
115.24938297271729,-1.86,0
116.5613796710968,-1.79,0
117.8869354724884,-1.86,0
122.47462821006775,178.76,1
123.89344239234924,115.69,1
125.30261445045471,108.31,1
126.70981645584106,106.0,1
128.11961007118225,104.66,1
129.52820825576782,103.83,1
130.94523859024048,103.17,1
132.3494200706482,102.62,1
133.7719669342041,102.07,1
135.1875720024109,102.14,1
136.5980179309845,101.86,1
138.00896406173706,101.76,1
139.42054104804993,101.66,1
140.82749009132385,101.62,1
142.2289798259735,101.48,1
143.6537482738495,101.69,1
145.0506100654602,101.69,1
146.4658133983612,101.66,1
147.88343620300293,101.59,1
149.2953987121582,101.66,1
150.70679330825806,101.72,1
152.1235077381134,101.45,1
153.52423644065857,101.76,1
154.94235515594482,101.48,1
156.35907697677612,101.76,1
157.76251196861267,101.48,1
165.07219552993774,-2.03,0
166.3767364025116,-1.93,0
167.7027084827423,-1.9,0
169.00862836837769,-1.79,0
170.33349061012268,-1.83,0
171.64344024658203,-1.83,0
172.93786573410034,-1.76,0
174.24538898468018,-1.69,0
178.8362889289856,177.24,1
180.2428274154663,115.45,1
181.64658045768738,108.31,1
182.9995985031128,106.0,1
184.33944630622864,104.76,1
191.65667605400085,-1.48,0
192.96086502075195,-1.59,0
194.27393651008606,-1.55,0
195.59750890731812,-1.55,0
196.8905279636383,-1.55,0
198.23249101638794,-1.62,0
199.53197741508484,-1.59,0
200.84286665916443,-1.66,0
202.06444120407104,-1.72,0
203.2748281955719,-1.66,0
204.4770426750183,-1.76,0
205.67866587638855,-1.72,0
206.9252564907074,-1.66,0
208.1379382610321,-1.83,0
209.35207200050354,-1.66,0
210.56664371490479,-1.69,0
211.77585911750793,-1.66,0
212.98831725120544,-1.69,0
214.2146873474121,-1.62,0
