1.1166174411773682,4.55
2.3313393592834473,4.59
3.5784499645233154,4.55
4.784797668457031,4.45
9.361838579177856,1.69
10.696368217468262,1.66
12.121744394302368,1.62
13.533705711364746,1.66
14.947473526000977,1.66
16.359869718551636,1.66
17.69002389907837,1.62
19.116652727127075,1.66
20.454071044921875,1.62
21.792927503585815,1.62
23.207541942596436,1.62
24.561103582382202,1.69
25.963263034820557,1.62
27.3764488697052,1.66
28.798551559448242,1.72
30.205698251724243,1.62
31.618080139160156,1.55
33.031670808792114,1.66
34.3799352645874,1.66
35.71577739715576,1.55
37.06466627120972,1.66
38.481550455093384,1.66
39.82472491264343,1.59
41.23662066459656,1.62
42.569947242736816,1.59
43.91335415840149,1.69
45.263676404953,1.62
46.67866659164429,1.66
48.01191806793213,1.66
49.42681622505188,1.69
50.8464081287384,1.62
52.26753520965576,1.62
53.66765546798706,1.69
55.07945895195007,1.9
56.49473452568054,6.03
57.9140727519989,8.93
59.327394247055054,7.66
60.73174071311951,3.69
62.153355836868286,8.0
63.564703702926636,12.03
64.97895765304565,4.55
66.31250047683716,3.03
67.66174697875977,6.9
69.07312345504761,3.38
70.48530173301697,8.55
71.89686346054077,9.72
73.24539113044739,7.62
74.65506792068481,10.03
76.0046775341034,13.55
77.41387438774109,5.07
78.76236128807068,8.86
80.09529519081116,10.9
81.51964044570923,4.31
82.93127632141113,6.76
84.26475858688354,3.52
85.6906909942627,7.86
87.10159754753113,10.45
88.51166462898254,4.1
89.92236161231995,6.86
91.33591723442078,3.55
92.74686431884766,10.24
94.15849661827087,3.93
95.56923484802246,9.28
96.9849784374237,4.34
98.40548777580261,1.97
99.81501650810242,8.38
101.22941303253174,4.14
102.64024615287781,1.97
104.05405521392822,9.07
105.46636843681335,4.31
106.87779712677002,7.31
108.28546690940857,3.41
109.6990897655487,2.31
111.11027193069458,8.1
112.52088713645935,10.0
113.94559383392334,9.03
115.27738642692566,11.03
116.68690705299377,4.1
118.10173630714417,10.14
119.51393818855286,4.66
120.92670392990112,2.03
122.35112643241882,2.1
123.75308680534363,6.69
125.16744661331177,2.93
126.58242893218994,2.38
128.0045289993286,5.97
129.33840417861938,10.79
130.7507472038269,8.07
132.1704065799713,10.52
133.57702779769897,4.1
134.9239363670349,2.59
136.33381414413452,2.03
137.75370025634766,6.52
139.16824984550476,8.24
140.5732204914093,11.9
141.99677109718323,4.59
143.4050588607788,8.69
144.813374042511,4.07
146.22296595573425,10.21
147.64558625221252,4.0
149.04710912704468,2.59
150.47220373153687,5.59
151.88308954238892,3.24
153.29785895347595,10.28
154.7080376148224,3.93
156.11938953399658,2.52
157.53417778015137,10.55
158.9464728832245,4.07
160.35956931114197,2.76
161.69318985939026,1.86
163.0484116077423,2.0
164.45648646354675,7.45
165.86960625648499,3.52
167.28300189971924,9.38
168.69049620628357,4.0
170.0390899181366,7.93
171.45038270950317,3.55
172.7995982170105,7.48
174.21072363853455,3.62
175.55675148963928,8.86
176.89504075050354,3.59
178.3120813369751,2.31
179.72459173202515,8.24
181.1379749774933,3.9
182.54995846748352,10.24
183.96163773536682,4.03
185.37142729759216,2.79
186.7845480442047,2.24
188.19517254829407,2.03
189.60607290267944,5.34
191.0146951675415,2.76
192.4264931678772,2.17
193.8436622619629,10.03
195.25861358642578,3.97
196.6695237159729,10.1
198.07791233062744,4.41
199.48920512199402,10.59
200.91744089126587,3.97
202.3287069797516,2.34
203.73939633369446,2.17
205.15242290496826,7.66
206.56543231010437,11.0
207.8959560394287,4.34
209.32229471206665,11.28
210.73123812675476,12.52
212.14254522323608,4.69
213.55632829666138,3.24
214.96800565719604,8.76
216.3803994655609,4.0
217.72861790657043,9.69
219.06339764595032,3.9
220.48775458335876,2.48
221.88553595542908,8.24
223.31067276000977,3.66
224.72271513938904,10.62
226.13120555877686,4.17
227.54247641563416,9.21
228.95890545845032,3.66
230.36280250549316,2.59
231.78644585609436,9.62
233.20166778564453,3.62
234.61379647254944,2.66
236.0174789428711,9.17
237.44029331207275,3.59
238.84321308135986,10.86
240.25753808021545,4.14
241.66838216781616,10.14
243.08206796646118,3.93
244.48972702026367,10.34
245.90207266807556,9.55
247.32910823822021,4.21
248.72835206985474,9.62
256.0400424003601,1.66
257.3567190170288,1.69
258.7031877040863,1.66
260.01799750328064,1.59
261.3325800895691,1.62
262.6479985713959,1.66
263.95688557624817,1.69
265.27051281929016,1.59
269.87619256973267,1.55
271.2880210876465,1.41
272.700293302536,1.45
274.1082844734192,1.55
275.521155834198,1.48
276.9324595928192,1.59
278.3475456237793,1.59
279.76023173332214,1.52
281.1766448020935,1.52
282.5878207683563,1.59
283.9913172721863,1.62
285.4009039402008,1.55
286.81258940696716,1.59
288.2244961261749,1.52
289.63919043540955,1.55
291.0649721622467,11.31
292.4786455631256,5.34
293.88411569595337,10.55
295.30074644088745,4.9
296.71475172042847,3.41
298.1136407852173,11.14
299.53841066360474,10.86
300.94974064826965,5.48
302.3613317012787,4.1
303.775022983551,3.17
305.1867778301239,10.41
306.59964179992676,13.34
308.01134181022644,5.76
309.42041754722595,3.69
310.83195209503174,3.17
312.24229645729065,10.66
313.6555337905884,12.69
315.0800983905792,6.03
316.4945225715637,12.69
317.8951976299286,6.21
319.30664253234863,12.62
320.7329430580139,11.9
322.1439161300659,5.62
323.55633425712585,11.72
324.95604062080383,5.66
326.38285660743713,4.03
327.7954180240631,3.07
329.1378049850464,10.62
330.55034494400024,5.07
331.96265029907227,10.97
333.372930765152,14.03
334.78381729125977,5.9
336.19708919525146,4.1
337.6093096733093,11.03
339.02197337150574,13.52
340.43436074256897,6.14
341.84484219551086,4.17
343.19614362716675,3.34
344.61046171188354,3.45
346.02028465270996,2.72
347.4325988292694,2.86
348.8477375507355,10.07
350.2566702365875,5.14
351.6084578037262,3.9
353.01914620399475,11.34
354.4339282512665,13.66
355.846417427063,15.69
357.2566237449646,11.38
358.662722826004,5.34
360.0741102695465,3.69
361.4868800640106,11.45
362.89641976356506,13.9
364.3075714111328,14.79
365.72116446495056,15.17
367.1337890625,15.86
368.54752588272095,13.31
369.97389936447144,16.28
371.38472414016724,6.72
372.79836440086365,4.62
374.20858573913574,3.66
375.6180205345154,2.83
377.02878737449646,11.07
378.4462945461273,13.31
379.8613886833191,14.59
381.26804661750793,14.69
382.6806893348694,13.83
384.0913257598877,13.86
385.50677132606506,5.79
386.92091965675354,11.28
388.336003780365,13.83
389.7491207122803,13.79
391.16097497940063,13.93
392.5734624862671,14.14
393.9795274734497,6.34
395.39066100120544,4.03
396.8067784309387,3.21
398.218533039093,10.0
399.62949681282043,4.97
401.0393385887146,3.28
402.4504532814026,11.72
403.87790536880493,5.52
405.28559255599976,3.45
406.6992561817169,3.24
408.1117796897888,12.69
409.52452778816223,13.9
410.9354169368744,5.86
412.3541693687439,4.28
413.7628996372223,3.1
415.17416429519653,3.1
416.5913007259369,10.41
417.99090480804443,4.9
419.4150342941284,3.72
420.83118653297424,11.14
422.2436966896057,5.45
423.6510422229767,13.34
425.064573764801,6.1
426.47856974601746,3.72
427.8922882080078,2.86
429.296147108078,11.1
430.71149253845215,5.1
432.12487864494324,11.86
433.5377378463745,14.14
440.86131405830383,1.66
442.16884756088257,1.66
443.49274611473083,1.62
444.8114929199219,1.66
446.1305801868439,1.59
447.447381734848,1.66
448.7685081958771,1.69
450.11615777015686,1.66
454.7194492816925,1.52
456.1381416320801,1.62
457.55307030677795,1.55
458.96658539772034,1.59
460.37701535224915,1.52
461.79330372810364,1.55
463.1912066936493,1.62
464.6142432689667,1.55
466.01796984672546,1.55
467.36711406707764,1.59
468.7875373363495,1.59
470.1974546909332,11.72
471.60876393318176,14.28
473.0210611820221,13.83
474.4343843460083,15.62
475.8457646369934,16.62
477.25698709487915,17.1
478.6713240146637,16.31
480.08354592323303,15.59
481.4967522621155,16.31
482.9110794067383,17.1
484.3243453502655,15.86
485.736608505249,16.03
487.14997029304504,16.52
488.55746269226074,7.72
489.9694483280182,13.79
491.37921023368835,15.07
492.7971258163452,16.66
494.2029712200165,15.17
495.62859439849854,15.93
497.03105092048645,16.72
498.4400553703308,16.45
499.85520482063293,16.21
501.269159078598,7.38
502.6833152770996,12.72
504.0935273170471,16.0
505.51158809661865,16.59
506.9271459579468,18.34
508.33118176460266,16.48
509.7428011894226,16.14
511.1595437526703,16.86
512.5723531246185,16.93
513.9826533794403,16.07
515.3946237564087,7.24
516.806401014328,13.34
518.2193744182587,15.21
519.6317670345306,16.03
521.0493416786194,15.76
522.4626104831696,15.41
523.870397567749,16.76
525.2825388908386,16.21
526.6947267055511,15.86
528.1055529117584,16.52
529.5198616981506,15.31
530.9327249526978,15.93
532.344268321991,14.69
533.7608535289764,16.07
535.1754112243652,15.79
536.588131904602,16.72
538.0018322467804,15.83
539.4222893714905,14.97
540.8314163684845,16.03
542.2458024024963,16.0
543.6537666320801,7.17
545.0672328472137,14.07
546.4800453186035,15.28
553.7801578044891,1.66
555.1114740371704,1.62
556.4601216316223,1.62
557.7820856571198,1.59
559.0979146957397,1.66
560.4150664806366,1.59
561.7469711303711,1.62
563.0644333362579,1.59
567.6510291099548,1.45
569.0616281032562,1.59
570.4716272354126,1.38
571.8838469982147,1.48
573.299366235733,1.48
574.7074203491211,1.55
576.1182599067688,1.48
577.5419631004333,10.59
578.951197385788,16.93
580.3592112064362,19.86
581.770457983017,22.14
583.1813654899597,24.14
584.6069030761719,25.59
586.0182900428772,26.0
587.4320960044861,27.52
588.8435773849487,27.1
590.2561087608337,28.07
591.6721384525299,28.0
593.0835294723511,29.28
594.4891324043274,28.59
595.901859998703,28.31
597.3139402866364,28.38
598.7255482673645,28.21
600.1352727413177,28.93
601.5445268154144,29.07
602.9585957527161,29.03
604.3857560157776,29.0
605.7984535694122,29.03
607.210771560669,29.48
608.6239080429077,29.0
610.0337052345276,28.93
611.4458167552948,28.97
612.856183052063,29.03
614.2681596279144,30.66
615.6815121173859,30.14
617.0917479991913,29.69
618.5008735656738,29.97
619.9147589206696,29.69
621.3266716003418,29.38
628.7008280754089,1.66
630.0165872573853,1.66
631.347629070282,1.66
632.6636300086975,1.55
633.9850783348083,1.62
635.3195390701294,1.59
636.6395425796509,1.59
637.9533281326294,1.59
642.5768713951111,1.48
643.9878342151642,1.59
645.3958480358124,1.52
646.8111324310303,1.55
648.222275018692,1.59
649.568635225296,1.59
650.919979095459,13.07
652.2546226978302,19.79
653.6686789989471,26.79
655.0797505378723,30.52
656.4909017086029,34.0
657.9094846248627,37.14
659.3144557476044,39.07
660.7254102230072,40.55
662.1411962509155,42.72
663.4903848171234,43.59
664.8944494724274,44.14
666.3085281848907,45.9
667.6596632003784,45.41
669.0620622634888,46.28
670.4790630340576,46.45
671.8982446193695,46.55
673.3015730381012,48.21
674.7144598960876,48.45
676.1255950927734,48.45
677.5344552993774,48.41
678.9426929950714,48.31
680.3550801277161,48.41
681.7675428390503,49.62
683.1794230937958,49.45
684.5292677879333,49.62
685.9448313713074,49.31
687.3563778400421,49.48
688.7542598247528,49.45
690.1045174598694,49.45
691.5198564529419,49.45
692.9338774681091,49.59
694.2671475410461,49.62
695.6824657917023,49.52
697.0952641963959,49.55
698.5069017410278,49.45
699.9163947105408,49.45
701.3331320285797,49.45
702.7410891056061,49.72
704.1554560661316,50.66
705.569249868393,50.03
712.859288930893,1.52
714.1760809421539,1.59
715.4851276874542,1.59
716.8360855579376,1.59
718.1375839710236,1.52
719.4600524902344,1.48
720.7640643119812,1.55
722.0837759971619,1.59
726.6890280246735,1.48
728.0226562023163,1.48
729.3678729534149,1.52
730.7794153690338,1.41
732.2054007053375,1.45
733.6152482032776,14.24
735.0261709690094,23.76
736.4453694820404,30.83
737.8548865318298,39.28
739.2652406692505,44.38
740.6756303310394,48.9
742.0847430229187,51.69
743.4999268054962,55.07
744.9116342067719,56.59
746.2601833343506,57.93
747.6714177131653,59.38
749.0818681716919,60.86
750.4925353527069,62.34
751.9064562320709,63.66
753.3181335926056,65.03
754.7276608943939,65.34
756.1388788223267,66.86
757.4727928638458,66.9
758.8833034038544,67.72
760.3015191555023,67.69
761.7123394012451,67.97
763.1252405643463,67.55
764.5347745418549,68.86
765.9439744949341,68.79
767.352701663971,69.0
768.7629656791687,69.0
770.1865692138672,68.97
771.5955672264099,69.45
773.0049829483032,69.17
774.4156637191772,70.07
775.8243842124939,69.48
783.1356592178345,1.41
784.4453792572021,1.41
785.7638726234436,1.45
787.0839602947235,1.41
788.384241104126,1.45
789.7323262691498,1.45
791.0490834712982,1.45
792.3655624389648,1.52
796.9575743675232,1.34
798.3564238548279,1.45
799.7770667076111,1.45
801.1910562515259,1.34
802.5399103164673,9.93
803.9498028755188,20.03
805.3606400489807,29.66
806.7756819725037,39.76
808.1756002902985,49.0
809.5866875648499,55.21
811.0148541927338,60.34
812.4245598316193,64.52
813.835830450058,68.31
815.2455868721008,71.52
816.6570575237274,73.41
818.0677125453949,75.45
819.4182698726654,77.21
820.829617023468,79.97
822.2401823997498,80.55
823.6501934528351,81.69
825.0631968975067,82.93
826.4724538326263,84.21
827.8836085796356,85.52
829.2328925132751,85.72
830.56423163414,86.14
831.9763083457947,87.48
833.3255004882812,87.9
834.6755549907684,87.83
836.0879089832306,87.93
837.4984095096588,88.21
844.7918844223022,1.24
846.1082582473755,1.21
847.4074430465698,1.31
848.709468126297,1.21
850.0267376899719,1.07
851.3760597705841,1.28
852.6767799854279,1.21
853.9768667221069,1.17
855.1828896999359,1.28
856.3963477611542,1.28
857.5899660587311,1.24
858.8046951293945,1.24
860.0134117603302,1.31
861.2675921916962,1.28
862.4730248451233,1.17
863.6799600124359,1.31
864.8721654415131,1.24
866.079793214798,1.21
867.2873075008392,1.21
868.500908613205,1.21
869.6980607509613,1.24
870.9522407054901,1.28
872.1596593856812,1.17
873.3813872337341,1.28
874.5752904415131,1.21
875.782124042511,1.21
876.9916188716888,1.24
878.2031998634338,1.21
879.4018638134003,1.14
880.6604247093201,1.24
881.8681464195251,1.31
883.0745182037354,1.24
884.280802488327,1.17
885.4861087799072,1.24
886.7078130245209,1.21
887.9142022132874,1.17
889.1205568313599,1.21
890.358521938324,1.14
891.5655400753021,1.17
892.7730793952942,1.21
893.9815056324005,1.31
895.1746625900269,1.17
896.3973073959351,1.28
897.6049265861511,1.21
898.796792268753,1.21
900.050635099411,1.17
901.2576851844788,1.17
902.4647393226624,1.17
