1.1004786491394043,-1.93,0
2.3513808250427246,-1.93,0
3.5610077381134033,-1.9,0
4.766095161437988,-1.93,0
5.980256795883179,-1.9,0
10.5792875289917,-2.69,1
11.992167711257935,-2.17,1
13.40649938583374,-1.31,1
14.811862468719482,-0.76,1
16.23072910308838,1.52,1
17.566684246063232,2.14,1
18.917351007461548,4.07,1
20.255416870117188,5.55,1
21.67406415939331,7.62,1
23.011839866638184,9.03,1
24.433445930480957,10.86,1
25.83368182182312,12.28,1
27.250614404678345,13.97,1
28.6564040184021,15.31,1
30.07673692703247,16.38,1
31.481783390045166,17.31,1
32.909355878829956,21.66,1
34.245919704437256,22.76,1
35.6599223613739,23.66,1
37.006420850753784,19.28,1
38.42361354827881,19.93,1
39.764734506607056,20.59,1
41.16848945617676,21.62,1
42.58841133117676,22.55,1
44.00223207473755,23.34,1
45.41805362701416,24.07,1
46.76421761512756,24.76,1
48.164599657058716,25.55,1
49.588438510894775,26.07,1
50.997833013534546,26.69,1
52.41401195526123,27.41,1
53.81522822380066,27.76,1
55.23266267776489,28.31,1
56.64830231666565,28.93,1
58.052329540252686,31.41,1
59.46922707557678,29.62,1
60.88793921470642,30.31,1
62.30390763282776,30.72,1
63.70706534385681,31.03,1
65.13001298904419,31.52,1
66.534348487854,31.86,1
67.95431423187256,32.28,1
69.35708212852478,32.52,1
70.77480220794678,32.93,1
72.18312573432922,33.41,1
73.53105139732361,38.07,1
74.94388914108276,38.41,1
76.28960967063904,38.69,1
77.69309759140015,38.9,1
79.10553812980652,38.83,1
80.5289077758789,38.9,1
81.93118476867676,38.93,1
83.34590816497803,38.86,1
84.76399421691895,39.14,1
86.16588544845581,39.14,1
87.58132743835449,39.17,1
88.9938325881958,36.48,1
90.40011405944824,34.9,1
91.80736637115479,39.24,1
93.22442674636841,39.9,1
94.64238119125366,39.93,1
95.98523902893066,39.97,1
97.39673209190369,39.9,1
98.80716156959534,39.9,1
100.20742273330688,39.97,1
101.55064558982849,39.9,1
102.97380423545837,39.9,1
104.3877432346344,40.0,1
111.70037508010864,-1.59,0
113.00192260742188,-1.62,0
114.31657648086548,-1.76,0
115.63715028762817,-1.76,0
116.9406259059906,-1.76,0
118.26244235038757,-1.72,0
119.61689329147339,-1.79,0
120.92853283882141,-1.76,0
125.53629803657532,-2.41,1
126.93634247779846,-2.1,1
128.35420680046082,-1.21,1
129.70470714569092,-1.17,1
131.11044120788574,0.9,1
132.51851987838745,5.0,1
133.93773865699768,8.03,1
135.28529500961304,8.62,1
136.69531679153442,10.52,1
138.1103813648224,11.93,1
139.51566076278687,12.9,1
140.92652034759521,14.59,1
142.34555292129517,16.14,1
143.76294875144958,17.83,1
145.1643466949463,19.1,1
146.5825207233429,20.31,1
148.00059056282043,21.31,1
149.4091353416443,21.86,1
150.81709265708923,23.66,1
152.23993921279907,24.03,1
153.64916276931763,25.1,1
155.06609201431274,25.72,1
156.46915483474731,26.41,1
157.88404393196106,27.24,1
159.30227828025818,27.52,1
160.64282894134521,27.76,1
161.98087811470032,28.31,1
163.3226752281189,29.1,1
164.7432267665863,29.59,1
166.15007662773132,28.24,1
167.56933569908142,29.72,1
168.90864372253418,30.31,1
170.32995438575745,30.69,1
171.66046929359436,31.24,1
173.00477361679077,31.69,1
174.35949516296387,32.0,1
175.7622926235199,32.48,1
177.17517161369324,32.86,1
178.52625942230225,32.79,1
179.87050890922546,33.28,1
181.27604961395264,33.76,1
182.69467949867249,34.1,1
184.10886454582214,34.28,1
185.44780468940735,31.28,1
186.7948670387268,30.52,1
188.19786143302917,30.9,1
189.61691093444824,31.52,1
191.02090430259705,32.0,1
192.43841934204102,32.41,1
193.78349137306213,32.83,1
195.19925689697266,33.07,1
196.6011118888855,33.59,1
198.0178050994873,33.9,1
199.42217755317688,33.83,1
200.84153866767883,34.31,1
202.26073932647705,36.55,1
203.67633652687073,37.0,1
205.0814392566681,37.03,1
206.50060391426086,37.03,1
207.9092149734497,37.17,1
209.32515716552734,37.31,1
210.65933680534363,37.21,1
212.07831835746765,37.72,1
213.4937539100647,38.97,1
214.89581966400146,39.34,1
216.25116610527039,39.48,1
217.6556785106659,39.59,1
224.9751832485199,-1.72,0
226.31285285949707,-1.69,0
227.6229362487793,-1.72,0
228.93649792671204,-1.69,0
230.24299216270447,-1.79,0
231.55357670783997,-1.83,0
232.86128854751587,-1.83,0
234.18333888053894,-1.79,0
238.75360703468323,-1.66,1
240.17060589790344,-0.66,1
241.5234489440918,1.55,1
242.92398929595947,7.03,1
244.27006316184998,9.59,1
245.6889808177948,12.97,1
247.0269374847412,15.07,1
248.44593214988708,18.03,1
249.7927052974701,20.76,1
251.20262718200684,22.69,1
252.60836172103882,24.66,1
253.96658420562744,26.55,1
255.3099501132965,28.07,1
256.71827578544617,31.48,1
258.0583395957947,31.07,1
259.47163915634155,32.28,1
260.8217236995697,34.48,1
262.23232316970825,30.97,1
263.57132935523987,32.07,1
264.99184679985046,33.52,1
266.333509683609,37.21,1
267.7485249042511,38.21,1
269.1531991958618,38.48,1
270.5762183666229,40.28,1
271.9809260368347,40.76,1
273.3978943824768,42.31,1
274.74120712280273,40.59,1
276.14985060691833,41.76,1
277.56950879096985,41.66,1
278.97933554649353,43.07,1
280.38831973075867,44.69,1
281.8100109100342,38.38,1
283.21093797683716,43.1,1
284.63275599479675,43.31,1
286.03750491142273,44.76,1
287.4553635120392,54.17,1
288.8587074279785,49.03,1
290.26706314086914,49.48,1
291.6818199157715,44.93,1
293.10156178474426,48.07,1
294.505352973938,40.24,1
295.9257674217224,41.28,1
297.3354125022888,43.48,1
298.7513201236725,39.07,1
300.1566026210785,41.55,1
301.56343245506287,37.62,1
302.9824147224426,44.31,1
304.3871114253998,42.41,1
305.8072862625122,47.69,1
307.2248876094818,-503.41,1
308.63449263572693,1.24,1
310.04139256477356,-1.97,1
311.46108055114746,-1.48,1
312.7954726219177,-1.31,1
314.2166588306427,-1.41,1
315.63430166244507,-1.48,1
316.97128891944885,-1.38,1
318.3782448768616,-1.48,1
319.7220468521118,-4.31,1
321.07750725746155,-1100.0,1
322.4196882247925,-2.17,1
323.75862860679626,-1.9,1
325.0971882343292,-1.38,1
326.51582741737366,-1.45,1
327.8665654659271,-1.48,1
329.27637338638306,-1.45,1
330.6101596355438,-1.45,1
331.9689836502075,-1.55,1
333.3084206581116,-1.45,1
334.6510262489319,-1.52,1
335.99089336395264,-1.52,1
337.3424348831177,-1.48,1
338.7458333969116,-1.48,1
340.10250186920166,-1.52,1
341.4429361820221,-1.48,1
342.7841536998749,-1.52,1
344.1985647678375,-1.52,1
345.61398243904114,-1.48,1
346.9512405395508,-1.52,1
348.29502606391907,-1.55,1
349.718546628952,-1.55,1
351.12370252609253,-1.48,1
352.47029209136963,-1.55,1
353.87639260292053,-1.55,1
355.23202538490295,-1.59,1
356.5692903995514,-1.48,1
357.90778160095215,-1.52,1
359.3243386745453,-1.45,1
360.6714231967926,-1.48,1
362.0811529159546,-1.41,1
363.42291355133057,-1.45,1
364.7787344455719,-1.52,1
366.1191804409027,-1.48,1
367.5348117351532,-1.48,1
368.8756790161133,-1.52,1
370.2873020172119,-1.52,1
371.62456488609314,-1.48,1
373.04604506492615,-1.48,1
374.3837809562683,-1.52,1
375.7292363643646,-1.48,1
377.07023072242737,-1.55,1
378.4234232902527,-1.59,1
379.764502286911,-1.62,1
381.10556197166443,-1.79,1
382.4538543224335,-2.17,1
383.8674085140228,-3.24,1
385.2737305164337,12.79,1
386.69193959236145,66.07,1
388.0944561958313,19.97,1
389.5175414085388,19.14,1
390.8619771003723,18.86,1
392.2625267505646,20.86,1
393.62041187286377,23.34,1
395.0238859653473,24.38,1
396.367303609848,23.9,1
397.7842056751251,25.28,1
399.20223116874695,24.28,1
400.5331771373749,26.17,1
401.8872754573822,26.17,1
403.2920472621918,29.17,1
404.7116286754608,27.41,1
406.11922311782837,20.48,1
407.5283513069153,27.79,1
408.9457905292511,24.93,1
410.2963047027588,24.55,1
411.7069528102875,24.83,1
413.1172614097595,25.72,1
414.527704000473,26.34,1
415.9433994293213,25.59,1
417.36435890197754,25.07,1
418.777184009552,25.97,1
420.17642545700073,26.97,1
421.59377455711365,26.62,1
422.99923968315125,26.28,1
424.42563462257385,23.55,1
425.82675099372864,23.1,1
427.1700129508972,28.0,1
428.58120489120483,25.66,1
430.0017259120941,23.34,1
431.4063789844513,24.66,1
432.82625794410706,27.48,1
434.2321584224701,28.72,1
435.6519351005554,28.55,1
437.0595588684082,26.76,1
438.4146087169647,31.76,1
439.82450103759766,30.21,1
441.1668426990509,29.62,1
442.58515977859497,40.93,1
443.9216420650482,35.86,1
445.3404676914215,37.62,1
446.74656796455383,49.76,1
448.16855096817017,52.31,1
449.5762526988983,54.76,1
450.98011541366577,57.07,1
452.4013788700104,54.28,1
453.8041994571686,57.31,1
455.1547405719757,50.03,1
456.5642294883728,56.17,1
457.97907733917236,47.21,1
459.3795635700226,58.97,1
460.73494148254395,58.34,1
462.14973878860474,54.17,1
463.49137139320374,53.93,1
464.9022283554077,57.69,1
466.24642515182495,60.76,1
473.6224880218506,-2.0,0
474.9330976009369,-1.97,0
476.24215936660767,-1.97,0
477.5545835494995,-1.9,0
478.8604233264923,-1.86,0
480.16949105262756,-1.93,0
481.49081015586853,-1.9,0
482.79565382003784,-1.83,0
484.0409951210022,-1.86,0
485.2479155063629,-1.9,0
486.4624888896942,-1.9,0
487.6761429309845,-1.86,0
488.87432527542114,-1.86,0
490.0936722755432,-1.86,0
491.3074173927307,-1.83,0
492.5540204048157,-1.9,0
493.7662920951843,-1.86,0
494.9733362197876,-1.83,0
496.18485736846924,-1.9,0
497.39970421791077,-1.9,0
498.59801268577576,-1.86,0
499.8100743293762,-1.86,0
501.02170491218567,-1.83,0
502.2677948474884,-1.86,0
503.47818088531494,-1.83,0
504.6858584880829,-1.9,0
505.89175033569336,-1.66,0
507.116929769516,-1.86,0
508.3187551498413,-1.86,0
509.532009601593,-1.72,0
510.79058742523193,-1.83,0
511.9962639808655,-1.86,0
513.1962094306946,-1.86,0
514.4080657958984,-1.79,0
515.6241104602814,-1.93,0
516.8533396720886,-1.86,0
