1.1119909286499023,33.1,0
2.31506085395813,33.41,0
3.5171260833740234,33.76,0
4.721363306045532,33.93,0
5.919256210327148,34.0,0
7.127913236618042,33.97,0
8.334405422210693,26.03,0
12.915132284164429,5.86,1
14.328720331192017,2.72,1
15.740721940994263,-1.31,1
17.15373420715332,-2.03,1
18.565523147583008,7.72,1
19.97082543373108,-7.07,1
21.30892848968506,-0.69,1
22.734750270843506,0.21,1
24.14218235015869,9.0,1
25.56093692779541,-0.03,1
26.96285390853882,0.31,1
28.387298583984375,1.83,1
29.71799921989441,3.41,1
31.131832599639893,3.9,1
32.552311420440674,5.52,1
33.891043186187744,6.14,1
35.23954963684082,6.66,1
36.659645795822144,7.55,1
37.9907066822052,7.9,1
39.34286904335022,8.03,1
40.76147270202637,7.69,1
42.09370422363281,2.66,1
43.5070436000824,1.48,1
44.92083668708801,2.45,1
46.33334279060364,10.86,1
47.67858648300171,11.69,1
49.099536180496216,12.34,1
50.509273052215576,12.66,1
51.91673994064331,12.83,1
53.33734893798828,12.86,1
54.743011713027954,12.93,1
56.16292095184326,13.14,1
57.57909965515137,13.07,1
58.98804235458374,13.1,1
60.394968032836914,13.28,1
61.81834173202515,13.21,1
63.21547293663025,13.14,1
64.63889455795288,13.07,1
66.05231165885925,13.21,1
67.39629340171814,13.17,1
68.79950308799744,13.17,1
70.22272372245789,12.86,1
71.63491821289062,4.72,1
72.96803903579712,-0.41,1
74.3798475265503,-0.93,1
75.727294921875,-1.1,1
77.15098881721497,-1.72,1
78.48162531852722,0.59,1
79.90739250183105,1.34,1
81.32053112983704,0.79,1
82.65150618553162,1.28,1
84.07699203491211,1.24,1
85.41684579849243,0.59,1
86.83165335655212,0.62,1
88.243093252182,0.79,1
89.65481781959534,1.07,1
91.0659294128418,1.14,1
92.4786491394043,1.59,1
93.89660000801086,1.79,1
95.2411720752716,27.0,1
96.65100646018982,31.76,1
98.05106377601624,43.76,1
99.47503638267517,43.48,1
100.87927103042603,37.76,1
102.29225897789001,41.45,1
103.70998334884644,44.31,1
105.1151294708252,46.0,1
106.53783392906189,45.41,1
107.94540619850159,47.41,1
109.35824680328369,31.72,1
110.77455043792725,40.59,1
112.18169450759888,43.34,1
113.58721971511841,45.72,1
115.00523781776428,47.41,1
116.41595005989075,49.38,1
117.81998682022095,49.0,1
119.24247002601624,49.21,1
120.6524121761322,37.93,1
122.05831623077393,44.07,1
123.46984958648682,58.76,1
124.89146137237549,66.48,1
126.30301761627197,54.28,1
127.71260261535645,67.45,1
129.11469197273254,76.76,1
130.53606581687927,50.45,1
131.94941353797913,71.45,1
133.35297513008118,73.03,1
134.7690441608429,64.52,1
136.18299913406372,66.38,1
137.5903823375702,66.28,1
144.89962816238403,52.34,0
146.2147605419159,30.55,0
147.53214168548584,-12.24,0
148.8517279624939,-1.41,0
150.2109410762787,-1.1,0
151.52695631980896,-0.38,0
152.8450644016266,-0.1,0
154.16193509101868,-0.17,0
155.4778368473053,-0.1,0
156.79853343963623,-0.31,0
158.11234879493713,-0.14,0
159.43467569351196,-0.38,0
160.7837541103363,-0.1,0
162.08875799179077,-0.14,0
163.39589619636536,-0.62,0
164.69807600975037,-0.69,0
166.00816464424133,0.28,0
167.3095145225525,-0.41,0
168.60614347457886,-0.14,0
169.92827367782593,-0.28,0
171.27830362319946,-0.45,0
172.58021712303162,-0.41,0
173.90119528770447,-0.38,0
175.2086775302887,-0.48,0
176.5171446800232,-0.48,0
177.81694149971008,-0.52,0
179.13591027259827,-0.1,0
180.44513273239136,-0.31,0
181.7964370250702,-0.31,0
183.0946226119995,-0.48,0
184.40301489830017,-0.83,0
185.71302843093872,-0.28,0
187.02063751220703,-0.45,0
188.33001494407654,-0.55,0
189.63467288017273,-0.45,0
194.21955251693726,-0.17,1
195.62949776649475,-0.41,1
197.03769946098328,0.03,1
198.46222639083862,7.9,1
199.79724526405334,10.31,1
201.22100925445557,12.41,1
202.63444328308105,13.79,1
204.04853773117065,14.59,1
205.4474356174469,15.31,1
206.86858701705933,15.79,1
208.2154860496521,16.31,1
209.6294915676117,16.76,1
211.04047536849976,17.72,1
212.45661401748657,17.21,1
213.79195547103882,17.1,1
215.2121181488037,16.93,1
216.62049674987793,18.07,1
218.0360608100891,16.79,1
219.44854164123535,19.93,1
220.85617208480835,21.86,1
222.2662239074707,17.86,1
223.61487650871277,8.97,1
225.0347797870636,12.38,1
226.36941623687744,12.72,1
227.78838634490967,15.52,1
229.2045500278473,16.21,1
230.61293148994446,16.72,1
232.03074479103088,16.69,1
233.44165873527527,14.97,1
234.77441120147705,18.83,1
236.20037078857422,16.48,1
237.6069631576538,16.9,1
239.01494717597961,39.55,1
240.4413857460022,64.86,1
241.85382413864136,64.14,1
243.2619183063507,44.66,1
244.67281293869019,42.31,1
246.08037185668945,42.72,1
247.49671602249146,42.72,1
248.9058449268341,44.79,1
250.31709170341492,40.07,1
251.7309718132019,38.28,1
253.1342089176178,41.55,1
254.55134630203247,38.86,1
255.96437215805054,39.66,1
257.3730013370514,42.17,1
258.7797431945801,41.79,1
260.1995003223419,40.07,1
261.6070873737335,39.14,1
263.0272116661072,39.07,1
264.4300026893616,40.62,1
265.8472533226013,32.9,1
267.25542163848877,38.1,1
268.6662709712982,37.83,1
270.07182216644287,38.21,1
271.49156951904297,38.93,1
272.8984053134918,50.62,1
274.3132698535919,48.0,1
275.73369455337524,48.55,1
277.1376497745514,51.76,1
278.48216557502747,48.55,1
279.89634466171265,38.86,1
281.30743384361267,44.59,1
282.72369384765625,42.48,1
284.1249771118164,42.93,1
285.5468933582306,44.17,1
286.9571039676666,44.17,1
294.24876523017883,29.86,0
295.5557143688202,29.83,0
296.86620807647705,30.07,0
298.22690510749817,28.03,0
299.53012895584106,19.24,0
300.8541362285614,29.0,0
302.1646988391876,31.45,0
303.4847745895386,65.69,0
304.7986218929291,54.45,0
306.1136019229889,54.93,0
307.46304178237915,55.1,0
308.7790675163269,55.45,0
310.09659242630005,55.66,0
311.4220857620239,56.21,0
312.7531383037567,56.38,0
314.06710934638977,56.66,0
315.3909568786621,56.83,0
316.73375391960144,51.66,0
318.0722839832306,54.0,0
319.3885908126831,55.52,0
320.6996886730194,55.9,0
322.0194797515869,56.38,0
