1.1177492141723633,-0.55
2.3309473991394043,-0.59
3.5626423358917236,-0.52
4.772698163986206,-0.52
5.984790802001953,-0.52
7.1843061447143555,-0.55
9.955846548080444,19.79
11.31111454963684,44.0
12.723333835601807,66.62
14.13614010810852,85.31
15.547641515731812,102.14
16.888279914855957,117.45
18.295028924942017,133.9
21.983371019363403,1.21
23.30512571334839,0.41
24.632355213165283,-0.03
25.931944847106934,-0.21
27.269677877426147,-0.38
28.58799958229065,-0.41
29.902136087417603,-0.52
31.231478929519653,-0.48
32.53783583641052,-0.59
33.8571343421936,-0.59
35.14800000190735,-0.66
36.463417530059814,-0.59
37.802319049835205,-0.52
39.11992645263672,-0.62
40.43757152557373,-0.59
41.743924379348755,-0.55
44.51839733123779,382.72
45.928544759750366,492.52
47.34541368484497,244.07
51.03817367553711,-1.83
52.347047567367554,-1.86
53.66206073760986,-1.93
54.9825382232666,-1.93
56.28789472579956,-1.79
57.60214281082153,-1.48
58.912548542022705,-1.93
60.22013592720032,-2.03
61.57072162628174,-1.86
62.88866353034973,-1.93
64.19321584701538,-1.86
65.50387835502625,-1.83
66.8109040260315,-1.9
68.10525798797607,-1.9
69.4212691783905,-2.0
70.71441793441772,-1.93
73.52978229522705,380.34
74.94543385505676,486.14
76.28053855895996,298.72
79.9916319847107,-1.93
81.31172013282776,-1.9
82.60783672332764,-1.9
83.9334614276886,-1.93
85.23623275756836,-1.93
86.579017162323,-1.97
87.8977255821228,-1.97
89.20232558250427,-1.93
91.96283650398254,382.45
93.37232089042664,501.86
94.77397084236145,289.59
96.18931436538696,102.48
97.5943992137909,33.69
99.00940012931824,18.9
100.42989373207092,25.1
101.77030920982361,39.83
103.17245602607727,50.69
104.58632826805115,53.66
108.2760419845581,-1.9
109.59767866134644,-2.07
110.93167209625244,-2.21
112.24807405471802,-2.28
113.56263017654419,-2.28
114.86746430397034,-2.28
116.18950057029724,-2.28
117.50507497787476,-2.31
