1.1136901378631592,-1.83,0
2.35172176361084,-1.83,0
3.564509391784668,-1.86,0
4.771771669387817,-1.93,0
5.988797664642334,-1.83,0
7.199371814727783,-1.79,0
11.78643250465393,441.41,1
13.20590591430664,229.55,1
14.6179940700531,130.41,1
16.03002619743347,-134.31,1
17.368046522140503,-22.9,1
18.711612939834595,-7.17,1
20.11787247657776,-3.45,1
21.537572383880615,-2.45,1
22.883063316345215,-2.1,1
24.217236280441284,-1.9,1
25.639169454574585,-1.93,1
27.0512957572937,-1.86,1
28.463228702545166,-1.93,1
