1.111093282699585,6.41
2.361231565475464,6.45
3.564878463745117,6.34
4.764360666275024,6.45
5.968985319137573,6.45
7.18257999420166,6.45
8.388568639755249,6.48
9.590027093887329,6.48
10.799084424972534,6.41
12.037573337554932,6.55
13.242829322814941,4.69
14.462345123291016,6.52
15.662494421005249,6.45
16.89036202430725,6.38
18.095968008041382,6.45
19.294566869735718,6.38
20.502716779708862,6.41
25.131444692611694,0.41
26.474919319152832,0.38
27.887151956558228,0.28
29.299555778503418,0.34
30.708801984786987,0.38
32.12524628639221,0.28
33.53480052947998,0.28
34.87342953681946,0.28
36.287973165512085,0.17
37.6234290599823,0.14
38.97545123100281,0.21
40.32646441459656,0.28
41.73256301879883,0.17
43.14224457740784,0.28
44.5601761341095,0.31
45.90648674964905,0.14
47.315773010253906,0.28
48.73421859741211,0.28
50.14810872077942,0.17
51.551897287368774,0.21
52.9705548286438,0.17
54.38205575942993,0.28
55.785656690597534,0.24
57.20059609413147,0.28
58.614638805389404,0.17
59.96115064620972,0.14
61.366100549697876,0.28
62.77947735786438,0.21
64.1984748840332,0.21
65.54715490341187,0.17
66.95657658576965,0.21
68.37177515029907,0.21
69.7119688987732,0.17
71.05853223800659,0.31
72.39510488510132,0.34
73.74458599090576,0.28
75.09179782867432,0.24
76.43698334693909,0.21
77.78085041046143,0.28
79.1850917339325,0.17
80.59598708152771,0.24
82.01485753059387,0.34
83.43301367759705,0.21
84.84503722190857,0.31
86.18286633491516,0.21
87.52153635025024,1.38
88.93255543708801,33.72
90.35486721992493,43.76
91.76923680305481,42.76
93.11434960365295,39.48
94.44557023048401,36.45
95.79097962379456,33.45
97.14276623725891,31.45
98.54852986335754,29.03
99.96338319778442,26.41
101.36991477012634,24.79
102.79101753234863,22.76
104.20393991470337,21.79
105.61560678482056,19.07
107.02766633033752,16.97
108.43330764770508,16.21
109.84408712387085,15.83
111.25377416610718,10.62
112.59951114654541,12.86
114.0113365650177,11.48
115.35868573188782,13.55
116.76275968551636,7.1
118.18792629241943,9.9
119.58996415138245,7.1
121.00511980056763,8.66
122.41463851928711,5.97
123.82650637626648,8.31
125.25111889839172,10.69
126.6631076335907,11.45
128.07161569595337,11.59
129.47626900672913,10.45
130.88900446891785,8.62
132.30826997756958,8.28
133.71957182884216,8.93
135.071875333786,7.52
136.4834327697754,10.14
137.8964557647705,9.79
139.3019118309021,12.48
140.72003722190857,10.21
142.12982749938965,8.9
143.55037236213684,12.69
144.9614725112915,11.45
146.35959696769714,11.55
147.77187085151672,11.1
149.19777250289917,11.45
150.61165308952332,9.83
152.02060723304749,9.28
153.43713068962097,8.38
154.84426498413086,6.48
156.2587924003601,5.17
157.66678023338318,9.79
159.0813810825348,12.55
160.4916262626648,10.48
161.84559535980225,10.55
163.2581069469452,7.79
