1.1080877780914307,5.66
2.3140838146209717,5.66
3.5460081100463867,5.76
4.7544214725494385,5.72
5.96440863609314,5.69
7.176292657852173,5.69
8.383094310760498,5.66
9.593986511230469,5.76
10.802316427230835,5.66
15.425516605377197,1.38
16.839694261550903,1.38
18.183759927749634,1.38
19.527806043624878,1.28
20.929322957992554,1.38
22.3538339138031,1.28
23.765591382980347,1.24
25.177042245864868,1.21
26.587060928344727,1.34
27.928158044815063,1.28
29.34526038169861,1.31
30.690857410430908,1.41
32.09659743309021,0.93
33.51854991912842,1.45
34.92124891281128,1.17
36.26230835914612,1.24
37.68697714805603,1.28
39.03288006782532,1.28
40.44469094276428,1.28
41.8573431968689,1.17
43.26353192329407,1.17
44.6098473072052,1.24
45.95612096786499,1.38
47.29227900505066,1.17
48.71141719818115,1.1
50.12296795845032,1.21
51.53915333747864,1.28
52.88419771194458,1.24
54.29727101325989,1.28
55.62910580635071,1.21
57.04344129562378,1.24
58.46237635612488,1.28
59.874305725097656,1.28
61.28434205055237,1.24
62.69274854660034,1.24
64.11867642402649,1.21
65.46197986602783,1.24
66.80740761756897,1.24
68.21983361244202,1.24
69.5648901462555,1.21
70.97398734092712,1.24
72.38605642318726,1.17
73.71967363357544,1.21
75.07131481170654,1.24
76.41337394714355,1.24
77.82969284057617,1.17
79.16659617424011,1.24
80.52296948432922,1.28
81.93156552314758,1.21
83.34796953201294,1.24
84.75249028205872,1.21
86.10468864440918,1.21
87.51765155792236,1.21
88.9319019317627,1.17
90.27091336250305,1.21
91.60783982276917,1.28
93.0302803516388,1.14
94.44312763214111,1.17
95.78999447822571,1.24
97.12425494194031,1.17
98.5480945110321,1.17
99.95834589004517,1.21
101.36578607559204,1.1
102.78529739379883,1.1
104.1841311454773,1.28
105.60652661323547,1.14
107.02226519584656,1.17
108.42950415611267,1.24
109.84112000465393,1.28
111.25703883171082,1.17
112.66776585578918,1.14
114.08434867858887,1.17
115.49782204627991,1.24
116.89962840080261,1.17
118.31653165817261,1.24
119.73638391494751,1.24
121.14234137535095,1.14
122.56409406661987,1.17
123.97716808319092,1.14
125.38686275482178,1.17
126.79306960105896,1.24
128.21386051177979,1.14
129.6201810836792,1.17
131.03944849967957,1.24
132.4406807422638,1.21
133.8591389656067,1.14
135.27236104011536,1.17
136.62102508544922,1.1
138.02032470703125,1.21
139.4370038509369,1.17
140.84529495239258,1.14
142.26006698608398,1.17
143.684974193573,1.07
145.08415389060974,1.17
146.50050830841064,1.17
147.92047691345215,1.17
149.3243112564087,1.21
150.6736114025116,1.14
152.08424353599548,1.07
153.43569779396057,1.14
154.84599256515503,1.0
156.2539246082306,1.0
157.67555570602417,1.03
159.087956905365,1.14
160.49636101722717,1.03
161.84322476387024,1.1
163.17511558532715,1.17
164.53385400772095,1.07
165.8757185935974,1.1
167.2777247428894,1.14
168.70148825645447,1.03
170.04021549224854,1.07
171.39221906661987,1.07
172.7319827079773,1.0
174.08050155639648,1.1
175.4115710258484,1.03
176.76419711112976,1.0
178.11288166046143,1.03
179.5141053199768,1.07
180.85982584953308,1.03
182.20576238632202,0.9
183.55441904067993,1.07
184.96100234985352,1.07
186.31264901161194,0.93
187.64414882659912,1.07
188.99079513549805,1.03
190.40878438949585,1.03
191.7517967224121,1.1
193.15992736816406,1.03
194.51710033416748,1.1
195.8512406349182,1.03
197.26718497276306,1.1
198.67665076255798,1.0
200.0976903438568,1.03
201.51324439048767,1.07
202.85773706436157,1.0
204.2040078639984,0.97
205.5439841747284,0.97
206.87872529029846,0.93
208.2248682975769,0.9
209.64136123657227,0.97
210.98848176002502,1.03
212.3933663368225,1.0
213.7447648048401,1.03
215.1540379524231,1.0
216.5695083141327,1.0
217.9789001941681,1.0
219.33252573013306,0.97
220.73725581169128,1.03
222.14685344696045,0.97
223.5613968372345,0.97
224.9080560207367,1.0
226.25091195106506,0.9
227.59758353233337,1.1
229.00795102119446,1.0
230.42395758628845,1.07
231.7688181400299,1.0
233.10627508163452,0.97
234.53383255004883,0.97
235.8749086856842,1.14
237.21430587768555,1.0
238.55350947380066,1.07
239.96978735923767,1.0
241.39203214645386,0.97
242.80509734153748,1.0
244.2155478000641,0.97
245.62128019332886,1.07
247.04327535629272,0.93
248.44214177131653,1.0
249.86374306678772,1.07
251.2671947479248,0.97
252.69122791290283,0.93
254.0950849056244,0.97
255.5121192932129,1.07
256.9306948184967,1.0
258.34058952331543,0.93
259.74721598625183,0.97
261.16012167930603,1.0
262.58193492889404,0.97
263.99398159980774,1.0
265.3920109272003,1.03
266.81785821914673,0.97
268.2268660068512,0.93
269.63223361968994,0.97
271.0516822338104,1.0
272.4719829559326,1.03
273.87116718292236,1.03
275.2958302497864,0.97
276.70767426490784,0.97
278.1215670108795,1.0
279.52789521217346,1.03
280.93772292137146,1.1
282.3598346710205,0.97
283.6950912475586,0.93
285.1112058162689,0.93
286.51820731163025,0.97
287.9429786205292,0.9
289.3560209274292,1.0
290.761168718338,0.93
292.1821520328522,1.03
293.5813150405884,1.0
295.0060360431671,1.0
296.4167511463165,1.03
297.82494139671326,1.0
299.2356803417206,1.03
300.6469621658325,1.1
302.05603289604187,1.03
303.4764053821564,0.97
304.8846559524536,0.9
306.3046803474426,0.97
307.7195165157318,1.0
309.123215675354,0.9
310.532915353775,1.0
311.95696353912354,0.97
313.36316323280334,1.0
314.78267765045166,1.07
316.1916468143463,1.1
317.5993094444275,1.0
319.0132040977478,1.0
320.36830615997314,1.03
321.7123968601227,1.03
323.1118793487549,0.93
324.53719425201416,0.93
325.87355065345764,1.07
327.2880766391754,0.97
328.70728492736816,0.9
330.12097120285034,1.1
331.52106380462646,1.07
332.87684750556946,0.76
334.2787883281708,1.0
335.69514989852905,1.1
337.10730743408203,1.07
338.46039056777954,1.03
339.87083745002747,1.0
341.2861952781677,0.97
342.63087272644043,0.9
344.03793120384216,1.0
345.38018560409546,1.07
346.7949378490448,13.24
348.20977091789246,21.45
349.61421155929565,26.86
351.03093099594116,26.93
352.3675527572632,26.66
353.7898187637329,26.45
355.20368099212646,25.62
356.6193709373474,24.86
358.0183627605438,24.28
359.3759641647339,23.79
360.7838292121887,23.17
362.1302881240845,22.76
363.54512190818787,22.17
364.9510462284088,21.79
366.37033796310425,21.34
367.7051100730896,21.03
369.11509895324707,20.55
370.45835757255554,20.21
371.88546919822693,19.83
373.228568315506,19.52
374.63880157470703,19.1
375.98676681518555,13.0
377.39453649520874,10.45
378.73327684402466,9.24
380.15266942977905,11.14
381.55844140052795,5.14
382.97640562057495,7.24
384.39499044418335,3.28
385.80065059661865,5.79
387.21555352211,2.97
388.6262845993042,5.62
390.03770327568054,6.83
391.4461786746979,6.66
392.87011098861694,7.24
394.27414870262146,6.59
395.68967175483704,2.83
397.1095223426819,4.76
398.4535973072052,6.62
399.86030292510986,5.97
401.2801163196564,2.79
402.6937506198883,5.76
404.0924868583679,5.0
405.5167021751404,2.69
406.92994236946106,5.86
408.32806944847107,2.86
409.6854019165039,5.14
411.0994815826416,2.31
412.5121591091156,5.66
413.9121870994568,6.31
415.33163475990295,6.86
416.73724150657654,7.52
418.1603946685791,3.41
419.56152415275574,3.97
420.98752784729004,6.69
422.39223623275757,3.1
423.73751401901245,4.9
425.156124830246,7.55
426.5615997314453,3.45
427.97950410842896,5.69
429.38925981521606,6.72
430.7944359779358,2.79
