1.109726905822754,-2.17,0
2.3429415225982666,-2.21,0
3.5499587059020996,-2.14,0
4.765015125274658,-2.14,0
5.9786376953125,-2.17,0
10.566864013671875,15.55,1
11.980839490890503,11.28,1
13.393264770507812,22.93,1
14.803204536437988,26.55,1
16.203418493270874,28.41,1
17.558746814727783,29.28,1
18.896312713623047,30.24,1
20.23997449874878,29.48,1
21.65422821044922,28.93,1
22.99324941635132,29.07,1
24.341077089309692,27.83,1
25.679477214813232,28.55,1
27.08708119392395,27.79,1
28.432136297225952,34.55,1
29.85616445541382,35.69,1
31.19607400894165,38.62,1
32.608773946762085,30.31,1
33.95072269439697,31.59,1
35.290942668914795,27.79,1
36.62976431846619,31.03,1
38.04928803443909,28.07,1
39.38724422454834,31.38,1
40.80526947975159,28.86,1
42.20540642738342,30.03,1
43.621896743774414,24.41,1
44.97287583351135,25.28,1
46.3721137046814,21.14,1
47.79452061653137,24.41,1
49.206459760665894,23.45,1
50.61874580383301,26.45,1
52.03339195251465,27.66,1
53.43447804450989,28.17,1
54.86001539230347,26.0,1
56.27251744270325,27.03,1
57.67394423484802,27.03,1
