1.1075806617736816,-1.9
2.3177812099456787,-1.79
3.5491786003112793,-1.86
4.744138240814209,-1.86
9.329380512237549,85.38
10.672420740127563,186.1
12.085543870925903,266.52
13.498479127883911,340.76
14.910919904708862,405.17
16.322582006454468,420.62
17.65528440475464,401.38
19.000813722610474,377.41
20.34912371635437,356.76
21.69483470916748,338.14
23.03060531616211,321.1
24.376471281051636,305.17
25.787813425064087,289.69
27.199106454849243,275.59
28.611428022384644,262.1
30.0218825340271,248.97
31.433727264404297,237.17
32.78428363800049,225.76
34.1166090965271,215.9
41.42547416687012,7.1
42.727317333221436,7.14
44.061851978302,7.1
45.364861488342285,7.24
46.66915512084961,7.17
47.969149112701416,7.31
49.28238248825073,7.31
50.58430361747742,7.38
55.19599986076355,1076.48
56.60904264450073,978.34
58.01733446121216,419.38
59.427908420562744,157.76
60.84040594100952,58.48
62.2507004737854,31.69
