1.103968620300293,4.62,0
2.333522081375122,4.59,0
3.538923501968384,4.62,0
4.739956617355347,4.66,0
5.94494366645813,4.66,0
7.158673524856567,4.62,0
8.356731176376343,4.62,0
12.939310073852539,240.76,1
14.351760864257812,321.93,1
15.763728618621826,342.17,1
17.176695585250854,294.62,1
18.519312620162964,244.48,1
19.862593173980713,200.55,1
21.27393913269043,156.83,1
22.61659812927246,129.72,1
24.028580904006958,100.41,1
25.44108748435974,79.14,1
26.852556228637695,63.52,1
28.265552759170532,52.79,1
29.676869869232178,44.86,1
31.08949899673462,37.72,1
32.500510454177856,33.9,1
33.84403896331787,31.21,1
35.18658089637756,28.83,1
36.597371339797974,26.9,1
38.00882434844971,25.0,1
39.4198682308197,24.07,1
40.8302640914917,22.24,1
42.241483211517334,21.66,1
43.6534743309021,21.24,1
45.06541061401367,20.97,1
46.47760987281799,20.66,1
47.89114761352539,20.66,1
49.304407596588135,20.69,1
56.6009955406189,-2.28,0
57.91709280014038,-2.17,0
59.2336106300354,-2.1,0
60.55585861206055,-2.07,0
61.86792206764221,-2.03,0
63.22252321243286,-2.0,0
64.53710150718689,-2.0,0
65.85015678405762,-2.0,0
67.16121125221252,-1.97,0
68.46616530418396,-1.97,0
69.7789032459259,-1.97,0
71.08810448646545,-2.0,0
72.39189004898071,-1.97,0
73.73769617080688,-1.97,0
75.04365730285645,-2.07,0
76.35178446769714,-2.0,0
80.92945337295532,228.55,1
82.27442669868469,308.79,1
83.68595361709595,332.79,1
85.09849548339844,323.9,1
86.5107307434082,275.62,1
87.92144751548767,231.0,1
89.26521301269531,197.52,1
90.60877394676208,169.79,1
91.95241069793701,149.45,1
93.2953269481659,131.48,1
94.63945007324219,114.9,1
95.98224186897278,105.34,1
97.32440543174744,96.28,1
98.73726630210876,86.69,1
106.0408890247345,-1.72,0
107.34420418739319,-1.72,0
108.64707517623901,-1.72,0
109.9641501903534,-1.79,0
111.26869440078735,-1.76,0
112.57701063156128,-1.76,0
113.91609239578247,-1.72,0
115.22717690467834,-1.76,0
119.81687021255493,224.48,1
121.22884011268616,304.97,1
122.64081239700317,332.14,1
124.05279517173767,335.93,1
125.46412086486816,294.86,1
126.8757529258728,252.93,1
128.2867271900177,217.86,1
129.63068985939026,193.62,1
130.9730978012085,175.31,1
132.38365769386292,159.24,1
133.79461407661438,145.31,1
135.2069113254547,133.83,1
142.51338648796082,-2.0,0
143.82272720336914,-1.93,0
145.16870856285095,-1.93,0
146.48823761940002,-1.9,0
147.79250288009644,-1.93,0
149.10379457473755,-1.93,0
150.40664720535278,-1.86,0
151.71768188476562,-2.0,0
152.92209935188293,-2.0,0
154.13226628303528,-1.86,0
155.37732458114624,-2.0,0
156.58859491348267,-2.0,0
157.79061841964722,-1.9,0
159.0000913143158,-1.97,0
160.20673513412476,-1.97,0
161.4029438495636,-1.86,0
162.60418725013733,-1.93,0
163.7940194606781,-1.93,0
165.02607321739197,-1.86,0
166.2256579399109,-2.0,0
167.42502856254578,-2.0,0
168.62500953674316,-1.97,0
169.81959509849548,-1.93,0
171.01952719688416,-1.97,0
172.2175533771515,-2.0,0
173.4093267917633,-1.93,0
174.60232377052307,-1.9,0
175.83778285980225,-1.93,0
177.03616762161255,-1.97,0
178.2308382987976,-1.97,0
179.4304976463318,-1.97,0
180.63121628761292,-1.93,0
181.82777762413025,-2.66,0
183.02264738082886,-1.48,0
184.22151565551758,-1.55,0
185.45771169662476,-1.69,0
186.65761256217957,-1.72,0
187.85259890556335,-1.76,0
189.0472273826599,-1.76,0
190.25055861473083,-1.76,0
