1.1007270812988281,7.34
2.3451530933380127,7.31
3.5424716472625732,7.52
4.7387449741363525,7.62
5.931458473205566,7.52
10.537513256072998,7.45
11.887057304382324,7.34
13.299020290374756,8.48
14.71123743057251,10.45
16.11730647087097,12.41
17.467506408691406,15.21
18.80453634262085,17.72
20.138941287994385,20.93
21.549644947052002,23.9
22.900250911712646,27.45
24.2476487159729,30.52
25.589287042617798,33.21
26.998321056365967,36.41
28.40937376022339,38.83
29.820056200027466,41.72
31.23173761367798,44.03
32.583343505859375,45.93
33.9151029586792,47.48
35.26206135749817,48.76
36.612828731536865,50.21
38.01470708847046,50.9
39.36350607872009,51.72
40.78184199333191,52.41
42.115140438079834,52.34
43.46728873252869,52.52
44.80663299560547,52.41
46.14404559135437,52.14
47.5604829788208,51.66
48.90450859069824,50.55
50.31580352783203,50.1
51.72759175300598,49.21
53.142624616622925,47.59
54.54018306732178,46.9
55.890385389328,45.45
57.224990367889404,44.03
58.63960671424866,43.0
60.052258253097534,41.52
61.47170448303223,40.28
62.883514404296875,39.52
64.29581880569458,38.45
65.63382530212402,37.41
66.98269081115723,36.55
68.31503057479858,35.76
69.72998380661011,35.72
71.14379024505615,35.31
72.4944338798523,35.21
73.82156157493591,35.14
75.17325735092163,34.83
76.50849270820618,35.21
77.85851740837097,35.0
79.2717719078064,35.45
80.6760950088501,35.41
82.0245418548584,35.97
83.37183475494385,36.0
84.70760369300842,36.31
86.05637645721436,36.72
87.40267944335938,37.17
88.7346920967102,37.38
90.08491921424866,37.86
91.49564003944397,38.38
92.90650653839111,39.07
94.32060432434082,39.41
95.66857194900513,39.83
97.0676589012146,40.17
98.47833490371704,40.59
99.89635682106018,40.97
101.30962419509888,41.31
102.72224164009094,41.38
104.13414263725281,41.59
105.54119491577148,41.55
106.95289397239685,41.62
108.2903401851654,41.79
109.69908833503723,41.86
111.04946947097778,41.9
112.46223187446594,41.72
113.87700390815735,41.79
115.28296828269958,41.28
116.6947410106659,41.76
118.10726165771484,41.38
119.51860117912292,41.38
120.92859959602356,41.38
122.27748036384583,40.93
123.68867659568787,40.97
125.03766441345215,40.72
126.44539308547974,40.52
127.78432297706604,39.72
129.1951916217804,40.0
130.54083776474,39.72
131.95898032188416,40.07
133.35598421096802,39.93
134.78357815742493,39.83
136.11953592300415,39.55
137.53095173835754,39.66
138.87152743339539,39.69
140.2874264717102,39.28
141.6224808692932,39.59
143.04561519622803,39.21
144.4580056667328,39.31
145.85489320755005,38.83
147.26859545707703,39.24
148.61789894104004,39.34
149.95364379882812,39.1
151.30433583259583,38.83
152.7166075706482,39.03
154.1299057006836,39.24
155.53589582443237,39.31
156.94756293296814,39.34
158.3656930923462,39.59
159.77806949615479,39.69
161.11555433273315,39.24
162.5290710926056,39.69
163.86243867874146,39.66
165.21182227134705,39.79
166.62237691879272,39.66
168.03452229499817,39.86
169.3840160369873,39.93
170.71654319763184,39.52
172.06465101242065,39.93
173.41395664215088,39.97
174.7462592124939,40.0
176.10038709640503,40.17
177.42917346954346,40.03
178.85502004623413,40.14
180.19019103050232,39.97
181.53885197639465,40.24
182.87396812438965,40.24
184.2228410243988,40.03
185.57159447669983,40.38
186.90351700782776,40.07
188.25172185897827,40.31
189.59124994277954,40.48
191.01131987571716,40.34
192.34290432929993,40.41
193.69393277168274,40.41
195.0428113937378,40.76
202.33640837669373,7.76
203.63698840141296,7.34
204.94101905822754,7.14
206.27339673042297,7.41
207.5771427154541,7.31
208.8792018890381,7.34
210.17958688735962,7.28
211.48440551757812,7.28
216.06565523147583,3.48
217.47943782806396,9.52
218.89069271087646,19.83
220.22941851615906,25.69
221.57895255088806,29.66
222.92805337905884,32.72
224.26157402992249,35.03
225.61597084999084,35.83
226.95988297462463,37.69
228.29340434074402,38.07
229.70476984977722,38.21
231.0530641078949,38.21
232.46341252326965,38.21
233.8109929561615,38.07
235.1469006538391,40.17
236.5567183494568,38.72
237.90391850471497,40.38
239.31655955314636,40.41
240.73240542411804,38.9
242.14204382896423,38.48
243.55529260635376,40.07
244.96747207641602,38.76
246.3788321018219,40.21
247.7118194103241,38.76
249.0589189529419,40.14
250.47561240196228,40.45
251.82221293449402,40.69
253.2332260608673,40.66
254.6444947719574,40.76
256.05565667152405,40.62
257.3912751674652,39.07
258.7399938106537,40.48
260.15043210983276,40.9
261.55935406684875,41.03
262.91012024879456,39.34
264.30926728248596,40.79
265.7273118495941,41.0
267.137864112854,41.07
268.4867286682129,39.28
269.8966660499573,40.76
271.31122732162476,40.97
272.7224884033203,41.1
274.1330451965332,41.17
275.4718871116638,39.34
276.82146310806274,38.86
278.2210614681244,38.79
279.6328423023224,38.69
281.05790519714355,38.9
282.3912122249603,40.52
283.80432534217834,41.03
285.21769976615906,41.07
286.6321461200714,41.21
288.04682445526123,39.41
289.4589240550995,39.0
290.863201379776,38.72
292.2771224975586,40.52
293.69704508781433,39.31
295.1014041900635,40.86
296.51418137550354,39.0
297.92236733436584,40.76
299.3336453437805,39.24
300.75172567367554,38.93
302.15242290496826,40.79
303.5655794143677,39.28
304.978232383728,38.93
306.3935067653656,40.45
307.8068127632141,40.83
309.22555446624756,39.07
310.6253008842468,40.45
312.0381712913513,40.69
313.45756793022156,40.69
314.7939238548279,40.66
316.2049717903137,40.83
317.61810970306396,39.21
319.03116393089294,40.24
320.3684723377228,40.76
321.71942687034607,40.66
323.13040828704834,40.62
324.46555972099304,38.83
325.81754755973816,40.14
327.1543049812317,40.24
328.50418877601624,40.45
329.8511862754822,38.9
331.1850187778473,38.62
332.53263878822327,40.1
333.93769788742065,40.34
335.2865080833435,40.52
336.63812732696533,38.79
337.97873735427856,40.0
339.3221962451935,40.38
340.66566491127014,40.31
342.004017829895,40.59
343.3540987968445,40.59
344.76677799224854,39.14
346.0992350578308,40.52
347.4522314071655,39.03
348.7929735183716,38.86
350.1326389312744,40.41
351.48047971725464,40.72
352.89145040512085,41.07
354.2270941734314,40.93
355.57793045043945,39.24
356.9929623603821,40.66
358.3274528980255,41.07
359.67962527275085,39.41
361.0195469856262,38.93
362.3538649082184,40.41
363.70382165908813,39.14
365.0530951023102,38.72
366.3859279155731,38.55
367.7373127937317,38.52
369.13831210136414,38.41
370.4929664134979,40.17
371.82749128341675,40.59
373.17951488494873,40.79
374.514524936676,39.28
375.87065291404724,40.52
377.20574498176575,40.62
378.5427956581116,40.86
379.95531034469604,40.9
381.30695962905884,41.0
382.71923327445984,39.07
384.05321645736694,40.52
385.40419912338257,39.07
386.73835849761963,40.52
388.08727860450745,40.86
389.4374144077301,40.72
390.84446382522583,40.83
392.19369435310364,40.86
393.60491824150085,39.24
394.9382801055908,38.93
396.3520154953003,40.62
397.7021837234497,41.1
399.1146066188812,40.97
400.44695806503296,39.34
407.745187997818,3.31
409.05009937286377,3.28
410.3535895347595,3.28
411.6645860671997,3.31
412.9671552181244,3.28
414.26927065849304,3.31
415.5641779899597,3.21
416.8710734844208,3.24
421.506635427475,5.48
422.83721137046814,5.62
424.19303250312805,18.14
425.5277478694916,24.48
426.8833122253418,28.79
428.2266266345978,32.31
429.55998969078064,35.1
430.90621972084045,35.93
432.31454515457153,37.76
433.6666431427002,38.28
435.00393533706665,38.52
436.35433316230774,38.17
437.69113874435425,37.97
439.02827501296997,37.9
440.37684297561646,39.66
441.71568489074707,39.9
443.12716245651245,39.83
444.4769880771637,39.9
445.8886089324951,39.83
447.2365074157715,39.83
448.5689058303833,39.76
449.91752338409424,39.41
451.2655670642853,39.66
452.59850096702576,39.45
454.01067900657654,39.48
455.35913276672363,39.34
456.70804810523987,39.52
458.1213343143463,39.69
459.4537944793701,39.48
460.79945945739746,39.69
462.1494722366333,39.45
463.4863841533661,39.55
464.89986395835876,39.45
466.3126609325409,39.66
467.64570808410645,41.66
468.996630191803,39.93
470.3321852684021,39.55
471.6824436187744,39.66
473.031316280365,39.59
474.369215965271,39.76
475.78061151504517,39.48
477.12926959991455,39.48
478.4663052558899,39.59
479.81542706489563,39.59
481.21475195884705,39.69
482.56910586357117,39.45
483.90494108200073,39.45
485.25329995155334,39.69
486.6679165363312,39.38
488.01177072525024,39.48
489.3457975387573,39.17
490.69833159446716,38.97
492.0330533981323,39.38
493.382009267807,39.1
494.78331232070923,41.17
496.20006704330444,40.17
497.6122553348541,38.72
498.94708347320557,39.28
500.37328457832336,39.07
501.7081289291382,39.03
503.1191816329956,41.14
504.4562940597534,39.59
505.8772773742676,40.97
507.29142451286316,40.86
508.62454295158386,41.28
510.0370600223541,41.21
511.4506137371063,39.28
512.8606626987457,38.86
514.2725274562836,40.93
515.6227762699127,41.48
517.0323393344879,39.62
518.3798515796661,40.69
519.7888126373291,41.55
521.1285960674286,41.38
522.5389833450317,41.34
523.950122833252,39.34
525.298698425293,41.03
526.6466882228851,41.62
528.0565106868744,41.48
529.4720220565796,39.34
530.8018651008606,39.1
532.2155294418335,39.0
533.6251566410065,40.31
534.9811499118805,39.24
536.3816666603088,40.66
537.7945566177368,39.03
539.2063953876495,40.48
540.5568325519562,39.28
541.8919854164124,40.93
543.2432160377502,41.07
544.6561458110809,41.41
546.0677499771118,39.28
547.4812910556793,40.66
548.8159260749817,41.1
550.2293734550476,39.07
551.5717346668243,40.41
552.9913198947906,40.9
554.3242497444153,39.0
555.7410669326782,40.59
557.0898866653442,40.9
558.4900720119476,39.34
559.8440411090851,38.79
561.245274066925,38.79
562.6587629318237,40.69
564.0726161003113,40.97
565.4091546535492,40.79
566.8221781253815,40.76
568.2492346763611,41.24
569.5834403038025,40.69
570.9932451248169,40.48
572.4044299125671,40.48
573.814599275589,40.76
575.2245035171509,40.83
576.6361496448517,38.83
578.0489523410797,38.07
579.4624013900757,40.17
580.8739728927612,40.97
582.2876648902893,39.17
583.6365859508514,40.38
585.0459387302399,40.66
586.456654548645,40.83
587.8688015937805,40.79
589.2782108783722,40.59
590.697793006897,40.69
592.0961692333221,40.76
593.5232813358307,40.41
594.9188351631165,40.34
596.3306913375854,40.72
597.7413346767426,40.62
599.1531822681427,40.79
600.5649743080139,38.66
601.9766376018524,40.34
603.3905856609344,40.66
604.805584192276,40.55
606.2238879203796,41.03
613.5167672634125,3.97
614.8383386135101,3.9
616.1965878009796,3.69
617.5078148841858,4.07
618.824286699295,3.86
620.1433057785034,3.97
621.4478957653046,3.97
622.7615900039673,3.69
623.9843661785126,3.66
625.2242279052734,3.69
626.4293398857117,3.93
627.6451053619385,3.76
628.8540978431702,3.72
630.0629971027374,3.72
631.2776222229004,3.76
632.4902729988098,3.79
633.6969933509827,3.62
634.9501464366913,3.59
636.1555659770966,3.83
637.378867149353,3.93
638.573808670044,3.93
639.7807891368866,3.79
640.9858500957489,3.93
642.1790852546692,3.86
643.3799045085907,3.9
644.6124503612518,3.93
645.8217189311981,3.83
647.007572889328,3.69
648.216206073761,3.59
649.425226688385,3.9
650.6178033351898,3.72
651.8198895454407,3.86
653.0143628120422,3.9
654.2530102729797,3.86
655.4457929134369,3.69
656.6485545635223,3.76
657.8561279773712,3.83
659.0650732517242,3.83
660.2626538276672,3.86
661.4618747234344,3.76
662.6693184375763,3.83
663.9086096286774,3.83
665.1025588512421,3.72
666.322098493576,3.45
667.5219552516937,3.83
668.7250740528107,3.83
669.9341795444489,3.76
671.1332030296326,3.9
672.3250288963318,3.86
673.5832233428955,3.97
674.7863886356354,4.0
675.9859826564789,3.83
677.1933999061584,4.0
678.4055261611938,3.72
679.6023616790771,3.79
680.8204715251923,3.93
