1.1027882099151611,6.62
2.319652557373047,6.59
3.527688980102539,6.55
4.732729196548462,6.59
9.294112920761108,14.17
10.705262660980225,20.76
12.122923135757446,32.48
13.533026218414307,30.24
14.951053857803345,29.69
16.362940788269043,29.03
17.78397512435913,28.55
19.182795763015747,29.38
20.593884468078613,28.79
22.00326418876648,34.55
23.420330047607422,30.69
24.836485385894775,29.31
26.24940514564514,28.86
27.662477731704712,29.14
29.064805030822754,28.59
30.48560929298401,29.28
31.893697023391724,28.83
33.30091404914856,29.38
34.647486209869385,29.03
35.98745036125183,28.45
37.33977246284485,34.28
38.74230766296387,30.34
40.0948600769043,29.34
41.504149436950684,29.0
42.91161131858826,29.52
44.31425333023071,34.83
45.73863339424133,30.59
47.073304653167725,29.48
48.419084310531616,28.93
49.82990789413452,28.55
51.23524498939514,29.21
52.652079582214355,28.76
54.063337564468384,29.62
55.4681351184845,28.93
56.89541244506836,34.55
58.30302357673645,30.72
59.71765899658203,29.34
61.12564468383789,34.45
62.54056715965271,30.62
63.95502829551697,29.31
65.35245394706726,29.83
66.6959183216095,29.07
68.04979538917542,34.48
69.38067102432251,30.97
70.72900176048279,29.31
72.13701939582825,34.48
73.48314714431763,31.14
74.83496713638306,29.66
76.24101543426514,29.1
77.65274381637573,29.28
78.99116730690002,28.93
80.41315150260925,29.59
81.74385452270508,29.24
83.16341519355774,28.59
84.56284022331238,35.45
85.98131942749023,30.9
87.39334607124329,29.66
88.81357526779175,29.14
90.2181785106659,29.52
91.63922810554504,29.03
93.04750680923462,28.62
94.44718480110168,29.45
95.80047130584717,29.0
97.2115547657013,29.31
98.616544008255,29.79
100.04178214073181,29.14
101.4421157836914,28.76
102.79434013366699,28.31
104.20948648452759,29.41
105.60681295394897,28.86
107.02803492546082,28.48
108.43777656555176,29.59
109.85757398605347,34.76
111.26913928985596,30.62
112.66918325424194,29.21
114.09124398231506,28.79
115.50300312042236,29.79
116.9128668308258,29.14
118.31774187088013,28.69
119.7230589389801,29.48
121.1361083984375,28.93
122.55575633049011,28.52
123.96004033088684,29.45
125.38431882858276,29.03
126.79656028747559,28.55
128.20868134498596,34.48
129.61174869537354,30.72
131.0292570590973,29.45
132.43953919410706,34.45
133.84751391410828,30.9
135.2629051208496,29.59
136.67645049095154,29.14
138.07330513000488,34.28
139.50015139579773,30.76
140.9010248184204,29.14
142.32457852363586,34.62
143.72843098640442,30.9
145.14367532730103,29.76
146.55926823616028,29.28
147.96582007408142,29.97
149.3703784942627,29.14
150.78866457939148,28.62
152.2053084373474,29.62
153.60114741325378,29.03
155.01492500305176,28.52
156.439923286438,29.52
157.85208821296692,34.48
159.2550506591797,30.76
160.66112351417542,29.59
162.07799315452576,29.03
163.49490785598755,28.48
164.90973687171936,29.31
166.25408601760864,28.86
167.66524410247803,29.86
169.07829976081848,29.28
170.4899787902832,28.72
171.82617616653442,29.28
173.235449552536,28.76
174.65709328651428,29.34
176.06712985038757,34.07
177.47056984901428,30.55
178.88834023475647,29.38
180.23566317558289,34.14
181.56858277320862,30.41
182.97807574272156,29.24
184.40490889549255,29.59
185.8029429912567,28.83
187.21748280525208,28.41
188.62679505348206,29.17
190.04878997802734,28.62
191.45281052589417,34.07
192.86880159378052,30.31
194.26899433135986,34.34
195.69484329223633,30.21
197.10639119148254,28.34
198.52021384239197,29.0
199.9322531223297,28.48
201.27353072166443,29.03
202.68635296821594,28.55
204.0981249809265,29.1
205.5102722644806,34.07
206.9232039451599,30.0
208.33524560928345,34.21
209.74690628051758,30.24
211.15838408470154,33.9
212.56881856918335,30.17
219.86026072502136,0.62
221.16907000541687,0.79
222.50275564193726,0.52
223.80589318275452,0.69
225.15630555152893,0.66
226.46380376815796,0.55
227.79287123680115,0.52
229.10648274421692,0.59
233.7001452445984,13.17
235.10881304740906,19.34
236.52154064178467,21.45
237.9398157596588,23.21
239.34293413162231,22.93
240.76285910606384,22.66
242.17652034759521,22.34
243.58739852905273,22.24
245.0006444454193,22.59
246.4066617488861,23.28
247.81699919700623,23.0
249.23155689239502,22.55
250.6388554573059,22.31
252.06364727020264,22.1
253.47561740875244,23.24
254.8847532272339,22.9
256.2885048389435,22.52
257.70588970184326,22.17
259.114604473114,22.31
260.52277994155884,22.17
261.9438853263855,22.07
263.34245681762695,22.86
264.75736021995544,23.07
266.1787943840027,22.55
267.59175062179565,22.21
269.00264859199524,21.97
270.4735383987427,22.0
271.8952043056488,23.1
273.30581974983215,22.69
274.7192151546478,22.17
276.12514209747314,23.31
277.54371976852417,23.03
278.9499273300171,22.69
280.3520951271057,22.34
281.7773551940918,22.0
283.18856596946716,22.9
284.600124835968,22.52
286.0117287635803,22.17
287.4225823879242,21.9
288.8350987434387,22.28
290.24206829071045,22.83
291.658282995224,22.38
293.07088804244995,22.03
294.47923612594604,22.21
295.89161133766174,22.0
297.30607891082764,22.48
298.7134282588959,22.83
300.11779022216797,22.52
301.5404784679413,22.1
302.94872665405273,22.55
304.3503932952881,22.28
305.7628848552704,21.93
307.1863741874695,21.9
308.5845317840576,21.79
310.0104992389679,22.69
311.42286586761475,22.45
312.8319993019104,22.03
314.23344111442566,22.45
315.6459336280823,22.14
317.0687301158905,21.86
318.4740500450134,21.97
319.89145493507385,22.76
321.302316904068,22.31
322.71377897262573,22.07
324.1150963306427,22.28
325.53151273727417,22.03
326.94128584861755,21.9
328.3496971130371,21.69
