1.1172163486480713,-1.93,0
2.346473217010498,-1.9,0
3.548429250717163,-1.9,0
4.746913909912109,-1.93,0
5.9433557987213135,-1.9,0
7.1439902782440186,-1.86,0
11.71468710899353,26.9,1
13.135154724121094,29.21,1
14.4804527759552,33.34,1
15.893039464950562,37.83,1
17.306103467941284,41.59,1
18.63848614692688,45.1,1
19.99319553375244,47.86,1
21.323039531707764,50.69,1
22.74526309967041,53.83,1
24.084335803985596,56.59,1
25.50154161453247,59.41,1
26.9055438041687,62.03,1
28.256953239440918,64.1,1
29.665858268737793,66.45,1
31.07671284675598,68.28,1
32.489840507507324,70.62,1
33.90002703666687,72.66,1
35.242422342300415,74.24,1
36.586119413375854,75.83,1
38.00265049934387,77.83,1
39.340890407562256,79.1,1
40.68225979804993,80.76,1
42.017836809158325,81.9,1
43.3728723526001,83.07,1
50.67595911026001,-2.41,0
51.98400282859802,-2.28,0
53.28465938568115,-2.1,0
54.60298991203308,-2.14,0
55.912906646728516,-2.0,0
57.20803904533386,-2.07,0
58.53167700767517,-2.07,0
59.83758091926575,-2.07,0
61.14698505401611,-1.93,0
62.45008707046509,-2.03,0
63.802183389663696,-1.93,0
65.09240674972534,-2.03,0
66.40044116973877,-1.93,0
67.70644521713257,-2.0,0
68.999427318573,-1.86,0
70.30593752861023,-2.0,0
74.89950776100159,-2.0,1
76.23530411720276,-1.9,1
77.57316946983337,-1.9,1
78.99120259284973,-1.97,1
80.4025149345398,-1.86,1
81.75725674629211,-1.93,1
83.09759593009949,-1.9,1
84.4346113204956,-1.97,1
85.85210657119751,-1.97,1
87.19438910484314,-2.0,1
88.61087536811829,-1.97,1
90.0139365196228,-1.79,1
91.36965584754944,-1.93,1
92.78026986122131,-1.9,1
