1.1031615734100342,-1.9,0
2.3459503650665283,-1.86,0
3.5465285778045654,-1.9,0
4.757356643676758,-1.97,0
9.341590642929077,-3.9,1
10.686577081680298,-3.66,1
12.100234508514404,-0.52,1
13.503722906112671,-0.34,1
14.922195434570312,1.41,1
16.33269691467285,1.03,1
17.748213529586792,1.66,1
19.08764100074768,1.69,1
20.50892663002014,1.55,1
21.85366678237915,2.14,1
23.191020727157593,1.9,1
24.52951431274414,1.97,1
25.938549757003784,2.9,1
27.35694122314453,2.79,1
28.763890504837036,3.0,1
30.186521768569946,3.1,1
31.589457035064697,4.03,1
33.017611265182495,3.86,1
34.43015718460083,4.1,1
35.833152770996094,4.07,1
37.25139832496643,4.17,1
38.656633138656616,4.31,1
40.008402824401855,4.14,1
41.41188979148865,3.83,1
42.8345685005188,3.9,1
44.17959237098694,4.03,1
45.59413766860962,5.38,1
47.00106739997864,5.24,1
48.410799980163574,5.21,1
49.82847285270691,5.14,1
51.24061441421509,5.21,1
52.65466237068176,5.1,1
54.065433740615845,5.1,1
55.40314865112305,5.21,1
56.82600808143616,5.24,1
58.23414921760559,5.17,1
59.6515839099884,5.24,1
61.05461001396179,5.21,1
62.467658281326294,5.21,1
63.80639600753784,5.28,1
65.15177702903748,5.28,1
66.49555587768555,5.24,1
67.91946125030518,5.24,1
69.25794243812561,5.34,1
70.67753529548645,5.31,1
72.013427734375,5.24,1
73.43479251861572,5.1,1
74.83728218078613,4.93,1
76.24698996543884,5.41,1
77.60272264480591,5.28,1
79.00530195236206,5.41,1
80.42843103408813,5.62,1
81.84112334251404,5.17,1
83.25334191322327,5.69,1
84.59781956672668,5.21,1
86.00487494468689,5.48,1
87.35509848594666,5.21,1
88.68634128570557,5.34,1
90.02998876571655,5.62,1
91.38436794281006,5.17,1
92.78755187988281,5.24,1
94.14428520202637,5.59,1
95.54501152038574,5.48,1
96.97061419487,5.17,1
98.37536764144897,5.21,1
99.79276704788208,5.24,1
101.1985592842102,5.41,1
102.61714220046997,5.38,1
104.01925301551819,5.03,1
105.44625091552734,5.0,1
106.84444665908813,5.24,1
108.26725625991821,5.48,1
109.68601417541504,5.14,1
111.08594846725464,4.93,1
112.49952054023743,5.0,1
119.89403915405273,-2.41,0
121.21173000335693,-2.38,0
122.52715921401978,-2.41,0
123.84204339981079,-2.38,0
125.15929460525513,-2.24,0
126.46882271766663,-2.38,0
127.77734518051147,-2.28,0
129.09652757644653,-2.17,0
133.71810817718506,-2.9,1
135.14100623130798,1.1,1
136.5470154285431,1.28,1
137.96630787849426,1.66,1
139.374174118042,2.45,1
140.7898669242859,3.34,1
142.20269799232483,4.72,1
143.61676406860352,4.14,1
145.02058267593384,5.48,1
146.43887376785278,5.59,1
147.84498929977417,6.62,1
149.26595759391785,6.38,1
150.67073440551758,6.31,1
152.09225869178772,6.66,1
153.50929927825928,7.41,1
154.91725897789001,7.41,1
156.32553052902222,7.34,1
157.74728441238403,7.28,1
159.1589343547821,8.62,1
160.5698902606964,8.72,1
161.9160931110382,8.9,1
163.32650804519653,8.72,1
164.6651542186737,8.52,1
166.08630871772766,8.48,1
167.4250295162201,9.55,1
168.8417410850525,9.41,1
170.24502325057983,9.79,1
171.65521955490112,9.59,1
172.99794960021973,9.59,1
174.35082054138184,9.38,1
175.69469833374023,9.55,1
177.11202216148376,9.59,1
178.5102596282959,9.45,1
179.9357750415802,9.28,1
181.27080655097961,9.55,1
182.68835949897766,9.76,1
184.02613258361816,9.55,1
185.4399447441101,9.31,1
186.79167532920837,9.48,1
188.19458436965942,9.66,1
189.54249954223633,9.66,1
190.95256757736206,9.41,1
192.30808854103088,9.76,1
193.71795296669006,9.83,1
195.13153171539307,9.62,1
196.5419135093689,9.83,1
197.95894169807434,10.0,1
199.36821866035461,9.83,1
200.771803855896,9.69,1
202.19311237335205,10.17,1
203.59579586982727,10.07,1
205.01519632339478,9.76,1
206.42412066459656,9.97,1
207.8422818183899,9.93,1
209.25531387329102,9.83,1
210.66157484054565,9.86,1
212.07985877990723,9.93,1
213.48650455474854,9.66,1
214.9047658443451,10.0,1
216.3206126689911,10.1,1
217.72688841819763,9.83,1
219.14142632484436,10.83,1
220.54666328430176,10.72,1
221.9688205718994,10.76,1
223.38487911224365,10.72,1
224.78636860847473,10.69,1
226.21036648750305,10.41,1
227.62457132339478,10.72,1
228.9622859954834,10.48,1
230.38131165504456,10.48,1
231.7813377380371,10.52,1
233.2001597881317,10.28,1
234.61890769004822,10.34,1
236.02882504463196,10.24,1
237.43769431114197,10.14,1
238.85633039474487,10.34,1
240.2659454345703,10.14,1
241.681804895401,10.03,1
243.0890519618988,10.21,1
244.5073161125183,9.9,1
245.90991616249084,10.0,1
247.33285760879517,10.03,1
248.74721789360046,9.83,1
250.148850440979,9.86,1
251.5726547241211,9.97,1
252.97763538360596,9.76,1
254.3977997303009,9.69,1
255.80162715911865,9.76,1
257.2188801765442,9.48,1
258.6359875202179,9.55,1
260.04908752441406,9.76,1
261.4643929004669,9.55,1
262.8619978427887,9.34,1
264.2833709716797,9.62,1
265.6979031562805,9.52,1
267.10807943344116,10.38,1
268.5239155292511,10.17,1
269.9298985004425,9.97,1
271.3364338874817,10.48,1
278.65715765953064,-2.07,0
280.01071882247925,-1.97,0
281.3243293762207,-1.9,0
282.6340985298157,-1.93,0
283.94152069091797,-1.93,0
285.2499849796295,-2.0,0
286.57789278030396,-1.9,0
287.8871955871582,-1.93,0
292.4980413913727,53.38,1
293.9083285331726,44.31,1
295.3226635456085,40.1,1
296.73211002349854,37.9,1
298.14194679260254,35.69,1
299.5611002445221,33.62,1
300.96576595306396,32.07,1
302.38079285621643,30.28,1
303.92757749557495,28.41,1
305.4129784107208,26.66,1
306.8923990726471,24.79,1
308.443058013916,24.59,1
309.9891982078552,23.45,1
311.4753441810608,22.72,1
312.9552459716797,22.03,1
314.56856513023376,21.0,1
316.05786991119385,20.38,1
317.6081643104553,19.1,1
319.0940601825714,19.41,1
320.5683798789978,18.55,1
322.05289125442505,18.69,1
323.53612756729126,17.69,1
325.0191922187805,17.69,1
326.5657196044922,17.93,1
328.04604482650757,17.38,1
329.52549028396606,17.1,1
331.0119037628174,17.0,1
332.4902358055115,16.9,1
333.9104642868042,15.97,1
335.44804644584656,16.1,1
336.9393699169159,16.03,1
338.48270320892334,16.21,1
339.96461725234985,16.1,1
341.45157980918884,16.03,1
342.92783975601196,15.76,1
344.41142749786377,15.59,1
345.8951051235199,15.48,1
347.3111381530762,14.93,1
348.79211807250977,15.38,1
350.1930868625641,15.45,1
351.73970460891724,15.41,1
353.23529028892517,15.34,1
354.7172086238861,15.28,1
356.1869933605194,15.21,1
357.6772940158844,15.38,1
359.15572690963745,15.03,1
360.57195949554443,14.97,1
361.9774899482727,14.97,1
363.3920021057129,14.79,1
364.7336914539337,14.69,1
366.15600752830505,14.66,1
367.48997735977173,14.55,1
368.9066972732544,14.41,1
370.3236815929413,14.34,1
371.74015069007874,13.97,1
373.1529896259308,13.69,1
374.5656576156616,12.97,1
375.97870779037476,12.31,1
377.3915693759918,12.14,1
378.8038327693939,13.28,1
380.14429807662964,13.21,1
381.5537259578705,13.03,1
382.89676427841187,13.14,1
384.31472182273865,13.07,1
385.7165822982788,13.28,1
387.13907957077026,14.14,1
394.4361901283264,-1.55,0
395.74534797668457,-1.66,0
397.0716383457184,-1.76,0
398.3832926750183,-1.72,0
399.70483899116516,-1.69,0
401.02030205726624,-1.79,0
402.3691384792328,-1.69,0
403.6774220466614,-1.79,0
408.27486276626587,-7.14,1
409.6933832168579,-1.79,1
411.11118602752686,-0.48,1
412.52244806289673,1.34,1
413.9326584339142,5.24,1
415.34529542922974,7.9,1
416.7616126537323,10.41,1
418.17475628852844,11.48,1
419.5823390483856,12.38,1
420.99858593940735,13.45,1
422.41084146499634,14.28,1
423.81289887428284,12.17,1
425.2247488498688,12.55,1
426.64635133743286,13.66,1
428.06173944473267,14.62,1
429.47272968292236,14.55,1
430.8896276950836,15.41,1
432.2916171550751,15.48,1
433.71063899993896,16.48,1
435.1187057495117,16.28,1
436.5377607345581,17.24,1
437.9527587890625,17.17,1
439.3532683849335,17.1,1
