1.1062467098236084,3.9,0
2.3403239250183105,4.03,0
3.5486857891082764,4.0,0
4.743960380554199,3.97,0
5.937020301818848,3.93,0
10.548028230667114,9.38,1
11.96526050567627,34.1,1
13.378021001815796,36.07,1
14.791593790054321,37.1,1
16.200076818466187,37.14,1
17.53565526008606,37.07,1
18.889623403549194,36.86,1
20.229195594787598,36.9,1
21.578402042388916,43.52,1
22.97901749610901,45.34,1
24.405561685562134,46.59,1
25.817811727523804,45.76,1
27.230207204818726,38.69,1
28.56398057937622,37.52,1
29.979670524597168,43.83,1
31.396037817001343,45.93,1
32.798325538635254,45.38,1
34.15372395515442,46.28,1
35.554150342941284,45.66,1
36.90932631492615,45.59,1
38.32176232337952,38.93,1
39.73284411430359,37.52,1
41.13628578186035,43.62,1
42.55080533027649,45.66,1
43.968140840530396,46.17,1
45.369497776031494,45.66,1
