1.1063973903656006,6.59
2.3165435791015625,6.52
3.5593066215515137,6.52
4.765869379043579,6.59
9.352617979049683,0.28
10.773688554763794,1.41
12.1875638961792,1.79
13.589296340942383,1.97
15.007635831832886,1.66
16.418160915374756,1.69
17.838902711868286,1.76
19.17965841293335,1.79
20.590922355651855,1.86
22.00150156021118,1.83
23.348070859909058,1.83
24.75672173500061,1.86
26.179936408996582,1.48
27.588191509246826,1.55
28.99420189857483,1.34
30.408852100372314,0.9
31.821302890777588,0.1
33.17487716674805,-0.48
34.59110450744629,-0.34
35.92837429046631,-0.83
37.26966118812561,-0.66
38.687427282333374,-0.59
40.09705090522766,-0.69
41.44331097602844,-0.66
42.84662413597107,-0.45
44.265180826187134,-0.52
45.67218351364136,-0.62
47.091625928878784,-0.72
48.43776559829712,-0.72
49.845683097839355,-0.59
51.26835536956787,-0.52
52.67880082130432,-0.38
54.094449043273926,-0.21
55.495206117630005,-0.76
56.91504788398743,-0.69
58.32183051109314,-0.83
59.74349856376648,-0.79
61.15430450439453,0.1
62.561720848083496,1.59
63.97416687011719,1.79
65.31769824028015,1.59
66.73732423782349,1.38
68.13995337486267,1.79
69.55087423324585,1.79
70.96237063407898,0.72
72.37758684158325,-1.31
73.73063588142395,-3.17
75.13227677345276,-4.0
76.48395991325378,-4.31
77.89896035194397,-4.38
79.316490650177,-4.38
80.65723156929016,-3.9
82.07302069664001,-1.55
83.47522449493408,-0.79
84.89283204078674,-0.69
86.30015468597412,-0.31
87.64959931373596,-0.86
89.0643801689148,-0.72
90.39849972724915,-0.28
91.82508039474487,-0.41
93.2230896949768,-0.45
94.56951355934143,-2.76
95.98242497444153,-3.83
97.39786529541016,-4.17
98.81641745567322,-4.38
100.23203921318054,-4.21
101.63194012641907,-2.59
103.05758380889893,-1.21
104.465411901474,-0.76
105.87857174873352,-0.45
107.28197312355042,-1.72
108.69924068450928,-3.34
110.11532831192017,-2.17
111.53023958206177,-1.1
112.93880939483643,-0.97
114.36308813095093,-0.21
115.76462936401367,-0.45
117.17704629898071,-0.24
118.58933997154236,-0.66
120.00022673606873,0.03
121.41324067115784,0.34
122.8315041065216,0.0
124.24758577346802,0.17
125.65121531486511,-2.66
127.06570672988892,-3.76
128.48151326179504,-3.55
129.82646203041077,-2.31
131.24452090263367,-3.62
132.58335208892822,-4.1
133.99838089942932,-3.83
135.3321075439453,-1.83
136.74811458587646,-1.0
138.15917801856995,-0.48
139.58030819892883,-1.03
140.9910488128662,-3.07
142.40851879119873,-3.72
143.75214076042175,-4.03
145.165607213974,-4.14
146.56980919837952,-2.59
147.98073649406433,-1.14
149.39678263664246,-0.76
150.8047571182251,-0.48
152.22326707839966,-0.34
153.63292694091797,-0.72
155.04524564743042,-0.34
156.46537375450134,-0.14
157.87965273857117,-0.28
159.2913908958435,-0.48
160.691091299057,-0.59
162.03931212425232,-0.69
163.45010232925415,-0.55
