3.1090400218963623,-1.55
6.3708882331848145,-1.48
9.584964752197266,-1.52
12.800061702728271,-1.48
19.38234519958496,-1.55
22.931904315948486,-1.55
26.482486724853516,-1.52
30.035247087478638,-1.45
33.58279466629028,-1.55
37.131386518478394,-1.48
40.67659020423889,-1.45
44.2243230342865,-1.52
47.77493357658386,-1.52
51.326117515563965,-1.48
54.87020492553711,-1.48
58.42611789703369,-1.48
61.979374408721924,-1.55
65.52081608772278,-1.48
69.0755558013916,-1.48
72.61961889266968,-1.55
76.17089343070984,-1.55
79.6479914188385,-1.55
83.20614099502563,-1.48
86.75515151023865,-1.45
90.29551339149475,-1.48
93.78924012184143,-1.45
97.32709741592407,-1.48
100.87373113632202,-1.41
104.43229985237122,-1.45
107.98222398757935,-1.45
111.52543759346008,-1.48
115.07914280891418,-1.45
118.62722063064575,-1.45
122.17975735664368,-1.52
125.72756385803223,-1.52
129.28307628631592,-1.52
132.82077836990356,-1.45
136.3729407787323,-1.52
139.92553853988647,-1.38
143.4780023097992,-1.41
147.0277202129364,-1.45
150.57139468193054,-1.52
154.12341403961182,-1.52
157.67381310462952,-1.48
161.22528719902039,-1.45
164.78359007835388,-1.55
168.3340184688568,-1.52
171.88352608680725,-1.55
175.42183876037598,-1.48
178.97518181800842,-1.48
182.52604842185974,-1.48
186.0093801021576,-1.48
189.56747436523438,-1.45
193.1151430606842,-1.52
196.65951323509216,-1.48
200.21406197547913,-1.41
203.7544391155243,-1.52
207.31316661834717,-1.45
210.8628056049347,-1.45
214.4149935245514,-1.38
