1.1080448627471924,-2.07,0
2.339128017425537,-2.03,0
3.545799732208252,-2.0,0
4.741329669952393,-2.03,0
9.322495698928833,5.0,1
10.735566139221191,3.28,1
12.148641347885132,-0.38,1
13.561464548110962,-1.48,1
14.968748092651367,-1.55,1
16.378209114074707,-1.86,1
17.7989718914032,-2.03,1
19.134018659591675,-2.14,1
20.552595615386963,-2.07,1
21.97128701210022,-1.9,1
23.372076988220215,-1.83,1
24.795326709747314,-1.72,1
26.13148593902588,-2.03,1
27.54279589653015,0.1,1
28.952572345733643,-2.52,1
30.36721134185791,-1.21,1
31.784411907196045,-1.55,1
33.18929600715637,-0.76,1
34.613850355148315,-0.55,1
36.0167293548584,-2.28,1
37.42920899391174,308.07,1
38.77406597137451,638.9,1
40.18407845497131,723.45,1
41.60725259780884,202.24,1
43.01831245422363,57.52,1
44.3559684753418,854.45,1
51.6485071182251,7.07,0
52.955405712127686,0.07,0
54.310829401016235,1.76,0
55.61489415168762,316.79,0
56.927714824676514,-5.69,0
58.225072145462036,1.55,0
59.55456018447876,0.93,0
60.859758138656616,0.07,0
62.174084186553955,-0.21,0
63.475435972213745,-0.79,0
64.83328533172607,-1.76,0
66.13273453712463,-0.31,0
67.4314033985138,-0.79,0
68.73000979423523,-1.83,0
70.0387852191925,-2.41,0
71.33116412162781,-1.72,0
72.62317848205566,-1.34,0
73.92852735519409,-0.62,0
75.23245811462402,-3.45,0
76.56129717826843,-170.66,0
77.87415075302124,-575.93,0
79.17372727394104,-77.79,0
80.48622679710388,-5.62,0
81.79490089416504,-7.69,0
83.11548662185669,-493.97,0
84.41479086875916,-90.17,0
85.72126245498657,-41.1,0
87.06298208236694,-82.83,0
88.38584399223328,-1001.21,0
89.68902158737183,-40.48,0
90.99553036689758,-21.24,0
92.30879783630371,-2.59,0
93.61650323867798,-0.66,0
94.92767667770386,-2.97,0
96.26787519454956,-2.17,0
100.86084604263306,1.72,1
102.2641749382019,-1.28,1
103.67451620101929,-1.76,1
105.09485268592834,-1.72,1
106.42973589897156,-1.76,1
107.84472489356995,-1.86,1
109.26577496528625,-1.9,1
110.68298149108887,-2.31,1
112.08886313438416,-3.38,1
113.49499320983887,-2.07,1
114.91730546951294,-2.69,1
116.3254942893982,-2.79,1
117.73805832862854,-2.93,1
119.14810919761658,-2.83,1
120.57243418693542,7.21,1
121.97926235198975,-0.79,1
123.39544582366943,-8.9,1
124.80737614631653,-2.76,1
126.21634864807129,-2.79,1
127.62657523155212,-2.79,1
129.0333936214447,-2.83,1
130.46005058288574,-2.86,1
131.8602204322815,-2.83,1
