1.1148042678833008,0.59
2.3218605518341064,0.38
3.5566742420196533,0.07
4.759570837020874,-0.03
5.958886384963989,-0.17
10.564019203186035,1.79
11.97637128829956,1.76
13.38853669166565,1.79
14.800362586975098,1.79
16.21078634262085,8.28
17.558558464050293,14.14
18.959295988082886,19.0
20.31395983695984,21.17
21.651369333267212,24.72
23.056843757629395,26.17
24.46873450279236,28.93
25.821800231933594,30.14
27.224705696105957,30.69
28.638087511062622,28.41
30.051430702209473,30.21
31.46467161178589,30.48
32.88744878768921,30.69
34.22557806968689,30.66
35.632790327072144,28.55
36.97679257392883,30.1
38.387662410736084,30.48
39.73903822898865,28.34
41.1530396938324,30.21
42.48792767524719,28.48
43.83779978752136,30.07
45.25036954879761,30.45
46.58637285232544,30.66
47.99950337409973,30.9
49.41269874572754,30.69
50.82630920410156,30.9
52.23814940452576,30.69
53.652060747146606,30.48
55.065123558044434,30.62
56.484498262405396,28.14
57.88463878631592,29.93
59.2976508140564,30.28
60.710434913635254,30.52
62.13224816322327,28.28
63.54223942756653,30.03
64.95016884803772,28.17
66.3026692867279,29.62
67.6389307975769,30.17
69.05553007125854,30.34
70.45469284057617,30.38
71.86827063560486,30.38
73.21918058395386,30.38
74.5644850730896,30.34
75.96688771247864,30.24
77.3192868232727,30.41
78.73512721061707,30.52
86.02015447616577,1.79
87.37225770950317,1.83
88.67481803894043,1.76
89.99428415298462,1.76
91.3113648891449,1.76
92.63190817832947,1.72
93.91905617713928,1.79
95.23556661605835,1.76
99.86081600189209,1.76
101.27338337898254,31.9
102.68411469459534,113.07
104.10028004646301,212.1
105.51804709434509,328.21
106.93610429763794,462.03
108.33593225479126,588.34
109.74922704696655,662.41
111.15988945960999,681.21
112.5715343952179,682.59
113.98562335968018,684.76
115.39576077461243,683.52
116.81209206581116,681.0
118.2240469455719,681.24
119.63664770126343,681.17
121.04983448982239,682.86
122.46101021766663,682.38
123.87076950073242,681.86
131.17366862297058,0.62
132.49205422401428,0.62
133.79258823394775,0.55
135.11092042922974,0.86
136.42767643928528,0.66
137.76993131637573,0.72
139.07421398162842,0.72
140.4027292728424,0.69
144.99041438102722,0.86
146.40109848976135,0.76
147.8216335773468,0.79
149.23790979385376,0.76
150.64376831054688,0.76
152.05568265914917,5.38
153.4689803123474,8.55
154.88679575920105,12.76
156.29964017868042,14.62
157.71432948112488,14.93
159.1280815601349,14.93
160.525493144989,16.55
161.94263744354248,13.38
163.29533505439758,12.17
164.63021874427795,11.9
166.04857635498047,12.17
167.45641016960144,15.59
168.80752778053284,1.69
170.1443269252777,1.41
