1.1198632717132568,4.52
2.323737144470215,4.59
3.5718162059783936,4.52
4.7781312465667725,4.59
9.351904392242432,1.76
10.762999296188354,1.72
12.112285852432251,1.72
13.52175498008728,1.72
14.85576581954956,1.72
16.282184839248657,1.69
17.61201238632202,1.72
18.96257758140564,1.69
20.31027054786682,9.93
21.646082401275635,14.14
22.99706792831421,17.69
24.40890908241272,20.07
25.823161363601685,22.31
27.235563278198242,23.97
28.647775650024414,25.31
30.060991525650024,24.83
31.473165273666382,26.72
32.88204336166382,26.52
34.235332012176514,26.24
35.568275451660156,9.62
36.9165825843811,18.41
38.32633948326111,20.79
39.73848795890808,22.72
41.163594007492065,24.72
42.4955735206604,25.1
43.92239451408386,24.9
45.25953936576843,26.41
46.670616149902344,26.41
48.08189415931702,26.24
49.49261236190796,27.69
50.90665364265442,28.76
52.3202166557312,28.17
53.73156380653381,28.55
55.14303469657898,28.14
56.55467391014099,28.97
57.96804165840149,30.17
59.38283848762512,29.83
60.79451370239258,29.28
62.20234537124634,30.1
63.611958026885986,29.38
65.03730487823486,31.0
66.4513828754425,30.52
67.86352443695068,29.9
75.17441296577454,-1.48
76.50395512580872,-1.48
77.82574677467346,-1.48
79.14464378356934,-1.52
80.45215845108032,-1.59
81.75561499595642,-1.48
83.07305598258972,-1.66
84.37701988220215,-1.66
88.95709371566772,182.24
90.36864233016968,218.72
91.71635270118713,220.93
93.06617164611816,218.1
94.4799656867981,207.1
95.81219863891602,186.31
103.13552021980286,5.41
104.44029664993286,5.62
105.75327968597412,5.76
107.10135388374329,5.86
108.40396332740784,5.97
109.72173404693604,6.0
111.02545404434204,5.93
112.34474754333496,6.1
116.92174863815308,6.0
118.33217096328735,5.97
119.7437744140625,5.93
121.1543231010437,6.07
122.56685471534729,5.9
123.9778060913086,5.93
125.32471013069153,5.86
126.67184686660767,5.72
128.08287382125854,5.9
129.43423533439636,5.9
130.8447926044464,5.97
132.25704503059387,5.62
133.66923809051514,5.86
135.0797028541565,5.62
136.4174222946167,5.55
137.8438801765442,5.72
139.1753044128418,5.79
140.58852767944336,5.59
142.00425696372986,5.55
143.41756224632263,5.55
144.83659648895264,5.69
146.24651956558228,5.55
147.6579658985138,5.83
149.06634783744812,5.9
150.48812103271484,5.83
151.90232276916504,5.9
153.31046080589294,5.83
154.72423100471497,7.28
156.13803720474243,9.97
157.4760982990265,8.66
158.88686776161194,7.59
160.30000925064087,14.38
161.71173477172852,10.97
163.06187844276428,8.59
164.41044068336487,6.86
165.74365210533142,14.55
167.0902132987976,10.52
168.42972588539124,8.93
169.78511214256287,6.93
171.13082933425903,9.76
172.5430281162262,9.14
173.954425573349,9.79
175.2878577709198,9.55
176.63697791099548,7.72
178.04971504211426,10.21
179.3990032672882,9.66
180.73028087615967,8.52
182.08023166656494,14.79
183.42792201042175,10.24
184.83743739128113,15.03
186.1868233680725,12.28
187.5201940536499,10.1
188.87692165374756,10.86
190.21210074424744,8.79
191.62351608276367,14.59
192.9732630252838,9.9
194.3754861354828,15.14
195.727552652359,10.41
197.13793849945068,10.55
198.4865002632141,8.76
199.89781308174133,7.24
201.24879384040833,7.45
202.58050107955933,8.9
203.92889666557312,9.93
205.34150195121765,9.62
206.69149565696716,9.86
208.10097908973694,11.79
209.44862246513367,10.72
210.78532123565674,8.62
212.1338860988617,9.1
213.46664452552795,9.66
214.81779074668884,9.45
216.16710019111633,7.69
217.50045204162598,9.52
218.9139564037323,10.1
220.26297116279602,7.79
221.61472177505493,7.66
222.948579788208,14.66
224.296302318573,10.21
225.7116618156433,9.48
227.12080025672913,8.17
228.47064924240112,10.59
229.88121557235718,9.72
231.2243115901947,9.55
232.56063103675842,8.55
233.90866017341614,15.14
235.25889658927917,10.86
236.60088324546814,9.45
238.01301980018616,9.1
239.34863996505737,15.34
240.7618842124939,10.79
242.10993576049805,15.69
243.52263188362122,11.07
244.8728747367859,10.31
246.2061107158661,10.07
247.63144302368164,11.45
249.0415403842926,8.17
250.37477135658264,9.97
251.8007869720459,10.31
259.10717391967773,6.55
260.4144914150238,6.38
261.72878074645996,6.38
263.0303280353546,6.45
264.3362925052643,6.38
265.6521646976471,7.38
266.9531695842743,14.66
268.2865846157074,3.1
272.869163274765,4.17
274.28050112724304,4.0
275.70808124542236,4.31
277.1061909198761,4.21
278.4563035964966,4.28
279.8710594177246,4.52
281.2833061218262,4.45
282.7008967399597,4.66
284.0378749370575,12.76
285.3855435848236,16.86
286.7281720638275,19.28
288.13982343673706,20.93
289.4897210597992,21.48
290.8990252017975,24.76
292.3120813369751,24.79
293.72908878326416,26.31
295.1383411884308,26.17
296.5432856082916,26.83
297.8891112804413,26.93
299.29816198349,28.14
300.7185842990875,27.83
302.1239426136017,27.69
303.54224252700806,27.79
304.94685983657837,28.72
306.2951738834381,28.28
307.70576214790344,28.41
309.05456590652466,28.93
310.46650767326355,28.69
311.8785312175751,29.17
313.2108488082886,31.45
314.6205232143402,30.62
316.0338182449341,29.9
317.4418029785156,31.97
318.85444831848145,31.14
320.20284485816956,30.93
321.6160264015198,30.1
322.96603631973267,29.86
324.30086183547974,30.97
325.7223434448242,30.59
327.0553631782532,30.03
334.3590819835663,6.07
335.6541919708252,6.03
336.9549469947815,6.1
338.27250504493713,6.17
339.573171377182,6.17
340.87648248672485,6.31
342.21027183532715,6.14
343.5139560699463,6.24
348.08431673049927,6.03
349.4253420829773,5.97
350.7708041667938,5.97
352.1852402687073,6.1
353.52265214920044,6.07
354.8732488155365,5.97
356.2117848396301,5.97
357.6236433982849,17.38
358.9735882282257,24.07
360.3239872455597,27.97
361.65517711639404,30.79
363.01141381263733,33.48
364.3437943458557,35.17
365.693039894104,38.07
367.02694869041443,39.38
368.43862867355347,41.52
369.85075759887695,41.59
371.19585728645325,43.34
372.5452153682709,44.41
373.9619371891022,44.24
375.29533672332764,45.62
376.64423155784607,45.86
377.9878902435303,45.83
379.3373210430145,46.72
380.67019295692444,47.28
382.08359456062317,47.17
383.43409395217896,49.17
384.8449671268463,49.28
386.2559337615967,48.86
387.60233306884766,49.45
389.01325368881226,49.24
390.40965270996094,49.9
391.8209321498871,49.79
393.24754667282104,49.52
394.6473083496094,49.59
395.9916481971741,49.52
397.3397970199585,49.59
398.67351770401,50.9
400.0882706642151,50.0
401.43154978752136,50.52
402.8438210487366,50.24
404.25478076934814,50.31
405.66467809677124,51.24
407.07681822776794,50.48
408.4939658641815,50.55
409.90490794181824,50.76
417.20569372177124,7.55
418.55294370651245,7.66
419.8537974357605,7.55
421.1563928127289,7.59
422.4736280441284,7.62
423.7738780975342,7.76
425.08048033714294,7.62
426.3822612762451,7.79
430.97746181488037,7.28
432.38768887519836,7.59
433.72878980636597,7.48
435.13759779930115,7.45
436.4813549518585,7.31
437.8322546482086,7.38
439.1681442260742,19.59
440.52310252189636,27.93
441.93405413627625,33.1
443.26723194122314,40.07
444.69254875183105,44.1
446.0253920555115,47.07
447.37506103515625,49.24
448.7229812145233,52.07
450.0553243160248,55.55
451.4678375720978,56.59
452.8801827430725,58.45
454.2927510738373,61.14
455.64051055908203,60.48
456.9727747440338,62.17
458.3230564594269,63.97
459.73571157455444,63.55
461.07012367248535,64.1
462.4866111278534,64.62
463.82505345344543,65.38
465.23539304733276,66.0
466.5881233215332,65.69
467.9980652332306,66.66
469.4094343185425,65.41
470.7583019733429,65.69
472.1677415370941,62.76
473.57704496383667,65.79
474.9228708744049,66.48
476.3228015899658,68.59
477.7494902610779,69.34
479.15903306007385,69.21
480.57005286216736,69.86
487.87592220306396,0.86
489.17662477493286,0.86
490.5259802341461,0.83
491.8583128452301,0.83
493.15722703933716,0.86
494.47545742988586,0.79
495.7926323413849,0.79
497.09370827674866,0.86
501.6892030239105,0.83
503.0992224216461,0.76
504.5110123157501,0.79
505.84566926956177,0.93
507.19716024398804,3.38
508.6059672832489,17.14
510.0156617164612,27.28
511.3637583255768,37.07
512.6982114315033,44.69
514.0543048381805,51.69
515.4609854221344,56.69
516.8711409568787,61.28
518.2194719314575,65.17
519.630765914917,68.69
521.0411922931671,71.9
522.4532940387726,75.0
523.8636765480042,77.28
525.2137494087219,78.52
526.6247088909149,80.72
527.9581775665283,81.21
529.3694274425507,82.62
530.785569190979,84.38
532.1931865215302,85.9
533.6048007011414,85.62
535.0158569812775,87.31
536.3584969043732,87.62
537.7711305618286,87.38
539.182327747345,87.17
540.593419790268,89.07
541.9441821575165,87.93
543.3561050891876,87.31
550.6605114936829,1.72
551.9718391895294,1.76
553.2780108451843,1.72
554.6279780864716,1.76
555.9424133300781,1.72
557.244336605072,1.76
558.5591623783112,1.69
559.8739278316498,1.76
561.095165014267,1.76
562.3012101650238,1.72
563.5079851150513,1.76
564.7464067935944,1.72
565.948707818985,1.76
567.155515909195,1.76
568.3778457641602,1.72
569.5897791385651,1.79
570.7983820438385,1.76
572.0072705745697,1.79
573.2436170578003,1.79
574.4703333377838,1.76
575.6921374797821,1.79
