1.1015880107879639,-1.41,0
2.3489537239074707,-1.45,0
3.5630319118499756,-1.45,0
4.766031742095947,-1.41,0
9.342944622039795,-1.45,1
10.754516839981079,-1.41,1
12.164000272750854,-1.45,1
13.582679271697998,-1.48,1
14.993320941925049,-1.52,1
16.401732921600342,-1.45,1
17.75294256210327,-1.52,1
19.16209101676941,-1.48,1
20.5667884349823,-1.52,1
21.917136192321777,-1.38,1
23.336718559265137,-1.52,1
24.746016025543213,-1.41,1
26.155986547470093,-1.48,1
27.563507556915283,-1.48,1
28.981178760528564,-1.48,1
30.38822913169861,-1.45,1
31.808369874954224,-1.41,1
33.219353437423706,-1.45,1
34.63221502304077,-1.48,1
35.9815673828125,-1.45,1
37.391719818115234,-1.66,1
38.74208354949951,-1.48,1
40.07901906967163,-1.45,1
41.49234318733215,-1.34,1
42.8445839881897,-1.41,1
44.25134038925171,-1.38,1
45.66913032531738,-1.41,1
47.07782030105591,-1.38,1
48.491374492645264,-1.41,1
49.910942792892456,-1.41,1
51.32773399353027,-1.41,1
52.733988761901855,-1.45,1
54.14374780654907,-1.41,1
55.55158543586731,-1.38,1
56.96518039703369,-1.34,1
58.386937618255615,-1.55,1
59.79354238510132,-1.62,1
61.210219621658325,5.45,1
62.62457275390625,123.72,1
64.03401803970337,8.66,1
65.38406610488892,-1.1,1
66.80288290977478,-1.55,1
68.14375853538513,-1.66,1
69.55719590187073,-1.66,1
70.90337228775024,-1.76,1
72.31071639060974,-1.69,1
73.65451216697693,-1.79,1
75.06135559082031,-1.83,1
76.48540878295898,-1.79,1
77.88708281517029,-2.9,1
79.23387503623962,3.07,1
80.65620303153992,-2.34,1
82.06654644012451,-2.83,1
83.47739052772522,107.48,1
84.89819407463074,-1.83,1
86.31138801574707,-1.55,1
87.72397947311401,-1.72,1
89.13556456565857,-1.76,1
90.5453462600708,-1.86,1
91.95664668083191,-1.79,1
93.36773037910461,-1.86,1
94.7778787612915,-1.83,1
96.20150685310364,-1.86,1
97.6077892780304,-1.9,1
99.01763439178467,-1.86,1
100.43374729156494,-1.79,1
101.85672497749329,-1.83,1
103.26516366004944,-1.83,1
104.61184287071228,-1.9,1
106.02264094352722,-1.86,1
107.44372868537903,-1.79,1
108.8578200340271,-1.86,1
110.2648138999939,-1.9,1
111.67388796806335,-1.86,1
113.09287858009338,-1.76,1
114.50800561904907,-1.86,1
115.92727947235107,-1.86,1
117.33308863639832,-1.83,1
118.75372099876404,-1.86,1
120.16729092597961,-1.83,1
121.5718879699707,-1.76,1
122.98808479309082,-1.83,1
124.33495378494263,-1.79,1
125.75093364715576,-1.9,1
127.1634213924408,-1.86,1
128.5713541507721,-1.93,1
129.98247289657593,-1.86,1
131.3908052444458,-1.76,1
132.81355667114258,-1.86,1
134.21973633766174,-2.14,1
135.6435468196869,-2.0,1
137.04408764839172,-1.72,1
138.46510553359985,-2.0,1
139.87373638153076,-1.97,1
141.29282784461975,-2.03,1
142.70706152915955,-1.41,1
144.11151885986328,-2.07,1
145.52452659606934,-1.93,1
146.9323787689209,-1.66,1
148.3585855960846,-1.83,1
149.77113032341003,-1.48,1
151.17765378952026,-2.1,1
152.58481407165527,-1.86,1
154.00339031219482,-1.48,1
155.41512441635132,-1.34,1
156.82615041732788,-1.24,1
158.23616075515747,-1.83,1
159.6586480140686,-1.86,1
161.07380485534668,-1.28,1
162.47230887413025,-1.55,1
163.83103322982788,-1.52,1
165.2375135421753,-0.93,1
166.64386558532715,-1.59,1
167.9901773929596,-1.62,1
169.41439700126648,-1.69,1
170.8168613910675,-1.55,1
172.16077852249146,-1.59,1
173.51570510864258,-1.52,1
174.9280960559845,-1.59,1
176.34118628501892,-1.55,1
177.74811553955078,-1.62,1
179.09412837028503,-1.59,1
180.4278917312622,-1.55,1
181.78596305847168,-1.59,1
183.1284875869751,-1.41,1
184.47116875648499,-1.62,1
185.80754613876343,0.07,1
187.15843415260315,-0.17,1
188.57216262817383,-0.31,1
189.91640758514404,1.0,1
191.33111834526062,-7.69,1
192.73640060424805,-1.62,1
194.08621263504028,3.1,1
195.43107533454895,-2.41,1
196.76183319091797,-1.59,1
198.1790828704834,-0.34,1
199.58922123908997,2.55,1
200.94611501693726,-0.28,1
202.34593081474304,56.0,1
203.69448971748352,-6.69,1
205.10735988616943,-135.52,1
206.45345282554626,-0.41,1
207.86461639404297,4.21,1
209.2054054737091,-0.69,1
210.62404537200928,21.21,1
211.96777534484863,-5.17,1
213.3792359828949,-8.97,1
214.79779529571533,-1.03,1
216.2092146873474,-0.86,1
217.60967922210693,-0.93,1
218.96637558937073,-0.83,1
220.30149507522583,-0.79,1
221.72557377815247,-0.72,1
223.05864644050598,-0.72,1
224.4026460647583,-0.83,1
225.8123893737793,-0.79,1
227.2304515838623,-0.76,1
228.65090584754944,-0.76,1
230.06541967391968,-0.72,1
231.4775173664093,-0.72,1
232.88586711883545,-0.66,1
234.29171347618103,-0.79,1
235.6441400051117,-0.76,1
237.0557508468628,-0.76,1
238.46256947517395,-0.72,1
239.80799508094788,-0.79,1
241.22750091552734,-0.83,1
242.64342999458313,-0.76,1
244.0440034866333,-0.72,1
245.46293950080872,-0.76,1
246.87851929664612,-0.72,1
248.28699493408203,-0.69,1
249.6988880634308,-0.62,1
251.11574125289917,-0.72,1
252.5288965702057,-0.76,1
253.93030214309692,-0.76,1
255.3541979789734,-0.69,1
256.76250195503235,-0.69,1
258.182245016098,-0.76,1
259.58407521247864,-0.76,1
260.9986011981964,-0.86,1
262.42074632644653,-0.62,1
263.82129526138306,-0.66,1
265.23355889320374,-0.86,1
266.6486530303955,-0.48,1
268.0712344646454,-0.83,1
269.4734592437744,-0.76,1
270.8992221355438,-0.69,1
272.3112142086029,-0.69,1
273.7218976020813,-0.83,1
275.1324121952057,-0.72,1
276.54230308532715,-0.76,1
277.9587495326996,-0.76,1
279.36054396629333,-0.76,1
280.7800793647766,-0.76,1
282.1885917186737,-0.76,1
283.6032667160034,-0.79,1
285.0142295360565,-0.76,1
286.4387876987457,-0.76,1
287.84970355033875,-0.62,1
289.25772523880005,-0.72,1
290.6609196662903,-0.72,1
292.0877320766449,-0.66,1
293.5032205581665,-0.69,1
294.91630721092224,-0.72,1
296.3286991119385,-0.72,1
297.7362756729126,-0.76,1
299.15072417259216,-0.62,1
300.5580096244812,-0.66,1
301.9736604690552,-0.79,1
303.3814332485199,-0.69,1
304.7938847541809,-0.66,1
306.2054374217987,-0.66,1
307.62147426605225,-0.72,1
309.04201674461365,-0.69,1
310.4420590400696,-0.66,1
311.86398100852966,-0.55,1
313.26912450790405,-0.62,1
314.69191813468933,-0.72,1
316.09365344047546,-0.76,1
317.5196678638458,-0.79,1
318.93095874786377,-0.72,1
320.3450105190277,-0.72,1
321.6750431060791,-0.72,1
323.0326509475708,-0.79,1
324.44168996810913,-0.72,1
325.79057598114014,-0.69,1
327.12529468536377,-0.66,1
328.5369141101837,-0.59,1
329.88180708885193,-0.62,1
331.30517745018005,-0.69,1
332.7052707672119,-0.66,1
334.12597036361694,-0.69,1
335.4681005477905,-0.76,1
336.878093957901,-0.66,1
338.22955226898193,-0.69,1
339.64623522758484,-0.62,1
341.0541524887085,-0.59,1
342.39037799835205,-0.72,1
343.7449140548706,-0.62,1
345.157267332077,-0.76,1
346.569708108902,-0.66,1
347.9072439670563,-0.69,1
349.32597279548645,-0.69,1
350.7278952598572,-0.76,1
352.14245223999023,-0.72,1
353.5557725429535,-0.69,1
354.9639482498169,-0.62,1
356.3095908164978,-0.62,1
357.656809091568,-0.72,1
359.0039541721344,-0.72,1
360.41998529434204,0.31,1
361.82325410842896,1.76,1
363.24309277534485,-11.83,1
364.6581313610077,-7.66,1
365.9983549118042,-2.21,1
367.4022159576416,-1.52,1
368.82720255851746,-3.55,1
370.2392907142639,-6.28,1
371.57767629623413,-3.03,1
372.92551016807556,-1.24,1
374.33286023139954,1.03,1
375.75148606300354,-1.45,1
377.1646556854248,-1.76,1
378.5784502029419,2.86,1
379.99191093444824,20.07,1
381.334942817688,-1.83,1
382.7480516433716,-2.03,1
384.14683079719543,-2.17,1
385.560866355896,-2.24,1
386.97652077674866,-2.28,1
388.391699552536,-2.31,1
389.8005373477936,-2.28,1
391.2166316509247,-2.62,1
392.63461565971375,-2.28,1
394.04744029045105,-2.45,1
395.3928174972534,-1.62,1
396.7957479953766,-2.34,1
398.21835112571716,-2.38,1
399.627295255661,-2.34,1
401.0397117137909,-2.31,1
402.44975996017456,-2.38,1
403.79067969322205,-2.34,1
405.20893478393555,-2.38,1
406.62794280052185,-2.34,1
408.0352692604065,-2.41,1
409.45368361473083,-2.41,1
410.86569237709045,-2.41,1
