1.117525339126587,4.17
2.3195507526397705,4.14
3.5350794792175293,4.14
4.737584352493286,4.21
9.294404029846191,0.66
10.719702005386353,0.72
12.123246908187866,0.55
13.545284032821655,0.62
14.955305576324463,9.59
16.356626272201538,15.97
17.714855670928955,18.9
19.125268936157227,19.83
20.529457569122314,21.34
21.95246410369873,24.07
23.364964246749878,24.41
24.76900362968445,25.48
26.19058609008789,25.83
27.59651279449463,25.9
29.017066955566406,26.28
30.416043996810913,26.31
31.841126203536987,28.07
33.18325877189636,28.17
34.594430923461914,28.0
35.94020438194275,27.79
37.34228992462158,28.03
38.684317111968994,28.93
40.02742886543274,29.17
41.44820785522461,28.93
42.85061764717102,29.24
44.27205157279968,29.38
45.687806606292725,29.07
47.092461347579956,29.38
48.51346826553345,29.0
49.924487352371216,29.1
51.33651256561279,29.48
52.738261461257935,30.1
54.07848930358887,30.1
55.43017506599426,29.55
56.83104419708252,30.97
58.25290107727051,30.34
59.65666174888611,29.79
61.07562327384949,29.38
62.49074959754944,29.0
63.90200471878052,30.03
65.24501037597656,30.1
66.58427667617798,30.07
67.99608325958252,29.9
69.40960931777954,30.0
70.75591850280762,30.14
72.09502363204956,29.48
73.4404559135437,29.17
74.78006863594055,29.03
76.12799763679504,29.24
77.46332955360413,29.28
78.86995601654053,29.03
80.22654294967651,28.79
81.63304877281189,30.21
83.04385304450989,29.76
84.45467519760132,30.17
85.87229061126709,30.28
87.28667688369751,30.14
88.69825911521912,29.79
90.10375833511353,29.55
91.51707196235657,29.93
92.92040491104126,30.21
94.33206462860107,30.17
95.74582862854004,30.24
97.15653872489929,30.45
98.57573628425598,30.24
99.98839092254639,30.03
101.40352201461792,30.1
102.80196595191956,30.07
104.21292924880981,30.1
105.63434100151062,29.93
107.05215311050415,30.17
108.45831632614136,29.97
109.86241745948792,30.17
111.27335834503174,29.55
112.68487215042114,29.9
114.10354924201965,30.17
115.50729656219482,31.62
116.921546459198,30.41
118.33858513832092,30.34
119.74933528900146,30.38
121.16815972328186,30.31
122.56824707984924,30.14
123.98546743392944,30.1
125.40387558937073,30.14
126.81602787971497,29.97
128.22804164886475,29.97
129.62698817253113,30.03
131.03706312179565,30.14
132.45042204856873,30.0
133.8725826740265,29.97
135.28032326698303,29.93
136.69391417503357,30.0
138.10110211372375,30.0
139.51718091964722,28.48
140.93065571784973,30.38
142.34520649909973,29.55
143.74623084068298,25.07
145.16920804977417,24.76
146.5783233642578,24.45
147.98321199417114,24.03
149.40633511543274,23.41
150.81763291358948,23.07
152.22261953353882,22.72
153.6435477733612,22.31
155.04322481155396,21.97
156.45894932746887,22.69
157.87099075317383,24.31
159.2883861064911,24.24
160.70368790626526,24.45
162.1075804233551,25.17
163.51834511756897,25.38
164.93488216400146,25.34
166.35480213165283,25.9
167.75928449630737,26.17
169.16543436050415,27.07
170.58922505378723,27.0
171.9934573173523,27.38
173.40778636932373,27.62
174.8258147239685,27.76
176.2327356338501,27.66
177.651371717453,27.66
179.05432415008545,27.83
180.54284071922302,27.86
181.952867269516,29.07
183.43704795837402,29.76
184.925208568573,29.31
186.47280645370483,29.21
187.94253611564636,29.45
189.43010306358337,29.55
190.90762281417847,29.1
192.3953754901886,29.41
193.8787443637848,28.97
195.35863161087036,29.38
196.90111684799194,29.14
198.3934404850006,29.34
199.87223601341248,29.59
201.35450172424316,29.52
202.82823777198792,29.14
204.3118438720703,29.07
205.7860791683197,29.24
207.21085691452026,29.0
208.6803936958313,29.79
210.08884930610657,29.52
211.50076293945312,29.59
212.9238953590393,29.41
214.33573698997498,29.41
215.7456657886505,29.31
217.22006630897522,29.31
218.7097671031952,29.24
220.2548520565033,29.38
221.80096054077148,29.31
223.28125405311584,29.31
224.77097535133362,29.31
226.24404621124268,29.69
227.6622257232666,29.76
235.03884553909302,0.24
236.3548939228058,0.21
237.72713136672974,0.24
239.04468894004822,0.17
240.40810799598694,0.21
241.82829999923706,0.24
243.2202925682068,0.17
244.60535144805908,0.24
245.93874955177307,0.1
247.27908635139465,0.17
248.5464859008789,0.07
250.23434567451477,0.14
250.6760048866272,0.07
251.0326828956604,0.07
251.3587245941162,0.1
251.67739844322205,0.14
251.9929645061493,0.14
252.34321212768555,0.07
