1.1077232360839844,0.55
2.3164594173431396,0.48
3.5668890476226807,0.55
4.782024383544922,0.38
7.548837900161743,0.24
8.95329761505127,13.34
10.365691184997559,27.69
11.70512342453003,33.17
13.117146015167236,33.0
14.538607597351074,32.24
15.940356969833374,29.69
17.288981437683105,28.76
18.629796266555786,28.41
19.979134559631348,30.83
21.321728944778442,29.24
22.660749197006226,30.86
24.00735330581665,29.24
25.42437767982483,30.62
26.825191497802734,28.93
28.243488788604736,30.66
29.585596323013306,31.07
30.997658014297485,28.52
32.41449809074402,30.03
33.75493335723877,30.72
35.08685779571533,30.79
36.50241208076477,28.86
37.85341954231262,29.83
39.199506521224976,30.28
40.53818488121033,30.48
41.95633101463318,28.9
43.36534523963928,29.83
44.777819871902466,30.1
46.18201160430908,30.03
47.59742259979248,30.17
49.00652503967285,30.14
50.411903381347656,30.24
51.82556223869324,29.97
53.243879318237305,29.72
54.588602781295776,29.76
55.99354267120361,29.72
57.40475010871887,29.79
58.82415199279785,29.86
60.23682737350464,29.83
61.65011262893677,29.79
63.05072522163391,29.83
64.46045255661011,29.79
65.80740141868591,29.83
67.15089750289917,29.83
68.56890964508057,29.9
69.90725183486938,29.86
73.58774137496948,0.17
74.89536452293396,0.03
76.21333527565002,-0.03
77.51816582679749,-0.14
78.81685137748718,-0.21
80.16447901725769,-0.21
81.45865654945374,-0.21
82.77817893028259,-0.28
84.08152341842651,-0.24
85.3910276889801,-0.24
86.707355260849,-0.24
88.02084183692932,-0.17
89.32695031166077,-0.31
90.67180871963501,-0.28
91.98320055007935,-0.31
93.30054569244385,-0.31
96.07556986808777,454.28
97.4722957611084,485.76
98.82485628128052,215.03
100.24104022979736,57.83
101.65498566627502,18.03
103.06316828727722,7.1
104.47450661659241,2.1
105.87954545021057,0.79
107.28875017166138,4.62
108.7070529460907,9.69
110.12348103523254,10.79
111.52436852455139,11.41
112.94223237037659,11.21
114.35914492607117,11.24
115.76861453056335,13.66
117.17741012573242,11.07
118.58625721931458,3.03
119.9972665309906,7.66
123.69898319244385,-0.24
125.05972480773926,-0.9
126.3606321811676,-1.24
127.68524384498596,-1.45
129.0028214454651,-1.48
130.31977128982544,-1.62
131.62824749946594,-1.72
132.9392216205597,-1.76
134.29288601875305,-1.83
135.6190996170044,-1.86
136.92103028297424,-1.86
138.2506709098816,-1.79
139.5584008693695,-1.79
140.86359643936157,-1.86
142.18570804595947,-1.76
143.48876428604126,-1.79
146.31532406806946,11.28
147.72047591209412,11.45
149.13164520263672,18.59
150.55150389671326,20.55
151.97062754631042,21.21
153.3675091266632,21.34
154.78577256202698,19.52
156.20090866088867,20.76
157.61189532279968,19.07
159.0163381099701,20.14
160.43249034881592,20.93
161.84688782691956,18.9
163.18129706382751,20.0
164.53379130363464,20.24
165.87162160873413,19.69
167.2863883972168,20.45
168.69939923286438,18.9
170.10819125175476,20.1
171.44440174102783,20.34
172.85372591018677,20.38
174.26697325706482,18.83
175.68004608154297,19.97
177.0994429588318,20.0
178.5144076347351,19.97
179.92421746253967,20.0
181.33831548690796,19.79
182.7377049922943,19.9
184.15245008468628,19.72
185.49175715446472,19.72
186.84262824058533,19.79
188.1773693561554,19.83
189.5944447517395,19.45
191.00759744644165,19.55
192.42382502555847,19.69
193.82368731498718,19.62
195.23747181892395,19.34
196.65794134140015,21.97
198.05611658096313,20.24
199.47689294815063,19.69
200.8882372379303,19.69
202.2967450618744,19.72
203.71459674835205,19.76
205.12146639823914,19.69
206.52792382240295,21.52
207.87858963012695,20.07
209.28360104560852,19.69
210.70831966400146,19.52
212.1186008453369,19.66
213.44983887672424,21.34
214.8739104270935,19.93
216.27414727210999,19.41
217.68313217163086,19.41
219.03916716575623,21.21
220.43908262252808,19.69
221.787207365036,19.59
223.1372549533844,19.55
224.5493323802948,21.59
225.9470615386963,19.86
227.29657173156738,19.21
228.70697689056396,19.41
230.05158281326294,21.52
231.46453022956848,19.79
232.81445956230164,19.62
234.2248466014862,19.66
235.5640459060669,21.28
236.9796073436737,19.66
238.3198516368866,19.14
239.73619103431702,20.76
243.4331612586975,10.72
244.78459668159485,11.1
246.11134004592896,11.07
247.43134808540344,10.86
248.73539519309998,10.93
250.04570031166077,10.83
251.35377621650696,10.83
252.66587901115417,10.79
255.4526879787445,395.45
256.8610141277313,508.17
258.27327704429626,275.03
259.69405221939087,90.83
261.0960910320282,28.45
262.5081729888916,18.34
263.9308452606201,30.48
265.3319013118744,44.34
266.74201464653015,51.31
270.50686979293823,-0.52
271.82459115982056,-0.72
273.1380259990692,-0.83
274.45928740501404,-0.76
275.76909041404724,-1.0
277.08829975128174,-1.14
278.3981969356537,-1.21
279.7386808395386,-1.24
