1.1149659156799316,-1.72,0
2.35868501663208,-1.76,0
3.5688040256500244,-1.79,0
4.769417762756348,-1.69,0
5.975897550582886,-1.76,0
10.559073686599731,450.72,1
11.972126722335815,522.72,1
13.38417387008667,401.41,1
14.71750807762146,304.48,1
16.129651308059692,221.03,1
17.48011064529419,168.93,1
18.822126626968384,132.28,1
20.16723370552063,103.55,1
21.503580808639526,85.45,1
22.852118492126465,69.86,1
24.26540994644165,57.14,1
25.672362327575684,47.24,1
27.0818293094635,40.86,1
28.430627584457397,37.55,1
29.832335710525513,34.59,1
31.241344928741455,34.69,1
32.66792941093445,31.86,1
34.079108238220215,31.62,1
35.42016649246216,30.55,1
36.76280856132507,30.38,1
38.16369915008545,30.76,1
39.52019000053406,30.9,1
40.918161392211914,31.14,1
42.3326780796051,31.07,1
43.67907238006592,31.17,1
45.0268874168396,28.72,1
46.43977355957031,28.34,1
47.77161383628845,28.41,1
49.18810415267944,28.66,1
50.53322911262512,28.9,1
51.954652070999146,29.24,1
53.36231541633606,29.38,1
54.76812410354614,29.62,1
56.12282872200012,29.76,1
57.5328106880188,29.97,1
58.94792103767395,30.0,1
60.35998725891113,29.86,1
61.773027658462524,28.93,1
63.17783212661743,29.21,1
64.5897741317749,30.66,1
65.9321506023407,31.07,1
67.27478241920471,31.17,1
68.69482827186584,31.24,1
70.03707385063171,31.17,1
71.4480197429657,28.52,1
72.79746770858765,30.17,1
74.20313811302185,29.55,1
75.53894877433777,29.24,1
76.88870859146118,29.28,1
78.23902535438538,29.45,1
79.6420590877533,29.66,1
81.05265831947327,29.97,1
82.47378540039062,30.07,1
83.81405234336853,30.41,1
85.163893699646,29.41,1
86.50351572036743,29.21,1
87.84124898910522,29.21,1
89.18884444236755,29.45,1
90.52335000038147,29.66,1
91.94034600257874,29.72,1
93.35039472579956,30.03,1
94.70132803916931,30.07,1
96.04425096511841,30.24,1
97.38098454475403,29.38,1
98.73448443412781,29.07,1
100.07326459884644,29.1,1
101.48683619499207,29.48,1
102.8362946510315,33.59,1
104.23473834991455,31.59,1
105.58458757400513,31.31,1
107.0017192363739,31.41,1
108.33357405662537,31.41,1
109.74644255638123,30.28,1
111.09575533866882,30.07,1
112.51164150238037,30.45,1
113.84640216827393,30.72,1
115.27107214927673,30.76,1
116.67736268043518,31.24,1
118.09751057624817,31.17,1
119.50978541374207,31.31,1
120.92328906059265,27.59,1
122.33433938026428,29.62,1
123.73544049263,30.38,1
125.15891814231873,30.66,1
126.57055473327637,30.66,1
127.90283370018005,28.41,1
129.32043504714966,27.83,1
130.6563994884491,30.59,1
132.08335185050964,27.21,1
133.42459321022034,29.66,1
134.83092331886292,30.24,1
136.25087094306946,27.72,1
137.59089612960815,27.34,1
138.9253134727478,30.52,1
140.34695410728455,30.93,1
141.75744676589966,28.38,1
143.1721534729004,27.14,1
144.57762551307678,28.38,1
145.99440050125122,28.83,1
147.40460538864136,29.0,1
148.82246804237366,29.34,1
150.16423273086548,29.28,1
151.58645629882812,29.45,1
152.98967742919922,29.69,1
160.31498765945435,-1.41,0
161.60590410232544,-1.41,0
162.91699647903442,-1.38,0
164.25980591773987,-1.55,0
165.5544068813324,-1.48,0
166.8559958934784,-1.41,0
168.15769720077515,-1.59,0
169.46213912963867,-1.66,0
174.0363872051239,3.86,1
175.38825607299805,9.31,1
176.79989314079285,27.07,1
178.21644806861877,37.17,1
179.62466025352478,45.66,1
180.96234965324402,51.34,1
182.30771207809448,52.07,1
183.65747618675232,54.38,1
185.07000041007996,55.52,1
186.41417026519775,56.0,1
187.74672961235046,59.55,1
189.1648449897766,62.03,1
190.50376224517822,58.28,1
191.85537838935852,59.9,1
193.25750207901,60.86,1
194.60585975646973,61.1,1
195.952166557312,60.59,1
197.2953016757965,59.24,1
198.6964671611786,59.72,1
200.1049723625183,61.9,1
201.5156328678131,62.59,1
