1.101266622543335,-1.97,0
2.3490512371063232,-1.93,0
3.5608038902282715,-1.93,0
4.763843536376953,-2.03,0
9.342006921768188,267.41,1
10.68654203414917,257.17,1
12.099095344543457,256.03,1
19.40204644203186,-1.72,0
20.702019453048706,-1.83,0
22.051854372024536,-1.86,0
23.353866577148438,-1.93,0
24.67153286933899,-1.9,0
25.971256494522095,-1.76,0
27.292574405670166,-2.03,0
28.604345560073853,-1.9,0
33.19977426528931,0.66,1
34.61372923851013,-0.97,1
36.02678465843201,-1.17,1
37.370001554489136,-1.17,1
38.71495056152344,-1.03,1
40.054463386535645,-0.97,1
41.40274405479431,-0.45,1
42.80518054962158,1.0,1
44.15903687477112,1.21,1
45.50420141220093,1.76,1
46.90497064590454,1.93,1
48.31968092918396,2.52,1
49.73776650428772,3.34,1
51.15254807472229,4.03,1
52.497384786605835,5.03,1
53.91034007072449,6.45,1
55.32055878639221,7.24,1
56.721519947052,9.21,1
58.146549224853516,9.28,1
59.554879665374756,9.41,1
60.97130250930786,10.17,1
62.38603162765503,10.41,1
63.798747539520264,9.97,1
65.20537495613098,10.17,1
66.62275195121765,10.17,1
67.96898603439331,10.28,1
69.37214493751526,10.97,1
70.72268962860107,10.45,1
72.06976914405823,10.48,1
73.48303890228271,10.34,1
74.82261061668396,10.24,1
76.1710512638092,10.17,1
77.50390005111694,10.03,1
78.92322969436646,9.59,1
80.27108025550842,9.93,1
81.68504881858826,10.03,1
83.09745526313782,9.79,1
84.50550603866577,9.79,1
