1.1052961349487305,-1.59,0
2.32957124710083,-1.52,0
3.535207986831665,-1.59,0
4.736468553543091,-1.52,0
9.304231643676758,-1.48,1
10.658485889434814,-1.48,1
12.003871440887451,-1.55,1
13.40740704536438,-1.59,1
14.82915735244751,-1.52,1
16.243673086166382,-1.55,1
17.578253269195557,-1.52,1
18.91977095603943,-1.52,1
20.262717485427856,-1.52,1
21.61457657814026,-1.48,1
22.956668853759766,-1.48,1
24.309139490127563,-1.52,1
25.64755892753601,-1.48,1
27.06140112876892,-1.62,1
28.473355531692505,-1.55,1
29.876986026763916,-1.59,1
31.29763150215149,-1.59,1
32.703182220458984,-1.52,1
34.06079173088074,-1.48,1
35.401039600372314,-1.52,1
36.740835189819336,-1.52,1
38.146515130996704,-1.52,1
39.50332427024841,-1.55,1
40.90803074836731,-1.52,1
42.248448610305786,-1.52,1
43.66458249092102,-1.59,1
45.077083110809326,-1.55,1
46.432435035705566,-1.48,1
47.773561000823975,-1.52,1
49.189528465270996,-1.52,1
50.603501319885254,-1.55,1
52.01611828804016,-1.59,1
53.359341859817505,-1.52,1
54.70012927055359,-1.59,1
56.112648010253906,-1.52,1
57.516324043273926,-1.48,1
58.926007986068726,-1.52,1
60.34326672554016,-1.59,1
61.76570248603821,-1.52,1
63.168161153793335,-1.48,1
64.58711314201355,-1.48,1
65.92377638816833,-1.38,1
67.27768874168396,-1.52,1
68.62445735931396,-1.48,1
70.029061794281,-1.52,1
71.37111759185791,-1.45,1
72.72402906417847,-1.55,1
74.06085157394409,-1.55,1
75.41201639175415,-1.52,1
76.75350522994995,-1.52,1
78.09436440467834,1100.0,1
79.50413513183594,594.59,1
80.92283320426941,439.38,1
82.32362270355225,198.9,1
83.66746759414673,147.66,1
90.269535779953,-1.86,0
91.57540273666382,-1.9,0
92.88611316680908,-1.9,0
94.18004822731018,-1.93,0
95.48849153518677,-2.0,0
96.82840752601624,-1.97,0
98.13898944854736,-1.97,0
99.44783043861389,-1.9,0
100.7464439868927,-1.97,0
102.0546441078186,-2.03,0
103.36238527297974,-2.0,0
104.67227077484131,-2.0,0
105.98813438415527,-1.97,0
107.33084869384766,-1.97,0
108.6301167011261,-1.97,0
109.93787860870361,-1.97,0
114.54619336128235,624.97,1
115.9489848613739,732.21,1
117.36568903923035,491.24,1
118.78332734107971,278.59,1
125.36095714569092,-1.9,0
126.71889781951904,-1.93,0
128.02876162528992,-1.97,0
129.33937907218933,-1.97,0
130.64981746673584,-2.0,0
131.9638593196869,-1.93,0
133.2833366394043,-2.0,0
134.57644271850586,-1.86,0
135.82068395614624,-1.93,0
137.03255939483643,-1.97,0
138.23794651031494,-2.0,0
139.43893218040466,-2.0,0
140.64251041412354,-2.0,0
141.86893606185913,-2.0,0
