1.109607219696045,7.45
2.342874526977539,7.48
3.553861379623413,7.48
4.756356954574585,7.45
9.349583864212036,2.31
10.693355321884155,2.31
12.10504961013794,2.28
13.510406732559204,2.34
14.922052383422852,2.21
16.343154668807983,2.41
17.687184810638428,2.24
19.02481484413147,2.38
20.361323356628418,2.28
21.71861505508423,2.28
23.059722185134888,2.31
24.405307292938232,2.31
25.81083655357361,2.28
27.232438325881958,2.34
28.637298822402954,2.28
30.045389652252197,2.28
31.471469163894653,2.24
32.80881905555725,2.31
34.148629903793335,2.28
35.5035355091095,2.24
36.84780144691467,2.24
38.248595237731934,2.24
39.59395790100098,2.34
40.94826364517212,2.24
42.28013372421265,2.24
43.63569903373718,2.21
44.97972631454468,2.21
46.319132566452026,2.24
47.734036445617676,2.21
49.08042311668396,2.28
50.484222173690796,2.28
51.8326153755188,2.28
53.25112581253052,2.21
54.59491586685181,2.34
56.006951570510864,2.31
57.41780233383179,2.28
58.8310010433197,2.28
60.236371994018555,2.28
61.6534948348999,2.31
63.05572843551636,2.21
64.48233222961426,2.24
65.81320834159851,2.34
67.1721670627594,2.24
68.49994921684265,2.28
69.92427945137024,2.17
71.27055358886719,2.24
72.6168212890625,2.28
73.96200394630432,2.21
75.29828429222107,2.21
76.64803504943848,2.24
77.98632597923279,2.31
79.33753156661987,2.24
80.7431948184967,2.17
82.08738899230957,2.17
83.50285243988037,2.24
84.84900045394897,2.17
86.26356506347656,2.24
87.5979790687561,2.17
89.01944231987,2.24
90.4342474937439,2.21
91.76585698127747,2.17
93.19098210334778,2.28
94.5252194404602,2.31
95.87973880767822,2.24
97.29332566261292,2.21
98.70013880729675,2.31
100.10485649108887,2.24
101.53011631965637,2.14
102.9344129562378,2.17
104.34024024009705,2.1
105.76058340072632,2.21
107.17488479614258,2.21
108.59299039840698,2.14
109.93601775169373,2.17
111.33887147903442,2.21
112.74834871292114,2.14
114.17072892189026,2.24
115.51213645935059,2.17
116.85950207710266,2.17
118.266774892807,2.1
119.68451595306396,2.1
121.09602046012878,2.17
122.51111054420471,2.31
123.9204113483429,2.17
125.32375836372375,2.24
126.73567008972168,2.21
128.15648317337036,2.17
129.5744230747223,2.07
130.9884181022644,2.1
132.3890073299408,2.14
133.80117774009705,2.1
135.14868211746216,2.14
136.56956315040588,2.1
137.91458916664124,2.14
139.3145477771759,2.03
140.66177535057068,2.14
142.07682347297668,2.1
143.42749857902527,2.17
144.82619547843933,2.14
146.2463219165802,2.14
147.65740060806274,2.1
149.0677568912506,2.14
150.48954224586487,2.07
151.89301085472107,2.21
153.31688976287842,2.14
154.73091554641724,2.03
156.13288617134094,2.07
157.5549693107605,2.17
158.95778632164001,2.1
160.38003778457642,2.07
161.72243738174438,2.07
163.05378794670105,2.1
164.40859484672546,2.1
165.81933879852295,2.1
167.23008179664612,2.14
168.57758045196533,2.14
169.91337704658508,2.1
171.27025437355042,2.07
172.67139840126038,2.0
174.0152473449707,2.1
175.43975687026978,2.03
176.7694013118744,2.1
178.19459462165833,2.1
179.52946138381958,2.1
180.88543105125427,2.1
182.29124283790588,2.03
183.71048617362976,2.07
185.0463502407074,2.14
186.4671242237091,2.1
187.80580925941467,2.07
189.22359704971313,2.1
190.5580494403839,2.07
191.973158121109,2.17
193.3161449432373,2.1
194.73246955871582,2.17
196.15175008773804,2.14
197.56243538856506,2.62
198.96583366394043,3.41
200.38116812705994,4.72
201.72357058525085,4.79
203.14075875282288,5.38
204.48088192939758,4.41
205.89273810386658,6.59
207.2428855895996,5.03
208.65712356567383,4.31
210.06048774719238,5.86
211.4857566356659,5.1
212.81904578208923,5.69
214.24030423164368,5.59
215.6436173915863,4.55
217.0576467514038,4.93
218.41417813301086,7.28
219.82567811012268,4.93
221.24093508720398,4.97
222.64097619056702,6.24
223.99124264717102,5.69
225.40451526641846,8.66
226.7544391155243,8.76
228.16737341880798,5.69
229.50493788719177,6.17
230.9141664505005,5.07
232.2688319683075,5.41
233.67744135856628,6.62
235.09252452850342,5.38
236.4927260875702,4.24
237.91857361793518,5.79
239.32768559455872,6.59
240.7453110218048,5.34
242.1522936820984,4.38
243.5654854774475,3.97
244.98270630836487,3.76
246.39203071594238,5.28
247.79569697380066,5.41
249.21440243721008,3.52
250.63394927978516,3.66
252.0323841571808,3.97
253.459890127182,4.28
254.85847234725952,4.07
256.28394532203674,5.1
257.68773078918457,9.21
259.0987467765808,7.55
260.5099678039551,6.59
261.9209508895874,6.69
263.3480842113495,6.14
264.7516095638275,4.55
266.1645257472992,6.07
267.58238315582275,7.17
268.9878993034363,6.1
270.411545753479,7.07
271.8136682510376,6.0
273.2223310470581,4.62
274.64830136299133,6.21
276.06022930145264,3.76
277.46521735191345,3.28
278.8757781982422,5.69
280.29862213134766,5.38
281.7134530544281,4.83
283.12184047698975,4.76
284.5267140865326,4.07
285.9495379924774,4.76
287.3544554710388,8.62
288.7765944004059,8.03
290.1853835582733,6.62
291.5986952781677,5.34
293.0140974521637,8.31
294.41987466812134,6.21
295.8290054798126,5.14
297.2515425682068,6.28
298.6637763977051,4.48
300.06647992134094,6.69
301.4811329841614,6.31
302.9023787975311,4.93
304.30976939201355,6.55
305.7172431945801,4.66
307.1374125480652,2.93
308.55397295951843,4.72
309.9537253379822,5.93
311.3697090148926,5.72
312.7910726070404,5.03
314.20232009887695,4.52
315.6171154975891,5.97
317.0172350406647,5.79
318.4438955783844,5.1
319.84657740592957,5.1
321.25630378723145,6.79
322.6064291000366,4.66
324.0139207839966,5.55
325.43344235420227,5.97
326.8417434692383,7.21
328.26394605636597,6.1
329.6763746738434,4.9
331.08632040023804,5.9
332.4895522594452,5.93
333.912766456604,7.59
335.318603515625,6.93
336.73335576057434,4.41
338.1398630142212,5.34
339.56038427352905,4.45
340.9730577468872,6.69
342.38018584251404,7.79
343.73632621765137,5.83
345.1369948387146,6.21
346.55882811546326,7.0
347.96228098869324,6.83
349.387003660202,7.55
350.7316756248474,4.41
352.1429109573364,3.0
353.5526559352875,3.38
354.9659674167633,5.1
356.3054394721985,6.07
357.7232985496521,4.07
359.06808400154114,7.66
360.48534297943115,6.38
361.81540870666504,4.17
363.23537945747375,4.97
364.65511322021484,5.59
366.06716990470886,6.83
367.4710352420807,5.9
368.8928430080414,4.79
370.22694754600525,5.38
371.6492292881012,4.1
372.9845623970032,4.14
374.40356826782227,5.45
375.74320888519287,6.76
377.1595313549042,5.59
378.4934561252594,5.48
379.92040038108826,7.31
381.3339581489563,5.55
382.7398898601532,5.14
384.15179657936096,8.24
385.5715205669403,7.9
386.9714283943176,6.07
388.395067691803,8.69
389.79538655281067,7.38
391.2128129005432,7.52
392.6255042552948,4.28
394.04809188842773,3.83
395.4582691192627,3.69
396.8589737415314,3.48
398.2177472114563,3.31
399.6312527656555,5.97
401.04337453842163,6.45
402.4573516845703,5.45
403.85755825042725,4.03
