1.1086359024047852,-1.97,0
2.3513686656951904,-1.9,0
3.556623935699463,-1.93,0
4.765324115753174,-1.93,0
9.345636129379272,-2.62,1
10.757673263549805,-3.1,1
12.169934511184692,-3.1,1
13.56762170791626,-3.0,1
14.991247177124023,-1.31,1
16.405858993530273,-0.83,1
17.747272729873657,-1.1,1
19.084527015686035,-0.45,1
20.502732515335083,0.28,1
21.90822196006775,0.48,1
23.33024525642395,1.34,1
24.746442794799805,1.07,1
26.153231382369995,1.79,1
27.55906105041504,1.72,1
28.980923414230347,1.79,1
30.38470721244812,1.9,1
31.806619882583618,1.97,1
33.21838927268982,2.52,1
34.551779985427856,2.41,1
35.909613847732544,2.48,1
37.313687801361084,3.0,1
38.657256841659546,2.48,1
39.9981415271759,3.34,1
41.352794885635376,3.45,1
42.76312851905823,3.86,1
44.17496418952942,3.9,1
45.523839235305786,3.45,1
46.93542456626892,3.52,1
48.34065508842468,3.93,1
49.68103885650635,4.03,1
51.09375238418579,4.1,1
52.51542544364929,4.14,1
53.93227219581604,4.34,1
55.342835903167725,4.45,1
56.74899458885193,4.62,1
58.16898202896118,5.31,1
59.57415962219238,5.24,1
60.91551351547241,5.21,1
62.32506537437439,5.14,1
63.67293047904968,5.24,1
65.01524066925049,5.14,1
66.3582718372345,5.14,1
67.7153332233429,5.21,1
69.04699444770813,5.1,1
70.46468591690063,5.1,1
71.80500960350037,5.1,1
73.14659309387207,6.0,1
74.48943161964417,6.0,1
75.84668016433716,5.79,1
77.18280410766602,5.83,1
78.59123229980469,5.69,1
80.00878930091858,6.03,1
81.42744612693787,5.83,1
82.83043074607849,6.28,1
84.24248600006104,6.66,1
85.59660267829895,6.62,1
87.00958704948425,6.62,1
88.3421618938446,6.38,1
89.69651961326599,6.21,1
91.1043791770935,6.17,1
92.44510865211487,6.1,1
93.79351782798767,5.72,1
95.19881224632263,1.9,1
96.53944849967957,1.76,1
97.95807719230652,1.76,1
99.37520670890808,1.76,1
100.78632354736328,1.76,1
102.19897532463074,1.79,1
103.60342955589294,1.79,1
104.95841789245605,1.83,1
106.37408709526062,2.17,1
107.7854118347168,2.17,1
109.1885359287262,2.17,1
110.60680651664734,2.79,1
111.95435976982117,2.79,1
113.36105728149414,2.79,1
114.77940797805786,2.66,1
116.180415391922,3.34,1
117.59735488891602,3.48,1
119.01655411720276,3.45,1
120.42611575126648,3.31,1
121.8293468952179,3.48,1
123.25603413581848,3.86,1
124.66694664955139,3.83,1
126.07071018218994,3.83,1
127.49040627479553,3.83,1
128.90622973442078,3.79,1
130.30976390838623,4.41,1
131.73115611076355,4.45,1
133.1362442970276,4.34,1
134.545964717865,4.38,1
135.95476078987122,4.31,1
137.38237047195435,4.41,1
138.79679369926453,4.41,1
146.09129929542542,-1.83,0
147.408789396286,-1.9,0
148.727454662323,-1.83,0
150.07098841667175,-1.79,0
151.39530062675476,-1.9,0
152.70761466026306,-1.83,0
154.01752758026123,-1.9,0
155.34167790412903,-1.9,0
159.93070435523987,-4.52,1
161.33528661727905,-3.0,1
162.74270367622375,-2.38,1
164.16860508918762,-1.0,1
165.5140416622162,-1.1,1
166.85815143585205,-1.14,1
168.18750882148743,-1.14,1
169.532616853714,-1.17,1
170.9521872997284,-0.9,1
172.29413723945618,-1.0,1
173.71170854568481,0.38,1
175.04739546775818,3.21,1
176.4681544303894,3.45,1
177.81029725074768,4.69,1
179.21824383735657,5.0,1
180.5631809234619,5.45,1
181.90421152114868,5.55,1
183.3237543106079,6.45,1
184.66889572143555,6.31,1
186.00970005989075,6.24,1
187.4315676689148,7.0,1
188.76421570777893,6.9,1
190.11815643310547,6.97,1
191.46194577217102,7.69,1
192.8015763759613,7.69,1
194.15028023719788,7.62,1
195.490074634552,7.52,1
196.90798020362854,8.14,1
198.31139636039734,8.17,1
199.66587567329407,8.17,1
201.07682585716248,8.17,1
202.41717505455017,8.1,1
203.75749468803406,8.76,1
205.10131978988647,8.69,1
206.52499318122864,8.72,1
207.8647277355194,8.79,1
209.2715413570404,8.72,1
210.61269521713257,8.72,1
212.0352861881256,9.34,1
213.38288474082947,9.41,1
214.71261048316956,9.52,1
216.07072257995605,9.34,1
217.47320580482483,9.34,1
218.89498043060303,9.31,1
220.30277681350708,9.38,1
221.70874524116516,9.38,1
223.12724709510803,9.41,1
224.53862071037292,9.38,1
225.9509937763214,9.41,1
227.3672158718109,9.28,1
228.78441977500916,9.38,1
230.18853449821472,9.38,1
231.6066882610321,9.41,1
233.0189871788025,9.52,1
234.42207956314087,9.52,1
235.83236527442932,9.69,1
237.25842332839966,9.66,1
238.66524863243103,9.55,1
240.08489227294922,9.66,1
241.49503445625305,9.66,1
242.8978614807129,9.79,1
244.31920099258423,9.83,1
245.73525047302246,9.76,1
247.13633251190186,9.69,1
248.5468590259552,9.83,1
249.9658854007721,10.03,1
251.38420128822327,9.97,1
252.79709577560425,9.93,1
254.20887446403503,10.0,1
255.6154761314392,9.93,1
257.0254592895508,9.93,1
258.3695135116577,10.07,1
259.7927711009979,9.97,1
261.1967091560364,10.0,1
262.61504888534546,10.07,1
264.03422474861145,10.07,1
265.4348211288452,10.03,1
266.8532621860504,10.1,1
268.2674169540405,10.07,1
269.68305015563965,10.17,1
271.08981561660767,10.0,1
272.50785970687866,10.03,1
273.91104340553284,9.93,1
275.25577878952026,10.03,1
276.67457699775696,10.07,1
278.0774416923523,10.07,1
279.49821734428406,10.07,1
280.91794991493225,10.07,1
282.3162429332733,10.07,1
283.73447155952454,9.97,1
285.1518611907959,9.93,1
286.56673192977905,9.93,1
287.9798767566681,9.9,1
289.381778717041,10.17,1
290.79951786994934,10.03,1
292.21370124816895,10.0,1
293.62603521347046,9.93,1
