1.0976173877716064,7.83
2.3524882793426514,7.83
3.5595157146453857,7.79
4.766138076782227,7.9
9.349335670471191,7.9
10.6916184425354,12.48
12.036479473114014,20.62
13.440876483917236,33.17
14.777596712112427,47.66
16.19079041481018,63.07
17.607614755630493,78.07
19.02690100669861,93.31
20.35840344429016,107.76
21.70923900604248,121.62
23.12211561203003,134.69
24.539212703704834,145.93
25.951261520385742,155.76
27.35321879386902,162.69
28.764848947525024,167.28
30.176307678222656,168.93
31.587230920791626,168.52
32.99658823013306,166.9
34.41298294067383,163.28
35.83066701889038,157.59
37.231677293777466,151.55
38.64798593521118,144.59
40.067259788513184,137.31
41.47936820983887,129.52
42.89142894744873,122.03
