1.119004726409912,-1.97,0
2.3543148040771484,-2.0,0
3.565368175506592,-1.97,0
4.774152994155884,-1.9,0
5.979451656341553,-1.93,0
7.190683603286743,-1.79,0
8.400830507278442,-1.93,0
9.594436407089233,-1.83,0
10.808982610702515,-1.9,0
12.051888227462769,-1.97,0
13.270061492919922,-2.03,0
14.469314336776733,-1.93,0
15.682244300842285,-1.97,0
16.893884897232056,-1.9,0
18.088647603988647,-1.9,0
19.281543970108032,-1.9,0
20.49208354949951,-2.1,0
21.736594438552856,-1.9,0
22.951520442962646,-2.03,0
24.384985208511353,-1.97,0
25.643953323364258,-1.93,0
26.853120803833008,-1.93,0
28.38124704360962,-1.9,0
29.594943046569824,-2.07,0
1.1983799934387207,1.76,1
2.551570177078247,1.69,1
3.8277604579925537,1.62,1
5.103673458099365,1.66,1
6.513453722000122,2.72,1
7.855021715164185,2.17,1
9.201706647872925,2.1,1
10.544950485229492,3.66,1
11.960044145584106,3.14,1
13.374230861663818,3.55,1
