1.1169202327728271,-1.52
2.322373390197754,-1.41
3.545978307723999,-1.41
4.742779970169067,-1.48
5.933579921722412,-1.34
10.537368059158325,190.66
11.952632665634155,126.83
13.36471939086914,119.21
14.708552837371826,117.93
16.107144832611084,116.93
17.459468364715576,116.79
18.807174682617188,116.97
20.142839670181274,112.79
21.479793310165405,112.1
22.830179452896118,107.93
24.241522312164307,96.97
25.652233600616455,90.69
27.06195902824402,84.38
34.37141227722168,-2.14
35.68406343460083,-2.14
