1.106217622756958,-1.97,0
2.3556981086730957,-1.97,0
3.5633180141448975,-1.83,0
4.76862359046936,-1.9,0
9.356652021408081,282.41,1
10.700622320175171,265.41,1
12.113856315612793,265.52,1
19.418424606323242,-1.9,0
20.718520164489746,-1.93,0
22.074243783950806,-1.86,0
23.370110511779785,-1.9,0
24.686737298965454,-1.86,0
25.997002840042114,-1.93,0
27.300593852996826,-1.9,0
28.618993997573853,-1.83,0
33.21284627914429,259.41,1
34.55390548706055,386.07,1
35.9685845375061,293.72,1
43.27411985397339,-2.0,0
44.58731651306152,-1.9,0
45.89417576789856,-1.86,0
47.207199811935425,-1.86,0
48.52215123176575,-1.86,0
49.83709979057312,-1.9,0
51.13535952568054,-1.93,0
52.50086760520935,-1.86,0
57.08814024925232,243.79,1
58.5072455406189,250.24,1
59.919901847839355,275.07,1
61.33046889305115,272.45,1
62.737536668777466,221.03,1
70.03597164154053,-1.9,0
71.38666486740112,-1.9,0
72.71277832984924,-1.86,0
74.02067232131958,-1.9,0
75.32214856147766,-1.9,0
76.63599300384521,-1.83,0
77.95682001113892,-1.86,0
79.25504326820374,-1.86,0
83.85500001907349,287.28,1
85.27173447608948,272.83,1
86.68700575828552,273.38,1
88.10065031051636,272.03,1
89.5121762752533,-3.48,1
96.8132050037384,-1.97,0
98.1357684135437,-1.83,0
99.45537996292114,-1.86,0
100.8073353767395,-1.9,0
102.11962699890137,-1.86,0
103.41977643966675,-1.79,0
104.73659372329712,-1.97,0
106.06661057472229,-1.9,0
110.66929244995117,273.69,1
112.08131074905396,245.55,1
113.48676443099976,243.59,1
114.90656924247742,195.93,1
116.31917572021484,220.69,1
117.73063135147095,188.93,1
119.13830828666687,163.14,1
120.55233263969421,140.31,1
127.85624766349792,-1.93,0
129.17431926727295,-1.97,0
130.52163076400757,-1.93,0
131.84291052818298,-1.83,0
133.15434861183167,-1.97,0
134.4557180404663,-1.93,0
135.7717797756195,-2.0,0
137.08774733543396,-2.03,0
141.6700279712677,201.17,1
143.08975076675415,220.28,1
144.5101671218872,218.31,1
145.92268824577332,222.55,1
147.32167172431946,224.41,1
148.7406506538391,202.28,1
150.15637493133545,172.72,1
151.56986594200134,150.45,1
152.9738645553589,128.38,1
154.39236855506897,112.28,1
161.71451425552368,-2.07,0
163.02123427391052,-1.97,0
