1.101778507232666,-1.79,0
2.3474111557006836,-1.76,0
3.553816080093384,-1.76,0
4.760840892791748,-1.79,0
9.345926284790039,388.97,1
10.758674383163452,240.1,1
12.168570518493652,221.93,1
13.575928449630737,-146.31,1
14.987688541412354,-16.79,1
16.38864278793335,414.86,1
17.80508303642273,218.79,1
19.14536190032959,172.72,1
20.562736749649048,158.34,1
21.977701902389526,143.21,1
23.322190761566162,131.79,1
24.733383893966675,119.41,1
26.13469433784485,108.45,1
33.51870918273926,-2.41,0
34.82964491844177,-2.28,0
36.12556290626526,-2.14,0
37.43193793296814,-2.14,0
38.7383599281311,-1.97,0
40.05291795730591,-2.07,0
41.361509561538696,-1.97,0
42.66898989677429,-1.97,0
47.294453620910645,373.0,1
48.7133047580719,235.17,1
50.11470437049866,220.59,1
51.523789405822754,219.86,1
52.93964409828186,210.45,1
54.34813642501831,186.48,1
55.768351793289185,166.97,1
57.169715881347656,152.52,1
58.58722257614136,138.0,1
59.996541261672974,124.97,1
67.29185032844543,-2.38,0
68.61473989486694,-2.28,0
69.92263054847717,-2.21,0
71.23017191886902,-2.17,0
72.53917098045349,-2.14,0
73.84151148796082,-2.1,0
75.1624367237091,-2.07,0
76.4712700843811,-2.0,0
81.05910563468933,38.9,1
82.4786581993103,48.9,1
83.81996059417725,62.14,1
85.15975189208984,68.97,1
86.57260918617249,75.79,1
87.98873400688171,82.62,1
