1.1087524890899658,6.38
2.347792863845825,6.31
3.556703805923462,6.31
4.766658067703247,6.38
9.35183048248291,139.0
10.751145839691162,191.93
12.166420698165894,208.31
13.58412766456604,213.83
14.998210906982422,200.97
16.39667296409607,175.69
17.746758937835693,154.62
19.09476923942566,135.03
20.428423166275024,117.45
21.842787981033325,101.1
23.18234348297119,88.66
24.598785400390625,77.97
31.912949085235596,-2.38
33.261741399765015,-2.45
34.547619104385376,-2.45
35.851927042007446,-2.45
37.1462676525116,-2.41
38.44721245765686,-2.41
39.75140690803528,-2.48
41.068859338760376,-2.41
45.64415621757507,134.79
47.05817532539368,189.72
48.39169359207153,205.48
49.80327296257019,211.07
51.154048919677734,209.45
52.56114983558655,190.79
53.97454071044922,165.66
55.387192726135254,142.55
56.73385047912598,125.55
58.1507408618927,109.79
59.550719261169434,96.48
60.9661226272583,85.1
68.274747133255,-2.83
69.59128069877625,-2.76
70.88035917282104,-2.79
72.20061564445496,-2.83
73.4981164932251,-2.79
74.84227895736694,-2.83
76.1448929309845,-2.69
77.44658017158508,-2.83
82.02906107902527,133.34
83.38275361061096,186.72
84.78678274154663,204.21
86.13852548599243,210.55
87.47248029708862,212.21
88.88928413391113,197.28
90.30202913284302,174.59
91.63559603691101,155.79
92.9800808429718,139.62
94.32855105400085,126.21
95.73810243606567,113.48
97.15348243713379,103.0
104.4522294998169,-3.24
105.80326795578003,-3.24
107.11956000328064,-3.24
108.43083930015564,-3.31
109.74373984336853,-3.28
111.06847834587097,-3.24
112.38370847702026,-3.21
113.68813610076904,-3.21
118.31779098510742,132.24
119.72583842277527,187.41
121.14790606498718,204.38
122.5644006729126,210.34
123.96442675590515,205.97
125.3855311870575,186.93
126.79168558120728,165.34
128.20999336242676,146.07
129.61241841316223,130.52
131.02588725090027,117.24
132.43908381462097,107.76
133.85472893714905,101.03
141.1610038280487,-3.83
142.4666450023651,-3.83
143.78464365005493,-3.76
145.1353235244751,-3.83
146.44712448120117,-3.83
147.7731475830078,-3.72
149.09101176261902,-3.79
150.39567399024963,-3.69
155.0001664161682,130.79
156.42167258262634,187.17
157.83579516410828,205.07
159.24778866767883,210.72
160.57997965812683,210.69
161.928049325943,196.69
163.2772274017334,181.03
164.61405611038208,165.66
165.9515597820282,152.79
167.36333918571472,139.07
168.71652483940125,129.03
176.00619673728943,-4.62
177.36116552352905,-4.59
178.64720249176025,-4.62
179.95297861099243,-4.55
181.2556071281433,-4.59
182.56112265586853,-4.55
183.86962699890137,-4.48
185.1643786430359,-4.45
186.3714244365692,-4.59
187.60648679733276,-4.41
188.81673121452332,-4.41
190.02581691741943,-4.38
191.22506403923035,-4.34
192.423406124115,-4.31
193.62619972229004,-4.24
194.8367269039154,-4.31
196.03952813148499,-4.28
197.23957896232605,-4.28
198.48899149894714,-4.24
199.68862056732178,-4.1
200.90212512016296,-4.1
202.10050868988037,-4.03
203.31373739242554,-4.07
204.50863671302795,-4.1
205.71731638908386,-4.0
206.96061491966248,-3.86
208.16020679473877,-3.93
209.3683500289917,-3.83
210.559641122818,-3.76
211.77114176750183,-3.72
212.97020745277405,-3.62
214.18358898162842,-3.66
215.39208579063416,-3.62
216.61545729637146,-3.55
217.8273482322693,-3.45
219.04360008239746,-3.48
220.24296879768372,-3.34
221.45464992523193,-3.38
222.6468596458435,-3.28
223.8578224182129,-3.17
225.06457471847534,-3.17
226.31188344955444,-3.1
227.5214705467224,-3.07
228.72677183151245,-3.07
229.93342208862305,-2.97
231.13995265960693,-2.93
232.34977412223816,-2.83
233.5426528453827,-2.9
234.74834871292114,-2.79
235.99335193634033,-2.72
237.1891746520996,-2.69
238.40566897392273,-2.66
239.6085135936737,-2.66
240.8169150352478,-2.59
242.04175305366516,-2.59
243.25379538536072,-2.55
244.45120215415955,-2.48
245.70382618904114,-2.45
246.914733171463,-2.48
248.11643743515015,-2.52
249.31752729415894,-2.34
250.53347754478455,-2.34
251.73892545700073,-2.38
252.9336597919464,-2.28
254.14386224746704,-2.31
255.38174962997437,-2.28
256.5906448364258,-2.17
257.78939270973206,-2.24
258.99832010269165,-2.24
260.20715975761414,-2.24
261.40243673324585,-2.17
262.62029504776,-2.14
263.8169193267822,-2.17
265.0571186542511,-2.14
266.2643520832062,-2.07
267.4915437698364,-2.14
268.68927216529846,-2.0
269.8944342136383,-2.03
271.10655975341797,-2.03
272.3167417049408,-2.03
273.54284930229187,-1.97
274.7479405403137,-2.07
275.9542148113251,-2.03
277.1572904586792,-2.0
278.38245463371277,-2.0
279.58905506134033,-1.97
280.7980535030365,-1.9
282.0071234703064,-1.86
283.2461829185486,-1.9
284.45399713516235,-1.83
285.6569502353668,-1.9
286.87491750717163,-1.93
288.08897733688354,-1.93
289.2963852882385,-1.9
290.50558161735535,-1.9
291.71689796447754,-1.86
292.95861530303955,-1.93
294.1829264163971,-1.83
295.39273977279663,-1.86
296.58853578567505,-1.93
297.81217908859253,-1.86
299.0265929698944,-1.83
300.23111605644226,-1.9
301.4755253791809,-1.83
302.7004404067993,-1.83
303.91280364990234,-1.86
305.1238052845001,-1.79
306.33484411239624,-1.79
307.5468647480011,-1.86
308.7628364562988,-1.79
309.9755508899689,-1.83
311.2181339263916,-1.83
312.42957520484924,-1.79
313.63984775543213,-1.79
314.84789204597473,-1.76
316.0711998939514,-1.79
317.27985668182373,-1.79
318.50206112861633,-1.86
319.71039152145386,-1.83
320.9535186290741,-1.79
322.1491482257843,-1.79
323.3476929664612,-1.79
324.54019808769226,-1.76
325.75462675094604,-1.83
326.9482388496399,-1.76
328.16175532341003,-1.79
329.35896468162537,-1.76
330.59629940986633,-1.76
331.79191994667053,-1.83
332.99871277809143,-1.83
334.20343112945557,-1.79
335.4043912887573,-1.76
336.61455368995667,-1.69
337.8137857913971,-1.69
339.0274419784546,-1.76
340.23412585258484,-1.72
341.4746654033661,-1.79
