1.109546422958374,5.52
2.313065528869629,5.34
3.551074266433716,5.45
4.754097938537598,5.34
9.31918978691101,5.55
10.731217384338379,17.1
12.07510256767273,37.69
13.489272594451904,67.03
14.90230417251587,89.28
16.31578278541565,108.76
17.659887313842773,126.07
19.0714008808136,141.03
20.48327398300171,156.38
21.89544439315796,171.66
23.30747103691101,185.69
24.719499588012695,198.28
26.131597995758057,209.79
27.541558027267456,219.9
28.952843189239502,228.69
30.363614797592163,237.45
31.775644063949585,244.48
33.186670780181885,251.66
34.59809494018555,257.62
36.010844230651855,262.62
37.42276167869568,267.62
38.83558654785156,272.1
40.17797112464905,276.14
41.588855504989624,279.76
42.999873638153076,283.07
44.4122838973999,286.69
45.82396411895752,288.93
47.235772371292114,292.0
48.64799952507019,294.21
50.060633182525635,296.76
51.47204327583313,299.28
52.88307070732117,301.07
54.29423785209656,303.03
55.7061128616333,305.21
57.117334842681885,306.55
58.528273582458496,307.0
59.94031548500061,309.59
61.35137867927551,311.1
62.763272285461426,312.97
64.17529940605164,364.83
65.58732581138611,454.79
66.93035793304443,526.24
68.27367305755615,586.86
69.61660742759705,642.66
71.02743887901306,690.45
72.43872952461243,720.59
73.78149437904358,744.28
75.19353795051575,743.93
76.60554909706116,732.21
78.0175769329071,708.07
79.42860841751099,675.52
80.83961534500122,637.1
82.25025534629822,597.72
