1.110325574874878,9.9,0
2.3243064880371094,9.86,0
3.536985397338867,9.86,0
4.743998765945435,9.83,0
9.321065187454224,9.55,1
10.73308253288269,9.69,1
12.14440107345581,9.62,1
13.548514127731323,9.48,1
14.959913969039917,9.34,1
16.369868755340576,9.17,1
17.794082403182983,9.1,1
19.12903380393982,8.9,1
20.538447380065918,8.86,1
21.9582839012146,8.79,1
23.375011682510376,8.66,1
24.782690048217773,8.45,1
26.201844692230225,8.31,1
27.618321895599365,8.24,1
29.029388904571533,8.24,1
30.44636058807373,8.03,1
31.848385334014893,7.9,1
33.19885230064392,7.9,1
34.533395290374756,7.76,1
35.95542001724243,7.69,1
37.30197715759277,7.62,1
38.644988775253296,7.55,1
40.052387952804565,7.48,1
41.404414653778076,7.48,1
42.8161506652832,8.03,1
44.22455596923828,7.48,1
45.572593688964844,7.31,1
46.982993364334106,7.14,1
48.33461260795593,7.24,1
49.73702049255371,7.21,1
51.16163444519043,7.17,1
52.5756721496582,7.14,1
53.90984344482422,7.03,1
55.32043933868408,7.03,1
56.74574542045593,7.07,1
58.15939211845398,7.0,1
59.573771238327026,7.03,1
60.988791942596436,7.07,1
62.402406215667725,6.9,1
