1.122257947921753,-1.72
2.3309884071350098,-1.79
3.5672049522399902,-1.79
4.768863677978516,-1.79
5.970263242721558,-1.86
7.1907126903533936,-1.9
8.588287830352783,-1.83
9.83203411102295,-1.86
11.0652334690094,-1.79
12.619211912155151,-1.76
13.823946714401245,-1.79
15.035333633422852,-1.83
16.250030279159546,-1.79
17.446897745132446,-1.72
18.65193462371826,-1.79
21.401731967926025,48.14
22.745949506759644,73.31
24.157806158065796,83.52
25.496829509735107,82.83
26.831873416900635,83.17
28.17687726020813,82.9
29.585118532180786,82.69
31.002034425735474,82.38
32.41799473762512,87.9
33.75557565689087,82.76
35.16978693008423,85.72
36.50677299499512,82.79
37.85232424736023,82.79
39.193071603775024,82.86
40.54129481315613,83.24
41.94589877128601,82.93
43.300694942474365,83.76
44.64496374130249,83.97
46.05684566497803,84.17
47.468199253082275,83.72
48.87896275520325,83.52
