1.1134507656097412,-1.45,0
2.3523685932159424,-1.48,0
3.5594043731689453,-1.52,0
4.759849548339844,-1.55,0
5.96108603477478,-1.48,0
10.546590566635132,0.86,1
11.890597105026245,-1.21,1
13.303515195846558,7.07,1
14.712118864059448,18.52,1
16.125275135040283,24.9,1
17.46278429031372,27.55,1
18.80962610244751,29.52,1
20.146031618118286,27.59,1
21.494337797164917,28.62,1
22.845530033111572,30.83,1
24.253987312316895,32.72,1
25.591920852661133,29.72,1
27.00610637664795,28.24,1
28.347357749938965,30.52,1
29.76262664794922,31.1,1
31.17845129966736,32.86,1
32.598477363586426,30.62,1
33.94416904449463,27.86,1
35.342564821243286,27.14,1
36.69076991081238,32.0,1
38.105992555618286,30.48,1
39.44986534118652,26.9,1
40.858256340026855,29.66,1
42.213459968566895,30.17,1
43.62835502624512,29.1,1
45.03237199783325,27.41,1
46.44332408905029,29.72,1
47.85844445228577,31.83,1
49.27267122268677,30.52,1
50.693010568618774,27.86,1
52.10240173339844,26.76,1
53.517160415649414,29.45,1
54.91427707672119,30.83,1
56.26868462562561,31.17,1
57.68087100982666,31.62,1
59.0861656665802,30.69,1
60.49985361099243,29.52,1
61.919917345047,28.69,1
63.33020281791687,27.28,1
64.7456123828888,26.97,1
66.09216451644897,31.31,1
67.42331647872925,30.38,1
68.84796023368835,28.72,1
70.24968671798706,27.17,1
71.67718029022217,27.17,1
73.00740265846252,28.66,1
74.4342668056488,27.72,1
75.76724028587341,29.79,1
77.18535661697388,32.07,1
78.52519416809082,30.24,1
79.94181609153748,28.17,1
81.3480134010315,27.31,1
82.76668643951416,27.03,1
84.17546558380127,30.1,1
85.5852427482605,33.0,1
86.92770028114319,30.55,1
88.34038853645325,29.66,1
89.6902027130127,26.97,1
91.09884238243103,27.03,1
92.51242136955261,29.83,1
93.92882633209229,32.66,1
95.34796476364136,30.83,1
96.7578296661377,32.79,1
98.17001271247864,30.86,1
99.5751838684082,30.9,1
100.9317479133606,27.41,1
102.34312605857849,27.0,1
103.6786150932312,29.62,1
105.10075378417969,31.62,1
106.44479322433472,33.0,1
107.86054635047913,30.79,1
109.26450896263123,30.41,1
110.68493938446045,29.41,1
112.02523422241211,27.14,1
113.43344497680664,29.93,1
114.77267026901245,32.34,1
116.18415427207947,30.66,1
117.60984873771667,32.72,1
119.02474021911621,30.62,1
120.4323525428772,30.17,1
121.83771634101868,29.1,1
123.25012063980103,29.17,1
124.66901707649231,28.52,1
126.08614230155945,27.03,1
127.48517942428589,26.66,1
128.83657813072205,29.72,1
130.2520227432251,30.83,1
131.66690325737,29.9,1
133.01369976997375,27.93,1
134.41446161270142,26.62,1
135.75824880599976,27.76,1
137.11578941345215,26.83,1
138.5260808467865,30.0,1
139.93921947479248,30.03,1
141.34519457817078,28.76,1
142.68701457977295,29.59,1
144.09736895561218,29.83,1
145.5124156475067,28.1,1
146.93441009521484,26.76,1
148.33667373657227,26.41,1
149.7554304599762,29.31,1
151.1632058620453,32.41,1
152.58671474456787,30.55,1
153.98737025260925,30.31,1
155.40330624580383,28.38,1
156.81427693367004,29.76,1
158.23298406600952,32.28,1
159.64446663856506,30.62,1
160.98054766654968,32.03,1
162.33195400238037,31.34,1
163.6810736656189,28.03,1
165.01905179023743,29.83,1
166.4415168762207,32.24,1
167.77590417861938,30.0,1
169.12063431739807,26.9,1
170.53986763954163,30.55,1
171.88755202293396,29.03,1
173.22538590431213,29.45,1
174.57308626174927,29.52,1
175.9180076122284,28.14,1
177.32398080825806,27.62,1
178.6706600189209,27.93,1
180.00927138328552,44.45,1
181.36051654815674,33.48,1
182.77004075050354,41.59,1
184.18465518951416,44.14,1
185.52324628829956,33.9,1
186.93836307525635,29.03,1
188.3445429801941,27.03,1
189.6977276802063,26.76,1
191.03564643859863,29.72,1
192.38621068000793,28.52,1
193.7320156097412,28.34,1
195.0772602558136,27.17,1
196.4220426082611,30.0,1
197.75907826423645,30.79,1
205.07681393623352,-5.62,0
206.36542630195618,-5.72,0
207.6824231147766,-5.69,0
208.98335337638855,-5.76,0
210.2767677307129,-5.72,0
211.58439207077026,-5.76,0
212.88240337371826,-5.59,0
214.2064607143402,-5.72,0
218.8336730003357,18.48,1
220.16460633277893,15.14,1
221.58825373649597,13.62,1
222.92084980010986,19.76,1
224.27190375328064,29.1,1
225.61421823501587,37.79,1
227.03159427642822,45.17,1
228.37817859649658,49.31,1
229.77874541282654,59.72,1
231.12660121917725,58.59,1
232.5434215068817,59.0,1
233.87714505195618,60.1,1
235.2995843887329,61.52,1
236.71530151367188,62.17,1
238.11307644844055,63.28,1
239.46956419944763,64.41,1
240.87651348114014,65.07,1
242.21028447151184,63.21,1
243.63461828231812,62.62,1
244.9653663635254,63.83,1
246.38512682914734,62.69,1
247.80358815193176,59.34,1
249.21358704566956,59.76,1
250.6203374862671,62.24,1
252.03373408317566,59.93,1
253.44644379615784,59.31,1
254.8509864807129,59.72,1
256.26223278045654,58.76,1
257.6680417060852,60.24,1
259.0866069793701,59.28,1
260.4967827796936,60.24,1
261.9189305305481,59.1,1
263.3241868019104,59.9,1
264.7422113418579,61.03,1
266.14217591285706,59.83,1
267.5553402900696,58.28,1
268.9758653640747,59.79,1
270.3763327598572,59.24,1
271.7892789840698,59.03,1
273.13333106040955,57.72,1
274.55348777770996,39.17,1
275.9642586708069,62.69,1
277.3709526062012,63.76,1
278.71608328819275,65.86,1
280.1296648979187,66.03,1
281.5368058681488,66.1,1
282.94651532173157,66.97,1
284.3595724105835,66.9,1
285.77342796325684,65.86,1
287.19069743156433,64.79,1
288.605672121048,61.72,1
290.0137474536896,59.55,1
291.4223704338074,57.79,1
292.82876467704773,56.17,1
294.24974727630615,54.31,1
295.65052366256714,52.76,1
297.06385254859924,51.9,1
298.4835684299469,52.28,1
299.88950777053833,51.48,1
301.3082466125488,51.17,1
302.71135807037354,54.0,1
304.13339495658875,60.48,1
305.5450973510742,56.86,1
306.9459400177002,56.24,1
308.35661149024963,58.0,1
309.7781400680542,59.21,1
311.18233919143677,61.1,1
312.5913932323456,61.62,1
314.0089409351349,60.38,1
315.4180769920349,61.97,1
322.7197816371918,13.31,0
324.03413128852844,15.17,0
325.3348500728607,14.9,0
326.6327226161957,14.45,0
327.9438920021057,13.93,0
329.271945476532,13.41,0
330.6114456653595,12.86,0
331.9181809425354,12.14,0
336.4961612224579,5.97,1
337.8378281593323,13.14,1
339.2428798675537,41.24,1
340.5890145301819,45.21,1
342.0139682292938,67.59,1
343.4176814556122,71.48,1
344.83652329444885,80.9,1
346.17806577682495,77.31,1
347.52200388908386,85.0,1
348.85339760780334,75.9,1
350.27214765548706,90.76,1
351.60858488082886,77.1,1
352.96293687820435,98.69,1
354.3045506477356,93.69,1
355.71623134613037,17.83,1
357.05030846595764,-1.86,1
358.4026138782501,-1.52,1
359.73713207244873,-1.34,1
361.0924074649811,-1.34,1
362.4272358417511,-3.83,1
363.7816870212555,142.59,1
365.12623405456543,138.14,1
366.5364146232605,135.03,1
367.87133383750916,116.41,1
369.29164385795593,111.66,1
370.6242380142212,101.76,1
371.97218680381775,94.79,1
373.3124842643738,93.59,1
374.72943329811096,90.24,1
376.1376459598541,84.31,1
377.55450892448425,82.97,1
378.8933353424072,84.28,1
380.2965075969696,83.83,1
381.7231431007385,82.03,1
383.1260259151459,87.03,1
384.5422043800354,103.14,1
385.8808078765869,99.45,1
387.220246553421,97.59,1
388.63884139060974,97.24,1
390.0558319091797,95.07,1
391.46194076538086,94.41,1
392.87080478668213,91.93,1
394.2921290397644,91.34,1
395.627965927124,91.1,1
397.04497504234314,91.14,1
398.4471733570099,90.83,1
399.8692796230316,91.0,1
401.269558429718,91.21,1
402.69568371772766,88.93,1
404.1001842021942,88.52,1
405.51767683029175,88.31,1
412.8254075050354,0.38,0
414.1381940841675,0.34,0
415.44563722610474,0.28,0
416.8015489578247,0.31,0
418.10087728500366,0.38,0
419.4187755584717,0.21,0
420.7394018173218,0.28,0
422.04588890075684,0.28,0
426.6251289844513,2.21,1
428.0511293411255,2.97,1
429.4544928073883,4.86,1
430.8772144317627,7.69,1
432.2158453464508,11.07,1
433.622300863266,15.55,1
435.03682041168213,21.07,1
436.4526481628418,27.24,1
437.8676552772522,33.55,1
439.2840826511383,40.1,1
440.62385511398315,45.93,1
442.03615140914917,51.48,1
443.44780015945435,56.83,1
444.8512120246887,61.52,1
446.2731568813324,66.1,1
447.6857907772064,70.38,1
449.0255055427551,74.0,1
450.43038725852966,77.14,1
451.8508331775665,80.03,1
453.25523805618286,82.0,1
454.5988109111786,83.48,1
456.01871132850647,84.72,1
457.4310176372528,85.34,1
458.83387327194214,85.38,1
460.24461817741394,84.93,1
461.5966782569885,84.38,1
463.00826692581177,83.17,1
464.4114029407501,81.76,1
465.83409881591797,80.0,1
467.237206697464,77.93,1
468.6564145088196,75.55,1
470.0654604434967,73.17,1
471.47612714767456,70.59,1
472.8866114616394,68.14,1
474.23494243621826,65.69,1
475.57505774497986,63.59,1
476.98003005981445,61.31,1
478.39961338043213,59.28,1
479.80017733573914,57.31,1
481.21205472946167,55.48,1
482.62211894989014,53.9,1
484.0344729423523,52.41,1
485.44671750068665,51.38,1
486.86041712760925,50.41,1
488.2779381275177,49.83,1
489.6878271102905,49.41,1
491.09890723228455,49.1,1
492.50420331954956,49.07,1
493.9194128513336,49.21,1
495.33876729011536,49.66,1
496.74237728118896,50.21,1
498.16335797309875,50.62,1
499.5749182701111,51.41,1
500.9795389175415,52.31,1
502.38487339019775,53.34,1
503.805691242218,54.38,1
505.2181260585785,55.45,1
506.63152170181274,56.62,1
508.0407269001007,57.72,1
509.4517242908478,58.72,1
510.8646800518036,59.76,1
512.2766332626343,61.07,1
513.6890079975128,62.17,1
515.0975420475006,62.69,1
516.5046947002411,63.31,1
517.9264013767242,63.9,1
519.3318138122559,64.24,1
520.7479207515717,64.31,1
522.1562542915344,64.9,1
529.4641222953796,1.76,0
530.7745950222015,1.76,0
532.0891115665436,1.76,0
533.4183554649353,1.83,0
534.7201745510101,1.72,0
536.0349745750427,1.72,0
537.3626818656921,1.76,0
538.7103645801544,1.72,0
539.9349687099457,1.69,0
541.1492807865143,1.66,0
542.3499138355255,1.66,0
543.5689203739166,1.59,0
544.7998178005219,1.52,0
546.0010831356049,1.28,0
547.2521507740021,1.1,0
548.472626209259,0.86,0
549.678092956543,0.59,0
550.890909910202,0.41,0
552.1223692893982,0.41,0
553.3417870998383,0.34,0
554.5520732402802,0.28,0
555.8023297786713,0.07,0
557.0156993865967,0.07,0
558.2311563491821,0.0,0
559.4544308185577,-0.07,0
560.6793522834778,-0.03,0
561.8999834060669,-0.14,0
563.1032936573029,-0.21,0
564.3276507854462,-0.28,0
565.585604429245,-0.31,0
566.7986357212067,-0.31,0
568.0258431434631,-0.41,0
569.2412240505219,-0.45,0
