1.1110074520111084,6.38
2.352123975753784,6.38
3.565129518508911,6.38
4.772629976272583,6.45
9.354830026626587,142.59
10.767782211303711,194.41
12.17949390411377,210.03
13.595586776733398,214.45
15.001068115234375,202.9
16.409468412399292,178.93
17.828462839126587,154.28
19.174155712127686,133.66
20.51714277267456,117.69
21.92882227897644,100.72
23.329006910324097,87.59
24.679638385772705,77.28
31.993364334106445,-2.1
33.34248638153076,-2.07
34.64697337150574,-1.97
35.93660545349121,-2.17
37.23670244216919,-2.03
38.54163694381714,-2.03
