1.1177897453308105,-1.52,0
2.356445789337158,-1.52,0
3.562060594558716,-1.48,0
4.766181707382202,-1.55,0
9.339491605758667,-1.24,1
10.682755470275879,-1.48,1
12.095406293869019,-1.48,1
13.499782085418701,-1.48,1
14.91949725151062,-1.52,1
16.327114582061768,-1.48,1
17.731714010238647,-1.55,1
19.078856945037842,-1.52,1
20.4867045879364,-1.48,1
21.840733289718628,-1.52,1
23.24326491355896,-1.52,1
24.662142515182495,-1.48,1
26.07664155960083,-1.48,1
27.493330240249634,-1.45,1
28.898357629776,-1.52,1
30.31950879096985,-1.52,1
31.730223417282104,-1.52,1
33.13166260719299,-1.48,1
34.47671890258789,-1.52,1
35.820581674575806,-1.48,1
37.239511489868164,-1.55,1
38.586910247802734,-1.45,1
40.00008463859558,-1.48,1
41.410003662109375,-1.41,1
42.82131028175354,-1.52,1
44.16147470474243,-1.48,1
45.579439878463745,-1.48,1
46.92126393318176,-1.48,1
48.32710361480713,-1.48,1
49.75486898422241,-1.52,1
51.16749143600464,-1.55,1
52.57226324081421,-1.45,1
53.98866271972656,-1.45,1
55.39349579811096,-1.48,1
56.810715675354004,-1.52,1
58.2144889831543,-1.45,1
59.63163924217224,-1.48,1
61.05621266365051,-1.41,1
62.45838761329651,-1.48,1
63.87805199623108,-1.45,1
65.2852680683136,-1.52,1
66.70160055160522,-1.52,1
