1.1003856658935547,-2.21,0
2.345080614089966,-2.07,0
3.5545406341552734,-1.79,0
4.751577377319336,-2.03,0
9.333711385726929,340.24,1
10.746752977371216,413.48,1
12.0794677734375,344.24,1
13.498132467269897,259.93,1
14.838297367095947,201.31,1
16.25125741958618,153.69,1
17.59748601913452,122.59,1
18.940173625946045,98.17,1
26.24042320251465,-7.9,0
27.539120197296143,-8.86,0
28.848957061767578,-11.17,0
30.157125234603882,-3.48,0
31.47295641899109,-2.69,0
32.8218207359314,-2.52,0
34.11944603919983,-2.48,0
35.41477298736572,-2.31,0
39.999274253845215,-1.07,1
41.41176676750183,3.72,1
42.76912713050842,13.72,1
44.09995937347412,24.72,1
45.452136516571045,32.1,1
46.86880946159363,40.62,1
48.27211022377014,44.48,1
49.626394748687744,45.76,1
50.967283725738525,45.55,1
52.308966875076294,53.48,1
53.651015281677246,58.31,1
54.99838733673096,57.45,1
56.33941292762756,57.97,1
57.75383973121643,58.69,1
59.15567350387573,59.97,1
60.57925844192505,58.66,1
61.907453775405884,57.48,1
63.32840418815613,55.34,1
64.7289183139801,54.69,1
66.08165431022644,62.97,1
67.42409062385559,61.21,1
68.83060431480408,58.55,1
70.17460608482361,58.83,1
71.52226567268372,58.9,1
72.87056469917297,58.31,1
74.21264696121216,58.14,1
75.55663657188416,58.31,1
76.95673513412476,58.45,1
78.30105781555176,57.41,1
79.6432032585144,57.07,1
81.06405591964722,57.86,1
82.47631335258484,60.9,1
83.82084918022156,60.1,1
85.22091937065125,61.62,1
86.57153415679932,55.52,1
87.91831827163696,55.48,1
89.2638795375824,51.72,1
90.60071063041687,55.41,1
92.01440644264221,70.03,1
93.42163872718811,73.03,1
94.75987100601196,73.0,1
96.11723184585571,69.24,1
97.44858646392822,64.66,1
98.8656747341156,69.62,1
100.2744357585907,69.66,1
101.62022185325623,65.86,1
103.03292942047119,66.38,1
104.36916923522949,61.9,1
105.72479939460754,60.86,1
107.05558848381042,60.17,1
114.36284303665161,-1.97,0
115.6684021949768,-2.0,0
116.98707509040833,-2.0,0
118.32629656791687,-2.03,0
119.62731122970581,-2.07,0
120.94146084785461,-2.14,0
122.23952913284302,-2.17,0
123.55784726142883,-2.14,0
128.13424062728882,2.59,1
129.55252885818481,13.79,1
130.89386987686157,25.69,1
132.30765390396118,53.66,1
133.65515089035034,56.24,1
135.066659450531,64.93,1
136.40941786766052,71.97,1
137.82945322990417,75.62,1
139.22793245315552,78.72,1
140.6393837928772,81.9,1
142.05398297309875,79.76,1
143.47262382507324,77.83,1
144.80591988563538,79.9,1
146.22897028923035,80.72,1
147.62859439849854,81.97,1
149.043438911438,86.1,1
150.45525574684143,91.48,1
151.86771702766418,86.72,1
153.28200936317444,89.93,1
154.69693207740784,86.97,1
156.10727882385254,85.34,1
157.51243948936462,89.38,1
158.9194679260254,85.48,1
160.34200763702393,88.83,1
161.6851782798767,86.97,1
163.09845423698425,89.52,1
164.44222378730774,88.07,1
165.8484833240509,89.62,1
167.18943405151367,83.21,1
168.53428554534912,90.66,1
169.88471221923828,89.03,1
171.28608870506287,90.0,1
172.63005304336548,84.34,1
173.98355531692505,87.31,1
175.39555549621582,86.24,1
176.72574400901794,84.97,1
178.0783212184906,83.45,1
179.42261743545532,90.86,1
180.76336121559143,87.17,1
182.1117660999298,85.93,1
183.45314574241638,86.59,1
184.7922351360321,92.93,1
186.14156007766724,92.86,1
187.5401155948639,88.97,1
188.89102911949158,86.86,1
190.22625422477722,88.34,1
191.5764195919037,86.41,1
192.98354363441467,83.1,1
194.33316016197205,85.38,1
195.67612290382385,87.41,1
197.01681208610535,88.66,1
204.337637424469,-2.07,0
205.62848281860352,-2.03,0
206.93999481201172,-2.07,0
208.23783373832703,-2.14,0
209.54089403152466,-2.1,0
210.84241771697998,-2.0,0
212.1548388004303,-1.97,0
213.45766830444336,-2.17,0
218.06250643730164,8.76,1
219.4014391899109,38.83,1
220.74290084838867,60.79,1
222.0883538722992,77.69,1
223.4346363544464,91.03,1
224.85108089447021,112.97,1
