1.1098215579986572,-2.03,0
2.3457179069519043,-1.97,0
3.5559890270233154,-2.0,0
4.764507055282593,-4.52,0
5.972867012023926,-3.55,0
7.1807122230529785,-2.66,0
8.39600920677185,-2.03,0
9.58158826828003,-1.93,0
10.79262375831604,-1.21,0
12.040800094604492,-3.14,0
13.25404691696167,-1.97,0
14.460304498672485,-2.45,0
15.67059874534607,0.38,0
16.874513864517212,-2.1,0
18.072006225585938,-1.79,0
19.273868322372437,-1.83,0
20.475142002105713,-2.38,0
21.699715614318848,-2.14,0
22.9036705493927,-1.97,0
24.103981494903564,-2.07,0
25.301198720932007,-2.03,0
26.51644778251648,-1.97,0
31.086865663528442,14.24,1
32.5001745223999,47.41,1
33.842973470687866,68.9,1
35.254934310913086,81.48,1
36.600672245025635,87.24,1
37.93743634223938,91.55,1
39.34682011604309,96.48,1
40.68447232246399,97.34,1
42.03647494316101,98.55,1
43.37258219718933,97.83,1
44.72140288352966,98.0,1
46.12580156326294,101.14,1
47.54881262779236,98.86,1
48.881155490875244,98.72,1
50.29633855819702,100.55,1
51.70363759994507,100.86,1
53.048144817352295,98.83,1
54.462602615356445,101.69,1
55.883880376815796,101.76,1
57.28965210914612,100.31,1
58.69695234298706,97.86,1
60.1232545375824,97.83,1
61.53411555290222,98.28,1
68.8359215259552,1.93,0
70.12927389144897,1.83,0
71.43368220329285,1.86,0
72.77512645721436,2.28,0
74.07904410362244,2.38,0
75.38533687591553,2.07,0
76.6916024684906,-19.03,0
77.99957275390625,-9.76,0
79.29553461074829,-2.9,0
80.60554385185242,-2.41,0
81.92972254753113,-2.28,0
83.28122448921204,-1.86,0
84.58930468559265,-2.03,0
85.89299082756042,-2.14,0
87.20308303833008,-1.97,0
88.51527428627014,-1.97,0
89.83940982818604,-1.97,0
91.13452196121216,-2.07,0
92.44733023643494,-1.9,0
93.80436182022095,-2.21,0
95.1029760837555,-1.72,0
96.42581605911255,-2.14,0
97.74409914016724,-1.79,0
99.04688215255737,-1.9,0
100.35479998588562,-1.86,0
101.67187857627869,-1.72,0
102.98623728752136,-1.97,0
104.31965446472168,-1.9,0
105.63908743858337,-1.9,0
106.9488251209259,-1.83,0
108.24588799476624,-1.76,0
109.57097935676575,-1.86,0
110.88165163993835,-1.97,0
112.19019532203674,-1.93,0
113.50198936462402,-1.9,0
118.12945365905762,22.45,1
119.53683614730835,42.79,1
120.94146585464478,66.07,1
122.36835289001465,82.0,1
123.78107929229736,88.79,1
125.19338345527649,94.38,1
126.60499238967896,96.1,1
128.01758456230164,97.1,1
129.42879915237427,97.1,1
130.8401701450348,100.14,1
132.24372339248657,99.03,1
133.65480017662048,98.41,1
135.06871223449707,97.52,1
136.48158264160156,97.31,1
137.88861203193665,97.52,1
139.3099799156189,97.38,1
140.70956110954285,97.38,1
142.12737035751343,97.31,1
143.54496002197266,97.0,1
144.94718313217163,96.97,1
146.37162518501282,97.1,1
147.77721977233887,97.03,1
149.19246292114258,97.07,1
156.49365139007568,1.76,0
157.79659485816956,1.79,0
159.11221623420715,1.79,0
160.42077732086182,1.76,0
161.723060131073,1.76,0
163.01769399642944,1.79,0
164.31446266174316,1.83,0
165.6138050556183,1.79,0
166.9688880443573,1.79,0
168.27317094802856,1.86,0
169.57213234901428,1.79,0
170.8796465396881,1.83,0
172.18641662597656,-9.31,0
173.49828433990479,-14.0,0
174.80757784843445,-11.34,0
176.10475063323975,-2.45,0
177.4621343612671,-2.34,0
178.7486217021942,-2.14,0
180.0582151412964,-2.07,0
181.3632926940918,-1.86,0
182.6773488521576,-1.79,0
183.967191696167,-1.9,0
185.27859926223755,-1.83,0
186.57132530212402,-1.9,0
187.87846541404724,-2.0,0
189.21079349517822,-1.93,0
190.53092336654663,-1.86,0
191.81853604316711,-1.97,0
193.12799286842346,-1.83,0
194.4443473815918,-1.83,0
195.75769233703613,-1.93,0
197.0525143146515,-1.9,0
198.3720302581787,-1.93,0
199.71431851387024,-1.86,0
201.02866673469543,-1.86,0
205.61562085151672,20.45,1
207.0326590538025,43.28,1
208.4343273639679,66.41,1
209.85315203666687,79.41,1
211.25679302215576,89.14,1
212.68247365951538,95.41,1
214.01901173591614,97.41,1
215.3611352443695,97.38,1
216.71152448654175,101.07,1
218.12283325195312,101.76,1
219.52827644348145,100.0,1
220.94737720489502,101.83,1
222.36018347740173,99.83,1
223.77254033088684,99.72,1
225.18157052993774,97.9,1
226.59096956253052,101.14,1
227.99792766571045,99.41,1
229.35234379768372,101.59,1
230.7526319026947,99.62,1
232.1768000125885,101.48,1
233.57932448387146,100.31,1
234.99084305763245,101.62,1
236.4045979976654,99.59,1
243.70202612876892,1.76,0
245.02823662757874,1.76,0
246.33951210975647,1.76,0
247.63964247703552,1.69,0
248.98463606834412,2.9,0
250.30202078819275,2.0,0
251.62686491012573,1.93,0
252.93148112297058,1.97,0
254.23665165901184,0.62,0
255.56351494789124,-22.41,0
256.8816568851471,-12.14,0
258.1858103275299,-0.72,0
259.52441596984863,-2.17,0
260.82976818084717,-0.62,0
262.1576728820801,-2.28,0
263.46397590637207,-2.1,0
264.7752983570099,-1.62,0
266.095908164978,-2.1,0
267.41348004341125,-1.52,0
268.76130080223083,-1.59,0
270.0830888748169,-1.69,0
271.3908030986786,-1.76,0
272.7127432823181,-1.79,0
274.0132441520691,-1.86,0
275.335884809494,-2.0,0
276.65480732917786,-1.9,0
278.0007429122925,-1.9,0
279.3074688911438,-1.83,0
280.6318221092224,-1.83,0
281.94110441207886,-1.86,0
283.2606728076935,-1.9,0
284.58132767677307,-1.9,0
285.89197850227356,-1.97,0
287.21093583106995,-1.97,0
288.55432176589966,-1.9,0
293.16439056396484,21.76,1
294.57171511650085,42.14,1
295.9879939556122,66.83,1
297.3934190273285,81.38,1
298.8042516708374,91.07,1
300.2267482280731,96.62,1
301.6299042701721,98.38,1
303.0526714324951,99.17,1
304.45240020751953,99.31,1
305.8654236793518,99.17,1
307.28965497016907,98.93,1
308.6957337856293,99.14,1
310.1056776046753,98.69,1
311.52017998695374,102.0,1
312.93399810791016,100.31,1
314.3459072113037,99.24,1
315.7461485862732,99.52,1
317.16332173347473,98.62,1
318.5813546180725,98.52,1
319.9165999889374,98.41,1
321.2615315914154,99.0,1
322.66573095321655,98.9,1
324.0785686969757,98.69,1
331.3935282230377,1.66,0
332.69435477256775,1.66,0
334.01216769218445,1.69,0
335.31417298316956,1.66,0
336.61720538139343,1.69,0
337.90862226486206,-20.69,0
339.2139663696289,-7.41,0
340.54594326019287,-2.86,0
341.85023951530457,-2.1,0
343.1642017364502,-3.62,0
344.46523690223694,-0.03,0
345.76668429374695,-2.55,0
347.06892561912537,-1.9,0
348.3826034069061,3.69,0
349.67540645599365,22.14,0
351.02487683296204,-2.45,0
352.31639552116394,2.93,0
353.6230580806732,-5.86,0
354.9333143234253,1.03,0
356.2237627506256,6.34,0
357.5297009944916,-4.24,0
358.83899426460266,-3.31,0
360.1424787044525,-2.21,0
361.45281171798706,-2.0,0
362.79116797447205,-1.93,0
364.08590292930603,-1.93,0
365.39996790885925,-1.9,0
366.7104003429413,-2.0,0
368.02263164520264,-1.93,0
369.32787466049194,-1.86,0
370.62210750579834,-1.9,0
371.94247245788574,-1.93,0
373.2786273956299,-1.97,0
374.57688641548157,-1.86,0
375.88712525367737,-2.0,0
380.4689028263092,23.31,1
381.8219883441925,35.52,1
383.15668749809265,60.17,1
384.49590826034546,74.83,1
385.8468108177185,86.1,1
387.25083661079407,92.45,1
388.5962972640991,93.41,1
390.0167803764343,97.79,1
391.42129778862,99.72,1
392.767769575119,99.28,1
394.1765923500061,98.97,1
395.5992329120636,98.97,1
397.01260900497437,99.14,1
398.4221844673157,99.28,1
399.8217341899872,99.24,1
401.1783194541931,99.14,1
402.5183880329132,99.14,1
403.9297595024109,99.14,1
405.2734742164612,99.03,1
406.6114580631256,99.21,1
407.96044921875,99.28,1
409.3616280555725,99.52,1
410.7851097583771,98.79,1
412.19158601760864,102.1,1
419.49559211730957,1.59,0
420.8254532814026,1.55,0
422.1239802837372,1.45,0
423.4495928287506,1.52,0
424.7544836997986,-6.59,0
426.1010265350342,-19.97,0
427.4111382961273,-3.38,0
428.71230387687683,-2.86,0
430.022433757782,-2.31,0
431.3333749771118,-2.14,0
432.64173674583435,-0.72,0
433.94502449035645,-1.86,0
435.28054428100586,-1.17,0
436.6031663417816,-1.66,0
437.89747166633606,-1.69,0
439.2174484729767,-1.93,0
440.51365065574646,-1.9,0
441.8235111236572,-1.93,0
443.14287543296814,-1.97,0
444.48436164855957,-1.9,0
445.8051812648773,-1.93,0
