1.114912509918213,7.14,0
2.3531017303466797,7.07,0
3.5518407821655273,6.97,0
4.747809648513794,7.03,0
9.32132077217102,7.0,1
10.660837888717651,7.1,1
12.070477724075317,8.14,1
13.40549373626709,9.28,1
14.758088111877441,11.03,1
16.17132258415222,13.21,1
17.517658472061157,15.83,1
18.859581232070923,18.69,1
20.201581239700317,21.45,1
21.53869390487671,24.59,1
22.961039066314697,27.52,1
24.293918132781982,30.62,1
25.64204740524292,33.9,1
27.05265212059021,36.17,1
28.46372699737549,38.76,1
29.874034643173218,41.1,1
31.286874055862427,43.45,1
32.69644117355347,45.24,1
34.04879188537598,46.79,1
35.45991587638855,48.38,1
36.804495096206665,49.52,1
38.21139073371887,50.34,1
39.558743476867676,50.83,1
40.891194581985474,51.72,1
42.24004149436951,52.1,1
43.65113925933838,51.97,1
44.98489785194397,52.07,1
46.39898180961609,51.9,1
47.75330662727356,51.21,1
49.165114641189575,50.72,1
50.57637572288513,50.24,1
51.98916053771973,49.34,1
53.38862729072571,48.17,1
54.8114652633667,47.31,1
56.213252782821655,46.34,1
57.62319207191467,45.28,1
59.04532289505005,44.0,1
60.453415870666504,42.86,1
61.85896134376526,41.76,1
63.28124976158142,40.9,1
64.68927812576294,40.79,1
66.03382539749146,39.48,1
67.36758065223694,38.24,1
68.71823048591614,37.97,1
70.1287305355072,36.93,1
71.53819298744202,36.48,1
72.8899278640747,35.93,1
74.22455358505249,35.59,1
75.56765270233154,35.28,1
76.9157063961029,34.86,1
78.32783937454224,34.72,1
79.73928642272949,34.79,1
81.15284872055054,34.86,1
82.56402897834778,35.03,1
83.89624619483948,35.31,1
85.24574828147888,35.62,1
86.57903099060059,35.86,1
87.93172836303711,36.38,1
89.27745914459229,36.79,1
90.6168646812439,37.0,1
92.0281035900116,37.62,1
93.44106793403625,38.14,1
94.78755807876587,38.76,1
96.19983196258545,39.0,1
97.53287434577942,39.34,1
98.94481110572815,39.72,1
100.35449051856995,40.1,1
101.77882051467896,40.38,1
103.19111561775208,40.69,1
104.60075664520264,41.03,1
105.93876194953918,41.52,1
107.35258650779724,41.14,1
108.70045685768127,42.48,1
110.10023236274719,41.76,1
111.52274060249329,42.28,1
112.85818409919739,42.34,1
114.27049565315247,42.34,1
115.6924352645874,42.17,1
117.02519989013672,41.97,1
118.43442702293396,41.93,1
119.84617805480957,41.97,1
121.25771975517273,41.59,1
122.66888189315796,41.38,1
124.08034443855286,41.28,1
125.50052452087402,41.0,1
126.9101939201355,40.9,1
128.32253670692444,40.62,1
129.73541903495789,40.48,1
131.1451587677002,40.34,1
132.55548286437988,40.21,1
133.96721839904785,40.1,1
135.37993144989014,40.0,1
136.79221606254578,40.0,1
138.2031273841858,39.9,1
139.5378634929657,39.9,1
140.95039558410645,39.66,1
142.30567598342896,39.76,1
143.64687848091125,39.66,1
145.05543899536133,39.52,1
146.46338152885437,39.41,1
147.87379050254822,39.41,1
149.28234720230103,39.38,1
150.69466376304626,39.24,1
152.10460495948792,39.17,1
153.5166368484497,39.1,1
154.86568236351013,39.03,1
156.2747621536255,39.1,1
157.68728518486023,39.31,1
159.03508305549622,39.38,1
160.4492893218994,39.52,1
161.78371858596802,39.66,1
163.1310133934021,39.76,1
164.46553659439087,39.86,1
165.81859731674194,39.97,1
167.23079466819763,39.97,1
168.57757949829102,39.93,1
169.91172885894775,40.07,1
171.32256484031677,40.1,1
172.6711072921753,40.17,1
174.01899933815002,40.38,1
175.3543930053711,40.45,1
176.69671869277954,40.52,1
178.0426926612854,40.52,1
179.45664811134338,40.31,1
180.80289602279663,40.34,1
182.1348524093628,40.17,1
183.48431420326233,40.21,1
184.83154964447021,40.0,1
186.16634702682495,40.41,1
187.51547646522522,40.17,1
188.85124444961548,40.17,1
190.26135921478271,40.31,1
191.60775518417358,39.93,1
193.0194652080536,39.93,1
194.3695421218872,40.03,1
201.67611932754517,7.55,0
202.97909665107727,7.72,0
204.2816207408905,7.59,0
205.58219289779663,7.72,0
206.92798471450806,7.72,0
208.23052167892456,7.76,0
209.54688715934753,7.72,0
210.8496515750885,7.69,0
215.4466290473938,3.76,1
216.78065633773804,3.66,1
218.12946200370789,14.38,1
219.54420471191406,22.17,1
220.88593673706055,28.76,1
222.21900510787964,31.21,1
223.568585395813,33.34,1
224.9181568622589,35.66,1
226.32604026794434,36.17,1
227.66095900535583,38.07,1
229.00943684577942,38.79,1
230.4199550151825,38.97,1
231.76922702789307,39.0,1
233.18072962760925,38.97,1
234.5931704044342,38.76,1
235.92506885528564,38.76,1
237.35051608085632,38.66,1
238.75963425636292,38.93,1
240.16951179504395,38.86,1
241.57054495811462,39.0,1
242.98466801643372,38.93,1
244.39499521255493,40.83,1
245.80580687522888,41.24,1
247.21809887886047,38.76,1
248.62926506996155,41.03,1
250.05345153808594,39.24,1
251.46547102928162,40.9,1
252.87562537193298,41.21,1
254.2087173461914,41.17,1
255.62576246261597,41.31,1
257.0366282463074,39.34,1
258.44802021980286,39.17,1
259.7969489097595,38.79,1
261.2081723213196,40.66,1
262.6194369792938,40.9,1
264.0297284126282,39.31,1
265.4401099681854,40.93,1
266.84944105148315,39.38,1
268.1954548358917,38.9,1
269.6046211719513,39.03,1
271.0209217071533,38.97,1
272.4323318004608,38.83,1
273.76547837257385,39.03,1
275.17477464675903,40.62,1
276.52485632896423,39.38,1
277.93543791770935,40.93,1
279.2839503288269,41.1,1
280.69741463661194,41.17,1
282.1083447933197,39.07,1
283.5186593532562,38.72,1
284.92844676971436,38.66,1
286.3405165672302,38.66,1
287.752032995224,40.83,1
289.16512799263,41.17,1
290.5767250061035,41.34,1
291.98657274246216,41.1,1
293.39775919914246,39.17,1
294.81058382987976,40.52,1
296.2190783023834,41.03,1
297.6289210319519,41.17,1
298.9743182659149,41.17,1
300.3854932785034,39.28,1
301.7969195842743,40.59,1
303.2056391239166,39.0,1
304.6160132884979,40.55,1
306.02795243263245,40.86,1
307.4392910003662,40.97,1
308.8539226055145,40.86,1
310.2662420272827,39.14,1
311.6858353614807,38.62,1
313.0832028388977,40.41,1
314.43307304382324,40.52,1
315.8404631614685,39.0,1
317.253954410553,38.52,1
318.6685199737549,40.34,1
320.0786552429199,40.66,1
321.4286069869995,40.76,1
322.83883571624756,40.86,1
324.25096559524536,40.93,1
325.66407084465027,41.14,1
327.00126576423645,41.03,1
328.3495886325836,41.07,1
329.7604308128357,39.41,1
331.1054358482361,38.72,1
332.4519147872925,40.45,1
333.86250853538513,39.03,1
335.2733175754547,38.76,1
336.6077415943146,40.59,1
337.9568545818329,40.9,1
339.3051064014435,41.17,1
340.63816499710083,39.03,1
341.9858000278473,38.52,1
343.3332214355469,38.45,1
344.66750931739807,40.21,1
346.0161325931549,38.83,1
347.4328589439392,40.34,1
348.7766396999359,40.72,1
350.1108810901642,39.1,1
351.46130633354187,38.69,1
352.7968575954437,40.34,1
354.14611434936523,40.83,1
355.4794092178345,40.9,1
356.8274748325348,39.31,1
358.2402575016022,38.79,1
359.58877754211426,40.34,1
360.9976134300232,40.97,1
362.40553998947144,41.21,1
363.7518630027771,41.17,1
365.09855675697327,41.24,1
366.44432187080383,41.21,1
367.788715839386,39.24,1
369.12488555908203,38.72,1
370.5397746562958,40.66,1
371.94846081733704,41.24,1
373.297643661499,41.24,1
374.6298351287842,41.31,1
375.9777045249939,41.31,1
377.3264067173004,41.69,1
378.65794014930725,39.24,1
380.00520968437195,38.59,1
381.3544714450836,40.83,1
382.764041185379,41.24,1
384.11240434646606,41.34,1
385.52440547943115,41.34,1
386.85652470588684,41.45,1
388.2041208744049,39.1,1
389.5508449077606,38.66,1
390.88731479644775,38.52,1
392.2982614040375,40.28,1
393.7105116844177,40.93,1
395.0610394477844,41.07,1
396.4053089618683,39.28,1
397.7371907234192,40.52,1
399.08672523498535,40.93,1
400.4212384223938,39.14,1
407.73705768585205,2.9,0
409.0696759223938,2.83,0
410.3876030445099,2.9,0
411.6924047470093,2.9,0
412.99331498146057,2.79,0
414.2946560382843,2.83,0
415.60991382598877,2.97,0
416.91191601753235,2.93,0
421.50120544433594,3.79,1
422.9115414619446,10.41,1
424.32451152801514,18.83,1
425.73587942123413,26.14,1
427.1467764377594,30.38,1
428.4936273097992,33.45,1
429.90457224845886,35.86,1
431.31726455688477,36.72,1
432.7275741100311,36.76,1
434.138790845871,38.83,1
435.48772644996643,39.34,1
436.81947112083435,39.66,1
438.1658227443695,39.31,1
439.5136001110077,39.07,1
440.84752440452576,39.28,1
442.1972312927246,39.24,1
443.5452711582184,39.17,1
444.956583738327,39.07,1
446.2891969680786,38.86,1
447.642005443573,38.93,1
449.0511374473572,41.07,1
450.3975579738617,41.48,1
451.7295789718628,41.62,1
453.08054780960083,41.72,1
454.42778754234314,41.86,1
455.84095191955566,41.62,1
457.17272329330444,41.76,1
458.52318716049194,41.79,1
459.8707776069641,41.55,1
461.20511531829834,41.69,1
462.5534460544586,39.45,1
463.9646248817444,38.9,1
465.3002550601959,41.07,1
466.7102243900299,38.93,1
468.05878710746765,40.93,1
469.4101629257202,41.41,1
470.74218916893005,41.55,1
472.0918483734131,39.55,1
473.5052795410156,41.38,1
474.91715455055237,39.17,1
476.2641341686249,38.93,1
477.67484617233276,38.97,1
479.08718705177307,40.86,1
480.4965851306915,41.38,1
481.90951466560364,39.52,1
483.2591607570648,41.03,1
484.6692659854889,39.17,1
486.0822832584381,38.9,1
487.4933578968048,38.76,1
488.902615070343,41.34,1
490.31346917152405,39.24,1
491.72573256492615,39.07,1
493.13729786872864,38.76,1
494.546338558197,38.79,1
495.96078157424927,38.79,1
497.30812668800354,40.97,1
498.7177321910858,41.52,1
500.12757539749146,39.69,1
501.4746985435486,41.21,1
502.88723826408386,39.45,1
504.2988471984863,38.79,1
505.71116304397583,38.76,1
507.0594129562378,38.66,1
508.45737528800964,41.1,1
509.8682577610016,39.14,1
511.2153732776642,38.86,1
512.6248655319214,41.14,1
514.0518116950989,41.62,1
515.4616508483887,39.45,1
516.7963926792145,41.24,1
518.2074081897736,41.76,1
519.621011018753,41.93,1
521.032613992691,39.66,1
522.4432597160339,38.86,1
523.792153596878,38.72,1
525.1307661533356,38.48,1
526.5426099300385,38.48,1
527.890207529068,40.86,1
529.3034455776215,41.45,1
530.7132427692413,39.28,1
532.1229083538055,41.1,1
533.54896235466,41.24,1
534.9598431587219,41.48,1
536.2908709049225,41.62,1
537.7161655426025,39.24,1
539.1246135234833,40.93,1
540.5336174964905,41.55,1
541.9440486431122,41.66,1
543.3556709289551,41.59,1
544.7042720317841,39.41,1
546.1152029037476,38.93,1
547.4624602794647,38.55,1
548.8719201087952,38.69,1
550.2716805934906,38.62,1
551.6975517272949,40.83,1
553.0999178886414,41.28,1
554.5108344554901,41.59,1
555.9328603744507,39.28,1
557.3425550460815,41.03,1
558.7521741390228,38.93,1
560.160968542099,38.45,1
561.5752232074738,40.55,1
562.9882593154907,39.03,1
564.3987653255463,40.69,1
565.8103613853455,41.24,1
567.2237949371338,41.45,1
568.6401360034943,39.38,1
569.9880452156067,38.86,1
571.3996548652649,40.79,1
572.7975146770477,41.34,1
574.2091023921967,41.41,1
575.6364216804504,39.07,1
577.0432448387146,41.28,1
578.4542164802551,39.24,1
579.8679463863373,38.72,1
581.2790107727051,40.72,1
582.6967313289642,41.38,1
584.1031091213226,41.45,1
585.5111544132233,41.38,1
586.9272980690002,38.93,1
588.3387095928192,40.66,1
589.7485957145691,38.93,1
591.1592590808868,40.45,1
592.5702798366547,38.62,1
593.9818716049194,38.14,1
595.4086918830872,40.52,1
596.8181638717651,38.41,1
598.1660804748535,40.66,1
599.5757598876953,38.59,1
600.990556716919,40.24,1
602.4007847309113,40.59,1
603.8134777545929,40.76,1
605.2256574630737,40.59,1
612.5231549739838,1.83,0
613.8379993438721,1.79,0
615.1547093391418,1.76,0
616.4622931480408,1.79,0
617.7781248092651,1.72,0
619.1269006729126,1.72,0
620.4443845748901,1.72,0
621.7617039680481,1.79,0
622.9691758155823,1.79,0
624.1912252902985,2.17,0
625.3982427120209,1.79,0
626.6043930053711,1.76,0
627.8564164638519,1.76,0
629.0787780284882,1.79,0
630.3016517162323,1.79,0
631.5124533176422,1.76,0
632.7192838191986,1.76,0
633.9420585632324,1.79,0
635.1622824668884,1.72,0
636.3678622245789,1.79,0
637.6244690418243,1.76,0
638.8274099826813,1.76,0
640.0426030158997,1.83,0
641.2456636428833,1.76,0
